1:ItNr	2:Metric	3a:Time	3b:StepSize	4:||Gradient||	Time[ms]
0	-0.831414	0.000000	35358.862078	0.000924	14.9
1	-0.848644	0.000000	35358.862078	0.000542	0.8
2	-0.851423	0.000000	35358.862078	0.000210	0.8
3	-0.854601	0.000000	35358.862078	0.000073	0.8
4	-0.848318	0.016215	35331.580375	0.000103	0.9
5	-0.849852	0.000000	35358.862078	0.000023	0.7
6	-0.854392	0.027337	35312.893337	0.000067	0.8
7	-0.855131	0.010186	35341.719760	0.000079	0.8
8	-0.853966	0.018022	35328.542977	0.000091	0.8
9	-0.852396	1.017970	33724.095041	0.000121	0.8
10	-0.863730	2.017970	32258.974726	0.000043	0.9
11	-0.853715	2.229624	31965.050590	0.000112	0.8
12	-0.852093	2.211979	31989.349354	0.000031	0.9
13	-0.852088	2.194057	32014.067959	0.000029	0.8
14	-0.857418	2.178034	32036.198851	0.000110	0.8
15	-0.855962	3.155864	30739.372968	0.000012	0.7
16	-0.845811	3.139310	30760.453316	0.000148	0.6
17	-0.848520	3.132385	30769.280097	0.000109	0.9
18	-0.861534	4.132385	29544.991973	0.000033	0.7
19	-0.847601	5.124574	28422.897530	0.000069	0.7
20	-0.845581	5.867015	27637.462120	0.000049	0.7
21	-0.849863	5.849298	27655.699483	0.000106	0.8
22	-0.853814	6.849206	26662.739152	0.000054	0.8
23	-0.850354	7.849169	25738.561155	0.000080	0.7
24	-0.848205	7.861517	25727.549437	0.000135	1.0
25	-0.850637	8.861501	24866.000764	0.000134	0.8
26	-0.843122	9.861501	24060.271941	0.000111	0.9
27	-0.849783	9.843575	24074.255723	0.000047	0.9
28	-0.853659	10.572504	23518.441640	0.000132	0.7
29	-0.854640	10.554578	23531.802514	0.000129	1.0
30	-0.858699	10.536652	23545.178581	0.000096	0.9
31	-0.845702	11.536652	22821.527648	0.000053	0.9
32	-0.841060	11.563648	22802.608280	0.000058	0.9
33	-0.842500	11.545774	22815.131507	0.000047	0.9
34	-0.857362	12.392669	22236.500353	0.000168	0.8
35	-0.843026	12.375673	22247.823911	0.000102	1.5
36	-0.857961	12.357747	22259.779739	0.000167	0.8
37	-0.854912	13.357747	21611.897337	0.000077	0.8
38	-0.860977	13.339821	21623.179274	0.000078	0.8
39	-0.843806	13.321895	21634.472498	0.000039	0.8
40	-0.848837	14.291256	21040.228889	0.000066	1.2
41	-0.842946	14.273368	21050.898678	0.000137	1.1
42	-0.847411	14.255442	21061.602362	0.000144	0.9
43	-0.853795	15.255442	20480.679855	0.000047	0.9
44	-0.847530	16.255441	19930.943697	0.000029	0.8
45	-0.849457	16.238123	19940.212938	0.000106	0.8
46	-0.845190	16.745207	19672.328429	0.000097	0.9
47	-0.842177	17.745207	19164.592632	0.000055	0.8
48	-0.845140	18.744588	18682.697129	0.000046	1.0
49	-0.854953	18.726686	18691.116270	0.000036	1.0
50	-0.846664	18.900659	18609.620075	0.000096	1.0
51	-0.842424	18.882781	18617.962203	0.000032	1.0
52	-0.851294	19.337484	18408.091724	0.000041	0.9
53	-0.852604	19.321172	18415.538877	0.000068	0.8
54	-0.855194	20.280365	17987.633970	0.000091	0.9
55	-0.853141	20.262440	17995.448326	0.000028	0.9
56	-0.854420	20.244795	18003.146803	0.000025	1.0
57	-0.861338	20.247550	18001.944660	0.000134	0.9
58	-0.853129	21.224909	17585.262198	0.000094	1.1
59	-0.854037	22.224909	17178.430525	0.000042	1.1
60	-0.857492	23.221687	16791.220460	0.000049	1.4
61	-0.846238	23.207549	16796.590532	0.000040	0.9
62	-0.842401	23.190252	16803.165210	0.000031	0.9
63	-0.844823	23.216314	16793.260960	0.000153	0.9
64	-0.847108	24.069489	16475.360986	0.000093	0.9
65	-0.842311	24.051565	16481.915875	0.000081	0.9
66	-0.846033	24.194775	16429.689046	0.000147	1.1
67	-0.844072	24.176849	16436.208365	0.000108	0.8
68	-0.851155	25.176849	16080.267925	0.000126	0.9
69	-0.851093	26.176849	15739.417100	0.000075	0.8
70	-0.854240	27.176849	15412.716260	0.000073	0.8
71	-0.851943	27.158923	15418.453310	0.000051	0.8
72	-0.846911	27.141202	15424.128836	0.000116	0.7
73	-0.848916	27.123276	15429.874384	0.000064	0.9
74	-0.850304	27.105373	15435.616842	0.000039	0.9
75	-0.844864	27.089580	15440.685842	0.000034	0.9
76	-0.841902	27.422651	15334.478702	0.000051	1.1
77	-0.850728	27.404921	15340.095342	0.000085	1.4
78	-0.849386	28.399690	15031.189582	0.000105	0.9
79	-0.848269	29.399690	14732.949862	0.000113	0.7
80	-0.841455	29.381764	14738.191960	0.000032	0.7
81	-0.851908	29.364042	14743.377970	0.000126	1.0
82	-0.846589	30.144611	14518.364526	0.000079	0.9
83	-0.848746	31.144611	14239.939515	0.000099	1.0
84	-0.850085	32.144609	13971.993008	0.000095	1.1
85	-0.854791	33.144609	13713.943439	0.000081	1.2
86	-0.845174	33.126683	13718.485341	0.000112	1.0
87	-0.853357	34.126261	13469.734501	0.000055	1.0
88	-0.858720	34.108452	13474.087501	0.000065	1.0
89	-0.854032	34.090723	13478.423585	0.000092	1.1
90	-0.850918	34.074723	13482.339215	0.000059	0.9
91	-0.856274	35.073596	13242.170242	0.000071	1.1
92	-0.854041	35.149008	13224.385019	0.000088	0.9
93	-0.849146	35.190088	13214.716878	0.000037	1.1
94	-0.849456	35.172395	13218.879128	0.000100	0.9
95	-0.854775	35.154610	13223.065912	0.000061	0.9
96	-0.841733	36.152340	12992.225852	0.000163	0.8
97	-0.848733	37.152334	12768.809996	0.000041	1.2
98	-0.843583	37.134414	12772.745981	0.000093	1.0
99	-0.859647	37.868260	12613.522230	0.000012	1.2
100	-0.865060	37.852602	12616.878126	0.000014	0.9
101	-0.850756	37.846980	12618.083380	0.000138	1.0
102	-0.854208	37.829488	12621.835216	0.000027	0.9
103	-0.853163	38.809502	12415.019057	0.000029	1.3
104	-0.851170	38.892000	12397.918080	0.000028	1.0
105	-0.862071	38.881460	12400.100216	0.000037	1.2
106	-0.853250	38.902051	12395.837814	0.000137	1.2
107	-0.853680	38.884124	12399.548479	0.000022	1.0
108	-0.857364	38.879274	12400.552886	0.000121	1.1
109	-0.851537	38.861535	12404.227553	0.000029	1.3
110	-0.854870	38.843615	12407.941969	0.000073	1.3
111	-0.847523	38.898066	12396.662442	0.000048	1.1
112	-0.860505	38.880193	12400.362549	0.000023	1.3
113	-0.858695	39.107691	12353.429183	0.000064	1.2
114	-0.858428	39.092431	12356.566203	0.000079	1.1
115	-0.858658	39.074740	12360.205015	0.000077	1.0
116	-0.845919	39.056814	12363.894364	0.000025	1.4
117	-0.847154	39.123959	12350.086555	0.000039	1.0
118	-0.850347	39.114051	12352.122144	0.000066	1.0
119	-0.848098	39.096379	12355.754436	0.000034	1.1
120	-0.849443	39.079127	12359.302578	0.000049	1.1
121	-0.853534	39.096115	12355.808782	0.000038	1.3
122	-0.846127	39.319537	12310.043249	0.000097	1.0
123	-0.854673	40.314436	12110.298221	0.000087	0.8
124	-0.843028	41.314436	11915.956445	0.000059	1.0
125	-0.850373	42.084770	11770.449529	0.000119	0.9
126	-0.853935	42.068257	11773.531407	0.000063	0.8
127	-0.844517	42.050348	11776.875531	0.000090	0.8
128	-0.857190	43.049819	11593.102219	0.000104	1.0
129	-0.848981	44.049819	11414.883400	0.000073	3.7
130	-0.843790	45.049808	11242.062993	0.000099	1.0
131	-0.854489	45.031882	11245.114968	0.000093	0.9
132	-0.857713	45.013956	11248.168602	0.000088	0.9
133	-0.860383	46.013955	11080.320485	0.000130	0.9
134	-0.859971	45.996029	11083.285263	0.000190	0.8
135	-0.848234	46.962869	10925.614447	0.000057	1.0
136	-0.852449	46.944943	10928.497002	0.000034	0.9
137	-0.858440	47.242844	10880.790706	0.000064	0.8
138	-0.845742	47.261581	10877.804067	0.000044	0.8
139	-0.855143	47.245188	10880.416962	0.000023	0.9
140	-0.853769	47.262207	10877.704389	0.000093	1.0
141	-0.854917	47.699587	10808.450829	0.000109	0.9
142	-0.847856	47.681660	10811.271883	0.000043	0.9
143	-0.847448	48.680483	10656.299626	0.000068	0.7
144	-0.849530	49.647605	10510.421500	0.000059	0.9
145	-0.849902	50.212077	10427.109225	0.000072	0.7
146	-0.849805	50.565793	10375.572866	0.000059	0.9
147	-0.849719	50.852750	10334.136242	0.000090	0.9
148	-0.848764	51.852504	10192.320902	0.000046	0.7
149	-0.856127	52.830985	10057.242330	0.000118	0.9
150	-0.844856	53.830944	9922.848309	0.000020	1.0
151	-0.859938	53.921814	9910.813143	0.000172	0.7
152	-0.847367	54.106876	9886.393203	0.000067	0.7
153	-0.850361	55.106824	9756.498419	0.000141	0.8
154	-0.854904	55.088999	9758.783958	0.000108	0.9
155	-0.848933	56.088999	9632.192822	0.000062	1.0
156	-0.859070	57.088996	9508.844320	0.000084	0.8
157	-0.846002	57.071070	9511.027680	0.000041	0.7
158	-0.852513	57.053201	9513.205027	0.000024	0.7
159	-0.844851	57.087629	9509.010717	0.000060	0.7
160	-0.848601	57.113012	9505.920826	0.000080	0.7
161	-0.851054	58.110005	9386.121362	0.000059	0.7
162	-0.845705	59.107203	9269.280139	0.000030	0.8
163	-0.853388	59.476405	9226.755417	0.000052	0.9
164	-0.849335	59.694232	9201.848608	0.000048	0.7
165	-0.857941	59.732347	9197.504205	0.000054	0.8
166	-0.852717	60.325219	9130.453222	0.000047	0.9
167	-0.846586	60.309373	9132.232575	0.000025	0.8
168	-0.851878	60.293382	9134.028889	0.000134	0.9
169	-0.843600	60.376381	9124.712806	0.000047	0.8
170	-0.853420	60.358459	9126.722802	0.000034	0.8
171	-0.844476	60.379732	9124.337073	0.000080	1.0
172	-0.853061	60.361818	9126.345982	0.000089	0.9
173	-0.860261	61.361356	9015.588660	0.000127	0.8
174	-0.854304	61.343429	9017.551360	0.000051	0.7
175	-0.852505	62.341933	8909.513857	0.000219	0.8
176	-0.848895	63.341932	8803.878256	0.000084	0.8
177	-0.842484	64.341932	8700.718203	0.000057	0.8
178	-0.845664	64.753040	8659.006169	0.000038	0.8
179	-0.849226	64.924324	8641.745042	0.000019	0.9
180	-0.851188	65.005195	8633.619206	0.000102	0.9
181	-0.842093	64.987615	8635.384330	0.000121	1.0
182	-0.849393	64.969689	8637.184963	0.000063	0.9
183	-0.848248	64.951763	8638.986322	0.000061	0.8
184	-0.848821	64.933901	8640.782009	0.000122	0.7
185	-0.850606	65.933876	8541.389606	0.000080	0.8
186	-0.852443	65.915950	8543.151248	0.000031	0.8
187	-0.855606	65.898216	8544.894646	0.000059	0.8
188	-0.854107	65.961881	8538.638938	0.000025	0.9
189	-0.845635	65.944359	8540.359765	0.000074	1.0
190	-0.856617	66.614297	8475.056312	0.000060	0.7
191	-0.861213	67.613051	8379.534340	0.000097	0.7
192	-0.853310	68.613035	8286.027838	0.000052	0.8
193	-0.851338	69.612927	8194.593546	0.000038	0.8
194	-0.844662	69.595185	8196.198324	0.000049	0.8
195	-0.850678	69.577742	8197.776726	0.000125	0.9
196	-0.846325	70.159064	8145.499449	0.000017	0.8
197	-0.852340	70.148406	8146.451894	0.000121	0.9
198	-0.849718	70.903594	8079.511016	0.000025	0.8
199	-0.848770	71.855838	7996.655023	0.000030	0.8
