1:ItNr	2:Metric	3a:Time	3b:StepSize	4:||Gradient||	Time[ms]
0	-0.045630	0.000000	9739.779182	0.000464	47.1
1	-0.045373	0.000000	9739.779182	0.000144	0.9
2	-0.048630	1.000000	9297.061946	0.000207	0.9
3	-0.048283	0.754441	9402.004958	0.000221	0.8
4	-0.049176	1.753753	8989.082629	0.000178	0.8
5	-0.047844	2.753753	8610.654749	0.000390	0.9
6	-0.048424	3.753753	8262.802249	0.000104	0.8
7	-0.046839	4.753753	7941.963489	0.000308	0.8
8	-0.048399	4.545271	8006.779977	0.000293	1.0
9	-0.049203	5.545271	7705.152616	0.000241	0.9
10	-0.049273	6.545271	7425.425738	0.000199	0.9
11	-0.045482	7.545271	7165.297684	0.000346	1.0
12	-0.046120	7.299214	7227.598668	0.000213	1.0
13	-0.045946	8.299214	6980.916329	0.000132	0.9
14	-0.045244	8.064216	7037.360465	0.000379	1.1
15	-0.045483	7.900667	7077.184849	0.000352	0.9
16	-0.048592	8.900667	6840.494984	0.000467	0.9
17	-0.046468	9.900667	6619.124520	0.000218	0.8
18	-0.045350	10.900667	6411.632793	0.000099	0.8
19	-0.045169	10.654628	6461.467801	0.000094	0.8
20	-0.049005	10.785111	6434.942612	0.000133	0.8
21	-0.049785	10.969198	6397.888547	0.000170	0.7
22	-0.043275	11.454884	6302.144405	0.000124	1.1
23	-0.044829	12.412759	6121.474736	0.000072	0.9
24	-0.053647	12.199066	6160.877091	0.000174	0.8
25	-0.046253	12.165551	6167.102773	0.000326	0.9
26	-0.046814	13.165551	5986.596360	0.000152	1.1
27	-0.044156	14.165551	5816.355991	0.000103	0.8
28	-0.049013	13.920464	5857.177738	0.000245	1.1
29	-0.045098	14.920410	5694.126675	0.000127	1.0
30	-0.048531	14.674353	5733.400752	0.000399	0.8
31	-0.045269	15.674353	5577.068049	0.000060	0.8
32	-0.046799	16.518804	5451.542664	0.000281	0.8
33	-0.050812	16.277014	5486.903120	0.000271	0.7
34	-0.046633	17.277014	5343.555910	0.000251	0.7
35	-0.048426	18.277014	5207.507993	0.000413	0.7
36	-0.048599	19.277014	5078.215687	0.000240	0.7
37	-0.048642	19.082487	5102.861068	0.000136	0.7
38	-0.046119	20.076671	4979.355848	0.000374	2.8
39	-0.049292	19.830626	5009.361440	0.000417	1.1
40	-0.048690	20.830626	4889.607998	0.000107	0.9
41	-0.045659	20.584569	4918.539892	0.000305	1.1
42	-0.044151	21.584568	4803.039538	0.000169	1.2
43	-0.046552	21.434552	4820.019347	0.000180	0.9
44	-0.045866	22.434552	4709.047396	0.000301	0.9
45	-0.045822	23.434552	4603.070241	0.000163	0.9
46	-0.047163	24.434534	4501.759887	0.000161	1.0
47	-0.047257	24.188485	4526.271702	0.000215	0.9
48	-0.047921	24.920774	4454.092231	0.000189	1.0
49	-0.046899	25.915285	4359.674340	0.000085	0.7
50	-0.049394	26.911888	4268.989819	0.000213	0.8
51	-0.045231	26.665906	4291.020121	0.000106	0.8
52	-0.047778	27.665493	4202.882784	0.000172	1.0
53	-0.044853	27.560196	4211.996245	0.000247	1.1
54	-0.047314	28.560147	4127.012804	0.000271	0.9
55	-0.045355	28.314091	4147.604852	0.000160	1.0
56	-0.048102	29.313581	4065.211803	0.000437	1.1
57	-0.045240	30.313581	3985.988887	0.000516	0.9
58	-0.043751	31.313581	3909.794735	0.000237	0.9
59	-0.048606	32.313581	3836.458924	0.000366	1.0
60	-0.046074	33.313112	3765.856054	0.000083	1.1
61	-0.046424	34.196555	3705.582053	0.000421	0.9
62	-0.046603	35.196555	3639.642392	0.000091	1.1
63	-0.046637	36.196188	3576.031376	0.000343	0.7
64	-0.052700	35.950488	3591.459322	0.000258	0.8
65	-0.051148	36.950488	3529.484711	0.000286	0.9
66	-0.048944	37.950488	3469.612692	0.000244	0.8
67	-0.046633	37.706894	3484.009245	0.000170	0.9
68	-0.044969	38.706894	3425.657374	0.000229	1.0
69	-0.045588	38.461102	3439.817881	0.000088	1.1
70	-0.044868	38.717587	3425.044017	0.000292	0.9
71	-0.051828	39.713655	3368.852728	0.000094	0.9
72	-0.046226	40.713627	3314.265802	0.000211	0.9
73	-0.049029	40.539512	3323.642903	0.000267	0.8
74	-0.048802	41.539512	3270.498214	0.000086	0.8
75	-0.048110	42.518310	3220.100835	0.000092	0.9
76	-0.046617	42.582627	3216.843539	0.000119	0.7
77	-0.047193	43.352157	3178.376192	0.000509	0.7
78	-0.049269	44.352131	3129.742827	0.000252	0.8
79	-0.047887	45.352131	3082.574141	0.000104	0.7
80	-0.048824	45.106176	3094.043168	0.000310	0.8
81	-0.045813	44.875808	3104.863041	0.000105	0.7
82	-0.045845	44.629752	3116.503672	0.000090	0.8
83	-0.050580	44.391033	3127.880892	0.000257	0.8
84	-0.050305	44.146749	3139.609682	0.000252	0.8
85	-0.048959	45.146749	3092.145373	0.000176	0.8
86	-0.049680	46.146749	3046.094814	0.000304	0.9
87	-0.049670	46.814154	3016.116126	0.000300	0.8
88	-0.046508	46.679437	3022.119723	0.000440	0.8
89	-0.046264	47.679437	2978.116454	0.000144	0.8
90	-0.049366	47.433381	2988.824463	0.000188	0.8
91	-0.045521	48.423230	2946.209275	0.000570	0.8
92	-0.048291	49.423230	2904.373516	0.000175	0.9
93	-0.050256	50.415898	2864.003222	0.000215	0.8
94	-0.048380	50.169842	2873.904985	0.000184	0.8
95	-0.045885	51.169842	2834.083573	0.000246	0.9
96	-0.047858	50.923793	2843.778890	0.000264	0.8
97	-0.050036	51.923790	2804.782398	0.000233	0.8
98	-0.049230	52.923782	2766.841149	0.000244	0.8
99	-0.047575	53.923782	2729.912405	0.000425	0.7
100	-0.047284	53.677726	2738.907229	0.000149	0.8
101	-0.042724	54.677726	2702.715507	0.000166	0.9
102	-0.044075	54.431994	2711.520039	0.000160	0.9
103	-0.044307	55.366110	2678.352516	0.000227	0.9
104	-0.046547	55.120053	2687.010238	0.000252	0.8
105	-0.048472	56.120053	2652.168325	0.000083	0.8
106	-0.043227	55.874418	2660.642732	0.000278	0.9
107	-0.046795	56.874251	2626.482563	0.000192	0.9
108	-0.047315	57.868230	2593.380930	0.000225	0.8
109	-0.047358	58.868228	2560.910227	0.000151	0.8
110	-0.046536	58.622588	2568.810801	0.000147	0.8
111	-0.046411	58.522609	2572.040395	0.000310	0.9
112	-0.047777	58.276552	2580.023430	0.000138	0.9
113	-0.049544	58.557471	2570.913317	0.000243	0.9
114	-0.048998	59.538511	2539.597014	0.000121	1.0
115	-0.046330	60.536941	2508.499356	0.000230	0.7
116	-0.046272	61.524223	2478.488810	0.000274	0.8
117	-0.050009	62.524223	2448.814918	0.000257	0.7
118	-0.043028	62.278167	2456.050250	0.000169	0.8
119	-0.049880	63.278167	2426.908070	0.000158	0.9
120	-0.047562	63.032110	2434.014353	0.000344	0.9
121	-0.048713	64.032110	2405.389705	0.000194	0.8
122	-0.051543	63.786054	2412.370359	0.000046	0.8
123	-0.046472	63.553189	2419.014185	0.000074	0.7
124	-0.046926	63.393693	2423.585884	0.000034	0.7
125	-0.047620	63.362436	2424.483853	0.000352	0.7
126	-0.045431	63.220195	2428.578609	0.000295	0.7
127	-0.050067	62.974138	2435.694702	0.000261	0.8
128	-0.048535	63.974138	2407.030749	0.000329	0.9
129	-0.044934	63.728081	2414.020944	0.000211	0.7
130	-0.047392	64.728081	2385.861899	0.000286	0.9
131	-0.047030	65.728081	2358.352217	0.000159	0.8
132	-0.049670	66.728081	2331.469694	0.000344	0.8
133	-0.049454	67.728058	2305.193718	0.000237	0.8
134	-0.048416	68.728058	2279.502831	0.000252	0.8
135	-0.047210	69.728058	2254.378268	0.000288	0.8
136	-0.044695	69.605108	2257.437426	0.000297	0.7
137	-0.051018	69.359105	2263.583312	0.000124	0.8
138	-0.045559	69.122873	2269.516673	0.000131	0.8
139	-0.044877	69.092893	2270.271905	0.000341	0.8
140	-0.048533	69.178148	2268.125566	0.000098	0.8
141	-0.046187	68.932487	2274.321212	0.000115	0.7
142	-0.051413	68.689610	2280.480009	0.000219	0.8
143	-0.046523	69.689538	2255.335819	0.000214	0.8
144	-0.045582	70.689538	2230.738297	0.000323	0.7
145	-0.046143	71.689538	2206.671521	0.000160	0.8
146	-0.051254	72.065519	2197.756639	0.000420	0.9
147	-0.047044	71.819464	2203.582684	0.000117	0.8
148	-0.047751	72.819462	2180.095232	0.000107	0.8
149	-0.044348	73.376375	2167.230538	0.000176	0.8
150	-0.046064	73.133593	2172.820098	0.000180	0.9
151	-0.047116	74.133593	2149.980434	0.000200	0.9
152	-0.048182	75.041678	2129.652106	0.000107	0.8
153	-0.049090	76.040721	2107.727166	0.000495	0.8
154	-0.046417	76.282067	2102.498125	0.000292	0.8
155	-0.045797	76.036010	2107.829481	0.000202	0.8
156	-0.045506	75.789953	2113.187944	0.000289	0.7
157	-0.046282	76.789953	2091.578486	0.000189	0.7
158	-0.047039	77.504934	2076.397132	0.000287	0.7
159	-0.047990	78.504934	2055.529854	0.000072	0.9
160	-0.047130	78.397822	2057.744925	0.000058	0.9
161	-0.046853	78.837093	2048.691086	0.000197	0.9
162	-0.045628	79.757194	2029.982730	0.000164	0.9
163	-0.052202	79.511205	2034.950865	0.000503	0.7
164	-0.047857	79.266579	2039.915636	0.000281	0.8
165	-0.045939	79.020560	2044.933186	0.000333	0.8
166	-0.045799	80.020560	2024.690448	0.000154	0.8
167	-0.048534	81.020560	2004.844542	0.000069	0.9
168	-0.046130	80.777755	2009.627376	0.000280	1.0
169	-0.045874	80.532592	2014.479878	0.000104	0.9
170	-0.045070	80.287257	2019.359281	0.000258	0.9
171	-0.047538	81.191562	2001.489735	0.000075	0.9
172	-0.045348	82.191246	1982.099949	0.000071	0.8
173	-0.046376	82.024793	1985.302340	0.000162	0.8
174	-0.046416	82.477151	1976.623447	0.000167	0.7
175	-0.049727	82.310524	1979.811492	0.000118	0.7
176	-0.049335	83.303465	1960.964221	0.000349	0.8
177	-0.047195	84.264629	1943.058796	0.000196	0.8
178	-0.049192	85.264627	1924.773728	0.000246	0.8
179	-0.048177	86.264627	1906.829570	0.000259	0.9
180	-0.051355	87.264340	1889.221899	0.000151	0.8
181	-0.048180	87.019683	1893.500869	0.000086	0.7
182	-0.047669	87.928979	1877.694674	0.000150	0.7
183	-0.048323	87.699625	1881.656558	0.000279	0.8
184	-0.047524	88.699510	1864.505704	0.000155	0.8
185	-0.049153	89.552711	1850.116214	0.000059	0.8
186	-0.047160	90.417690	1835.753035	0.000301	0.7
187	-0.046903	90.171669	1839.815526	0.000180	0.7
188	-0.049676	91.146077	1823.829856	0.000161	0.8
189	-0.046363	90.900030	1827.840112	0.000094	0.9
190	-0.046224	90.656195	1831.831747	0.000165	0.7
191	-0.048596	90.427924	1835.584441	0.000196	0.8
192	-0.047400	91.299789	1821.333449	0.000247	0.7
193	-0.045294	92.299786	1805.258154	0.000283	0.8
194	-0.048234	93.299693	1789.465555	0.000426	0.9
195	-0.049601	94.299693	1773.945431	0.000191	0.8
196	-0.051334	94.053636	1777.739235	0.000232	0.7
197	-0.048837	95.053636	1762.420980	0.000293	0.8
198	-0.044477	94.807579	1766.165600	0.000188	0.8
199	-0.049503	95.807152	1751.051712	0.000203	0.8
