1:ItNr	2:Metric	3a:Time	3b:StepSize	4:||Gradient||	Time[ms]
0	-0.693451	0.000000	17088.066875	0.001721	15.6
1	-0.733961	0.000000	17088.066875	0.000796	0.9
2	-0.738530	0.000000	17088.066875	0.000476	0.7
3	-0.745350	0.000000	17088.066875	0.000142	1.0
4	-0.739559	0.000000	17088.066875	0.000124	1.0
5	-0.725631	0.000000	17088.066875	0.000168	0.9
6	-0.739463	0.000000	17088.066875	0.000104	1.0
7	-0.746105	0.999999	16311.337100	0.000060	1.1
8	-0.740594	1.438683	15992.445263	0.000108	1.1
9	-0.730646	1.424532	16002.537322	0.000106	1.0
10	-0.744655	2.423781	15319.875608	0.000122	0.8
11	-0.743152	3.423660	14692.695949	0.000083	0.8
12	-0.736929	4.423273	14114.996160	0.000062	0.8
13	-0.744150	4.409226	14122.799721	0.000070	0.8
14	-0.746267	4.399085	14128.438033	0.000080	1.0
15	-0.746052	4.481762	14082.597542	0.000129	0.7
16	-0.732037	5.481445	13550.975125	0.000067	0.8
17	-0.736518	6.480274	13058.436378	0.000099	0.8
18	-0.732088	6.466064	13065.192372	0.000090	0.8
19	-0.736683	7.386554	12641.527378	0.000081	0.8
20	-0.740848	7.890457	12421.035813	0.000077	0.8
21	-0.746905	7.964641	12389.223207	0.000100	0.8
22	-0.742282	8.958960	11978.032690	0.000102	1.0
23	-0.735160	8.944749	11983.717240	0.000083	0.8
24	-0.736195	9.935652	11599.865731	0.000141	0.9
25	-0.733801	9.933352	11600.728033	0.000128	0.9
26	-0.745662	10.920090	11242.117486	0.000113	0.9
27	-0.735635	11.920090	10900.620323	0.000104	0.9
28	-0.744115	11.905879	10905.327955	0.000078	0.9
29	-0.740304	11.891818	10909.990051	0.000177	0.7
30	-0.739889	12.891814	10588.084875	0.000151	0.9
31	-0.738547	13.891814	10284.630178	0.000208	0.9
32	-0.734744	14.883183	10000.489703	0.000052	1.1
33	-0.731229	15.883173	9729.352911	0.000051	1.1
34	-0.737763	15.869332	9733.005325	0.000033	1.0
35	-0.732846	15.871865	9732.336620	0.000108	1.1
36	-0.737157	15.858098	9735.971951	0.000194	1.0
37	-0.741828	16.777512	9499.021719	0.000046	0.9
38	-0.746013	17.777315	9254.106497	0.000197	0.8
39	-0.732852	17.763105	9257.498939	0.000045	0.7
40	-0.746443	17.748894	9260.894146	0.000184	0.8
41	-0.746197	17.734683	9264.291785	0.000165	0.8
42	-0.741467	18.734683	9031.137998	0.000112	0.8
43	-0.746271	18.720475	9034.368487	0.000037	0.8
44	-0.738452	18.706344	9037.583688	0.000058	0.9
45	-0.741098	18.695989	9039.941069	0.000081	0.8
46	-0.738381	18.702462	9038.467323	0.000106	0.9
47	-0.745440	18.688606	9041.622738	0.000093	0.9
48	-0.739928	18.674395	9044.861419	0.000054	1.1
49	-0.735386	19.634404	8831.171735	0.000112	0.9
50	-0.744651	20.077748	8735.858855	0.000141	1.0
51	-0.741781	21.077738	8528.248432	0.000068	1.0
52	-0.735202	21.078802	8528.032874	0.000061	0.8
53	-0.739954	21.258647	8491.739016	0.000195	0.8
54	-0.738789	22.258631	8295.440681	0.000130	0.8
55	-0.741214	23.258631	8108.009652	0.000137	0.9
56	-0.734205	24.258267	7928.925058	0.000096	1.0
57	-0.742586	24.244056	7931.415486	0.000095	0.9
58	-0.740988	25.228404	7762.530673	0.000171	0.8
59	-0.739890	25.214193	7764.917715	0.000075	0.9
60	-0.726199	26.214193	7600.456217	0.000084	0.8
61	-0.734637	27.208876	7443.637675	0.000110	1.0
62	-0.735220	27.194687	7445.829145	0.000187	1.0
63	-0.736220	27.185523	7447.245211	0.000089	0.9
64	-0.736608	28.185523	7295.833918	0.000050	1.0
65	-0.744262	28.459589	7255.406150	0.000062	1.0
66	-0.744249	28.484844	7251.703268	0.000069	0.9
67	-0.734705	28.531390	7244.888581	0.000071	1.0
68	-0.734332	28.847455	7198.951395	0.000104	0.9
69	-0.741533	29.712199	7076.194901	0.000060	0.9
70	-0.747053	29.697989	7078.178319	0.000092	0.8
71	-0.745069	30.115280	7020.394030	0.000064	0.8
72	-0.730377	30.101117	7022.339727	0.000102	0.8
73	-0.732020	30.101286	7022.316511	0.000023	0.8
74	-0.746719	30.108347	7021.346272	0.000121	0.8
75	-0.731202	30.097253	7022.870809	0.000070	0.7
76	-0.744529	30.083091	7024.817771	0.000219	0.8
77	-0.741548	30.068880	7026.772609	0.000075	0.8
78	-0.742142	31.068880	6891.821124	0.000039	0.9
79	-0.748468	31.054868	6893.676186	0.000048	0.9
80	-0.734550	31.046309	6894.809921	0.000068	1.1
81	-0.740728	31.033898	6896.454425	0.000091	0.8
82	-0.735601	31.021507	6898.097091	0.000031	0.7
83	-0.746908	31.151365	6880.920650	0.000091	0.8
84	-0.744552	31.137353	6882.769907	0.000040	1.0
85	-0.732736	31.126572	6884.193419	0.000104	0.9
86	-0.733721	31.113480	6885.922907	0.000070	0.8
87	-0.737391	31.261006	6866.484851	0.000101	0.8
88	-0.741179	31.247955	6868.200058	0.000152	0.8
89	-0.737527	31.233743	6870.068681	0.000042	0.7
90	-0.741815	31.219542	6871.936997	0.000154	0.7
91	-0.736407	31.297505	6861.692582	0.000055	0.8
92	-0.742077	32.296415	6733.087159	0.000078	0.9
93	-0.745435	32.282222	6734.880591	0.000095	0.9
94	-0.745965	33.088064	6634.539634	0.000144	0.8
95	-0.740372	34.085839	6514.367605	0.000038	0.9
96	-0.737499	34.071674	6516.043192	0.000075	0.8
97	-0.749295	34.058950	6517.548978	0.000063	0.7
98	-0.748091	34.065205	6516.808631	0.000065	0.7
99	-0.735606	34.051036	6518.485907	0.000182	0.8
100	-0.740337	35.050905	6402.205312	0.000036	0.6
101	-0.748524	35.805102	6317.203771	0.000051	0.8
102	-0.751536	35.795216	6318.303341	0.000117	0.7
103	-0.741458	36.519839	6238.706716	0.000142	0.8
104	-0.747262	37.519792	6132.103237	0.000188	0.8
105	-0.745527	37.505581	6133.592750	0.000107	0.7
106	-0.737710	38.505580	6030.516825	0.000124	0.7
107	-0.736361	38.491369	6031.957388	0.000154	0.8
108	-0.735854	39.491368	5932.241469	0.000122	0.8
109	-0.734044	39.477157	5933.635456	0.000121	0.7
110	-0.732982	40.477157	5837.117759	0.000107	0.8
111	-0.739453	41.477155	5743.689875	0.000055	0.9
112	-0.748215	42.471444	5653.714191	0.000103	1.0
113	-0.742209	42.458491	5654.868213	0.000056	0.7
114	-0.738703	43.445009	5568.304057	0.000080	0.8
115	-0.743111	43.432105	5569.419219	0.000112	0.9
116	-0.742504	43.418030	5570.636076	0.000158	0.9
117	-0.738762	43.713098	5545.236050	0.000036	0.9
118	-0.738274	43.698894	5546.453425	0.000043	0.9
119	-0.745553	43.691566	5547.081738	0.000086	0.8
120	-0.749440	44.197435	5504.041750	0.000081	0.8
121	-0.740562	44.183224	5505.241722	0.000090	0.7
122	-0.738164	45.182448	5422.123457	0.000068	0.8
123	-0.734756	45.176579	5422.604328	0.000097	0.8
124	-0.737981	45.162370	5423.768892	0.000077	0.8
125	-0.742499	46.001990	5355.802184	0.000052	1.0
126	-0.734495	45.988818	5356.855288	0.000074	0.9
127	-0.734337	46.639335	5305.336061	0.000089	0.8
128	-0.745759	46.625125	5306.450848	0.000032	0.8
129	-0.748173	46.619631	5306.882032	0.000155	0.8
130	-0.737032	46.611905	5307.488450	0.000045	0.7
131	-0.735150	47.608957	5230.357977	0.000053	0.8
132	-0.735048	47.595223	5231.405144	0.000054	0.7
133	-0.731886	47.615768	5229.838755	0.000065	0.9
134	-0.733011	48.226066	5183.732443	0.000126	0.8
135	-0.740495	48.507698	5162.728932	0.000165	0.8
136	-0.736435	49.507697	5089.506812	0.000140	0.8
137	-0.745047	50.507034	5018.379114	0.000027	0.8
138	-0.736940	50.581682	5013.145755	0.000094	0.8
139	-0.737243	50.571124	5013.885292	0.000030	0.8
140	-0.731876	50.573968	5013.686047	0.000160	0.8
141	-0.733590	50.582529	5013.086405	0.000064	0.9
142	-0.731712	51.582507	4944.020550	0.000141	0.8
143	-0.743210	51.815307	4928.213821	0.000059	0.9
144	-0.729956	51.801097	4929.175814	0.000094	0.9
145	-0.743731	52.539889	4879.656593	0.000116	0.8
146	-0.747468	52.829402	4860.521602	0.000093	0.8
147	-0.737257	52.815191	4861.457372	0.000113	0.8
148	-0.740029	52.900718	4855.831076	0.000067	0.9
149	-0.741634	52.886527	4856.763746	0.000054	0.8
150	-0.748632	52.904902	4855.556178	0.000101	0.7
151	-0.735089	53.787870	4798.230008	0.000048	0.8
152	-0.742623	53.848526	4794.341648	0.000067	0.8
153	-0.733645	53.858373	4793.710959	0.000097	0.7
154	-0.741246	53.844326	4794.610662	0.000077	0.9
155	-0.743526	53.830116	4795.521186	0.000061	0.7
156	-0.734934	53.831449	4795.435719	0.000082	0.8
157	-0.734306	53.817704	4796.316743	0.000130	0.8
158	-0.732513	54.817687	4733.056578	0.000122	0.8
159	-0.742724	54.803476	4733.943907	0.000053	0.8
160	-0.742181	54.789302	4734.829234	0.000072	0.8
161	-0.742454	54.775246	4735.707574	0.000093	0.9
162	-0.742695	54.762618	4736.496867	0.000077	0.9
163	-0.749073	55.311921	4702.402981	0.000194	0.7
164	-0.739280	56.311921	4641.579208	0.000136	0.8
165	-0.740856	56.297710	4642.432566	0.000034	0.8
166	-0.743921	57.111411	4594.071447	0.000078	0.9
167	-0.735789	57.097471	4594.891479	0.000132	0.8
168	-0.743779	57.083260	4595.727736	0.000034	0.7
169	-0.730055	57.772162	4555.535824	0.000078	0.7
170	-0.746214	57.832322	4552.059286	0.000105	0.8
171	-0.741685	58.806025	4496.520198	0.000068	0.7
172	-0.737196	58.791814	4497.321038	0.000032	0.8
173	-0.747035	59.058016	4482.366943	0.000094	0.8
174	-0.742038	59.696072	4446.925324	0.000060	0.8
175	-0.743639	60.449664	4405.781275	0.000055	0.7
176	-0.746509	60.445569	4406.002789	0.000076	0.7
177	-0.744887	60.472204	4404.562370	0.000141	0.9
178	-0.740836	61.471839	4351.175009	0.000123	0.8
179	-0.734044	61.457628	4351.924917	0.000077	0.8
180	-0.752244	61.443424	4352.674678	0.000063	0.7
181	-0.735375	61.506491	4349.347564	0.000030	0.7
182	-0.745651	61.555626	4346.758944	0.000031	0.8
183	-0.735375	61.552970	4346.898763	0.000038	0.8
184	-0.742792	61.546882	4347.219378	0.000062	0.7
185	-0.742790	61.576922	4345.637938	0.000052	0.8
186	-0.741463	61.563149	4346.362859	0.000125	0.7
187	-0.748460	61.549181	4347.098288	0.000037	0.8
188	-0.741167	61.535317	4347.828534	0.000060	0.8
189	-0.734078	61.535653	4347.810836	0.000146	0.7
190	-0.745639	61.521442	4348.559529	0.000186	0.8
191	-0.739697	61.507232	4349.308495	0.000176	0.7
192	-0.750732	62.507232	4297.225479	0.000064	0.8
193	-0.742925	63.506451	4246.414322	0.000130	0.9
194	-0.748671	64.505418	4196.803101	0.000179	0.7
195	-0.734650	65.505418	4148.288190	0.000130	0.7
196	-0.740210	65.567934	4145.292465	0.000044	0.7
197	-0.739336	65.553903	4145.964454	0.000120	0.7
198	-0.743290	65.540331	4146.614628	0.000061	0.7
199	-0.734646	65.526978	4147.254586	0.000108	0.8
