1:ItNr	2:Metric	3a:Time	3b:StepSize	4:||Gradient||	Time[ms]
0	-1.513256	0.000000	149431.539761	0.000993	76.6
1	-1.491164	0.000000	149431.539761	0.000120	3.9
2	-1.486444	1.000000	142639.197044	0.000175	4.1
3	-1.492641	0.988654	142712.797313	0.000189	4.1
4	-1.494915	0.977308	142786.473575	0.000152	4.1
5	-1.499867	0.965962	142860.225948	0.000064	4.2
6	-1.493685	0.954616	142934.054549	0.000294	4.4
7	-1.500418	1.954616	136707.243689	0.000329	4.0
8	-1.496280	2.954616	131000.316827	0.000328	3.8
9	-1.507668	3.954616	125750.774424	0.000286	4.2
10	-1.493874	4.954616	120905.749069	0.000060	4.4
11	-1.503404	4.943270	120958.625410	0.000047	4.2
12	-1.493508	4.931925	121011.548020	0.000244	4.5
13	-1.502959	5.931925	116518.309977	0.000210	4.6
14	-1.499655	6.931925	112346.799715	0.000049	4.3
15	-1.498870	6.920579	112392.453360	0.000037	4.7
16	-1.499402	6.909233	112438.144123	0.000269	4.4
17	-1.507666	7.909233	108548.793442	0.000207	4.2
18	-1.502182	8.909233	104919.519688	0.000078	4.3
19	-1.499286	8.897887	104959.335443	0.000042	3.8
20	-1.497504	8.886541	104999.181430	0.000276	3.7
21	-1.503797	9.886541	101599.668949	0.000202	4.0
22	-1.502265	10.886541	98413.382010	0.000065	4.0
23	-1.498053	10.875195	98448.412036	0.000048	3.9
24	-1.496715	10.863849	98483.467010	0.000047	3.5
25	-1.501253	10.852504	98518.545393	0.000045	4.2
26	-1.497981	11.102376	97751.716276	0.000054	4.0
27	-1.497189	12.092733	94826.327930	0.000036	4.0
28	-1.495300	12.084318	94850.447618	0.000045	4.1
29	-1.501854	12.072972	94882.986701	0.000030	3.8
30	-1.495411	12.061626	94915.548118	0.000045	3.9
31	-1.500884	12.050280	94948.130611	0.000051	3.9
32	-1.502517	12.989793	92323.666131	0.000068	4.0
33	-1.502939	13.989793	89685.077644	0.000070	4.0
34	-1.498460	14.989793	87193.118973	0.000172	3.7
35	-1.506902	15.989793	84835.897939	0.000112	4.3
36	-1.501434	16.989793	82602.774502	0.000045	3.9
37	-1.500662	16.978447	82627.451742	0.000038	3.8
38	-1.499270	16.967102	82652.143731	0.000050	4.1
39	-1.499830	16.967159	82652.017969	0.000048	3.9
40	-1.498607	17.961321	80543.015883	0.000059	3.6
41	-1.504293	18.961292	78527.549161	0.000055	4.0
42	-1.502220	19.961292	76610.433165	0.000048	4.0
43	-1.503406	20.961099	74785.036225	0.000038	4.1
44	-1.503928	20.950724	74803.532077	0.000060	3.9
45	-1.498973	20.939378	74823.768754	0.000049	4.1
46	-1.500535	21.939378	73081.224817	0.000040	3.7
47	-1.502251	21.928124	73100.384278	0.000037	3.9
48	-1.502713	21.917010	73119.313481	0.000041	6.0
49	-1.498566	21.906142	73137.834280	0.000059	4.0
50	-1.500422	22.816897	71617.630983	0.000052	3.9
51	-1.504440	23.816896	70019.626106	0.000035	4.1
52	-1.503821	23.806221	70036.308345	0.000058	3.9
53	-1.499315	24.032465	69684.445113	0.000091	3.9
54	-1.502975	25.032465	68170.634260	0.000074	3.8
55	-1.503660	26.032465	66721.196424	0.000056	4.1
56	-1.504870	27.032465	65332.111012	0.000056	4.0
57	-1.504336	28.032289	63999.914780	0.000053	4.7
58	-1.509301	29.032286	62720.747108	0.000054	4.6
59	-1.499267	30.032285	61491.707253	0.000051	4.3
60	-1.508889	31.032266	60309.929841	0.000047	5.5
61	-1.501036	32.031518	59173.533659	0.000033	5.1
62	-1.502543	32.020497	59185.834455	0.000049	4.2
63	-1.501138	32.009151	59198.502398	0.000043	4.7
64	-1.499141	32.002702	59205.705072	0.000043	4.6
65	-1.500635	31.994147	59215.262558	0.000043	4.8
66	-1.503655	31.982801	59227.943064	0.000046	4.5
67	-1.502982	32.321589	58851.628298	0.000039	4.1
68	-1.501627	32.311419	58862.855169	0.000039	4.5
69	-1.505327	32.300216	58875.227898	0.000055	4.6
70	-1.502524	32.881238	58240.353221	0.000031	4.5
71	-1.505864	32.870536	58251.922958	0.000046	5.0
72	-1.508071	32.859190	58264.194230	0.000043	4.7
73	-1.502829	32.875671	58246.371570	0.000044	4.7
74	-1.502101	33.013617	58097.615151	0.000040	4.7
75	-1.498567	33.004911	58106.980819	0.000046	4.6
76	-1.503685	33.150052	57951.233949	0.000046	4.3
77	-1.506454	34.133332	56917.698301	0.000052	3.9
78	-1.496255	35.078209	55958.676206	0.000069	4.6
79	-1.506940	36.078209	54978.290219	0.000053	4.7
80	-1.511157	37.078209	54031.665120	0.000030	4.7
81	-1.502890	37.066905	54042.183102	0.000041	4.6
82	-1.501919	37.055560	54052.744441	0.000040	5.5
83	-1.501027	37.044214	54063.309758	0.000047	4.6
84	-1.500855	37.195205	53923.039346	0.000068	4.8
85	-1.502440	38.195205	53012.103417	0.000043	4.8
86	-1.500730	39.195205	52131.433587	0.000046	5.3
87	-1.500269	39.183859	52141.261444	0.000041	4.4
88	-1.508746	39.431673	51927.444306	0.000030	4.3
89	-1.502091	39.420328	51937.194829	0.000028	4.6
90	-1.499516	39.408982	51946.949551	0.000029	4.3
91	-1.501311	39.397636	51956.707943	0.000042	4.6
92	-1.503509	39.386291	51966.469570	0.000038	5.8
93	-1.504861	39.375341	51975.894366	0.000029	7.9
94	-1.503287	39.363995	51985.663656	0.000028	7.2
95	-1.500688	39.352649	51995.436532	0.000035	5.6
96	-1.506235	39.341303	52005.213169	0.000034	11.2
97	-1.501794	39.329957	52014.993395	0.000033	7.3
98	-1.505376	39.318616	52024.773850	0.000031	6.3
99	-1.502547	39.307272	52034.559112	0.000032	7.4
100	-1.499137	39.295929	52044.348046	0.000046	5.7
101	-1.503400	39.287718	52051.436807	0.000027	6.0
102	-1.499771	39.276372	52061.234335	0.000027	4.0
103	-1.504626	39.265026	52071.035662	0.000030	4.2
104	-1.503895	39.253680	52080.840701	0.000040	4.6
105	-1.504121	39.242335	52090.649476	0.000029	4.1
106	-1.501562	39.231007	52100.445951	0.000028	5.1
107	-1.508624	39.219662	52110.261689	0.000042	5.9
108	-1.498802	39.208316	52120.081562	0.000038	5.3
109	-1.505534	39.197195	52129.710084	0.000033	4.0
110	-1.504926	39.185870	52139.518986	0.000034	4.6
111	-1.502426	39.174544	52149.332715	0.000032	4.4
112	-1.503127	39.163203	52159.163272	0.000045	4.0
113	-1.502880	39.151857	52169.001587	0.000035	4.3
114	-1.504723	39.185107	52140.180687	0.000036	4.2
115	-1.504104	39.173761	52150.011842	0.000028	4.5
116	-1.500015	39.162415	52159.846571	0.000027	5.6
117	-1.507227	39.151069	52169.685080	0.000031	5.1
118	-1.507257	39.139723	52179.527181	0.000031	4.3
119	-1.511281	39.128384	52189.367594	0.000045	4.8
120	-1.504890	39.117038	52199.217305	0.000028	4.7
121	-1.504388	39.105698	52209.065689	0.000042	5.0
122	-1.501782	39.094352	52218.922793	0.000033	4.2
123	-1.501432	39.083084	52228.716009	0.000031	4.3
124	-1.507464	39.071750	52238.570427	0.000027	8.4
125	-1.510647	39.060404	52248.438567	0.000029	24.7
126	-1.502331	39.049059	52258.310144	0.000037	6.2
127	-1.509524	39.037713	52268.185899	0.000032	6.5
128	-1.508803	39.026693	52277.781559	0.000029	5.2
129	-1.506289	39.015350	52287.662206	0.000036	4.1
130	-1.506662	39.004004	52297.549025	0.000029	4.9
131	-1.509073	38.992658	52307.439618	0.000036	4.6
132	-1.507204	38.981312	52317.333788	0.000031	4.2
133	-1.504950	38.970008	52327.195375	0.000029	5.4
134	-1.507196	38.958664	52337.095573	0.000031	4.4
135	-1.505886	38.947318	52347.001098	0.000037	4.3
136	-1.504106	38.935981	52356.902562	0.000026	4.7
137	-1.505059	38.924636	52366.815377	0.000036	4.2
138	-1.510980	38.913290	52376.732095	0.000028	3.9
139	-1.506203	38.901944	52386.652663	0.000035	4.1
140	-1.507488	38.890598	52396.576986	0.000035	3.9
141	-1.506832	38.879458	52406.324671	0.000026	3.8
142	-1.501543	38.868113	52416.256365	0.000027	5.0
143	-1.509943	38.856767	52426.191737	0.000031	4.0
144	-1.504190	38.845421	52436.130832	0.000035	4.1
145	-1.499103	38.834112	52446.041680	0.000026	4.3
146	-1.501990	38.822766	52455.988453	0.000027	4.3
147	-1.504044	38.811421	52465.938637	0.000027	3.7
148	-1.505697	38.800075	52475.892927	0.000028	4.6
149	-1.507620	38.788730	52485.850106	0.000026	3.7
150	-1.503782	38.777385	52495.811900	0.000027	4.3
151	-1.508649	38.766039	52505.777369	0.000026	3.9
152	-1.508432	38.754694	52515.746267	0.000029	4.1
153	-1.510093	38.743348	52525.719505	0.000027	3.9
154	-1.508301	38.732002	52535.696482	0.000033	3.5
155	-1.508984	38.720657	52545.676992	0.000046	3.9
156	-1.504373	38.780049	52493.472395	0.000034	4.3
157	-1.509992	38.768703	52503.437242	0.000034	3.9
158	-1.507963	38.758245	52512.625607	0.000033	3.6
159	-1.510264	38.746899	52522.597284	0.000032	3.8
160	-1.505076	38.735554	52532.572762	0.000042	3.7
161	-1.510776	38.724214	52542.547338	0.000037	3.8
162	-1.505503	38.739805	52528.834815	0.000028	3.7
163	-1.504879	38.728459	52538.812826	0.000030	4.3
164	-1.507323	38.717117	52548.791375	0.000030	4.1
165	-1.506367	38.705772	52558.776254	0.000037	4.1
166	-1.504180	38.694865	52568.380036	0.000037	4.2
167	-1.504856	38.725942	52541.026892	0.000035	3.8
168	-1.508394	38.728362	52538.898285	0.000027	4.3
169	-1.502600	38.717017	52548.879225	0.000031	4.0
170	-1.505845	38.705674	52558.862887	0.000029	4.4
171	-1.507023	38.694328	52568.852525	0.000036	4.1
172	-1.505745	38.683031	52578.803058	0.000032	4.3
173	-1.509083	38.671685	52588.800330	0.000026	4.1
174	-1.509294	38.660339	52598.801388	0.000042	4.0
175	-1.505754	38.649780	52608.112613	0.000028	4.0
176	-1.506407	38.638434	52618.121028	0.000044	4.1
177	-1.508974	38.627313	52627.934838	0.000060	4.1
178	-1.507929	39.625388	51761.521467	0.000033	4.2
179	-1.513803	39.614042	51771.210270	0.000051	4.2
180	-1.505950	39.602697	51780.902764	0.000029	4.0
181	-1.507211	39.592480	51789.633726	0.000042	4.3
182	-1.508850	39.581134	51799.333118	0.000031	4.1
183	-1.506284	39.569796	51809.029375	0.000039	4.1
184	-1.504624	39.562417	51815.342012	0.000029	4.2
185	-1.508054	39.551114	51825.013931	0.000033	4.2
186	-1.507428	39.539771	51834.724249	0.000029	4.1
187	-1.506400	39.528425	51844.440403	0.000034	4.0
188	-1.508529	39.517112	51854.132598	0.000042	4.1
189	-1.506854	39.505910	51863.732591	0.000044	4.1
190	-1.504586	40.108747	51352.097786	0.000028	4.0
191	-1.504114	40.097475	51361.571604	0.000025	3.9
192	-1.505547	40.086129	51371.110942	0.000032	4.2
193	-1.512646	40.074784	51380.653845	0.000030	4.5
194	-1.509675	40.063751	51389.937452	0.000033	4.1
195	-1.506029	40.052405	51399.487695	0.000034	4.3
196	-1.507601	40.041061	51409.039777	0.000025	4.1
197	-1.500737	40.029715	51418.597090	0.000032	4.6
198	-1.515301	40.018376	51428.152171	0.000027	4.6
199	-1.508678	40.007033	51437.714280	0.000025	3.9
