1:ItNr	2:Metric	3a:Time	3b:StepSize	4:||Gradient||	Time[ms]
0	-0.496750	0.000000	16508.140378	0.000110	20.7
1	-0.503828	0.000000	16508.140378	0.000075	0.8
2	-0.498653	0.000000	16508.140378	0.000142	0.7
3	-0.505571	0.000000	16508.140378	0.000223	0.9
4	-0.495585	1.000000	15757.770361	0.000176	0.9
5	-0.498373	2.000000	15072.649911	0.000113	0.8
6	-0.500375	2.999999	14444.623261	0.000082	0.8
7	-0.501254	2.980620	14456.296155	0.000069	0.7
8	-0.504263	2.974711	14459.859398	0.000179	0.6
9	-0.510573	3.955504	13891.562742	0.000259	0.7
10	-0.499292	4.955504	13356.355920	0.000151	0.7
11	-0.498975	5.955504	12860.859491	0.000128	0.7
12	-0.497842	5.935660	12870.334260	0.000208	0.8
13	-0.503111	6.907671	12422.066596	0.000289	0.7
14	-0.500867	7.907671	11992.351362	0.000164	0.7
15	-0.504564	8.636671	11697.364553	0.000045	0.8
16	-0.497041	8.616879	11705.181783	0.000226	0.8
17	-0.498720	9.418956	11396.543265	0.000145	0.9
18	-0.503258	10.418956	11033.815004	0.000163	0.7
19	-0.498088	11.418953	10693.465107	0.000103	0.7
20	-0.503801	11.399110	10700.014682	0.000201	0.8
21	-0.499651	12.399110	10379.646421	0.000109	0.8
22	-0.504264	13.135001	10155.879383	0.000178	0.8
23	-0.499953	14.134897	9866.855501	0.000110	0.8
24	-0.504299	15.134766	9593.834139	0.000101	0.9
25	-0.504261	15.115590	9598.928103	0.000130	0.8
26	-0.503995	16.109281	9341.893397	0.000091	0.8
27	-0.508619	16.089447	9346.889069	0.000087	0.7
28	-0.500204	16.071130	9351.507498	0.000145	0.7
29	-0.502105	17.018616	9118.452710	0.000124	0.8
30	-0.499611	18.018612	8884.758512	0.000264	0.7
31	-0.506285	18.941972	8679.364876	0.000071	0.9
32	-0.493022	19.938850	8468.018817	0.000197	0.9
33	-0.504549	19.920146	8471.889328	0.000080	0.8
34	-0.500149	20.897573	8274.248954	0.000155	0.7
35	-0.495536	21.896397	8081.586567	0.000263	0.8
36	-0.503915	22.896396	7897.480898	0.000090	0.8
37	-0.497377	23.896396	7721.576335	0.000053	0.9
38	-0.503694	24.716569	7583.048265	0.000141	0.8
39	-0.503692	24.696928	7586.307449	0.000121	0.9
40	-0.500844	25.696881	7423.856598	0.000023	0.8
41	-0.505879	26.001229	7375.784815	0.000234	0.7
42	-0.496073	26.854623	7244.252028	0.000328	0.8
43	-0.503357	27.854623	7095.970215	0.000160	0.8
44	-0.501596	28.854623	6953.636971	0.000079	0.8
45	-0.503368	29.854505	6816.917214	0.000059	0.8
46	-0.506987	30.598712	6718.596899	0.000126	0.8
47	-0.501330	30.578884	6721.179664	0.000109	0.7
48	-0.506425	30.563657	6723.164522	0.000168	0.9
49	-0.502532	30.543813	6725.752885	0.000160	0.8
50	-0.503267	31.534369	6598.936193	0.000250	0.7
51	-0.494433	32.533709	6475.750644	0.000151	0.8
52	-0.500307	33.533697	6357.004348	0.000119	0.8
53	-0.500013	33.515008	6359.183682	0.000158	0.8
54	-0.500798	34.512305	6244.938794	0.000096	0.7
55	-0.497967	34.494219	6246.974058	0.000026	0.9
56	-0.493839	34.481500	6248.406223	0.000087	0.8
57	-0.501109	34.474419	6249.203765	0.000140	0.8
58	-0.509138	35.471171	6138.901340	0.000088	0.8
59	-0.500207	36.470036	6032.203440	0.000117	0.9
60	-0.500439	37.444171	5931.659913	0.000182	1.0
61	-0.499615	37.784373	5897.331716	0.000109	0.8
62	-0.501832	38.509519	5825.470468	0.000186	0.8
63	-0.505377	38.489675	5827.413667	0.000110	0.9
64	-0.496947	39.462051	5733.694823	0.000127	1.0
65	-0.500111	39.447179	5735.105458	0.000254	0.7
66	-0.500658	39.428814	5736.848448	0.000135	1.0
67	-0.502998	40.428814	5643.458260	0.000156	0.8
68	-0.497502	41.428483	5553.089441	0.000268	0.8
69	-0.494774	42.428483	5465.540611	0.000078	0.9
70	-0.503999	42.408759	5467.240659	0.000098	0.9
71	-0.511392	43.399724	5383.112334	0.000151	0.9
72	-0.504402	43.379880	5384.771577	0.000124	0.7
73	-0.500677	43.371741	5385.452445	0.000170	0.7
74	-0.504244	43.351897	5387.113070	0.000113	0.7
75	-0.498209	43.332054	5388.774785	0.000282	0.9
76	-0.498289	44.332054	5306.291923	0.000084	0.8
77	-0.506407	45.332037	5226.297347	0.000067	0.7
78	-0.504644	45.950334	5178.031617	0.000115	0.8
79	-0.503084	45.943226	5178.581469	0.000097	0.7
80	-0.499866	45.923393	5180.116152	0.000151	0.7
81	-0.501211	46.145480	5162.982682	0.000055	1.1
82	-0.501754	46.133743	5163.885298	0.000168	0.8
83	-0.502948	47.101969	5090.468810	0.000113	0.8
84	-0.498889	48.101967	5016.802891	0.000090	0.7
85	-0.499509	49.099894	4945.384738	0.000116	0.8
86	-0.507209	50.068633	4877.974060	0.000280	0.8
87	-0.497485	51.068633	4810.288940	0.000146	0.8
88	-0.504998	52.068633	4744.456465	0.000094	0.8
89	-0.501823	52.069312	4744.412371	0.000178	0.8
90	-0.501976	52.221186	4734.571629	0.000048	0.8
91	-0.494731	53.210343	4671.464035	0.000140	0.8
92	-0.500092	53.287641	4666.603277	0.000053	0.9
93	-0.498844	53.268700	4667.793389	0.000087	0.8
94	-0.502885	53.283000	4666.894809	0.000116	0.8
95	-0.503950	53.278570	4667.173130	0.000073	0.8
96	-0.498652	54.190179	4610.588119	0.000069	0.7
97	-0.501145	54.171973	4611.704784	0.000055	1.0
98	-0.495412	54.535164	4589.530635	0.000209	0.8
99	-0.500208	55.442840	4535.034886	0.000196	0.7
100	-0.493916	56.442840	4476.475117	0.000091	1.1
101	-0.497630	56.475313	4474.598884	0.000171	1.0
102	-0.509313	56.705946	4461.318149	0.000139	0.9
103	-0.499734	56.686767	4462.419541	0.000279	0.8
104	-0.504895	57.686767	4405.708360	0.000145	0.8
105	-0.505673	58.686767	4350.420531	0.000150	0.7
106	-0.500321	59.684786	4296.608631	0.000149	0.7
107	-0.503867	60.684786	4244.008767	0.000098	0.8
108	-0.497568	60.665659	4245.002772	0.000164	0.9
109	-0.501817	60.645815	4246.034515	0.000125	1.0
110	-0.502770	61.645809	4194.658510	0.000192	0.8
111	-0.499875	62.645809	4144.510648	0.000066	0.9
112	-0.499079	63.534863	4100.922799	0.000116	0.8
113	-0.490545	63.518067	4101.737773	0.000217	0.8
114	-0.506770	63.528898	4101.212195	0.000078	1.1
115	-0.505567	63.509092	4102.173366	0.000060	1.0
116	-0.502701	64.273371	4065.406889	0.000045	0.9
117	-0.500014	64.505387	4054.375529	0.000072	1.0
118	-0.501940	64.503002	4054.488609	0.000050	1.1
119	-0.497379	64.488619	4055.170772	0.000039	0.9
120	-0.500981	64.474609	4055.835453	0.000162	1.4
121	-0.509245	65.435549	4010.745031	0.000085	0.8
122	-0.503140	65.827110	3992.657901	0.000117	1.0
123	-0.509351	66.826170	3947.239714	0.000194	1.0
124	-0.506173	67.826170	3902.801913	0.000081	0.9
125	-0.500517	68.826162	3859.353891	0.000076	0.9
126	-0.508879	68.806560	3860.196290	0.000082	0.7
127	-0.504065	69.636924	3824.831335	0.000084	0.8
128	-0.504504	70.601785	3784.543572	0.000133	0.8
129	-0.505339	70.582772	3785.329257	0.000061	0.8
130	-0.499034	71.509546	3747.407287	0.000201	0.8
131	-0.503477	71.489703	3748.211273	0.000134	0.8
132	-0.504977	72.488997	3708.147041	0.000049	0.8
133	-0.497902	72.471597	3708.837317	0.000056	1.0
134	-0.512923	72.460344	3709.283888	0.000139	0.9
135	-0.501223	73.431913	3671.120663	0.000239	0.7
136	-0.510796	74.431913	3632.652183	0.000174	0.8
137	-0.499658	75.431910	3594.981647	0.000154	0.8
138	-0.502216	76.431910	3558.084273	0.000216	0.7
139	-0.500303	76.412066	3558.809095	0.000069	0.8
140	-0.499839	76.401288	3559.202918	0.000118	0.9
141	-0.502900	76.445667	3557.581976	0.000177	0.9
142	-0.498207	77.423944	3522.221666	0.000140	0.9
143	-0.502149	78.423944	3486.795375	0.000078	1.0
144	-0.504549	78.404351	3487.482649	0.000088	0.9
145	-0.503012	78.387673	3488.067867	0.000159	0.8
146	-0.500249	78.375209	3488.505344	0.000081	0.8
147	-0.508387	79.375180	3453.751696	0.000078	0.8
148	-0.503319	79.968816	3433.445699	0.000097	0.7
149	-0.498640	80.875357	3402.893070	0.000182	0.7
150	-0.494698	81.875357	3369.815249	0.000116	0.8
151	-0.500333	81.855513	3370.465388	0.000067	0.9
152	-0.503387	82.594343	3346.427411	0.000050	0.8
153	-0.504219	82.577734	3346.963995	0.000124	0.8
154	-0.507690	82.827453	3338.914126	0.000112	0.7
155	-0.499762	82.995444	3333.520526	0.000161	0.9
156	-0.501109	83.995425	3301.771935	0.000169	0.8
157	-0.503597	84.995425	3270.621798	0.000210	0.8
158	-0.500285	84.975581	3271.234223	0.000141	0.9
159	-0.494695	85.975581	3240.654962	0.000267	1.0
160	-0.503548	86.070485	3237.782535	0.000104	0.8
161	-0.503262	87.070461	3207.823352	0.000087	0.8
162	-0.507290	87.050620	3208.412395	0.000089	0.8
163	-0.488754	87.031165	3208.990197	0.000130	0.7
164	-0.511576	88.026428	3179.696472	0.000235	0.7
165	-0.501585	88.006584	3180.275315	0.000169	0.9
166	-0.504152	89.006584	3151.365452	0.000140	0.9
167	-0.508526	89.337668	3141.909314	0.000095	0.9
168	-0.498516	90.327779	3113.966252	0.000100	0.9
169	-0.494466	90.386196	3112.333142	0.000082	0.8
170	-0.505624	90.774050	3101.533396	0.000072	0.8
171	-0.502992	90.943968	3096.825607	0.000048	0.7
172	-0.502038	90.928158	3097.263038	0.000101	0.7
173	-0.496568	91.601565	3078.740044	0.000068	0.8
174	-0.502853	91.601888	3078.731220	0.000101	0.8
175	-0.503040	91.585631	3079.175787	0.000078	1.0
176	-0.499052	92.570413	3052.475885	0.000163	0.9
177	-0.505013	92.550569	3053.009330	0.000099	0.8
178	-0.498283	93.550558	3026.357573	0.000194	0.7
179	-0.492091	93.530714	3026.881923	0.000172	0.7
180	-0.500758	94.530714	3000.682120	0.000132	0.8
181	-0.496674	95.530714	2974.931982	0.000159	0.8
182	-0.508247	95.510870	2975.438667	0.000235	0.8
183	-0.505982	95.491026	2975.945525	0.000219	0.7
184	-0.499489	96.491026	2950.616395	0.000076	0.7
185	-0.507185	96.472290	2951.086999	0.000136	0.7
186	-0.505317	97.376442	2928.546783	0.000097	0.7
187	-0.494550	98.375604	2904.035131	0.000152	0.8
188	-0.508807	98.355760	2904.517952	0.000121	0.9
189	-0.494097	98.335916	2905.000934	0.000140	0.8
190	-0.499033	98.316136	2905.482523	0.000072	0.8
191	-0.511152	98.296306	2905.965484	0.000174	0.8
192	-0.503458	99.296235	2881.810463	0.000119	1.0
193	-0.501631	99.276472	2882.283974	0.000144	0.8
194	-0.502026	99.256628	2882.759589	0.000151	0.7
195	-0.498498	100.255402	2859.014451	0.000117	0.8
196	-0.497866	101.136812	2838.382160	0.000152	0.9
197	-0.503971	101.735216	2824.543419	0.000176	0.9
198	-0.495905	101.715373	2825.000167	0.000089	0.8
199	-0.501427	101.695529	2825.457064	0.000113	0.8
