1:ItNr	2:Metric	3a:Time	3b:StepSize	4:||Gradient||	Time[ms]
0	-0.035487	0.000000	6610.509803	0.000463	58.4
1	-0.033442	0.000000	6610.509803	0.000809	1.1
2	-0.035255	1.000000	6310.032084	0.000174	1.0
3	-0.033998	2.000000	6035.682871	0.000175	1.1
4	-0.037643	1.387508	6200.811031	0.000284	1.0
5	-0.036946	2.384592	5936.417732	0.000652	1.2
6	-0.038243	3.384592	5692.968190	0.000435	1.1
7	-0.036252	2.763386	5841.789825	0.000314	1.0
8	-0.035070	2.376016	5938.595665	0.000627	0.9
9	-0.038955	1.754763	6100.731841	0.000436	1.1
10	-0.034766	1.133510	6271.969834	0.000153	0.9
11	-0.035330	0.787024	6371.714782	0.000347	1.0
12	-0.037562	1.776841	6094.818150	0.000319	1.1
13	-0.037174	2.593230	5883.921126	0.000300	1.2
14	-0.035829	3.547672	5655.147444	0.000277	1.1
15	-0.037398	4.547310	5433.867906	0.000177	1.1
16	-0.036589	5.525469	5233.487341	0.000353	1.0
17	-0.036564	4.933016	5353.049095	0.000477	0.8
18	-0.035080	5.933016	5154.294928	0.000203	1.0
19	-0.036826	6.913179	4973.303278	0.000193	0.9
20	-0.035444	7.069054	4945.685295	0.000283	0.9
21	-0.038858	7.931109	4798.319585	0.000321	1.1
22	-0.037439	8.931100	4638.008822	0.000298	1.0
23	-0.034991	9.897813	4492.897471	0.000365	0.9
24	-0.038966	10.897813	4352.044635	0.000615	0.8
25	-0.036322	11.897813	4219.754859	0.000169	0.9
26	-0.035093	12.897813	4095.270309	0.000216	1.0
27	-0.038276	13.839589	3984.567888	0.000539	0.9
28	-0.041086	14.830006	3874.425975	0.000215	0.8
29	-0.037241	15.830006	3769.228437	0.000437	0.9
30	-0.036349	16.829755	3669.616820	0.000510	0.9
31	-0.037731	17.829755	3575.111541	0.000580	1.0
32	-0.033442	18.829755	3485.351724	0.000446	1.0
33	-0.031315	18.208663	3540.562131	0.000280	0.9
34	-0.037532	17.587410	3597.564782	0.000334	0.9
35	-0.035978	18.587408	3506.688398	0.000420	0.9
36	-0.034753	19.586338	3420.380186	0.000474	0.9
37	-0.037057	18.965085	3473.549630	0.000278	1.0
38	-0.037104	19.937218	3391.063502	0.000411	1.0
39	-0.035374	20.937217	3310.203128	0.000101	1.0
40	-0.036495	21.883388	3237.167435	0.000335	1.0
41	-0.035958	21.932456	3233.467589	0.000420	0.9
42	-0.037946	22.932456	3159.866721	0.000343	1.0
43	-0.036530	23.932456	3089.541907	0.000342	1.0
44	-0.039852	23.311218	3132.856921	0.000403	0.9
45	-0.036615	24.311147	3063.720847	0.000202	1.2
46	-0.035015	23.691270	3106.215315	0.000110	3.0
47	-0.039201	24.618503	3043.078964	0.000327	1.1
48	-0.037675	24.009808	3084.232378	0.000347	1.1
49	-0.038002	23.688565	3106.403280	0.000449	1.0
50	-0.036833	24.652934	3040.783851	0.000357	1.1
51	-0.039277	24.034659	3082.530413	0.000199	1.2
52	-0.037535	25.030168	3015.863568	0.000162	1.0
53	-0.035705	25.998680	2953.715025	0.000083	0.9
54	-0.039080	26.626593	2914.772992	0.000657	1.0
55	-0.039031	27.618804	2855.288361	0.000502	1.2
56	-0.034488	28.618804	2797.743879	0.000324	1.0
57	-0.037001	28.341468	2813.469310	0.000315	1.0
58	-0.038507	29.341468	2757.581601	0.000218	0.9
59	-0.033729	28.720246	2792.035798	0.000428	0.9
60	-0.040179	29.720244	2736.988145	0.000439	1.0
61	-0.038573	29.098991	2770.928190	0.000334	1.0
62	-0.037408	30.098929	2716.704808	0.000245	1.0
63	-0.038585	29.477677	2750.140566	0.000194	1.0
64	-0.037412	29.148850	2768.173275	0.000204	1.0
65	-0.036735	28.586790	2799.550157	0.000283	0.9
66	-0.035940	29.559011	2745.716383	0.000247	0.8
67	-0.034824	30.555336	2692.654444	0.000245	0.9
68	-0.035647	30.664177	2686.981865	0.000459	1.1
69	-0.033896	31.647912	2636.775126	0.000240	1.1
70	-0.034823	32.642440	2587.889478	0.000497	0.9
71	-0.037904	32.027225	2617.913846	0.000177	0.9
72	-0.036185	33.013282	2570.121669	0.000158	0.9
73	-0.036170	32.483561	2595.577072	0.000182	1.0
74	-0.037282	31.911576	2623.635819	0.000227	0.9
75	-0.035632	32.682553	2585.955759	0.000189	1.0
76	-0.040547	33.681701	2538.704947	0.000263	1.0
77	-0.036786	33.062562	2567.778887	0.000224	1.1
78	-0.037914	34.062514	2521.147232	0.000304	1.1
79	-0.039800	34.295907	2510.505980	0.000423	1.0
80	-0.037475	33.674654	2539.032165	0.000204	0.8
81	-0.039443	34.674654	2493.427360	0.000316	0.9
82	-0.032777	34.055253	2521.479762	0.000530	1.2
83	-0.039629	35.055253	2476.497720	0.000398	1.1
84	-0.035566	36.055253	2433.092466	0.000224	1.1
85	-0.034432	35.434000	2459.877131	0.000561	0.9
86	-0.035009	36.434000	2417.047498	0.000228	1.0
87	-0.036713	35.812747	2443.478147	0.000228	1.2
88	-0.040654	36.796049	2401.906493	0.000138	1.1
89	-0.037660	36.750890	2403.784691	0.000177	1.1
90	-0.036090	36.139864	2429.489595	0.000405	1.0
91	-0.036822	37.139756	2387.707069	0.000279	1.0
92	-0.035981	38.059757	2350.512668	0.000272	1.0
93	-0.033334	38.715511	2324.700956	0.000240	1.1
94	-0.035744	39.715485	2286.413518	0.000167	1.2
95	-0.033903	40.533534	2256.017131	0.000406	0.9
96	-0.034231	39.914261	2278.952484	0.000365	1.1
97	-0.037132	40.914261	2242.144284	0.000323	0.8
98	-0.034932	41.914260	2206.506214	0.000444	0.8
99	-0.038955	42.914260	2171.983305	0.000160	0.9
100	-0.037958	43.914239	2138.524752	0.000494	0.8
101	-0.039072	44.914237	2106.080752	0.000239	0.8
102	-0.035886	45.914228	2074.606690	0.000124	0.9
103	-0.036083	45.328329	2092.932340	0.000289	1.0
104	-0.035784	44.708893	2112.662381	0.000095	0.9
105	-0.035490	44.112587	2132.010296	0.000241	0.8
106	-0.038744	45.005135	2103.180383	0.000208	0.9
107	-0.036705	45.920615	2074.408713	0.000231	0.9
108	-0.035714	46.890025	2044.787963	0.000423	0.9
109	-0.037299	46.268773	2063.672350	0.000197	0.9
110	-0.037518	47.214556	2035.059873	0.000347	0.8
111	-0.033859	48.212993	2005.702976	0.000114	0.8
112	-0.034940	49.211090	1977.190589	0.000251	0.8
113	-0.038664	48.689936	1991.976371	0.000283	0.8
114	-0.039149	48.068684	2009.893600	0.000261	0.9
115	-0.037325	49.068675	1981.209219	0.000220	0.8
116	-0.035456	50.067955	1953.351631	0.000321	1.1
117	-0.037419	49.792234	1960.959529	0.000340	1.0
118	-0.036353	50.761818	1934.464732	0.000191	1.1
119	-0.035620	51.744581	1908.330539	0.000371	1.0
120	-0.035222	51.123338	1924.768185	0.000318	0.9
121	-0.036534	52.123334	1898.446063	0.000264	1.0
122	-0.036663	53.111562	1873.131557	0.000182	0.9
123	-0.036428	52.490452	1888.962467	0.000195	0.8
124	-0.037144	53.435216	1864.986948	0.000199	0.8
125	-0.035177	54.369988	1841.856546	0.000165	0.9
126	-0.037296	53.788029	1856.188852	0.000309	0.8
127	-0.035840	54.761571	1832.336674	0.000274	0.8
128	-0.035906	55.758908	1808.528932	0.000064	0.7
129	-0.035743	56.650081	1787.772835	0.000095	0.9
130	-0.035512	57.014758	1779.415974	0.000126	0.9
131	-0.038606	57.366550	1771.428073	0.000357	0.9
132	-0.036120	57.268245	1773.652980	0.000176	0.8
133	-0.036399	56.647060	1787.842394	0.000143	0.9
134	-0.039267	57.582429	1766.561661	0.000219	1.0
135	-0.037984	58.488202	1746.431572	0.000022	0.7
136	-0.037536	58.522191	1745.685129	0.000062	0.8
137	-0.036525	58.500378	1746.164105	0.000132	0.8
138	-0.033687	58.453354	1747.197545	0.000631	0.8
139	-0.035880	59.453354	1725.480650	0.000515	0.9
140	-0.036648	60.453354	1704.296984	0.000227	0.9
141	-0.036065	59.832366	1717.390119	0.000569	0.8
142	-0.038394	59.506318	1724.345478	0.000153	0.8
143	-0.037554	60.506311	1703.189665	0.000177	0.8
144	-0.037032	60.031110	1713.177896	0.000334	0.8
145	-0.034468	61.030005	1692.316203	0.000276	0.8
146	-0.034952	62.030003	1671.934243	0.000174	0.8
147	-0.038430	61.408973	1684.533865	0.000206	0.8
148	-0.034358	60.790062	1697.280845	0.000354	0.9
149	-0.036354	61.790000	1676.781074	0.000272	0.9
150	-0.034078	62.789999	1656.769402	0.000437	0.8
151	-0.037950	63.789999	1637.229723	0.000132	0.9
152	-0.037565	63.168842	1649.312300	0.000389	0.9
153	-0.035287	64.165535	1630.010379	0.000276	0.9
154	-0.035722	63.553254	1641.813879	0.000475	0.9
155	-0.038028	62.936546	1653.876807	0.000299	1.1
156	-0.037307	63.936546	1634.404896	0.000184	0.9
157	-0.037460	64.931879	1615.473885	0.000345	1.0
158	-0.037163	65.931560	1596.896531	0.000480	0.8
159	-0.035482	66.931560	1578.735856	0.000303	0.8
160	-0.036316	66.310793	1589.960435	0.000159	0.9
161	-0.034418	67.289150	1572.341635	0.000380	0.9
162	-0.035800	68.288786	1554.738417	0.000333	1.0
163	-0.036137	69.288786	1537.518800	0.000169	0.9
164	-0.035451	70.288067	1520.688412	0.000133	0.9
165	-0.037799	70.263464	1521.098367	0.000320	1.0
166	-0.037580	71.121097	1506.937170	0.000134	1.1
167	-0.032743	72.118799	1490.791420	0.000226	1.0
168	-0.036335	72.833120	1479.442502	0.000131	0.9
169	-0.037185	73.805682	1464.265678	0.000462	0.9
170	-0.034974	73.184549	1473.922295	0.000144	1.1
171	-0.034681	73.301415	1472.095682	0.000374	1.0
172	-0.041211	74.301305	1456.650629	0.000213	1.2
173	-0.037506	73.680052	1466.208590	0.000323	0.9
174	-0.036719	73.058919	1475.890937	0.000521	1.0
175	-0.039242	74.058919	1460.364873	0.000301	1.0
176	-0.038750	75.058919	1445.162069	0.000125	1.0
177	-0.037410	74.453870	1454.322444	0.000137	1.1
178	-0.039230	74.200394	1458.194652	0.000275	1.0
179	-0.035393	75.153009	1443.747916	0.000340	1.0
180	-0.040925	76.152983	1428.887733	0.000486	1.0
181	-0.041737	75.715571	1435.350108	0.000373	1.0
182	-0.034809	75.094319	1444.629693	0.000244	1.0
183	-0.035168	74.821917	1448.736467	0.000196	0.9
184	-0.035043	75.816379	1433.855583	0.000424	1.0
185	-0.038298	76.811411	1419.269019	0.000332	1.0
186	-0.034968	76.190159	1428.341180	0.000602	0.9
187	-0.037873	77.190159	1413.794496	0.000351	0.9
188	-0.036063	77.545478	1408.696865	0.000176	1.1
189	-0.036707	77.199540	1413.659434	0.000246	1.1
190	-0.037884	78.183631	1399.633224	0.000233	1.1
191	-0.037152	78.735629	1391.886808	0.000179	1.2
192	-0.034488	78.114864	1400.604313	0.000249	1.0
193	-0.039618	79.111624	1386.659219	0.000180	0.9
194	-0.033817	78.492061	1395.294296	0.000364	0.8
195	-0.036932	77.871984	1404.044907	0.000332	1.0
196	-0.040164	78.871984	1389.986470	0.000434	0.9
197	-0.037534	79.871984	1376.206762	0.000196	0.9
198	-0.038325	80.856246	1362.908126	0.000305	0.8
199	-0.035704	81.852720	1349.703787	0.000191	0.9
