1:ItNr	2:Metric	3a:Time	3b:StepSize	4:||Gradient||	Time[ms]
0	-0.232165	0.000000	9836.051674	0.001343	29.7
1	-0.234973	0.000000	9836.051674	0.000227	1.2
2	-0.240485	1.000000	9388.958416	0.000102	0.7
3	-0.235588	0.972335	9400.779787	0.000345	0.9
4	-0.239048	1.972335	8991.558015	0.000289	0.8
5	-0.233790	2.972335	8616.477409	0.000212	1.1
6	-0.236965	3.972335	8271.436494	0.000183	1.1
7	-0.235667	4.970172	7953.627989	0.000054	1.0
8	-0.236785	5.932721	7669.372990	0.000112	1.1
9	-0.239632	6.509195	7508.656177	0.000142	0.8
10	-0.231634	7.505116	7246.316159	0.000148	0.9
11	-0.238342	8.505111	7000.722239	0.000121	0.8
12	-0.240431	8.489299	7004.476048	0.000204	0.8
13	-0.239040	9.489276	6774.745593	0.000408	0.8
14	-0.239503	10.489276	6559.601057	0.000113	0.9
15	-0.233508	10.834862	6488.392669	0.000109	0.8
16	-0.235002	11.830473	6291.626753	0.000089	0.8
17	-0.232646	12.622535	6143.411924	0.000182	0.9
18	-0.229287	12.594110	6148.610196	0.000198	2.8
19	-0.237592	13.594110	5970.874441	0.000169	0.8
20	-0.237967	13.565684	5975.784729	0.000207	0.8
21	-0.232004	13.537258	5980.703100	0.000229	1.0
22	-0.235730	14.537258	5812.409218	0.000049	0.8
23	-0.236944	14.538240	5812.248529	0.000213	0.8
24	-0.234782	14.510447	5816.797639	0.000205	0.9
25	-0.240344	15.510447	5657.478921	0.000199	0.9
26	-0.233725	15.529194	5654.575496	0.000185	1.0
27	-0.237400	16.529194	5503.904115	0.000179	0.8
28	-0.233914	17.529194	5361.053888	0.000143	0.8
29	-0.236155	18.529194	5225.431243	0.000215	0.7
30	-0.238696	19.529162	5096.505167	0.000103	0.7
31	-0.231777	20.529158	4973.784600	0.000254	0.8
32	-0.237204	20.500732	4977.191380	0.000301	0.8
33	-0.238020	21.500732	4860.083011	0.000143	0.8
34	-0.237047	22.500732	4748.358848	0.000060	0.8
35	-0.232835	22.478280	4750.810921	0.000100	0.8
36	-0.234661	22.514906	4746.812111	0.000162	0.7
37	-0.236662	23.287322	4664.022910	0.000114	1.0
38	-0.239927	24.286607	4561.107570	0.000142	0.8
39	-0.234327	25.286579	4462.569659	0.000172	0.8
40	-0.235751	26.286579	4368.196809	0.000056	0.8
41	-0.240276	26.259081	4370.738547	0.000152	0.9
42	-0.236194	26.230675	4373.367189	0.000145	0.9
43	-0.239059	27.229249	4282.817746	0.000204	1.0
44	-0.236743	28.229249	4195.820325	0.000133	0.9
45	-0.239378	28.200827	4198.244208	0.000176	0.9
46	-0.234921	29.200804	4114.617070	0.000148	0.9
47	-0.236965	29.173177	4116.882729	0.000036	0.9
48	-0.239601	29.157660	4118.156352	0.000185	0.9
49	-0.232084	29.961558	4053.194105	0.000194	0.8
50	-0.240088	30.025887	4048.084160	0.000107	0.8
51	-0.231608	31.025886	3970.275227	0.000172	0.8
52	-0.230784	31.077798	3966.317580	0.000100	0.7
53	-0.233198	31.049416	3968.480396	0.000063	1.0
54	-0.236505	31.021181	3970.634328	0.000233	0.7
55	-0.238085	30.992772	3972.803849	0.000225	0.7
56	-0.237547	31.992772	3897.835062	0.000145	0.7
57	-0.234451	32.424847	3866.311183	0.000264	0.8
58	-0.238885	33.424847	3795.271734	0.000167	1.0
59	-0.241387	33.397070	3797.209727	0.000138	0.9
60	-0.230737	33.368645	3799.195043	0.000122	0.9
61	-0.232116	33.621052	3781.638722	0.000033	0.9
62	-0.233754	33.598605	3783.193435	0.000041	0.6
63	-0.233849	33.593856	3783.522538	0.000080	0.8
64	-0.236387	33.607139	3782.602188	0.000149	0.9
65	-0.236669	33.578851	3784.562738	0.000141	0.7
66	-0.232256	33.550425	3786.534851	0.000155	0.7
67	-0.236729	34.092995	3749.244102	0.000052	0.7
68	-0.232874	34.406828	3728.007794	0.000093	0.8
69	-0.240954	34.381545	3729.709692	0.000172	0.9
70	-0.231211	34.353126	3731.624606	0.000197	1.0
71	-0.235471	34.759706	3704.414884	0.000058	0.9
72	-0.241931	35.148630	3678.755581	0.000096	1.0
73	-0.232282	35.132397	3679.819437	0.000195	0.9
74	-0.232741	35.953360	3626.776119	0.000096	0.9
75	-0.236536	35.924934	3628.587172	0.000144	0.9
76	-0.234216	36.870914	3569.272896	0.000192	0.9
77	-0.229382	37.204528	3548.814701	0.000173	0.8
78	-0.232681	38.204528	3488.873092	0.000040	0.7
79	-0.234945	38.176604	3490.519399	0.000202	0.8
80	-0.241203	38.596068	3465.951538	0.000247	0.7
81	-0.234124	39.595944	3408.760926	0.000206	0.7
82	-0.234389	40.595944	3353.420254	0.000143	0.9
83	-0.245492	40.567518	3354.968536	0.000075	0.8
84	-0.233556	40.539319	3356.505848	0.000217	0.9
85	-0.233992	41.536748	3302.971342	0.000136	0.9
86	-0.230459	42.536747	3250.986162	0.000135	0.8
87	-0.247884	42.508321	3252.441277	0.000075	0.9
88	-0.237819	42.479963	3253.894219	0.000087	0.8
89	-0.230411	43.279632	3213.414250	0.000251	0.7
90	-0.229569	44.278969	3164.221027	0.000106	0.8
91	-0.236375	44.257801	3165.247421	0.000143	0.7
92	-0.233553	44.229375	3166.626757	0.000119	0.9
93	-0.242494	44.958181	3131.637096	0.000233	0.8
94	-0.235278	45.958180	3084.867101	0.000086	0.9
95	-0.234821	46.958168	3039.473997	0.000233	0.7
96	-0.232924	46.929744	3040.745815	0.000164	0.8
97	-0.237098	47.929744	2996.632118	0.000136	0.9
98	-0.230344	48.929744	2953.780094	0.000165	0.9
99	-0.240013	48.901355	2954.979710	0.000064	0.7
100	-0.231578	48.878687	2955.938251	0.000219	0.8
101	-0.240722	48.850410	2957.134899	0.000083	0.9
102	-0.240031	49.336345	2936.704852	0.000089	0.9
103	-0.235948	49.550127	2927.805989	0.000234	0.9
104	-0.239955	49.521932	2928.976549	0.000169	0.8
105	-0.233674	50.521915	2888.025099	0.000074	0.8
106	-0.238721	51.429575	2851.833442	0.000179	0.8
107	-0.235186	52.416287	2813.504914	0.000114	1.0
108	-0.239445	52.391339	2814.461343	0.000183	1.2
109	-0.232222	52.362913	2815.551839	0.000198	0.9
110	-0.235242	53.362913	2777.689527	0.000169	0.7
111	-0.238404	54.362765	2740.837387	0.000210	0.8
112	-0.236410	55.362765	2704.945059	0.000171	0.8
113	-0.236770	56.362765	2669.980629	0.000093	0.7
114	-0.240832	56.334340	2670.962027	0.000091	0.7
115	-0.240060	56.305935	2671.943439	0.000144	0.8
116	-0.238613	56.291708	2672.435237	0.000122	0.9
117	-0.246523	56.263301	2673.417801	0.000135	0.9
118	-0.236431	57.252095	2639.636474	0.000142	1.0
119	-0.237605	57.223786	2640.591758	0.000139	0.7
120	-0.240442	58.223122	2607.282823	0.000148	0.8
121	-0.238539	58.194696	2608.218667	0.000274	0.9
122	-0.240132	59.194696	2575.695086	0.000090	0.7
123	-0.237447	59.171520	2576.439683	0.000248	0.7
124	-0.238170	59.143124	2577.352550	0.000202	0.9
125	-0.241495	59.114698	2578.267033	0.000077	0.8
126	-0.236984	60.096876	2547.041219	0.000155	1.0
127	-0.232763	60.068452	2547.934249	0.000068	0.9
128	-0.234515	60.043087	2548.731702	0.000092	1.0
129	-0.230724	60.637160	2530.184611	0.000168	1.0
130	-0.231313	61.635458	2499.618078	0.000151	1.1
131	-0.244913	61.612267	2500.319792	0.000082	1.0
132	-0.232819	61.587562	2501.067720	0.000073	1.0
133	-0.238305	61.579880	2501.300391	0.000073	0.9
134	-0.240116	61.562099	2501.839058	0.000097	1.0
135	-0.240970	62.438984	2475.546502	0.000154	0.8
136	-0.233927	62.411956	2476.348670	0.000241	0.7
137	-0.240761	63.407309	2447.146913	0.000126	0.9
138	-0.233298	64.245368	2423.088679	0.000355	1.0
139	-0.239432	65.245368	2394.993388	0.000115	0.9
140	-0.236330	66.245368	2367.542149	0.000181	0.8
141	-0.229673	66.403509	2363.258487	0.000137	0.8
142	-0.236835	66.375083	2364.027330	0.000264	0.8
143	-0.237251	67.375083	2337.277400	0.000127	0.8
144	-0.226443	67.346658	2338.029428	0.000174	1.0
145	-0.232494	67.321323	2338.700087	0.000150	0.8
146	-0.238045	67.293891	2339.426677	0.000096	1.0
147	-0.239813	67.265484	2340.179600	0.000196	1.0
148	-0.227951	67.531701	2333.142625	0.000064	1.2
149	-0.238937	67.816958	2325.649173	0.000061	0.8
150	-0.237681	67.803310	2326.006588	0.000210	0.9
151	-0.240910	67.776118	2326.719057	0.000112	1.1
152	-0.239205	67.747692	2327.464306	0.000246	1.2
153	-0.244147	67.719266	2328.210032	0.000126	0.8
154	-0.235307	68.406946	2310.302446	0.000218	0.8
155	-0.237186	69.406294	2284.764443	0.000091	0.9
156	-0.239263	69.377868	2285.483048	0.000269	0.7
157	-0.240144	69.404044	2284.821298	0.000126	0.7
158	-0.229793	69.375638	2285.539438	0.000125	0.8
159	-0.234197	70.355791	2261.017975	0.000130	0.8
160	-0.235755	70.415277	2259.546665	0.000033	0.8
161	-0.240344	70.473306	2258.113268	0.000223	0.8
162	-0.237423	70.445736	2258.794058	0.000164	0.8
163	-0.237666	71.445736	2234.360329	0.000195	0.8
164	-0.238478	71.417310	2235.047578	0.000162	0.7
165	-0.236862	72.417310	2211.122167	0.000234	0.8
166	-0.234806	72.388884	2211.795193	0.000193	0.7
167	-0.241465	72.360458	2212.468628	0.000109	0.7
168	-0.234803	72.332745	2213.125571	0.000280	0.8
169	-0.231285	73.332745	2189.664730	0.000058	0.7
170	-0.240244	74.328298	2166.797168	0.000208	0.7
171	-0.233616	75.322871	2144.424102	0.000047	0.7
172	-0.238646	75.752748	2134.896322	0.000158	0.8
173	-0.233430	76.231198	2124.391027	0.000179	0.7
174	-0.240736	77.231198	2102.764588	0.000268	0.9
175	-0.240076	77.202772	2103.373257	0.000111	0.8
176	-0.237947	78.195585	2082.321360	0.000179	0.7
177	-0.238882	78.167159	2082.918250	0.000157	0.9
178	-0.238400	79.146349	2062.552320	0.000160	0.8
179	-0.235999	79.117926	2063.137884	0.000126	0.9
180	-0.236160	79.145200	2062.575987	0.000182	0.9
181	-0.234862	79.116774	2063.161609	0.000170	0.8
182	-0.236360	80.116771	2042.757926	0.000135	0.8
183	-0.237395	80.586041	2033.321543	0.000051	0.7
184	-0.234534	80.557700	2033.888972	0.000198	0.7
185	-0.239147	80.530806	2034.427705	0.000159	0.8
186	-0.236613	80.502380	2034.997450	0.000060	1.0
187	-0.231677	80.766026	2029.725372	0.000259	0.7
188	-0.242457	80.740103	2030.242540	0.000208	0.7
189	-0.232492	80.711677	2030.809942	0.000084	0.7
190	-0.238916	80.683251	2031.377662	0.000113	0.7
191	-0.234777	81.162482	2021.848729	0.000253	0.8
192	-0.236487	81.134057	2022.411446	0.000151	0.8
193	-0.240808	81.105661	2022.973880	0.000110	0.8
194	-0.232882	81.077304	2023.535857	0.000068	0.8
195	-0.241750	81.964377	2006.102420	0.000150	0.8
196	-0.238334	81.936197	2006.651604	0.000240	1.1
197	-0.228352	82.431934	1997.033959	0.000099	0.8
198	-0.244193	83.431934	1977.911132	0.000133	0.7
199	-0.236796	83.403588	1978.448149	0.000085	0.8
