1:ItNr	2:Metric	3a:Time	3b:StepSize	4:||Gradient||	Time[ms]
0	-0.766375	0.000000	42599.355985	0.000237	70.1
1	-0.770770	0.000000	42599.355985	0.000180	4.2
2	-0.773139	1.000000	40663.021622	0.000145	4.0
3	-0.769030	2.000000	38895.064160	0.000124	3.9
4	-0.773641	3.000000	37274.436487	0.000117	3.9
5	-0.772969	2.989140	37291.311218	0.000128	4.0
6	-0.770593	2.978280	37308.199977	0.000133	3.6
7	-0.768858	3.870916	35969.181106	0.000087	3.9
8	-0.769583	3.860056	35984.894460	0.000066	4.0
9	-0.771778	3.849195	36000.621550	0.000086	3.9
10	-0.770086	3.838335	36016.362392	0.000084	3.8
11	-0.767772	3.827475	36032.116993	0.000078	4.0
12	-0.769463	3.816615	36047.885395	0.000071	3.9
13	-0.774040	3.805754	36063.667604	0.000068	4.0
14	-0.769363	3.794894	36079.463639	0.000102	4.1
15	-0.772146	3.784054	36095.244226	0.000105	4.0
16	-0.774492	4.784054	34695.338514	0.000092	3.7
17	-0.767419	5.784054	33399.965576	0.000080	3.9
18	-0.771616	6.780221	32202.280870	0.000087	4.1
19	-0.773854	7.780171	31083.431187	0.000104	4.0
20	-0.770863	8.780171	30039.668516	0.000064	3.9
21	-0.773220	8.805097	30014.546885	0.000098	3.8
22	-0.767837	8.794237	30025.487456	0.000056	4.0
23	-0.773897	8.783607	30036.203685	0.000045	4.0
24	-0.767364	8.772746	30047.160053	0.000072	3.7
25	-0.768601	8.761950	30058.059557	0.000054	4.3
26	-0.772535	8.751114	30069.007438	0.000038	4.0
27	-0.772805	8.740255	30079.986739	0.000044	4.0
28	-0.773872	8.729395	30090.974932	0.000049	4.0
29	-0.774436	8.718535	30101.971301	0.000059	3.8
30	-0.771497	8.707678	30112.972131	0.000039	3.9
31	-0.770106	8.713487	30107.084404	0.000059	4.0
32	-0.766409	8.704176	30116.522090	0.000053	4.7
33	-0.771605	8.708385	30112.255286	0.000041	4.0
34	-0.770867	8.697525	30123.267186	0.000063	3.8
35	-0.773014	8.686671	30134.280471	0.000134	6.0
36	-0.773252	9.686671	29152.281470	0.000090	4.4
37	-0.773102	10.686671	28232.264302	0.000101	4.3
38	-0.772592	11.686671	27368.540243	0.000093	3.8
39	-0.769418	12.686671	26556.096054	0.000045	3.9
40	-0.772884	12.675845	26564.633350	0.000090	3.8
41	-0.771070	13.675668	25798.680276	0.000038	4.3
42	-0.770849	14.671930	25078.162770	0.000055	3.9
43	-0.774779	14.661075	25085.796316	0.000069	3.9
44	-0.772080	15.661074	24401.535184	0.000042	4.4
45	-0.771206	16.661063	23753.617151	0.000040	4.2
46	-0.769885	16.650203	23760.468870	0.000055	3.7
47	-0.773423	16.639343	23767.324595	0.000132	3.9
48	-0.772766	17.639343	23152.217739	0.000069	3.9
49	-0.772519	18.639343	22568.146053	0.000043	4.1
50	-0.774918	18.628483	22574.330428	0.000028	3.9
51	-0.775921	18.625332	22576.125655	0.000027	4.0
52	-0.770053	18.614547	22582.272159	0.000033	3.7
53	-0.766473	18.610457	22584.603873	0.000023	3.8
54	-0.772268	18.602692	22589.031900	0.000063	4.0
55	-0.771948	18.591832	22595.228132	0.000097	3.8
56	-0.768893	19.591832	22038.583432	0.000022	3.6
57	-0.770139	19.584549	22042.538112	0.000046	3.9
58	-0.772887	19.577663	22046.279041	0.000049	4.5
59	-0.770732	20.576227	21516.778887	0.000052	3.7
60	-0.773479	20.565369	21522.399658	0.000023	3.7
61	-0.772433	21.109722	21244.179209	0.000074	4.1
62	-0.773239	21.185251	21206.143367	0.000079	3.7
63	-0.771612	22.185251	20715.092765	0.000077	3.8
64	-0.773335	23.185251	20246.269065	0.000059	4.0
65	-0.774223	24.185251	19798.196548	0.000060	4.5
66	-0.772616	25.185251	19369.527304	0.000040	4.1
67	-0.769566	25.197633	19364.335906	0.000028	4.4
68	-0.769773	25.196242	19364.918666	0.000044	4.8
69	-0.768112	25.185405	19369.462661	0.000027	5.1
70	-0.776067	26.117998	18986.088380	0.000050	4.7
71	-0.768282	26.114929	18987.325030	0.000065	4.0
72	-0.773659	27.114929	18592.700648	0.000036	3.8
73	-0.768863	28.114920	18214.149000	0.000028	4.5
74	-0.771801	28.106444	18217.293124	0.000080	4.2
75	-0.771808	29.106397	17853.737740	0.000044	3.8
76	-0.770828	30.106055	17504.510596	0.000033	4.4
77	-0.774269	30.102107	17505.862735	0.000048	3.8
78	-0.773738	31.084432	17175.697961	0.000097	3.6
79	-0.771455	32.084432	16852.143640	0.000032	4.2
80	-0.774690	33.084419	16540.558128	0.000037	3.9
81	-0.772493	33.122024	16529.065481	0.000043	4.2
82	-0.773693	34.039292	16253.597115	0.000037	4.3
83	-0.776998	34.702691	16060.022609	0.000075	3.9
84	-0.775889	35.702685	15776.792203	0.000041	3.9
85	-0.771025	36.702685	15503.376993	0.000080	4.0
86	-0.773236	36.691825	15506.295439	0.000036	4.3
87	-0.770110	36.680964	15509.214989	0.000094	3.7
88	-0.775192	37.680964	15244.917782	0.000031	3.7
89	-0.773240	38.680964	14989.477584	0.000034	4.3
90	-0.771311	39.618889	14757.553176	0.000012	3.9
91	-0.770705	39.626155	14755.784458	0.000021	4.0
92	-0.766399	39.631360	14754.517614	0.000030	3.9
93	-0.773197	39.620725	14757.106239	0.000043	3.7
94	-0.772059	39.610026	14759.711240	0.000041	3.8
95	-0.772293	40.580184	14527.181061	0.000047	3.4
96	-0.777066	40.569323	14529.743473	0.000031	9.6
97	-0.768581	41.566839	14298.092927	0.000037	8.3
98	-0.771073	41.590413	14292.707649	0.000011	4.0
99	-0.772899	41.595280	14291.596388	0.000032	3.9
100	-0.774067	41.600854	14290.323771	0.000040	4.5
101	-0.772729	41.611538	14287.885413	0.000101	3.9
102	-0.771151	42.293767	14133.879452	0.000022	4.1
103	-0.771059	43.291187	13914.605041	0.000044	4.1
104	-0.775613	43.280362	13916.948424	0.000027	3.9
105	-0.772925	43.270979	13918.980059	0.000017	4.0
106	-0.775590	43.261315	13921.073253	0.000048	3.6
107	-0.771517	43.315995	13909.237951	0.000032	4.1
108	-0.772042	43.995732	13763.772682	0.000025	4.1
109	-0.773274	44.416927	13675.152951	0.000068	3.8
110	-0.771903	44.406066	13677.423619	0.000041	4.5
111	-0.771144	45.406049	13471.460609	0.000043	3.9
112	-0.770336	45.395223	13473.657247	0.000020	3.8
113	-0.774153	45.445541	13463.453772	0.000017	4.2
114	-0.773077	45.438273	13464.926641	0.000027	3.7
115	-0.771152	45.429492	13466.706507	0.000027	3.9
116	-0.769677	46.109805	13330.190432	0.000021	3.6
117	-0.771714	46.104449	13331.254411	0.000014	3.7
118	-0.769941	46.136604	13324.869347	0.000050	3.5
119	-0.775020	46.161052	13320.018834	0.000044	3.3
120	-0.773134	47.161043	13124.600801	0.000048	3.7
121	-0.774466	47.150182	13126.692308	0.000047	3.6
122	-0.776729	47.139341	13128.780933	0.000076	3.5
123	-0.768883	48.139341	12938.892213	0.000026	3.4
124	-0.774350	48.128481	12940.924804	0.000049	3.6
125	-0.773426	48.117651	12942.952518	0.000049	4.1
126	-0.772197	49.117650	12758.363608	0.000037	3.3
127	-0.772478	49.106790	12760.339955	0.000096	3.2
128	-0.771956	50.106790	12580.886772	0.000020	3.7
129	-0.775049	51.105943	12406.556753	0.000026	3.2
130	-0.770743	51.095577	12408.340667	0.000010	3.5
131	-0.767096	51.093628	12408.676011	0.000028	3.6
132	-0.771299	51.104634	12406.782066	0.000060	4.0
133	-0.777266	51.093773	12408.651024	0.000071	4.1
134	-0.772252	51.082913	12410.520555	0.000036	3.5
135	-0.774057	51.116244	12404.784722	0.000048	4.1
136	-0.772829	51.105384	12406.652888	0.000018	3.8
137	-0.772504	51.097778	12407.961780	0.000023	4.2
138	-0.773752	51.093417	12408.712336	0.000029	3.7
139	-0.771316	51.508121	12337.741734	0.000008	4.0
140	-0.771507	51.503611	12338.509232	0.000023	3.9
141	-0.773497	51.499609	12339.190296	0.000098	3.6
142	-0.769111	52.499604	12171.310066	0.000036	4.0
143	-0.770956	53.499604	12007.936028	0.000046	3.8
144	-0.771774	53.588149	11993.681060	0.000019	3.7
145	-0.774172	53.577323	11995.422200	0.000030	3.7
146	-0.771796	53.594253	11992.699737	0.000061	3.8
147	-0.774303	54.488351	11850.655957	0.000039	3.9
148	-0.773162	55.474123	11697.897782	0.000040	3.8
149	-0.766288	56.473728	11546.965714	0.000045	4.1
150	-0.769743	57.469436	11400.444888	0.000011	3.6
151	-0.770510	57.504296	11395.382373	0.000035	3.6
152	-0.772696	57.573510	11385.344488	0.000036	3.9
153	-0.772426	57.657896	11373.130050	0.000023	3.9
154	-0.773156	57.823542	11349.229585	0.000016	3.7
155	-0.771521	57.813519	11350.672934	0.000032	3.6
156	-0.771840	57.802966	11352.192907	0.000013	4.0
157	-0.773479	57.886662	11340.148661	0.000074	3.8
158	-0.770038	57.878259	11341.356690	0.000060	3.7
159	-0.771979	58.878259	11199.373670	0.000068	5.3
160	-0.773526	58.868516	11200.739907	0.000044	4.0
161	-0.776511	59.868515	11062.234467	0.000052	3.9
162	-0.770802	60.868512	10927.112941	0.000056	3.8
163	-0.771790	61.868512	10795.252124	0.000036	3.5
164	-0.779083	62.868497	10666.537633	0.000025	4.2
165	-0.771983	63.520059	10584.309596	0.000030	3.7
166	-0.769413	63.509262	10585.661882	0.000015	4.0
167	-0.773833	63.506776	10585.973365	0.000018	3.9
168	-0.768195	63.515794	10584.843833	0.000046	4.1
169	-0.771067	63.504965	10586.200147	0.000021	4.0
170	-0.767596	63.497649	10587.116774	0.000048	3.8
171	-0.769539	64.418540	10472.977813	0.000088	3.7
172	-0.771769	65.418535	10351.789415	0.000072	3.8
173	-0.772482	66.418535	10233.373001	0.000043	4.4
174	-0.770429	67.417976	10117.699058	0.000040	4.1
175	-0.771767	67.407162	10118.936660	0.000022	4.0
176	-0.772244	67.396437	10120.164365	0.000028	4.6
177	-0.771450	67.387375	10121.201954	0.000038	4.0
178	-0.771024	67.461048	10112.772785	0.000067	3.6
179	-0.775213	68.461047	9999.731752	0.000054	4.1
180	-0.771091	69.461036	9889.191124	0.000032	3.7
181	-0.769469	70.460761	9781.095956	0.000048	3.4
182	-0.765816	70.449901	9782.257503	0.000057	3.9
183	-0.774118	71.449900	9676.446068	0.000017	7.4
184	-0.772246	71.696767	9650.676092	0.000031	18.1
185	-0.772221	71.689952	9651.385713	0.000043	9.4
186	-0.773156	71.680542	9652.365608	0.000017	7.5
187	-0.773054	71.669825	9653.481853	0.000016	4.3
188	-0.773545	71.666940	9653.782421	0.000051	3.4
189	-0.769504	72.433352	9574.594689	0.000072	4.0
190	-0.771577	72.422492	9575.707724	0.000015	3.5
191	-0.775834	72.411707	9576.813274	0.000057	3.7
192	-0.771358	72.642662	9553.193569	0.000036	3.3
193	-0.771220	72.631802	9554.301634	0.000059	3.6
194	-0.776196	72.620941	9555.409956	0.000075	3.3
195	-0.767523	73.620941	9454.423750	0.000020	3.2
196	-0.772784	73.610168	9455.500293	0.000036	3.3
197	-0.768934	73.599486	9456.568030	0.000041	3.6
198	-0.775274	74.528784	9364.575125	0.000039	3.6
199	-0.775009	75.528077	9267.629772	0.000019	3.3
