1:ItNr	2:Metric	3a:Time	3b:StepSize	4:||Gradient||	Time[ms]
0	-0.199377	0.000000	41268.969159	0.000245	40.2
1	-0.199146	0.000000	41268.969159	0.000258	4.2
2	-0.199747	0.997563	39397.471086	0.000254	4.4
3	-0.198320	1.997563	37684.356045	0.000249	4.5
4	-0.200345	2.997563	36114.015089	0.000258	4.3
5	-0.194250	3.997440	34669.484940	0.000255	4.5
6	-0.195918	4.997435	33335.917511	0.000249	4.5
7	-0.202859	5.997435	32101.136601	0.000263	4.4
8	-0.200801	6.997435	30954.562406	0.000249	4.5
9	-0.194979	7.997435	29887.069394	0.000260	4.9
10	-0.202919	8.997435	28890.748565	0.000251	4.8
11	-0.199707	9.996781	27959.301588	0.000250	4.5
12	-0.203203	10.996781	27085.485517	0.000260	4.5
13	-0.200994	11.996769	26264.642459	0.000250	4.6
14	-0.200290	12.996396	25492.359845	0.000248	4.7
15	-0.196060	13.996396	24763.931694	0.000249	4.7
16	-0.201216	14.996395	24075.975991	0.000240	4.4
17	-0.198921	15.988009	23430.521589	0.000263	5.0
18	-0.200471	16.987342	22814.135129	0.000250	4.4
19	-0.200040	17.926730	22263.579371	0.000246	4.1
20	-0.202356	18.926730	21705.968489	0.000240	5.2
21	-0.200133	18.261386	22073.809586	0.000246	4.6
22	-0.198467	19.245561	21534.010998	0.000257	5.2
23	-0.202189	20.245540	21011.928867	0.000255	4.9
24	-0.202146	21.230187	20522.011004	0.000249	5.5
25	-0.200551	22.230187	20047.296166	0.000266	9.5
26	-0.202055	23.230186	19594.047099	0.000247	8.8
27	-0.196500	22.564842	19893.297428	0.000234	7.0
28	-0.197414	23.554958	19451.221289	0.000249	5.8
29	-0.195373	24.554958	19024.237884	0.000241	5.5
30	-0.199744	25.554903	18615.619157	0.000245	5.6
31	-0.205660	26.485085	18250.959210	0.000239	6.2
32	-0.203556	25.820190	18510.141774	0.000256	5.7
33	-0.201619	26.539726	18229.982234	0.000253	6.0
34	-0.196978	25.874438	18488.719928	0.000237	6.6
35	-0.200467	25.209093	18754.930994	0.000264	8.7
36	-0.204672	25.852894	18497.221213	0.000239	5.9
37	-0.197007	26.852894	18110.677824	0.000226	8.8
38	-0.199100	27.852852	17739.974740	0.000245	9.6
39	-0.198831	28.852602	17384.215170	0.000234	5.5
40	-0.200443	29.742605	17079.303385	0.000250	5.6
41	-0.198615	30.742534	16749.244540	0.000235	6.3
42	-0.202413	31.741478	16432.007405	0.000252	6.0
43	-0.196561	32.741396	16126.271827	0.000239	5.8
44	-0.198859	33.741369	15831.689479	0.000242	5.2
45	-0.202362	34.741364	15547.670271	0.000263	6.1
46	-0.204122	35.741362	15273.661298	0.000248	7.0
47	-0.200973	35.076149	15454.847841	0.000236	6.2
48	-0.200122	36.076046	15184.099431	0.000239	5.5
49	-0.198187	36.897949	14968.550033	0.000237	5.6
50	-0.201958	37.897933	14714.410335	0.000248	5.2
51	-0.198773	38.897933	14468.752269	0.000250	5.4
52	-0.201144	39.897933	14231.162077	0.000246	6.3
53	-0.197204	40.897812	14001.276142	0.000239	5.5
54	-0.199108	41.793839	13801.486939	0.000241	6.1
55	-0.206174	41.156819	13942.932881	0.000243	5.5
56	-0.204652	42.156725	13722.186330	0.000246	6.1
57	-0.198623	41.491415	13868.278610	0.000234	6.0
58	-0.200300	42.491415	13649.851020	0.000238	5.7
59	-0.200372	43.491413	13438.197703	0.000249	5.0
60	-0.200842	42.826068	13578.282057	0.000259	5.8
61	-0.203287	43.826068	13368.824942	0.000243	5.5
62	-0.199928	44.822236	13166.498273	0.000255	5.2
63	-0.203035	44.200677	13292.014641	0.000256	5.3
64	-0.200650	45.200677	13091.230975	0.000253	5.2
65	-0.203616	45.597714	13013.184726	0.000264	4.9
66	-0.200613	46.597696	12820.678950	0.000239	7.1
67	-0.197451	47.597696	12633.782310	0.000220	4.8
68	-0.199830	48.597696	12452.256442	0.000250	4.9
69	-0.197811	49.578837	12279.153260	0.000254	4.6
70	-0.199175	48.913493	12396.009833	0.000251	5.2
71	-0.200424	48.248202	12515.102601	0.000255	5.2
72	-0.198142	47.582964	12636.495954	0.000237	5.2
73	-0.198666	48.580725	12455.293466	0.000235	4.6
74	-0.200294	48.287427	12508.017625	0.000231	5.1
75	-0.203864	49.284690	12330.542504	0.000242	5.0
76	-0.195278	50.228752	12167.114074	0.000252	4.5
77	-0.204828	51.195565	12004.177191	0.000255	4.7
78	-0.201140	52.161509	11845.687267	0.000243	4.9
79	-0.198429	51.700112	11920.866815	0.000247	5.3
80	-0.201168	52.512695	11789.097842	0.000240	4.7
81	-0.200316	53.509469	11631.385395	0.000261	4.4
82	-0.199394	52.844125	11736.185619	0.000253	5.5
83	-0.204263	52.178780	11842.891541	0.000249	5.0
84	-0.202530	51.513508	11951.543610	0.000239	5.1
85	-0.201472	52.513319	11788.997786	0.000250	5.0
86	-0.199631	51.858918	11894.883679	0.000246	4.8
87	-0.199579	52.858910	11733.836192	0.000243	5.0
88	-0.200398	53.858804	11577.106534	0.000235	4.6
89	-0.199310	53.194677	11680.734886	0.000256	4.3
90	-0.199108	52.767738	11748.338471	0.000236	5.4
91	-0.199076	53.767738	11591.207356	0.000248	4.5
92	-0.199694	54.767738	11438.223941	0.000226	4.4
93	-0.200890	55.763996	11289.776484	0.000269	6.0
94	-0.199810	56.763995	11144.596548	0.000242	5.4
95	-0.199019	56.098702	11240.764435	0.000231	5.1
96	-0.196547	55.545341	11322.026082	0.000231	5.2
97	-0.199192	56.527531	11178.588286	0.000245	5.6
98	-0.203551	57.527468	11036.244758	0.000240	5.0
99	-0.199155	58.514110	10899.302740	0.000239	5.3
100	-0.202316	58.796509	10860.730179	0.000239	4.9
101	-0.201409	59.795592	10726.431062	0.000236	5.2
102	-0.199806	60.795592	10595.294033	0.000226	5.1
103	-0.200297	61.795554	10467.329540	0.000256	5.1
104	-0.201660	62.795538	10342.416488	0.000245	4.9
105	-0.200534	63.795537	10220.447701	0.000238	5.0
106	-0.200334	64.763337	10105.114650	0.000249	5.4
107	-0.204707	65.754380	9989.678386	0.000235	5.3
108	-0.202839	66.754379	9875.841673	0.000251	5.3
109	-0.200984	67.746955	9765.386901	0.000252	5.3
110	-0.200617	68.735065	9657.856145	0.000245	70.2
111	-0.199198	69.735065	9551.415976	0.000219	12.4
112	-0.198656	70.735044	9447.298575	0.000232	9.1
113	-0.195266	71.695484	9349.412893	0.000251	4.8
114	-0.200416	71.260282	9393.515104	0.000249	5.6
115	-0.202130	70.594938	9461.749452	0.000238	4.9
116	-0.198553	71.577868	9361.290870	0.000235	4.7
117	-0.201828	70.935312	9426.718987	0.000230	5.4
118	-0.196077	70.394684	9482.480971	0.000223	5.4
119	-0.198446	69.731389	9551.803016	0.000227	5.3
120	-0.202535	70.731295	9447.684728	0.000246	5.3
121	-0.203414	71.663555	9352.634417	0.000246	5.0
122	-0.201520	72.480698	9270.880167	0.000241	7.3
123	-0.200466	73.480698	9172.755573	0.000248	6.6
124	-0.202620	74.011676	9121.493121	0.000241	6.0
125	-0.204342	75.009302	9026.712396	0.000265	9.5
126	-0.198267	74.749029	9051.249528	0.000241	8.2
127	-0.199638	75.749028	8957.695706	0.000241	5.8
128	-0.198601	75.097402	9018.436883	0.000239	5.5
129	-0.198596	74.682713	9057.522768	0.000247	4.6
130	-0.201321	74.017396	9120.944045	0.000236	4.8
131	-0.200950	74.269100	9096.846263	0.000263	4.8
132	-0.191092	73.731686	9148.452743	0.000224	4.7
133	-0.203771	74.708458	9055.086331	0.000245	4.5
134	-0.202752	74.690205	9056.813589	0.000238	4.6
135	-0.203802	74.047709	9118.035181	0.000243	4.9
136	-0.202441	74.644238	9061.166383	0.000232	4.4
137	-0.200391	74.597850	9065.563214	0.000248	4.7
138	-0.197727	75.597584	8971.739443	0.000245	4.7
139	-0.200799	74.936101	9033.599854	0.000243	4.9
140	-0.202798	74.806627	9045.808006	0.000242	4.7
141	-0.202591	75.806577	8952.370591	0.000241	4.7
142	-0.202807	76.772648	8863.914055	0.000269	5.2
143	-0.203930	77.772648	8774.173488	0.000263	4.8
144	-0.201398	78.402821	8718.548852	0.000250	4.8
145	-0.204875	79.402819	8631.713316	0.000258	5.0
146	-0.201772	80.402796	8546.592244	0.000242	7.7
147	-0.202967	79.737614	8603.026372	0.000249	4.8
148	-0.205560	79.072270	8660.224815	0.000262	4.6
149	-0.201526	78.407310	8718.155149	0.000238	4.8
150	-0.200154	77.741965	8776.899960	0.000235	4.2
151	-0.199890	78.741964	8688.903990	0.000256	4.8
152	-0.199972	79.741964	8602.654900	0.000247	4.7
153	-0.200183	80.741964	8518.101265	0.000243	4.2
154	-0.198514	81.741938	8435.195705	0.000246	4.7
155	-0.204858	82.739238	8354.103706	0.000254	4.8
156	-0.201083	83.430863	8298.776141	0.000253	4.2
157	-0.201308	84.430858	8220.063546	0.000232	5.0
158	-0.197439	83.765514	8272.267498	0.000236	4.4
159	-0.205696	84.765346	8194.067173	0.000239	4.4
160	-0.198792	85.468079	8139.983005	0.000248	5.0
161	-0.201947	86.468058	8064.241307	0.000246	4.4
162	-0.197531	85.808268	8114.056761	0.000235	5.0
163	-0.198119	85.171099	8162.752025	0.000239	4.9
164	-0.197439	84.526368	8212.623686	0.000256	4.6
165	-0.199576	83.861024	8264.732903	0.000242	4.8
166	-0.203315	84.861024	8186.661365	0.000254	4.6
167	-0.204725	85.724314	8120.439647	0.000255	4.6
168	-0.196548	86.724314	8045.057971	0.000236	4.6
169	-0.202080	87.723352	7971.133477	0.000233	4.9
170	-0.195991	88.711791	7899.318239	0.000245	5.0
171	-0.198585	88.046860	7947.485633	0.000252	4.9
172	-0.199478	87.501499	7987.432062	0.000224	4.8
173	-0.202892	88.453067	7917.990536	0.000235	4.9
174	-0.198220	89.452124	7846.371064	0.000242	5.0
175	-0.197725	90.427203	7777.708968	0.000247	4.8
176	-0.202043	91.419803	7709.036371	0.000237	5.1
177	-0.200420	91.690634	7690.509126	0.000247	4.8
178	-0.200625	92.688585	7623.002356	0.000237	4.5
179	-0.197971	92.073844	7664.445848	0.000227	4.6
180	-0.200516	93.073844	7597.257392	0.000250	4.3
181	-0.197090	94.073844	7531.236678	0.000239	4.5
182	-0.197380	95.048156	7468.006263	0.000240	4.6
183	-0.201268	94.382819	7511.069345	0.000241	4.2
184	-0.203017	95.375826	7446.979202	0.000255	4.5
185	-0.204323	96.205676	7394.252433	0.000247	4.5
186	-0.200431	97.205655	7331.699589	0.000227	4.6
187	-0.204759	96.540438	7373.193154	0.000241	4.8
188	-0.197466	95.875104	7415.166466	0.000248	4.9
189	-0.205783	96.767881	7358.953419	0.000241	5.3
190	-0.203805	97.628044	7305.594198	0.000247	5.1
191	-0.198351	98.623911	7244.775295	0.000231	4.4
192	-0.200021	99.276339	7205.476667	0.000253	5.0
193	-0.200974	98.611015	7245.556395	0.000236	4.9
194	-0.200063	98.029372	7280.962161	0.000248	4.7
195	-0.196520	99.025504	7220.534984	0.000228	5.3
196	-0.200295	98.360216	7260.780696	0.000253	5.1
197	-0.200145	99.360216	7200.455276	0.000255	4.8
198	-0.203065	100.360216	7141.124009	0.000235	5.1
199	-0.197041	101.358277	7082.874770	0.000235	11.4
