1:ItNr	2:Metric	3a:Time	3b:StepSize	4:||Gradient||	Time[ms]
0	-0.326399	0.000000	35249.230501	0.000124	85.8
1	-0.324628	0.000000	35249.230501	0.000214	3.9
2	-0.326710	1.000000	33646.992751	0.000553	3.5
3	-0.319521	2.000000	32184.080023	0.001283	3.5
4	-0.294326	3.000000	30843.076688	0.001887	3.5
5	-0.288345	4.000000	29609.353621	0.002045	3.4
6	-0.286634	5.000000	28470.532328	0.001943	3.9
7	-0.299794	6.000000	27416.068167	0.001956	3.5
8	-0.294172	7.000000	26436.922876	0.001901	4.0
9	-0.302857	8.000000	25525.304846	0.001833	3.6
10	-0.299367	9.000000	24674.461351	0.001790	4.0
11	-0.309444	10.000000	23878.510985	0.001720	3.9
12	-0.304837	11.000000	23132.307516	0.001640	4.0
13	-0.314660	12.000000	22431.328501	0.001498	4.0
14	-0.311847	13.000000	21771.583545	0.001637	3.6
15	-0.306876	14.000000	21149.538301	0.001671	4.1
16	-0.310398	15.000000	20562.051126	0.001558	3.9
17	-0.314430	16.000000	20006.320014	0.001495	3.9
18	-0.314039	17.000000	19479.837908	0.001336	4.2
19	-0.320748	18.000000	18980.354885	0.001189	3.8
20	-0.316961	19.000000	18505.846013	0.001135	3.8
21	-0.323071	20.000000	18054.483915	0.000914	4.0
22	-0.326038	21.000000	17624.615250	0.000745	4.1
23	-0.324353	22.000000	17214.740477	0.000758	4.3
24	-0.326562	23.000000	16823.496375	0.000842	6.3
25	-0.326708	24.000000	16449.640900	0.000806	4.1
26	-0.323247	25.000000	16092.040011	0.000617	5.1
27	-0.322761	26.000000	15749.656181	0.000399	4.5
28	-0.326337	27.000000	15421.538344	0.000253	3.9
29	-0.328277	28.000000	15106.813072	0.000228	4.3
30	-0.329828	29.000000	14804.676810	0.000328	4.4
31	-0.327543	30.000000	14514.389030	0.000250	4.1
32	-0.328173	31.000000	14235.266164	0.000151	4.1
33	-0.330237	32.000000	13966.676236	0.000165	4.5
34	-0.328642	33.000000	13708.034084	0.000122	4.2
35	-0.328980	34.000000	13458.797100	0.000141	5.2
36	-0.330277	35.000000	13218.461438	0.000107	5.9
37	-0.331096	36.000000	12986.558606	0.000165	5.7
38	-0.327906	35.988281	12989.229083	0.000175	4.2
39	-0.324806	36.988281	12765.231599	0.000172	4.1
40	-0.329200	37.988281	12548.828759	0.000103	4.3
41	-0.329078	38.988281	12339.640756	0.000114	3.6
42	-0.326449	38.976563	12342.051779	0.000114	4.1
43	-0.323404	39.976563	12139.645293	0.000072	3.7
44	-0.327576	40.976563	11943.770517	0.000065	3.6
45	-0.325852	41.452795	11852.693635	0.000092	3.7
46	-0.325551	41.441168	11854.900560	0.000199	3.6
47	-0.326461	42.441168	11668.036086	0.000168	3.9
48	-0.331297	43.441168	11486.971149	0.000141	3.3
49	-0.326289	44.441168	11311.439882	0.000112	4.0
50	-0.328399	45.441168	11141.192426	0.000100	3.4
51	-0.327601	46.441168	10975.993739	0.000183	4.1
52	-0.324782	47.441168	10815.622518	0.000114	3.5
53	-0.328430	48.441168	10659.870206	0.000072	3.8
54	-0.327978	48.431073	10661.420132	0.000104	3.8
55	-0.328291	48.419356	10663.219645	0.000130	3.5
56	-0.328211	49.419356	10511.795090	0.000154	3.7
57	-0.325242	50.419356	10364.610969	0.000129	3.9
58	-0.326363	51.419356	10221.491622	0.000124	4.0
59	-0.326580	52.419356	10082.270956	0.000064	3.5
60	-0.323001	53.419191	9946.813866	0.000072	3.7
61	-0.328336	53.525355	9932.644225	0.000069	3.7
62	-0.331438	53.513637	9934.206327	0.000063	3.7
63	-0.327578	53.501918	9935.768884	0.000113	4.3
64	-0.328425	54.501918	9804.172640	0.000097	3.7
65	-0.327035	55.480841	9678.683349	0.000182	4.2
66	-0.326244	56.480841	9553.766231	0.000134	3.6
67	-0.323868	57.480841	9432.032491	0.000055	4.0
68	-0.329438	58.480841	9313.361974	0.000163	4.4
69	-0.330514	58.469155	9314.731470	0.000228	3.4
70	-0.327647	59.469155	9198.976167	0.000110	3.7
71	-0.325799	60.469155	9086.062560	0.000034	3.5
72	-0.325243	60.459064	9087.188148	0.000123	3.8
73	-0.328594	60.447346	9088.495586	0.000166	3.3
74	-0.326487	61.447346	8978.261647	0.000115	3.7
75	-0.322601	62.447346	8870.669709	0.000124	3.5
76	-0.326246	63.447346	8765.625914	0.000050	3.5
77	-0.327412	63.577413	8752.145739	0.000181	3.5
78	-0.329281	63.748429	8734.484551	0.000106	3.7
79	-0.327264	64.748429	8632.622807	0.000059	3.4
80	-0.326819	64.748078	8632.658136	0.000084	3.1
81	-0.327808	64.736360	8633.837999	0.000129	3.7
82	-0.331262	65.736360	8534.296837	0.000121	3.6
83	-0.326158	66.736360	8437.024773	0.000074	3.8
84	-0.333293	67.736360	8341.945092	0.000129	3.1
85	-0.326370	67.724641	8343.046894	0.000183	3.8
86	-0.329009	68.724641	8250.061881	0.000105	3.6
87	-0.329343	69.724641	8159.126697	0.000090	4.2
88	-0.327762	70.724641	8070.174300	0.000140	5.3
89	-0.327944	71.724641	7983.140538	0.000046	3.7
90	-0.332098	72.724641	7897.964000	0.000099	3.5
91	-0.328735	72.712922	7898.951632	0.000096	3.4
92	-0.327979	73.712922	7815.552752	0.000075	3.7
93	-0.331633	73.716471	7815.259961	0.000150	3.5
94	-0.329556	74.716471	7733.609855	0.000056	3.7
95	-0.326847	75.716470	7653.648212	0.000051	3.7
96	-0.326833	75.704755	7654.575446	0.000085	3.4
97	-0.330383	76.701212	7576.506247	0.000155	3.8
98	-0.328448	77.701212	7499.744208	0.000138	3.4
99	-0.326605	78.701212	7424.522011	0.000135	3.9
100	-0.328061	79.701212	7350.793782	0.000178	3.3
101	-0.324787	80.701212	7278.515451	0.000104	4.2
102	-0.326408	81.701212	7207.644667	0.000088	3.7
103	-0.329205	82.701212	7138.140709	0.000125	3.6
104	-0.325392	83.701212	7069.964414	0.000093	3.9
105	-0.329271	84.701212	7003.078100	0.000028	3.5
106	-0.325535	84.693072	7003.617416	0.000050	3.9
107	-0.323868	84.687531	7003.984602	0.000078	3.6
108	-0.325198	85.194621	6970.539858	0.000071	3.7
109	-0.327701	85.182903	6971.309152	0.000183	3.9
110	-0.324721	86.182903	6906.267909	0.000104	3.8
111	-0.328337	87.182903	6842.429098	0.000071	3.7
112	-0.324385	87.183808	6842.371862	0.000075	4.2
113	-0.331700	87.172089	6843.113124	0.000114	3.7
114	-0.329588	88.172089	6780.431232	0.000048	4.2
115	-0.323956	89.171963	6718.894929	0.000095	4.2
116	-0.324302	89.602965	6692.712463	0.000074	4.4
117	-0.328686	89.955568	6671.443856	0.000097	4.3
118	-0.329687	89.944186	6672.128263	0.000135	5.7
119	-0.323086	89.944632	6672.101447	0.000053	4.8
120	-0.330059	89.933216	6672.788065	0.000056	4.6
121	-0.328017	89.934162	6672.731160	0.000091	5.6
122	-0.330268	90.934147	6613.119062	0.000039	4.6
123	-0.327181	91.930445	6554.776623	0.000036	4.2
124	-0.327361	91.932457	6554.659860	0.000081	3.8
125	-0.326440	91.920739	6555.340050	0.000073	3.7
126	-0.327910	92.920736	6497.797228	0.000059	4.4
127	-0.326411	93.919517	6441.323960	0.000090	3.8
128	-0.327648	93.907799	6441.980870	0.000102	4.0
129	-0.326942	94.907651	6386.410499	0.000077	3.9
130	-0.325846	95.907651	6331.782676	0.000108	4.4
131	-0.324463	96.896099	6278.696616	0.000100	4.9
132	-0.329674	97.896099	6225.888352	0.000071	4.1
133	-0.327491	98.738695	6182.077081	0.000071	4.7
134	-0.326986	99.738695	6130.874965	0.000122	3.8
135	-0.328088	100.738695	6080.514026	0.000073	4.2
136	-0.330156	101.738695	6030.973707	0.000065	4.0
137	-0.325507	101.736202	6031.096216	0.000102	9.8
138	-0.329328	102.736202	5982.354650	0.000114	24.7
139	-0.329378	103.736202	5934.394599	0.000091	10.6
140	-0.325266	104.734409	5887.281346	0.000131	4.0
141	-0.324947	105.734409	5840.827653	0.000104	3.6
142	-0.323903	105.722690	5841.367785	0.000153	4.1
143	-0.324983	106.722690	5795.633016	0.000061	4.1
144	-0.325300	106.710972	5796.164822	0.000068	3.6
145	-0.326585	107.707090	5751.305858	0.000110	3.6
146	-0.326024	107.739651	5749.851231	0.000141	3.9
147	-0.328876	108.739626	5705.533960	0.000082	3.5
148	-0.328384	108.727907	5706.049359	0.000221	4.0
149	-0.325962	109.727907	5662.401071	0.000088	3.5
150	-0.325604	110.727907	5619.415486	0.000135	4.0
151	-0.327450	110.716188	5619.915443	0.000105	3.4
152	-0.329520	111.716188	5577.570078	0.000132	3.7
153	-0.325700	112.716188	5535.858075	0.000072	4.0
154	-0.326039	113.629126	5498.318685	0.000112	3.9
155	-0.323423	114.629126	5457.779320	0.000061	3.6
156	-0.325758	114.617408	5458.250928	0.000126	3.5
157	-0.328789	115.617408	5418.298106	0.000039	3.8
158	-0.327563	116.569265	5380.808265	0.000069	3.6
159	-0.327919	116.990154	5364.396089	0.000076	3.6
160	-0.327688	116.978435	5364.851695	0.000104	3.8
161	-0.328746	117.978435	5326.249651	0.000067	4.0
162	-0.325058	118.975652	5288.304271	0.000044	3.9
163	-0.322390	118.964023	5288.743662	0.000063	4.0
164	-0.329477	119.901520	5253.554678	0.000040	3.6
165	-0.325487	120.769363	5221.394965	0.000096	3.6
166	-0.328642	121.758731	5185.208886	0.000064	3.6
167	-0.326264	122.758348	5149.153760	0.000097	3.7
168	-0.329376	122.747934	5149.526815	0.000085	3.4
169	-0.328865	123.497358	5122.819197	0.000116	3.4
170	-0.326746	124.472871	5088.466564	0.000163	3.9
171	-0.329577	125.472871	5053.726570	0.000115	3.6
172	-0.325166	126.472871	5019.457714	0.000112	3.3
173	-0.322867	126.461152	5019.856610	0.000101	3.3
174	-0.326301	127.461152	4986.044017	0.000073	3.7
175	-0.325883	128.461152	4952.683883	0.000104	3.5
176	-0.329195	129.461152	4919.767188	0.000077	3.5
177	-0.329096	130.461152	4887.285148	0.000081	3.3
178	-0.326135	131.461149	4855.229314	0.000050	4.7
179	-0.328358	131.449430	4855.602532	0.000090	3.7
180	-0.327603	131.437803	4855.972888	0.000064	3.7
181	-0.332665	131.683081	4848.172015	0.000154	3.6
182	-0.326662	132.683081	4816.625459	0.000069	3.5
183	-0.327410	132.671362	4816.992767	0.000180	3.6
184	-0.328302	133.671362	4785.849362	0.000194	3.7
185	-0.332891	134.671362	4755.106075	0.000092	3.9
186	-0.327060	134.659644	4755.464060	0.000105	3.5
187	-0.327507	135.501560	4729.881560	0.000081	3.7
188	-0.328870	135.489841	4730.235757	0.000082	3.1
189	-0.325100	135.478122	4730.590007	0.000116	3.5
190	-0.328439	136.478122	4700.550344	0.000047	3.5
191	-0.330378	136.477384	4700.572376	0.000070	3.4
192	-0.327669	136.467036	4700.881275	0.000050	3.5
193	-0.328043	136.471473	4700.748814	0.000117	3.4
194	-0.322400	136.460539	4701.075236	0.000089	3.6
195	-0.328773	137.460524	4671.408502	0.000047	3.9
196	-0.332366	137.448807	4671.753958	0.000099	4.4
197	-0.326861	137.583350	4667.790418	0.000048	4.0
198	-0.327659	138.583348	4638.540602	0.000077	3.6
199	-0.327339	139.186125	4621.085892	0.000093	4.0
