1:ItNr	2:Metric	3a:Time	3b:StepSize	4:||Gradient||	Time[ms]
0	-0.209487	0.000000	239607.257370	0.000306	33.4
1	-0.197555	0.000000	239607.257370	0.000580	4.8
2	-0.179494	1.000000	228716.018399	0.000574	5.1
3	-0.190596	2.000000	218771.843686	0.000573	5.1
4	-0.181228	3.000000	209656.350199	0.000610	4.8
5	-0.186795	4.000000	201270.096191	0.000626	5.4
6	-0.182844	5.000000	193528.938645	0.000652	5.1
7	-0.187285	6.000000	186361.200177	0.000640	4.6
8	-0.187455	7.000000	179705.443028	0.000651	5.1
9	-0.184478	8.000000	173508.703613	0.000631	5.2
10	-0.192463	9.000000	167725.080159	0.000659	4.8
11	-0.185487	10.000000	162314.593702	0.000647	5.1
12	-0.192043	11.000000	157242.262649	0.000624	5.5
13	-0.193440	12.000000	152477.345599	0.000627	5.1
14	-0.196968	13.000000	147992.717787	0.000584	5.1
15	-0.200800	14.000000	143764.354422	0.000604	5.0
16	-0.198890	15.000000	139770.900133	0.000645	5.2
17	-0.194814	16.000000	135993.308237	0.000620	4.7
18	-0.198835	17.000000	132414.536968	0.000584	4.9
19	-0.203193	18.000000	129019.292430	0.000552	5.1
20	-0.204333	19.000000	125793.810119	0.000536	9.4
21	-0.206321	20.000000	122725.668409	0.000605	4.7
22	-0.200395	21.000000	119803.628685	0.000588	5.3
23	-0.206343	22.000000	117017.497785	0.000555	4.7
24	-0.208100	23.000000	114358.009199	0.000574	5.0
25	-0.206693	24.000000	111816.720106	0.000543	5.5
26	-0.208415	25.000000	109385.921843	0.000507	5.2
27	-0.209293	26.000000	107058.561804	0.000486	4.3
28	-0.203277	27.000000	104828.175099	0.000464	5.4
29	-0.209516	28.000000	102688.824587	0.000437	4.9
30	-0.207615	29.000000	100635.048095	0.000442	4.5
31	-0.211751	30.000000	98661.811858	0.000492	4.6
32	-0.200523	31.000000	96764.469323	0.000468	4.8
33	-0.208191	32.000000	94938.724618	0.000416	4.8
34	-0.206593	33.000000	93180.600088	0.000396	4.6
35	-0.208846	34.000000	91486.407359	0.000381	4.6
36	-0.210749	35.000000	89852.721514	0.000398	4.9
37	-0.215576	36.000000	88276.357978	0.000385	4.6
38	-0.211810	37.000000	86754.351806	0.000339	4.3
39	-0.208561	38.000000	85283.939064	0.000325	5.0
40	-0.212324	39.000000	83862.540080	0.000316	4.4
41	-0.212196	40.000000	82487.744341	0.000279	4.4
42	-0.211272	41.000000	81157.296851	0.000254	4.8
43	-0.215747	42.000000	79869.085790	0.000248	4.4
44	-0.212188	43.000000	78621.131325	0.000262	4.2
45	-0.212602	44.000000	77411.575458	0.000300	5.2
46	-0.214274	45.000000	76238.672800	0.000304	4.2
47	-0.213034	46.000000	75100.782161	0.000319	4.7
48	-0.210533	47.000000	73996.358894	0.000275	4.6
49	-0.209543	48.000000	72923.947895	0.000235	4.4
50	-0.210638	49.000000	71882.177211	0.000235	5.6
51	-0.210579	50.000000	70869.752180	0.000244	5.5
52	-0.213784	51.000000	69885.450066	0.000325	5.2
53	-0.211242	52.000000	68928.115134	0.000318	6.4
54	-0.213936	53.000000	67996.654119	0.000258	5.5
55	-0.212667	54.000000	67090.032064	0.000226	5.5
56	-0.211455	55.000000	66207.268484	0.000232	4.9
57	-0.215909	56.000000	65347.433828	0.000242	4.2
58	-0.215294	57.000000	64509.646215	0.000265	4.6
59	-0.216076	58.000000	63693.068415	0.000257	4.3
60	-0.215826	59.000000	62896.905060	0.000239	3.9
61	-0.211152	60.000000	62120.400059	0.000218	4.7
62	-0.212165	61.000000	61362.834205	0.000225	4.8
63	-0.214684	62.000000	60623.522949	0.000224	5.7
64	-0.213369	63.000000	59901.814343	0.000234	4.5
65	-0.216576	64.000000	59197.087115	0.000242	4.6
66	-0.214665	65.000000	58508.748893	0.000215	5.0
67	-0.215720	66.000000	57836.234538	0.000226	4.6
68	-0.214442	67.000000	57179.004600	0.000250	4.8
69	-0.213105	68.000000	56536.543874	0.000238	5.1
70	-0.212327	69.000000	55908.360053	0.000235	7.5
71	-0.212345	70.000000	55293.982470	0.000213	5.3
72	-0.214672	71.000000	54692.960921	0.000203	5.2
73	-0.212200	72.000000	54104.864567	0.000221	4.6
74	-0.214444	73.000000	53529.280902	0.000233	4.8
75	-0.212521	74.000000	52965.814787	0.000240	4.9
76	-0.212634	75.000000	52414.087550	0.000220	5.4
77	-0.216994	76.000000	51873.736132	0.000191	5.1
78	-0.206994	77.000000	51344.412294	0.000220	5.8
79	-0.216064	78.000000	50825.781866	0.000224	6.3
80	-0.212021	79.000000	50317.524048	0.000232	5.0
81	-0.213796	80.000000	49819.330740	0.000239	5.3
82	-0.210483	81.000000	49330.905929	0.000237	5.4
83	-0.210056	82.000000	48851.965095	0.000245	5.8
84	-0.218999	83.000000	48382.234661	0.000221	5.9
85	-0.211528	84.000000	47921.451474	0.000207	5.4
86	-0.214750	85.000000	47469.362309	0.000200	5.5
87	-0.209691	86.000000	47025.723409	0.000212	5.0
88	-0.214050	87.000000	46590.300044	0.000222	4.4
89	-0.211467	88.000000	46162.866099	0.000209	5.4
90	-0.213345	89.000000	45743.203680	0.000221	4.8
91	-0.214325	90.000000	45331.102746	0.000213	5.2
92	-0.213493	91.000000	44926.360757	0.000206	4.7
93	-0.216426	92.000000	44528.782343	0.000215	4.7
94	-0.213263	93.000000	44138.178989	0.000218	5.2
95	-0.212476	94.000000	43754.368737	0.000202	4.9
96	-0.210685	95.000000	43377.175903	0.000193	4.4
97	-0.213292	96.000000	43006.430810	0.000192	5.4
98	-0.212172	97.000000	42641.969532	0.000191	4.3
99	-0.214580	96.854151	42694.740413	0.000197	3.9
100	-0.212096	97.854151	42335.520816	0.000206	4.5
101	-0.219530	98.854151	41982.295497	0.000243	4.4
102	-0.217177	99.854151	41634.915660	0.000235	4.9
103	-0.216705	100.854151	41293.237390	0.000215	4.5
104	-0.215208	101.854151	40957.121460	0.000210	4.1
105	-0.216164	102.854151	40626.433139	0.000199	4.0
106	-0.214545	103.854151	40301.042011	0.000208	5.0
107	-0.210233	104.854151	39980.821808	0.000207	4.5
108	-0.211460	105.854151	39665.650240	0.000251	4.0
109	-0.213491	106.854151	39355.408845	0.000211	4.6
110	-0.211257	107.854151	39049.982839	0.000212	4.1
111	-0.215116	108.854151	38749.260973	0.000206	3.8
112	-0.212648	109.854151	38453.135397	0.000233	4.8
113	-0.215236	110.854151	38161.501535	0.000193	3.9
114	-0.218074	111.854151	37874.257959	0.000239	3.9
115	-0.219433	112.854151	37591.306272	0.000203	4.4
116	-0.216017	113.854151	37312.550996	0.000226	3.8
117	-0.215250	114.854151	37037.899463	0.000220	4.1
118	-0.219334	115.854151	36767.261714	0.000195	4.3
119	-0.213705	116.854151	36500.550401	0.000209	4.0
120	-0.215605	117.854151	36237.680692	0.000209	4.1
121	-0.213904	118.854151	35978.570181	0.000228	4.3
122	-0.207726	119.854151	35723.138802	0.000206	6.9
123	-0.211294	120.854151	35471.308747	0.000216	3.9
124	-0.212958	121.854151	35223.004386	0.000213	4.3
125	-0.218202	122.854151	34978.152194	0.000219	3.9
126	-0.218008	123.854151	34736.680674	0.000210	3.9
127	-0.214168	124.854151	34498.520290	0.000208	4.3
128	-0.214452	125.854151	34263.603406	0.000233	4.2
129	-0.215050	126.854151	34031.864202	0.000204	4.0
130	-0.217494	127.854151	33803.238639	0.000199	4.1
131	-0.211452	128.854146	33577.665538	0.000196	4.4
132	-0.211937	129.854146	33355.081895	0.000212	4.0
133	-0.214129	130.854146	33135.429796	0.000210	3.9
134	-0.211361	131.854146	32918.651707	0.000221	4.8
135	-0.212815	132.854146	32704.691586	0.000249	4.1
136	-0.214771	133.854146	32493.494842	0.000241	4.0
137	-0.213759	134.854146	32285.008282	0.000215	4.7
138	-0.212412	135.854146	32079.180071	0.000197	4.1
139	-0.214443	135.724226	32105.772890	0.000213	3.9
140	-0.216088	136.724226	31902.216508	0.000207	4.6
141	-0.218231	137.724226	31701.225031	0.000190	4.0
142	-0.215346	138.049078	31636.476335	0.000233	3.9
143	-0.217554	139.049078	31438.808990	0.000199	4.6
144	-0.216767	140.049078	31243.596392	0.000194	4.1
145	-0.213267	141.049078	31050.793096	0.000219	4.0
146	-0.218291	142.049078	30860.354773	0.000219	4.3
147	-0.213123	143.049078	30672.238174	0.000200	4.1
148	-0.217226	144.049078	30486.401097	0.000203	4.1
149	-0.216429	145.046240	30303.320350	0.000192	4.4
150	-0.217110	146.046240	30121.913571	0.000192	5.1
151	-0.213894	147.046240	29942.665802	0.000202	4.6
152	-0.216803	148.046240	29765.538728	0.000234	6.0
153	-0.212459	149.046240	29590.494936	0.000198	4.5
154	-0.215099	150.046240	29417.497886	0.000220	3.9
155	-0.216270	151.029614	29249.338529	0.000200	4.6
156	-0.213510	152.029614	29080.296144	0.000210	4.4
157	-0.213855	153.029614	28913.196448	0.000181	4.4
158	-0.215267	154.029614	28748.006136	0.000210	4.8
159	-0.216233	155.029614	28584.692671	0.000208	4.2
160	-0.213760	156.029614	28423.224248	0.000209	4.4
161	-0.214839	157.029614	28263.569774	0.000188	5.0
162	-0.216818	158.029614	28105.698854	0.000212	6.0
163	-0.212011	159.029603	27949.583451	0.000196	5.1
164	-0.211479	160.029603	27795.191114	0.000205	4.2
165	-0.213936	161.029603	27642.495120	0.000197	4.2
166	-0.216765	162.029603	27491.467665	0.000191	4.3
167	-0.210474	163.029603	27342.081550	0.000204	4.2
168	-0.219280	164.029603	27194.310160	0.000208	4.0
169	-0.212005	165.029603	27048.127457	0.000209	4.0
170	-0.222325	166.029603	26903.507958	0.000204	4.3
171	-0.215637	167.029603	26760.426722	0.000200	4.2
172	-0.211909	168.029603	26618.859337	0.000193	4.0
173	-0.215407	169.029603	26478.781902	0.000203	4.4
174	-0.215503	168.912673	26495.084922	0.000218	4.1
175	-0.212085	169.912673	26356.303748	0.000210	4.0
176	-0.213081	170.912673	26218.968883	0.000183	4.3
177	-0.212364	171.912673	26083.057808	0.000201	4.2
178	-0.214082	172.912673	25948.548508	0.000191	7.2
179	-0.212599	173.912673	25815.419411	0.000194	5.0
180	-0.211850	174.912673	25683.649378	0.000194	4.3
181	-0.214435	175.912673	25553.217705	0.000200	4.8
182	-0.212154	176.912673	25424.104131	0.000196	4.6
183	-0.218577	177.912673	25296.288725	0.000185	4.7
184	-0.216970	178.912673	25169.752031	0.000204	4.6
185	-0.215347	179.905929	25045.315637	0.000182	4.1
186	-0.214504	180.905929	24921.271159	0.000202	4.2
187	-0.213634	181.905929	24798.449360	0.000202	4.6
188	-0.211216	182.905929	24676.832252	0.000214	4.2
189	-0.213695	183.905929	24556.402197	0.000208	4.0
190	-0.212884	183.785096	24570.891631	0.000199	4.2
191	-0.214200	184.785096	24451.490897	0.000206	4.2
192	-0.210768	185.785096	24333.244992	0.000181	3.9
193	-0.212104	186.785096	24216.137242	0.000229	4.5
194	-0.212957	187.785096	24100.151294	0.000183	4.1
195	-0.216006	188.785096	23985.271106	0.000197	4.3
196	-0.216060	189.785096	23871.480940	0.000194	4.6
197	-0.213418	190.785096	23758.765356	0.000167	4.1
198	-0.208516	191.785096	23647.109202	0.000200	4.0
199	-0.211572	192.785096	23536.497613	0.000215	4.5
