1:ItNr	2:Metric	3a:Time	3b:StepSize	4:||Gradient||	Time[ms]
0	-0.230904	0.000000	63086.462639	0.000164	33.4
1	-0.235812	0.000000	63086.462639	0.000338	4.5
2	-0.222173	1.000000	60218.896155	0.001009	3.9
3	-0.179703	2.000000	57600.683279	0.001326	4.1
4	-0.195950	3.000000	55200.654809	0.001488	3.4
5	-0.170103	4.000000	52992.628617	0.001315	4.4
6	-0.213707	5.000000	50954.450593	0.001629	4.4
7	-0.155078	6.000000	49067.248719	0.001087	4.0
8	-0.232614	7.000000	47314.846979	0.001023	4.8
9	-0.186026	6.974436	47358.085030	0.001539	3.8
10	-0.187618	7.974436	45723.606790	0.001636	4.2
11	-0.185602	8.974436	44198.186699	0.001492	3.9
12	-0.202094	9.974436	42771.262031	0.001653	4.0
13	-0.176859	10.974436	41433.591458	0.001423	4.3
14	-0.218838	11.974436	40177.054681	0.001409	4.5
15	-0.183481	12.974436	38994.487448	0.001596	3.6
16	-0.214472	13.974436	37879.544879	0.001715	5.0
17	-0.179688	14.974436	36826.587580	0.001492	4.5
18	-0.223766	15.974436	35830.586244	0.001213	3.7
19	-0.195369	16.974436	34887.041321	0.001614	5.0
20	-0.206234	17.974436	33991.915054	0.001720	4.7
21	-0.197760	18.974436	33141.573723	0.001639	3.9
22	-0.213016	19.974436	32332.738337	0.001620	4.4
23	-0.196739	20.974436	31562.442379	0.001615	4.1
24	-0.213461	21.974436	30827.995453	0.001514	4.3
25	-0.204247	22.974436	30126.951885	0.001652	3.7
26	-0.212052	23.974436	29457.083519	0.001595	3.9
27	-0.209347	24.974436	28816.356060	0.001642	3.9
28	-0.208979	25.974436	28202.908437	0.001644	4.1
29	-0.210238	26.974436	27615.034752	0.001600	4.1
30	-0.214492	27.974436	27051.168437	0.001620	4.5
31	-0.211937	28.974436	26509.868311	0.001595	4.2
32	-0.218166	29.974436	25989.806287	0.001614	4.2
33	-0.210909	30.974436	25489.756487	0.001595	4.5
34	-0.218647	31.974436	25008.585597	0.001557	3.6
35	-0.212486	32.974436	24545.244292	0.001515	4.8
36	-0.219616	33.974436	24098.759596	0.001511	4.2
37	-0.217829	34.974436	23668.228065	0.001685	4.4
38	-0.215951	35.974436	23252.809682	0.001647	4.2
39	-0.216701	36.974436	22851.722387	0.001580	4.2
40	-0.218729	37.974436	22464.237165	0.001496	4.3
41	-0.219636	38.974436	22089.673623	0.001504	4.3
42	-0.215408	39.974436	21727.396002	0.001525	4.6
43	-0.216948	40.974436	21376.809575	0.001444	4.2
44	-0.220889	41.974436	21037.357395	0.001423	4.0
45	-0.224070	42.974436	20708.517335	0.001415	4.6
46	-0.223692	43.974436	20389.799410	0.001404	4.2
47	-0.224767	44.974436	20080.743348	0.001393	5.7
48	-0.223112	45.974436	19780.916360	0.001242	5.3
49	-0.226732	46.974436	19489.911131	0.001229	5.0
50	-0.226438	47.974436	19207.343961	0.001263	4.0
51	-0.226538	48.974436	18932.853089	0.001143	4.4
52	-0.229590	49.974436	18666.097139	0.001183	4.8
53	-0.225101	50.974436	18406.753708	0.001207	4.6
54	-0.228027	51.974436	18154.518066	0.001142	9.5
55	-0.232034	52.974436	17909.101959	0.001019	5.3
56	-0.231839	53.974436	17670.232513	0.000949	4.6
57	-0.225993	54.974436	17437.651221	0.000873	4.1
58	-0.228801	55.974436	17211.113007	0.000826	4.3
59	-0.228766	56.974436	16990.385370	0.000907	4.6
60	-0.228646	57.974436	16775.247583	0.000830	4.0
61	-0.233145	58.974436	16565.489960	0.000712	4.0
62	-0.230829	59.974436	16360.913172	0.000541	4.5
63	-0.231990	60.974436	16161.327619	0.000431	4.1
64	-0.228915	61.974436	15966.552837	0.000406	4.1
65	-0.235197	62.974436	15776.416962	0.000385	4.9
66	-0.235423	63.974436	15590.756219	0.000451	4.5
67	-0.235100	64.974436	15409.414451	0.000398	4.1
68	-0.236356	65.974436	15232.242684	0.000337	4.4
69	-0.237600	66.974436	15059.098719	0.000270	4.0
70	-0.235723	67.974436	14889.846747	0.000172	5.2
71	-0.233938	68.974436	14724.356999	0.000162	5.1
72	-0.232067	69.974436	14562.505410	0.000150	4.4
73	-0.238115	70.974436	14404.173312	0.000153	4.7
74	-0.233633	71.974436	14249.247142	0.000120	5.0
75	-0.237993	72.864429	14114.140191	0.000127	4.4
76	-0.235128	73.864420	13965.359297	0.000159	4.0
77	-0.230012	74.864420	13819.681065	0.000219	4.8
78	-0.238974	75.864420	13677.010712	0.000189	4.6
79	-0.232838	76.864420	13537.256032	0.000169	5.1
80	-0.235657	77.860249	13400.894044	0.000156	4.8
81	-0.231814	78.860249	13266.697562	0.000185	4.3
82	-0.235890	79.860249	13135.162118	0.000180	4.9
83	-0.232347	80.860249	13006.209339	0.000203	3.9
84	-0.235673	81.860249	12879.763900	0.000178	4.3
85	-0.235770	82.860249	12755.753375	0.000096	4.2
86	-0.233606	83.860137	12634.121514	0.000137	3.9
87	-0.239924	83.976821	12620.078429	0.000167	4.2
88	-0.236541	84.976821	12500.995045	0.000155	4.1
89	-0.237785	85.976821	12384.138002	0.000129	4.2
90	-0.233065	85.951268	12387.096812	0.000124	3.9
91	-0.231769	86.951268	12272.349698	0.000146	4.8
92	-0.236691	86.925704	12275.256616	0.000133	4.2
93	-0.234322	87.925704	12162.562769	0.000149	4.2
94	-0.231944	87.900173	12165.414262	0.000218	4.0
95	-0.234297	87.880404	12167.623081	0.000282	4.0
96	-0.238094	88.880404	12056.887930	0.000204	4.2
97	-0.233520	89.880404	11948.150160	0.000148	4.1
98	-0.236545	90.880404	11841.356211	0.000122	4.7
99	-0.236312	90.854840	11844.062486	0.000107	3.8
100	-0.233467	91.854743	11739.123022	0.000104	4.2
101	-0.232440	91.829179	11741.782780	0.000107	4.3
102	-0.232764	92.707797	11651.054318	0.000129	3.9
103	-0.232773	93.707778	11549.484596	0.000131	4.6
104	-0.234380	94.707772	11449.669175	0.000163	4.1
105	-0.238020	95.701655	11352.158760	0.000097	4.3
106	-0.232682	96.683012	11257.493246	0.000132	4.6
107	-0.231503	96.679111	11257.866406	0.000130	4.2
108	-0.230257	97.677726	11163.137014	0.000169	4.0
109	-0.233817	98.677726	11069.860367	0.000195	4.1
110	-0.238901	99.677726	10978.129600	0.000133	4.1
111	-0.236946	100.677726	10887.906599	0.000111	4.3
112	-0.236453	101.673672	10799.511347	0.000121	6.7
113	-0.235874	102.673668	10712.189111	0.000150	4.9
114	-0.232451	103.673668	10626.267288	0.000118	4.6
115	-0.234320	104.673668	10541.712845	0.000131	3.7
116	-0.235484	105.364266	10484.100875	0.000187	4.5
117	-0.240001	106.364266	10401.785001	0.000230	4.3
118	-0.236484	107.364266	10320.751663	0.000138	4.2
119	-0.234884	108.364266	10240.971118	0.000210	4.2
120	-0.235828	109.364266	10162.414537	0.000203	3.8
121	-0.235840	110.364266	10085.053967	0.000155	3.7
122	-0.237877	111.364266	10008.862301	0.000191	3.9
123	-0.231260	112.364266	9933.813245	0.000109	4.3
124	-0.236682	113.364266	9859.881287	0.000104	4.0
125	-0.230741	113.500692	9849.880278	0.000173	3.4
126	-0.240194	113.475152	9851.751022	0.000189	4.3
127	-0.237546	114.475152	9779.031037	0.000244	3.9
128	-0.233372	115.475152	9707.376740	0.000143	3.8
129	-0.232914	116.475152	9636.764876	0.000154	4.1
130	-0.231540	116.449646	9638.553140	0.000141	4.1
131	-0.234601	117.449646	9568.935387	0.000184	4.3
132	-0.237103	117.424082	9570.702570	0.000142	3.7
133	-0.235671	118.424082	9502.058025	0.000215	4.3
134	-0.232709	118.425974	9501.929061	0.000148	3.9
135	-0.236874	119.425974	9434.264021	0.000154	4.9
136	-0.232717	119.412894	9435.142843	0.000167	3.7
137	-0.233475	120.412894	9368.422316	0.000137	4.5
138	-0.234914	121.174023	9318.268495	0.000148	5.9
139	-0.232229	121.148462	9319.944071	0.000137	5.4
140	-0.235732	122.148462	9254.837230	0.000148	5.4
141	-0.237330	123.148461	9190.633768	0.000169	5.5
142	-0.238308	124.148461	9127.314917	0.000104	5.1
143	-0.231588	125.148461	9064.862567	0.000137	4.6
144	-0.234059	125.122897	9066.448456	0.000132	4.4
145	-0.237500	126.122897	9004.823459	0.000116	4.2
146	-0.236126	127.122897	8944.030539	0.000109	3.9
147	-0.232800	128.122794	8884.059126	0.000151	4.6
148	-0.236471	128.248002	8876.606062	0.000135	4.0
149	-0.239040	129.248002	8817.526368	0.000176	3.8
150	-0.239196	130.248002	8759.227903	0.000175	3.9
151	-0.234968	131.248000	8701.695337	0.000121	3.6
152	-0.235603	132.248000	8644.913550	0.000103	3.8
153	-0.234133	132.222449	8646.355189	0.000192	3.8
154	-0.234064	133.222266	8590.301220	0.000150	4.0
155	-0.239897	133.197010	8591.708211	0.000121	3.9
156	-0.234401	134.197010	8536.348200	0.000141	3.3
157	-0.236851	134.921663	8496.675102	0.000163	3.9
158	-0.235693	134.896099	8498.068397	0.000185	3.4
159	-0.237372	135.896099	8443.904728	0.000169	3.6
160	-0.237147	136.896099	8390.427126	0.000185	3.6
161	-0.236391	137.896099	8337.622639	0.000127	4.1
162	-0.236431	138.896096	8285.478836	0.000136	3.7
163	-0.237302	139.885875	8234.506091	0.000177	3.8
164	-0.235548	140.885875	8183.639973	0.000092	4.2
165	-0.234883	141.147302	8170.445628	0.000139	4.0
166	-0.233032	141.121745	8171.733625	0.000145	3.5
167	-0.234411	142.121745	8121.637706	0.000143	4.3
168	-0.236548	142.418789	8106.875133	0.000148	3.8
169	-0.236425	143.418789	8057.568888	0.000232	4.1
170	-0.231107	144.418788	8008.858775	0.000156	5.2
171	-0.230655	145.418788	7960.734048	0.000119	4.1
172	-0.238341	145.393511	7961.943372	0.000165	3.9
173	-0.234346	146.390380	7914.527180	0.000201	3.5
174	-0.234481	147.390380	7867.526115	0.000128	4.1
175	-0.235348	148.390380	7821.079994	0.000173	3.7
176	-0.238241	148.365519	7822.228047	0.000141	3.9
177	-0.235007	149.365519	7776.313662	0.000125	4.2
178	-0.237343	149.340394	7777.460657	0.000105	3.8
179	-0.232575	149.317477	7778.507147	0.000100	3.7
180	-0.237708	149.457054	7772.137837	0.000107	3.7
181	-0.236281	150.456990	7726.810758	0.000143	3.7
182	-0.236091	151.456990	7682.006482	0.000106	3.8
183	-0.238614	152.437434	7638.580023	0.000114	3.4
184	-0.239056	152.862475	7619.905995	0.000144	4.3
185	-0.237232	152.859756	7620.025149	0.000224	3.3
186	-0.234289	153.859756	7576.447225	0.000111	3.8
187	-0.232929	154.859756	7533.364901	0.000152	3.3
188	-0.233316	155.857821	7490.851738	0.000159	4.0
189	-0.232731	156.857821	7448.734661	0.000113	3.8
190	-0.230868	157.857796	7407.089553	0.000213	3.8
191	-0.234717	158.857796	7365.906520	0.000196	4.2
192	-0.237867	159.857796	7325.178906	0.000161	3.6
193	-0.235361	160.857796	7284.899198	0.000110	3.9
194	-0.235295	161.857789	7245.060331	0.000146	3.8
195	-0.235473	161.832366	7246.067786	0.000107	3.7
196	-0.239076	162.832365	7206.651089	0.000122	3.0
197	-0.237695	162.807322	7207.632981	0.000152	3.7
198	-0.235492	163.806988	7168.645122	0.000235	3.5
199	-0.234291	164.806988	7130.063984	0.000170	3.9
