1:ItNr	2:Metric	3a:Time	3b:StepSize	4:||Gradient||	Time[ms]
0	-0.886752	0.000000	106154.807197	0.000399	74.8
1	-0.885806	0.000000	106154.807197	0.000204	4.0
2	-0.892160	1.000000	101329.588688	0.000107	4.1
3	-0.898135	2.000000	96923.954410	0.000103	4.0
4	-0.897928	1.989115	96969.848433	0.000110	4.2
5	-0.897813	1.978229	97015.785939	0.000101	3.9
6	-0.899075	1.967344	97061.766990	0.000136	4.4
7	-0.896857	1.956458	97107.791647	0.000185	3.9
8	-0.900453	2.956458	93054.279596	0.000137	4.1
9	-0.898570	3.956458	89325.614287	0.000091	3.5
10	-0.900313	3.945573	89364.593206	0.000118	4.2
11	-0.898795	3.934687	89403.606157	0.000179	4.1
12	-0.903398	4.934687	85956.346293	0.000166	4.0
13	-0.902521	5.934687	82765.058206	0.000210	3.9
14	-0.907349	6.934687	79802.252225	0.000188	6.1
15	-0.909182	7.934687	77044.238919	0.000166	4.0
16	-0.908836	8.934687	74470.494336	0.000169	4.3
17	-0.908653	9.934687	72063.148371	0.000169	4.2
18	-0.908640	10.934687	69806.569248	0.000200	3.8
19	-0.904945	11.934687	67687.023709	0.000236	4.2
20	-0.904641	12.934687	65692.397286	0.000166	4.4
21	-0.909190	13.934687	63811.962605	0.000117	4.1
22	-0.913243	13.923802	63831.852287	0.000108	4.0
23	-0.911083	13.912916	63851.754372	0.000120	3.9
24	-0.911443	13.902031	63871.668871	0.000163	4.0
25	-0.912205	14.883817	62124.131769	0.000137	3.7
26	-0.911179	15.883817	60439.812269	0.000119	4.3
27	-0.911037	15.872931	60457.655056	0.000115	3.8
28	-0.910186	15.862046	60475.508381	0.000134	3.9
29	-0.912094	15.851160	60493.372254	0.000105	4.3
30	-0.912507	15.840275	60511.246683	0.000091	4.1
31	-0.911109	15.829389	60529.131679	0.000113	3.7
32	-0.924039	15.818504	60547.027250	0.000118	3.8
33	-0.916592	15.807618	60564.933406	0.000136	4.1
34	-0.917705	15.796733	60582.850156	0.000120	3.9
35	-0.914811	16.796733	58979.990778	0.000097	3.7
36	-0.913675	16.785847	58996.981929	0.000107	4.4
37	-0.919944	16.774962	59013.982872	0.000099	4.0
38	-0.916074	16.764076	59030.993616	0.000099	4.0
39	-0.923247	16.753191	59048.014169	0.000111	4.5
40	-0.919465	16.742305	59065.044541	0.000114	3.5
41	-0.921602	16.731420	59082.084739	0.000115	4.1
42	-0.924357	16.720534	59099.134772	0.000102	4.0
43	-0.920178	16.709649	59116.194648	0.000105	4.4
44	-0.922416	16.698764	59133.264377	0.000108	5.0
45	-0.921914	16.687878	59150.343966	0.000108	4.9
46	-0.920038	16.676993	59167.433424	0.000086	4.8
47	-0.920587	16.666107	59184.532760	0.000092	4.1
48	-0.925804	16.655222	59201.641982	0.000085	4.6
49	-0.926368	16.644336	59218.761099	0.000088	3.8
50	-0.921767	16.633451	59235.890120	0.000112	3.9
51	-0.920814	16.622565	59253.029052	0.000126	4.0
52	-0.929375	16.611680	59270.177904	0.000087	4.0
53	-0.925378	16.600794	59287.336686	0.000090	3.9
54	-0.925375	16.589909	59304.505406	0.000089	3.7
55	-0.922810	16.579023	59321.684072	0.000080	4.4
56	-0.928532	16.568138	59338.872694	0.000087	4.0
57	-0.926835	16.557252	59356.071280	0.000114	4.0
58	-0.925447	16.546367	59373.279838	0.000099	4.3
59	-0.925745	16.535481	59390.498377	0.000081	3.9
60	-0.923864	16.524596	59407.726905	0.000095	3.5
61	-0.926853	16.513711	59424.965433	0.000107	4.1
62	-0.928174	16.502825	59442.213968	0.000077	3.8
63	-0.933497	16.491940	59459.472518	0.000108	4.0
64	-0.926926	16.481054	59476.741093	0.000082	4.0
65	-0.930920	16.470169	59494.019702	0.000089	4.1
66	-0.932916	16.459283	59511.308353	0.000101	3.9
67	-0.928845	16.448398	59528.607054	0.000082	4.0
68	-0.925668	16.437512	59545.915816	0.000078	3.9
69	-0.928659	16.426627	59563.234645	0.000078	3.8
70	-0.932505	16.415741	59580.563553	0.000075	3.9
71	-0.929890	16.404856	59597.902546	0.000082	4.1
72	-0.934777	16.393970	59615.251633	0.000087	3.9
73	-0.932222	16.383085	59632.610825	0.000076	6.1
74	-0.933194	16.372199	59649.980129	0.000082	4.2
75	-0.929612	16.361314	59667.359554	0.000081	3.9
76	-0.929536	16.350428	59684.749110	0.000095	3.8
77	-0.938884	16.339543	59702.148805	0.000081	4.4
78	-0.928791	16.328658	59719.558647	0.000083	3.8
79	-0.935395	16.317772	59736.978646	0.000091	3.8
80	-0.934510	16.306887	59754.408811	0.000077	4.1
81	-0.935571	16.296001	59771.849151	0.000087	3.9
82	-0.930872	16.285116	59789.299674	0.000076	4.4
83	-0.937287	16.274230	59806.760389	0.000092	4.2
84	-0.934516	16.263345	59824.231306	0.000088	3.9
85	-0.938233	16.252459	59841.712433	0.000090	4.0
86	-0.939756	16.241574	59859.203780	0.000078	3.9
87	-0.931986	16.230688	59876.705354	0.000074	4.2
88	-0.932308	16.219803	59894.217166	0.000069	3.8
89	-0.935215	16.208917	59911.739224	0.000074	3.9
90	-0.939250	16.198032	59929.271537	0.000071	4.3
91	-0.941912	16.187146	59946.814114	0.000081	3.8
92	-0.935797	16.176261	59964.366964	0.000067	3.9
93	-0.938096	16.165375	59981.930097	0.000083	4.1
94	-0.936932	16.154490	59999.503521	0.000068	3.9
95	-0.940529	16.143604	60017.087245	0.000072	4.0
96	-0.933889	16.132719	60034.681278	0.000080	3.7
97	-0.934578	16.121834	60052.285630	0.000068	4.1
98	-0.937685	16.110948	60069.900310	0.000069	3.8
99	-0.940870	16.100063	60087.525326	0.000077	3.9
100	-0.938558	16.089177	60105.160687	0.000092	4.1
101	-0.935955	16.078292	60122.806404	0.000067	3.5
102	-0.940220	16.067406	60140.462484	0.000082	3.8
103	-0.945381	16.056521	60158.128938	0.000066	3.9
104	-0.942673	16.045635	60175.805773	0.000090	3.9
105	-0.943437	16.034750	60193.493000	0.000127	3.8
106	-0.942890	17.034750	58610.900940	0.000077	3.9
107	-0.939517	17.023864	58627.680069	0.000063	4.4
108	-0.942263	17.012979	58644.468807	0.000105	3.8
109	-0.938559	17.002093	58661.267163	0.000072	4.1
110	-0.942062	17.020310	58633.161369	0.000101	4.2
111	-0.942599	17.009424	58649.953247	0.000088	3.9
112	-0.939946	18.009424	57146.471602	0.000061	3.8
113	-0.940880	17.998539	57162.422617	0.000057	4.1
114	-0.941972	17.987653	57178.382540	0.000063	4.2
115	-0.941439	17.976768	57194.351377	0.000067	3.9
116	-0.938159	17.965882	57210.329137	0.000075	4.9
117	-0.940024	17.954997	57226.315826	0.000062	4.5
118	-0.942078	17.944111	57242.311451	0.000076	4.3
119	-0.945161	17.933226	57258.316022	0.000070	4.1
120	-0.938587	17.922340	57274.329545	0.000064	4.2
121	-0.943471	17.911455	57290.352027	0.000063	4.2
122	-0.947427	17.900569	57306.383476	0.000060	4.7
123	-0.941655	17.889684	57322.423900	0.000056	4.8
124	-0.950948	17.878799	57338.473306	0.000071	4.9
125	-0.951187	17.867913	57354.531701	0.000079	4.9
126	-0.944317	17.857028	57370.599094	0.000069	4.1
127	-0.945819	17.846142	57386.675492	0.000071	4.1
128	-0.951147	17.835257	57402.760902	0.000061	4.7
129	-0.948495	17.824371	57418.855332	0.000063	4.5
130	-0.944030	17.813486	57434.958789	0.000089	4.0
131	-0.943019	17.802601	57451.070834	0.000069	5.2
132	-0.941936	18.784099	56033.716993	0.000086	4.1
133	-0.944524	18.773214	56049.052778	0.000080	5.4
134	-0.942465	19.155957	55514.825800	0.000065	4.2
135	-0.942808	19.145071	55529.878832	0.000067	4.0
136	-0.944244	19.134186	55544.940030	0.000055	3.7
137	-0.946511	19.123300	55560.009401	0.000052	4.1
138	-0.948953	19.112415	55575.086950	0.000080	4.3
139	-0.945114	19.101530	55590.172684	0.000089	4.6
140	-0.948278	20.101530	54237.664071	0.000052	5.0
141	-0.943139	20.090644	54252.032368	0.000055	3.9
142	-0.946525	20.079759	54266.408279	0.000058	4.3
143	-0.945906	20.068873	54280.791811	0.000093	5.1
144	-0.945319	20.057988	54295.182970	0.000064	5.7
145	-0.946674	20.047102	54309.581762	0.000073	5.9
146	-0.948462	20.036217	54323.988192	0.000058	4.5
147	-0.947662	20.025331	54338.402268	0.000062	4.0
148	-0.947601	20.014446	54352.823995	0.000050	4.7
149	-0.949857	20.003560	54367.253379	0.000050	3.8
150	-0.949549	19.992675	54381.690427	0.000047	4.6
151	-0.950831	19.981789	54396.135144	0.000054	4.1
152	-0.949848	19.970904	54410.587536	0.000060	5.0
153	-0.946278	19.960018	54425.047611	0.000047	3.9
154	-0.944758	19.949133	54439.515373	0.000046	4.3
155	-0.947030	19.938247	54453.990829	0.000046	3.9
156	-0.949264	19.927362	54468.473985	0.000067	3.6
157	-0.946646	19.916477	54482.964847	0.000102	3.8
158	-0.952491	20.916477	53183.166549	0.000067	4.4
159	-0.951939	21.916477	51943.941643	0.000062	5.1
160	-0.948613	22.674264	51042.667566	0.000061	4.7
161	-0.944674	22.663379	51055.392727	0.000100	4.9
162	-0.950804	23.663379	49912.277402	0.000045	4.4
163	-0.950491	23.652493	49924.445114	0.000065	3.7
164	-0.948108	23.641608	49936.618760	0.000077	5.0
165	-0.950915	24.641608	48842.515789	0.000072	4.4
166	-0.947955	25.641608	47795.328137	0.000060	4.5
167	-0.950799	26.641608	46792.101539	0.000057	5.6
168	-0.951887	26.771269	46665.098093	0.000057	4.2
169	-0.950692	26.869976	46568.875744	0.000076	4.9
170	-0.946850	27.869972	45615.964947	0.000089	4.3
171	-0.949722	28.869972	44701.266929	0.000051	3.9
172	-0.949930	28.859087	44711.026321	0.000044	4.4
173	-0.950376	28.848202	44720.789975	0.000049	4.9
174	-0.949365	28.837316	44730.557895	0.000058	4.2
175	-0.950263	28.826431	44740.330046	0.000057	4.3
176	-0.950210	29.613699	44044.418567	0.000042	4.0
177	-0.948792	29.602814	44053.893223	0.000043	4.1
178	-0.948591	29.591928	44063.371957	0.000040	4.5
179	-0.949193	29.581043	44072.854770	0.000038	4.2
180	-0.953590	29.570157	44082.341666	0.000041	4.0
181	-0.952881	29.559272	44091.832646	0.000045	3.8
182	-0.952935	29.548386	44101.327715	0.000054	3.8
183	-0.948542	29.537501	44110.826874	0.000076	3.6
184	-0.952669	30.537501	43254.929205	0.000042	3.7
185	-0.939586	30.532210	43259.370099	0.000085	3.9
186	-0.949214	30.521325	43268.509978	0.000060	3.7
187	-0.948263	31.521324	42444.683175	0.000051	3.7
188	-0.951822	32.440539	41714.604832	0.000051	3.7
189	-0.952312	32.429653	41723.103542	0.000050	3.9
190	-0.955722	32.418768	41731.605716	0.000043	5.0
191	-0.955925	32.407882	41740.111356	0.000058	4.8
192	-0.949853	32.396997	41748.620464	0.000048	3.9
193	-0.950253	32.386111	41757.133041	0.000054	4.0
194	-0.952412	32.375226	41765.649091	0.000053	3.7
195	-0.951636	33.341448	41023.031823	0.000055	4.1
196	-0.948117	34.340866	40282.184287	0.000051	3.7
197	-0.951945	35.340746	39567.295874	0.000064	3.8
198	-0.953122	36.340742	38877.260068	0.000044	3.8
199	-0.957197	36.330211	38884.401935	0.000052	3.9
