1:ItNr	2:Metric	3a:Time	3b:StepSize	4:||Gradient||	Time[ms]
0	-0.093183	0.000000	9236.605113	0.000587	78.4
1	-0.096969	0.000000	9236.605113	0.000297	0.9
2	-0.099148	0.000000	9236.605113	0.000071	0.8
3	-0.096837	0.997178	8817.890471	0.000286	0.9
4	-0.094781	1.698255	8545.533964	0.000367	0.8
5	-0.093613	2.698255	8184.936357	0.000185	2.6
6	-0.092629	2.630438	8208.426230	0.000357	2.8
7	-0.091003	3.628625	7875.742372	0.000323	0.7
8	-0.093664	4.628625	7568.439803	0.000392	0.7
9	-0.096099	5.628625	7284.217853	0.000234	0.7
10	-0.093455	6.628625	7020.570357	0.000149	0.7
11	-0.093020	7.628625	6775.341315	0.000183	0.7
12	-0.092929	8.628621	6546.666710	0.000221	0.7
13	-0.093914	8.560804	6561.685737	0.000174	0.6
14	-0.095236	9.560803	6346.976794	0.000088	0.8
15	-0.094811	9.510658	6357.408136	0.000140	0.8
16	-0.096081	9.442870	6371.564456	0.000208	0.8
17	-0.094337	10.442869	6168.925176	0.000251	0.8
18	-0.094982	10.558232	6146.374336	0.000298	0.8
19	-0.095680	11.558232	5957.593375	0.000142	0.7
20	-0.095151	12.552326	5781.080802	0.000242	0.8
21	-0.090163	13.239698	5665.023885	0.000198	0.8
22	-0.096244	14.239686	5504.268927	0.000143	0.9
23	-0.099337	14.202146	5510.138767	0.000194	0.8
24	-0.095933	15.201920	5357.967362	0.000146	0.8
25	-0.096691	16.201861	5213.951734	0.000087	0.7
26	-0.095487	16.134504	5223.409108	0.000116	0.8
27	-0.093440	16.067957	5232.786604	0.000283	0.7
28	-0.097378	16.000375	5242.344412	0.000237	0.7
29	-0.093452	17.000375	5104.389340	0.000098	0.8
30	-0.086889	16.975193	5107.774059	0.000152	0.8
31	-0.095299	16.907455	5116.901381	0.000100	0.8
32	-0.096014	16.935197	5113.159357	0.000216	0.7
33	-0.096138	16.915888	5115.763245	0.000353	0.7
34	-0.098798	17.915888	4984.306314	0.000273	0.9
35	-0.092243	18.915888	4859.436080	0.000293	0.8
36	-0.096975	19.915888	4740.669598	0.000049	0.8
37	-0.098298	19.848092	4748.537739	0.000236	0.8
38	-0.095837	20.795928	4640.851800	0.000334	0.7
39	-0.096189	21.795928	4532.410366	0.000071	0.8
40	-0.095646	22.765853	4431.964561	0.000029	0.8
41	-0.092897	22.727136	4435.888690	0.000255	0.8
42	-0.093664	22.976479	4410.737572	0.000106	0.7
43	-0.094690	23.976478	4312.669994	0.000096	0.7
44	-0.093175	23.934716	4316.678197	0.000162	0.8
45	-0.097691	24.240490	4287.502383	0.000116	0.8
46	-0.100110	25.113718	4206.312470	0.000172	0.9
47	-0.101370	25.050407	4212.095372	0.000359	0.8
48	-0.095549	26.050407	4122.572334	0.000402	0.8
49	-0.093704	27.050407	4036.775510	0.000291	0.8
50	-0.098791	28.050407	3954.476999	0.000201	0.7
51	-0.098136	29.050405	3875.467257	0.000184	0.7
52	-0.101599	30.050387	3799.554119	0.000258	0.8
53	-0.096153	31.050387	3726.556503	0.000118	0.8
54	-0.095939	32.050387	3656.310900	0.000127	0.8
55	-0.100907	31.982827	3660.973155	0.000217	1.0
56	-0.095541	31.915021	3665.664401	0.000187	0.9
57	-0.093333	31.847204	3670.368414	0.000124	0.8
58	-0.098391	32.792759	3605.851614	0.000126	0.8
59	-0.095073	32.725095	3610.392999	0.000173	0.8
60	-0.098116	32.657291	3614.955304	0.000144	0.7
61	-0.093657	32.589479	3619.529659	0.000271	0.8
62	-0.095480	33.589478	3553.225183	0.000265	0.7
63	-0.092137	34.589478	3489.306159	0.000110	0.8
64	-0.096140	34.521663	3493.568068	0.000103	0.8
65	-0.099561	35.427237	3437.501429	0.000155	0.7
66	-0.094714	36.278479	3386.415117	0.000194	0.8
67	-0.099538	37.278479	3328.307646	0.000095	0.7
68	-0.094669	38.229197	3274.883268	0.000209	0.7
69	-0.099866	38.189909	3277.057013	0.000051	0.9
70	-0.093520	38.716960	3248.134330	0.000303	0.7
71	-0.095905	38.650045	3251.778042	0.000338	0.8
72	-0.091139	39.650045	3198.162615	0.000188	0.8
73	-0.092572	40.650045	3146.286536	0.000139	0.8
74	-0.097609	40.605773	3148.547598	0.000198	0.8
75	-0.099039	40.538612	3151.983809	0.000215	0.8
76	-0.097678	41.538612	3101.583206	0.000168	0.8
77	-0.097952	42.538590	3052.770099	0.000231	0.8
78	-0.094690	43.538590	3005.468630	0.000271	0.8
79	-0.097359	43.470773	3008.630086	0.000248	0.8
80	-0.098649	43.402956	3011.798200	0.000346	0.7
81	-0.096171	44.402956	2965.748322	0.000185	0.8
82	-0.098833	45.402956	2921.085426	0.000151	0.8
83	-0.095106	45.349810	2923.425192	0.000088	0.8
84	-0.092773	46.348452	2880.076712	0.000220	0.7
85	-0.099353	46.306860	2881.856445	0.000174	0.8
86	-0.092582	47.306859	2839.666606	0.000168	0.9
87	-0.094667	48.213029	2802.488362	0.000342	0.8
88	-0.095792	49.213029	2762.574284	0.000303	0.9
89	-0.094682	50.213029	2723.781182	0.000109	0.7
90	-0.096169	50.163811	2725.664997	0.000248	0.8
91	-0.097002	50.095994	2728.264948	0.000224	0.8
92	-0.093276	51.095994	2690.422832	0.000122	0.7
93	-0.096611	52.094806	2653.659241	0.000158	0.7
94	-0.097903	52.027286	2656.112775	0.000020	0.6
95	-0.096498	52.147845	2651.735107	0.000143	0.9
96	-0.096191	52.277503	2647.043067	0.000145	0.8
97	-0.094732	52.235438	2648.563498	0.000264	0.8
98	-0.097097	52.167621	2651.018372	0.000212	0.8
99	-0.091573	52.099804	2653.477801	0.000309	0.8
100	-0.095209	53.099804	2617.668290	0.000204	0.8
101	-0.098723	54.066167	2583.969787	0.000226	0.6
102	-0.096084	53.998350	2586.306329	0.000159	0.8
103	-0.095350	53.930536	2588.647018	0.000138	0.8
104	-0.096537	53.862719	2590.992010	0.000240	0.9
105	-0.096757	54.862598	2556.842395	0.000326	1.0
106	-0.092866	55.862598	2523.577290	0.000127	0.9
107	-0.093330	56.862598	2491.166642	0.000152	0.8
108	-0.094032	56.794918	2493.333904	0.000157	0.7
109	-0.100505	57.794888	2461.691508	0.000220	0.6
110	-0.094923	57.727071	2463.812052	0.000134	0.7
111	-0.094175	58.727070	2432.909015	0.000295	0.8
112	-0.092864	59.727070	2402.771553	0.000082	0.7
113	-0.098225	59.659253	2404.791759	0.000085	0.7
114	-0.090146	59.616286	2406.073480	0.000161	0.7
115	-0.098875	59.548482	2408.098852	0.000280	0.8
116	-0.093459	59.480890	2410.121299	0.000093	0.7
117	-0.094416	59.413078	2412.153733	0.000178	0.7
118	-0.096669	60.409331	2382.634830	0.000117	0.7
119	-0.095613	60.377416	2383.569253	0.000116	0.9
120	-0.099276	61.030508	2364.592305	0.000128	0.7
121	-0.094353	61.654354	2346.745198	0.000123	0.9
122	-0.096810	61.959479	2338.113846	0.000117	0.9
123	-0.096105	61.900175	2339.786477	0.000188	0.8
124	-0.097151	61.834762	2341.634147	0.000174	0.7
125	-0.092374	61.766945	2343.552816	0.000226	0.7
126	-0.093697	62.766945	2315.575756	0.000442	0.8
127	-0.090588	63.766945	2288.258790	0.000187	0.8
128	-0.098198	64.766945	2261.578829	0.000157	0.9
129	-0.096253	65.505523	2242.269646	0.000147	0.8
130	-0.098069	65.438007	2244.021054	0.000141	0.9
131	-0.095939	66.240671	2223.374770	0.000132	0.7
132	-0.094105	66.176464	2225.012329	0.000090	0.9
133	-0.095329	66.112224	2226.653135	0.000140	1.0
134	-0.093421	66.162797	2225.361213	0.000073	0.9
135	-0.095520	67.147044	2200.512898	0.000064	0.8
136	-0.092589	67.515001	2191.365370	0.000154	0.7
137	-0.092032	67.447291	2193.042949	0.000097	0.8
138	-0.090326	68.363152	2170.566986	0.000239	0.8
139	-0.094881	68.537149	2166.348933	0.000167	0.9
140	-0.094140	69.531099	2142.564365	0.000233	1.1
141	-0.090572	70.309639	2124.296075	0.000127	1.2
142	-0.093357	71.309488	2101.286795	0.000177	0.9
143	-0.099416	71.262627	2102.354048	0.000399	0.8
144	-0.096048	71.198411	2103.818327	0.000231	0.8
145	-0.096124	72.198411	2081.244784	0.000265	0.9
146	-0.097971	73.198411	2059.150518	0.000148	1.0
147	-0.092597	74.198404	2037.520586	0.000101	0.8
148	-0.096163	74.131260	2038.958671	0.000256	0.9
149	-0.093328	75.131259	2017.748541	0.000173	0.9
150	-0.094654	76.131259	1996.975120	0.000099	0.9
151	-0.097802	76.064606	1998.346407	0.000164	0.9
152	-0.093380	75.996853	1999.742282	0.000303	0.8
153	-0.095257	75.929038	2001.141366	0.000228	0.7
154	-0.093055	76.929038	1980.706760	0.000092	0.8
155	-0.096644	77.929027	1960.685484	0.000310	0.9
156	-0.100794	78.929014	1941.064954	0.000096	0.7
157	-0.095872	79.929014	1921.832974	0.000149	0.7
158	-0.097493	79.892022	1922.537613	0.000171	0.8
159	-0.096574	79.824206	1923.830743	0.000214	0.7
160	-0.094244	79.759140	1925.073080	0.000228	0.8
161	-0.097460	79.691335	1926.369400	0.000276	0.8
162	-0.096146	80.691335	1907.426101	0.000234	0.7
163	-0.095014	81.691335	1888.851739	0.000206	0.8
164	-0.094277	82.691335	1870.635639	0.000179	0.9
165	-0.089617	82.623521	1871.859844	0.000243	1.0
166	-0.095117	83.623520	1853.968467	0.000196	0.8
167	-0.098259	83.557560	1855.138046	0.000222	0.8
168	-0.093591	83.843921	1850.071099	0.000057	0.8
169	-0.092963	83.780295	1851.194522	0.000326	0.7
170	-0.097805	83.801604	1850.818122	0.000103	0.9
171	-0.095082	84.801604	1833.324832	0.000263	0.9
172	-0.097313	85.031558	1829.348842	0.000235	0.8
173	-0.093437	86.031558	1812.257165	0.000103	0.9
174	-0.093248	85.991981	1812.927519	0.000141	0.7
175	-0.098409	85.948104	1813.671301	0.000181	0.9
176	-0.092982	86.947417	1796.881408	0.000094	0.7
177	-0.091259	86.885657	1797.910051	0.000160	0.9
178	-0.095865	86.847129	1798.552343	0.000086	0.9
179	-0.095915	86.783432	1799.615252	0.000083	1.0
180	-0.096217	86.760531	1799.997699	0.000119	0.9
181	-0.095682	87.182158	1792.982418	0.000151	1.0
182	-0.094120	88.141591	1777.220812	0.000194	0.9
183	-0.096177	89.140885	1761.096326	0.000158	0.8
184	-0.097108	90.037137	1746.881388	0.000049	0.8
185	-0.096264	89.974804	1747.862581	0.000149	0.8
186	-0.098722	89.916050	1748.788452	0.000168	0.8
187	-0.098068	89.890042	1749.198606	0.000338	0.8
188	-0.094081	89.968390	1747.963606	0.000228	0.8
189	-0.094164	90.968390	1732.352382	0.000060	0.8
190	-0.098945	90.966096	1732.387880	0.000028	0.8
191	-0.093588	90.954166	1732.572477	0.000206	0.7
192	-0.094792	90.888783	1733.584921	0.000094	0.7
193	-0.096442	91.888367	1718.234681	0.000442	0.7
194	-0.094280	91.820687	1719.265429	0.000071	0.9
195	-0.097855	92.659616	1706.575417	0.000139	0.8
196	-0.096523	92.591982	1707.591545	0.000121	1.0
197	-0.096712	92.581564	1707.748167	0.000178	0.9
198	-0.096076	93.581220	1692.849034	0.000179	1.0
199	-0.096035	94.579548	1678.226910	0.000186	0.9
