1:ItNr	2:Metric	3a:Time	3b:StepSize	4:||Gradient||	Time[ms]
0	-0.026354	0.000000	277.460576	0.000418	81.4
1	-0.024851	0.000000	277.460576	0.000337	1.2
2	-0.026895	0.994801	264.911339	0.000454	1.0
3	-0.027010	0.256426	274.113445	0.000284	1.0
4	-0.028393	0.000000	277.460576	0.000174	1.1
5	-0.025441	0.000000	277.460576	0.000419	1.1
6	-0.026578	0.483239	271.219438	0.000667	1.3
7	-0.028732	1.483223	259.156447	0.000314	1.3
8	-0.026318	0.608945	269.641672	0.000461	1.1
9	-0.028397	1.605484	257.754806	0.000334	1.1
10	-0.025913	2.605473	246.835641	0.000388	1.1
11	-0.026666	1.719259	256.464006	0.000473	1.2
12	-0.031340	1.003449	264.807222	0.000326	1.1
13	-0.026822	0.117156	275.921256	0.000101	1.2
14	-0.024633	0.657537	269.036691	0.000531	1.2
15	-0.025863	0.080634	276.399281	0.000389	1.2
16	-0.024506	0.000000	277.460576	0.000634	1.0
17	-0.024234	0.999287	264.857316	0.000397	1.3
18	-0.025898	0.122574	275.850480	0.000644	1.2
19	-0.027138	1.122503	263.382140	0.000666	1.5
20	-0.026920	0.236185	274.374705	0.000313	1.1
21	-0.029777	1.236183	262.035625	0.000381	1.0
22	-0.027115	2.176478	251.404551	0.000469	1.1
23	-0.027081	3.132687	241.443158	0.000242	1.1
24	-0.027674	2.246509	250.647191	0.000516	1.1
25	-0.026971	3.246294	240.311865	0.000554	1.2
26	-0.029333	2.473510	248.223304	0.000399	1.0
27	-0.025465	1.617589	257.616857	0.000440	1.1
28	-0.029653	2.617587	246.709036	0.000171	1.1
29	-0.026824	3.563432	237.209205	0.000589	1.1
30	-0.026197	2.681784	246.040256	0.000137	1.2
31	-0.026541	3.542434	237.412155	0.000611	1.1
32	-0.028038	4.530378	228.225057	0.000505	1.0
33	-0.025006	5.530378	219.622652	0.000175	1.1
34	-0.024820	6.528455	211.659975	0.000322	1.0
35	-0.025639	5.768433	217.669528	0.000473	1.1
36	-0.027346	6.767235	209.839837	0.000431	1.0
37	-0.027704	5.882352	216.747107	0.000288	1.3
38	-0.026654	6.880157	208.989931	0.000461	1.3
39	-0.025864	7.864254	201.864638	0.000612	1.3
40	-0.026257	8.227856	199.353385	0.000639	1.1
41	-0.029007	9.227856	192.758363	0.000238	1.1
42	-0.029214	9.630993	190.221453	0.000295	1.1
43	-0.028224	9.589671	190.478414	0.000159	1.2
44	-0.027587	10.327044	185.994955	0.000430	1.1
45	-0.027042	9.474779	191.196533	0.000523	1.0
46	-0.027090	8.810676	195.455887	0.000516	1.1
47	-0.027828	7.924359	201.445161	0.000335	1.1
48	-0.027520	7.063759	207.622652	0.000266	1.3
49	-0.026540	6.180977	214.365808	0.000341	1.3
50	-0.028559	5.296188	221.578582	0.000539	1.1
51	-0.029150	6.296185	213.461043	0.000368	1.2
52	-0.027578	5.409868	220.624808	0.000375	1.1
53	-0.025787	4.525284	228.270611	0.000284	1.0
54	-0.027782	3.639586	236.476054	0.000408	1.1
55	-0.027548	3.064451	242.127778	0.000286	1.1
56	-0.028470	4.035634	232.735155	0.000367	1.2
57	-0.024817	5.031795	223.829059	0.000322	1.3
58	-0.026758	4.685344	226.848123	0.000664	1.1
59	-0.027138	5.685253	218.348019	0.000332	0.9
60	-0.028699	4.799193	225.847065	0.000196	1.4
61	-0.027320	4.045699	232.641625	0.000321	1.6
62	-0.025235	4.916798	224.822219	0.000312	1.3
63	-0.026119	5.915918	216.476810	0.000343	1.1
64	-0.029667	5.030224	223.842561	0.000266	1.2
65	-0.023693	6.015514	215.678743	0.000368	1.1
66	-0.027751	5.174779	222.606355	0.000410	1.1
67	-0.029666	6.174771	214.414761	0.000398	1.1
68	-0.029010	5.725567	218.018652	0.000275	1.0
69	-0.027907	4.842153	225.471624	0.000494	1.0
70	-0.027450	3.972538	233.323185	0.000463	1.0
71	-0.024754	4.972532	224.339778	0.000329	1.1
72	-0.027967	5.972510	216.022617	0.000430	1.2
73	-0.027718	6.972436	208.300489	0.000374	1.1
74	-0.026487	7.876685	201.777737	0.000398	1.1
75	-0.025807	6.991689	208.157217	0.000241	1.0
76	-0.025559	6.115067	214.886876	0.000453	1.0
77	-0.025317	5.521886	219.692975	0.000833	0.9
78	-0.032499	4.635569	227.288582	0.000380	0.9
79	-0.027144	5.635568	218.755314	0.000461	1.0
80	-0.024135	4.749252	226.285101	0.000423	1.1
81	-0.025452	3.862938	234.351708	0.000382	1.0
82	-0.029665	4.849151	225.410578	0.000658	1.0
83	-0.026379	5.832148	217.152653	0.000149	1.3
84	-0.025593	6.465840	212.142503	0.000237	1.1
85	-0.028000	5.860981	216.919557	0.000469	1.2
86	-0.028658	4.985673	224.226327	0.001100	1.1
87	-0.028695	4.099443	232.143485	0.000649	1.0
88	-0.028616	3.213125	240.641058	0.000166	1.0
89	-0.029143	4.178840	231.411456	0.000341	1.0
90	-0.028837	5.101508	223.231246	0.000866	1.0
91	-0.029108	6.101506	214.994400	0.000596	0.9
92	-0.029325	5.249582	221.971993	0.000510	1.0
93	-0.028567	4.365469	229.708829	0.000486	1.0
94	-0.029481	5.364680	221.002955	0.000260	0.9
95	-0.028718	5.421895	220.524380	0.000459	0.9
96	-0.029937	6.417893	212.513491	0.000329	0.9
97	-0.026630	7.417847	205.035662	0.000305	1.2
98	-0.027355	8.415330	198.082838	0.000955	1.1
99	-0.028957	7.529796	204.231117	0.000680	1.1
100	-0.027772	6.643479	210.779264	0.000442	1.1
101	-0.025689	7.643479	203.420547	0.000668	1.0
102	-0.025996	8.643479	196.558312	0.000516	1.0
103	-0.027461	9.643479	190.143951	0.000246	1.2
104	-0.026354	10.643284	184.136140	0.000769	1.0
105	-0.029470	9.756985	189.442241	0.000098	1.1
106	-0.028232	9.063860	193.809846	0.000350	0.9
107	-0.025355	8.803229	195.504726	0.000277	1.0
108	-0.026726	9.659469	190.044782	0.000306	1.0
109	-0.028517	8.836312	195.287948	0.000479	1.0
110	-0.028827	7.959240	201.202519	0.000437	1.1
111	-0.026378	7.529313	204.234576	0.000712	1.2
112	-0.024610	7.101565	207.343331	0.000478	1.1
113	-0.030337	6.215248	214.095869	0.000228	1.1
114	-0.025081	7.204988	206.583035	0.000444	1.1
115	-0.029391	8.106704	200.183167	0.000298	1.3
116	-0.025939	8.549927	197.180590	0.000255	1.1
117	-0.026862	7.676497	203.186327	0.000450	1.0
118	-0.026257	6.791509	209.656559	0.000219	1.1
119	-0.026435	6.661356	210.643038	0.000380	1.0
120	-0.027223	5.801272	217.402819	0.000796	1.0
121	-0.028912	6.801142	209.583909	0.000556	1.2
122	-0.024952	5.923687	216.414349	0.000449	1.1
123	-0.025819	6.708596	210.283917	0.000226	1.3
124	-0.029051	5.861314	216.916871	0.000848	1.2
125	-0.027323	6.861313	209.131282	0.000217	1.0
126	-0.027161	6.023617	215.614070	0.000602	1.1
127	-0.024871	7.023273	207.922609	0.000752	1.1
128	-0.026476	6.136956	214.713548	0.000445	1.1
129	-0.027009	7.136501	207.085878	0.000299	1.0
130	-0.027891	6.437959	212.358075	0.000345	1.0
131	-0.027093	7.244020	206.297549	0.000654	1.0
132	-0.026486	6.479267	212.038843	0.000306	1.0
133	-0.027959	5.594506	219.093071	0.000586	1.1
134	-0.027628	6.592233	211.170733	0.000170	1.0
135	-0.026282	6.749951	209.970537	0.000464	1.2
136	-0.027261	7.744331	202.706825	0.000535	1.1
137	-0.026659	6.863900	209.111867	0.000774	1.0
138	-0.026645	5.977583	215.981990	0.000464	1.1
139	-0.025497	5.093701	223.298035	0.000538	1.2
140	-0.027862	6.093271	215.059753	0.000509	1.1
141	-0.026481	5.206953	222.333058	0.000502	1.0
142	-0.028402	5.349821	221.127577	0.000268	1.1
143	-0.025991	4.849321	225.409094	0.000783	1.1
144	-0.026948	3.979760	233.255727	0.000245	1.0
145	-0.028698	4.975742	224.312057	0.000350	1.3
146	-0.030382	5.949114	216.210158	0.000564	1.2
147	-0.026930	6.946293	208.495346	0.000479	1.2
148	-0.027754	6.060445	215.320632	0.000642	1.1
149	-0.023349	5.174127	222.611894	0.000430	1.1
150	-0.030173	5.999900	215.803467	0.000709	1.1
151	-0.025079	5.113583	223.128022	0.000558	1.3
152	-0.028300	6.113583	214.898640	0.000264	1.0
153	-0.025786	7.060179	207.649146	0.000264	1.1
154	-0.023990	6.519498	211.728866	0.000188	1.3
155	-0.029631	5.961068	216.114287	0.000559	1.1
156	-0.024337	6.937967	208.557484	0.000308	1.2
157	-0.025610	6.055635	215.358912	0.000393	1.2
158	-0.027006	7.055014	207.687373	0.000368	1.3
159	-0.025375	6.168732	214.462420	0.000406	1.0
160	-0.027637	5.282465	221.694279	0.000325	1.0
161	-0.025798	4.396287	229.430081	0.000319	1.2
162	-0.028648	4.475430	228.717324	0.000107	1.4
163	-0.026751	5.179912	222.562707	0.000550	1.2
164	-0.026548	6.119479	214.851915	0.000625	1.2
165	-0.027431	7.119479	207.211236	0.000328	1.1
166	-0.026875	6.233162	213.955033	0.000228	1.0
167	-0.025893	6.864570	209.106838	0.000238	1.3
168	-0.027997	7.656709	203.326632	0.000606	1.3
169	-0.027041	6.772158	209.802639	0.000278	1.3
170	-0.028253	7.771998	202.511901	0.000616	1.3
171	-0.027153	8.770725	195.718179	0.000143	1.1
172	-0.027951	8.067222	200.455073	0.000309	1.1
173	-0.027418	8.219489	199.410473	0.000410	1.2
174	-0.028963	9.219322	192.812797	0.000200	1.1
175	-0.025866	8.337903	198.605611	0.000501	1.1
176	-0.025436	7.922189	201.460271	0.000355	1.2
177	-0.028295	8.922155	194.727689	0.000346	1.1
178	-0.028942	9.816552	189.076058	0.000620	1.4
179	-0.027503	9.051274	193.891018	0.000226	1.2
180	-0.029233	8.364211	198.427674	0.000225	1.3
181	-0.026806	8.749058	195.860725	0.000344	1.2
182	-0.024983	9.743665	189.524317	0.000186	1.0
183	-0.030454	8.876070	195.028065	0.000590	1.0
184	-0.027001	8.135351	199.986338	0.000624	1.0
185	-0.028459	9.135351	193.350068	0.000389	0.9
186	-0.026218	9.848646	188.879347	0.000330	1.0
187	-0.026849	10.842237	182.985641	0.000397	1.0
188	-0.026595	11.841897	177.415818	0.000556	0.9
189	-0.024515	12.841723	172.174215	0.000368	0.9
190	-0.027743	13.841518	167.233589	0.000504	1.1
191	-0.028619	14.788005	162.810756	0.000529	1.3
192	-0.027436	14.119490	165.909927	0.000637	1.2
193	-0.024822	13.286485	169.940784	0.000197	1.0
194	-0.025259	12.415721	174.369185	0.000241	0.9
195	-0.028977	12.534262	173.752807	0.000570	1.0
196	-0.026115	11.647989	178.469558	0.000570	1.1
197	-0.025478	10.761671	183.449795	0.000106	1.1
198	-0.029970	10.620645	184.267972	0.000521	0.9
199	-0.025852	11.594167	178.764260	0.000278	1.0
