1:ItNr	2:Metric	3a:Time	3b:StepSize	4:||Gradient||	Time[ms]
0	-0.997351	0.000000	225729.770705	0.000555	81.0
1	-1.048384	0.000000	225729.770705	0.000447	4.5
2	-1.076352	0.000000	225729.770705	0.000184	4.1
3	-1.050787	0.999232	215476.849387	0.000232	4.2
4	-1.075115	1.999232	206107.977850	0.000157	4.3
5	-1.064695	2.999232	197519.870594	0.000115	3.8
6	-1.064387	2.988911	197604.850188	0.000038	4.2
7	-1.069863	3.988911	189697.148673	0.000193	3.9
8	-1.051877	4.988885	182398.174488	0.000276	4.0
9	-1.071943	5.988885	175639.904395	0.000216	4.8
10	-1.051868	6.988885	169364.559583	0.000244	4.5
11	-1.074790	7.988885	163522.163111	0.000228	4.7
12	-1.050984	8.988885	158069.404097	0.000222	4.8
13	-1.075736	9.988885	152968.562167	0.000220	5.5
14	-1.052518	10.988885	148186.633629	0.000197	5.0
15	-1.074052	11.988885	143694.616590	0.000229	5.0
16	-1.055846	12.988885	139466.922256	0.000217	7.1
17	-1.074259	13.988885	135480.887201	0.000177	7.3
18	-1.051400	14.988885	131716.366929	0.000203	3.7
19	-1.072050	15.988885	128155.395387	0.000198	4.3
20	-1.049446	16.988885	124781.898236	0.000190	3.9
21	-1.074896	17.988885	121581.450258	0.000182	4.1
22	-1.059384	18.988885	118541.069158	0.000179	4.3
23	-1.082598	19.988885	115649.039548	0.000195	4.1
24	-1.059720	20.988885	112894.762089	0.000178	4.0
25	-1.072879	21.988885	110268.623680	0.000199	4.0
26	-1.058933	22.988885	107761.885361	0.000208	3.7
27	-1.083456	23.988885	105366.585160	0.000207	3.8
28	-1.055197	24.988885	103075.453615	0.000187	3.9
29	-1.078663	25.988885	100881.840092	0.000181	4.2
30	-1.059964	26.988885	98779.648303	0.000192	4.2
31	-1.079674	27.988885	96763.279727	0.000168	3.6
32	-1.062921	28.988885	94827.583828	0.000099	4.0
33	-1.073218	29.988885	92967.814120	0.000146	3.8
34	-1.057480	30.988885	91179.589308	0.000239	3.7
35	-1.076826	31.988885	89458.858833	0.000196	3.6
36	-1.058182	32.988885	87801.872237	0.000224	4.0
37	-1.079729	33.988885	86205.151877	0.000186	3.8
38	-1.067212	34.988885	84665.468566	0.000176	3.9
39	-1.082138	35.988885	83179.819768	0.000167	3.8
40	-1.063797	36.988885	81745.410057	0.000093	3.9
41	-1.071877	37.988885	80359.633567	0.000157	6.8
42	-1.051967	38.988885	79020.058185	0.000228	4.2
43	-1.076989	39.988885	77724.411312	0.000149	3.7
44	-1.064249	40.988885	76470.566993	0.000205	4.1
45	-1.071828	41.988885	75256.534279	0.000175	4.2
46	-1.062400	42.988885	74080.446678	0.000050	4.3
47	-1.072976	43.988885	72940.552577	0.000076	4.1
48	-1.069815	43.975522	72955.553925	0.000158	3.9
49	-1.052806	44.975522	71849.756624	0.000192	3.6
50	-1.074773	45.975522	70776.980262	0.000148	3.7
51	-1.055311	46.975522	69735.767508	0.000196	4.1
52	-1.077733	47.975522	68724.745545	0.000131	3.4
53	-1.062784	48.975522	67742.620027	0.000077	3.6
54	-1.066204	48.962159	67755.559298	0.000054	4.3
55	-1.071296	48.948795	67768.503512	0.000059	3.8
56	-1.071912	48.935432	67781.452674	0.000078	3.7
57	-1.065017	49.935432	66825.915355	0.000060	3.5
58	-1.068833	50.935432	65896.944563	0.000042	4.6
59	-1.072326	50.922069	65909.188304	0.000041	3.7
60	-1.068775	50.908706	65921.436595	0.000128	3.8
61	-1.061352	51.908706	65017.272463	0.000215	3.9
62	-1.080109	52.908706	64137.575385	0.000173	3.9
63	-1.062909	53.908706	63281.365486	0.000057	3.9
64	-1.068148	54.908706	62447.714524	0.000049	3.6
65	-1.072706	54.895343	62458.709960	0.000134	4.2
66	-1.061248	55.895343	61646.453873	0.000220	3.7
67	-1.078550	56.895343	60855.052849	0.000187	3.9
68	-1.056617	57.895343	60083.713871	0.000198	3.8
69	-1.080125	58.895343	59331.683628	0.000141	3.9
70	-1.061328	59.895343	58598.246055	0.000079	3.4
71	-1.070760	60.895343	57882.720065	0.000097	3.9
72	-1.065191	61.895343	57184.457432	0.000203	4.4
73	-1.078168	62.895343	56502.840840	0.000140	4.2
74	-1.076480	63.895343	55837.282057	0.000076	3.8
75	-1.074489	64.895343	55187.220245	0.000065	4.2
76	-1.079557	64.881979	55195.807364	0.000099	4.4
77	-1.063716	65.881979	54560.510979	0.000071	4.7
78	-1.072687	66.881979	53939.672538	0.000154	4.7
79	-1.055143	67.881979	53332.804048	0.000220	4.1
80	-1.078770	68.881979	52739.439233	0.000140	3.8
81	-1.060942	69.881979	52159.132338	0.000081	4.0
82	-1.073005	70.881979	51591.457014	0.000154	3.9
83	-1.056683	71.881979	51036.005274	0.000202	3.7
84	-1.076175	72.881979	50492.386513	0.000142	4.0
85	-1.060976	73.881979	49960.226593	0.000194	3.5
86	-1.074708	74.881979	49439.166984	0.000107	4.6
87	-1.074345	75.881979	48928.863960	0.000061	3.6
88	-1.074934	76.872589	48433.634507	0.000146	4.0
89	-1.064062	77.872589	47943.775435	0.000194	3.6
90	-1.074904	78.872589	47463.726043	0.000145	3.4
91	-1.063615	79.872589	46993.194587	0.000081	3.4
92	-1.065023	80.872589	46531.900776	0.000058	4.3
93	-1.070500	80.859225	46538.005436	0.000138	4.2
94	-1.060315	81.859225	46085.561765	0.000236	3.8
95	-1.077965	82.859225	45641.830729	0.000101	4.2
96	-1.075071	83.859225	45206.563059	0.000186	3.9
97	-1.059749	83.845862	45212.324899	0.000224	5.4
98	-1.071137	84.845862	44785.172396	0.000082	6.3
99	-1.066491	85.845862	44366.015571	0.000116	5.1
100	-1.071040	86.845862	43954.632003	0.000136	5.0
101	-1.066450	87.845862	43550.807446	0.000076	4.6
102	-1.073847	88.845862	43154.335458	0.000063	4.0
103	-1.061859	88.832499	43159.586005	0.000052	4.9
104	-1.075487	88.819136	43164.837772	0.000117	4.6
105	-1.063094	89.819136	42775.330694	0.000051	4.1
106	-1.069598	90.819136	42392.790350	0.000050	4.1
107	-1.068553	90.805773	42397.857209	0.000155	4.3
108	-1.062077	91.805773	42022.008915	0.000195	4.1
109	-1.072938	92.805773	41652.765704	0.000100	4.1
110	-1.066369	93.805773	41289.954978	0.000078	4.4
111	-1.070596	94.805773	40933.410101	0.000171	4.3
112	-1.061274	95.805773	40582.970143	0.000189	3.7
113	-1.077195	96.805773	40238.479638	0.000100	4.0
114	-1.065295	97.805773	39899.788354	0.000085	3.7
115	-1.073654	98.805773	39566.751077	0.000157	4.0
116	-1.058444	99.805773	39239.227398	0.000231	3.5
117	-1.080790	100.805773	38917.081522	0.000179	3.9
118	-1.060585	101.805773	38600.182074	0.000195	3.5
119	-1.073871	102.805773	38288.401926	0.000092	4.2
120	-1.073728	103.805773	37981.618024	0.000084	3.8
121	-1.077756	104.805773	37679.711226	0.000136	3.4
122	-1.064035	105.805773	37382.566148	0.000225	4.1
123	-1.075939	106.805773	37090.071018	0.000097	3.7
124	-1.067847	107.805773	36802.117534	0.000143	3.9
125	-1.066118	107.792409	36805.936040	0.000211	3.5
126	-1.076309	108.792409	36522.360628	0.000094	3.8
127	-1.069615	109.792409	36243.121482	0.000083	3.8
128	-1.067800	110.792409	35968.119905	0.000074	3.4
129	-1.069109	110.779046	35971.767297	0.000083	3.7
130	-1.072536	111.779046	35700.852809	0.000066	3.3
131	-1.075839	112.779046	35433.988499	0.000106	3.3
132	-1.064027	113.779046	35171.084216	0.000071	3.2
133	-1.068181	114.779046	34912.052464	0.000096	4.2
134	-1.078098	114.765683	34915.488806	0.000111	3.4
135	-1.066179	115.765683	34660.194583	0.000074	3.4
136	-1.069902	116.765683	34408.606569	0.000115	3.5
137	-1.062137	117.765683	34160.644639	0.000086	3.6
138	-1.070935	118.765683	33916.230961	0.000079	3.5
139	-1.076659	118.752320	33919.474055	0.000094	3.3
140	-1.067970	119.752320	33678.487093	0.000070	3.5
141	-1.078084	120.752320	33440.900243	0.000118	3.7
142	-1.062406	121.752320	33206.642051	0.000057	3.4
143	-1.066528	122.752320	32975.643052	0.000082	3.5
144	-1.069651	122.738957	32978.708753	0.000085	3.6
145	-1.071361	123.738957	32750.859185	0.000066	3.6
146	-1.075994	124.738957	32526.136434	0.000096	3.7
147	-1.063632	125.738957	32304.476575	0.000066	3.2
148	-1.072626	126.738957	32085.817412	0.000052	3.9
149	-1.069397	126.725593	32088.719886	0.000118	3.3
150	-1.067971	127.725593	31872.961998	0.000081	3.8
151	-1.069438	128.725593	31660.086155	0.000055	3.6
152	-1.076331	128.712230	31662.912114	0.000085	4.0
153	-1.063495	129.712230	31452.823575	0.000066	3.5
154	-1.072830	130.712230	31245.504604	0.000134	3.5
155	-1.065401	131.712230	31040.900790	0.000091	3.5
156	-1.069922	132.712230	30838.959144	0.000058	3.7
157	-1.073736	132.698867	30841.640411	0.000117	3.5
158	-1.063251	133.698867	30642.274759	0.000068	3.7
159	-1.070156	134.698867	30445.470021	0.000067	3.8
160	-1.075487	134.685504	30448.083299	0.000162	3.8
161	-1.062048	135.685504	30253.757196	0.000205	3.5
162	-1.077408	136.685504	30061.895823	0.000079	3.8
163	-1.077335	137.685504	29872.452584	0.000121	3.6
164	-1.062620	137.672140	29874.968413	0.000081	3.9
165	-1.077075	138.672140	29687.866466	0.000053	3.4
166	-1.071154	138.658777	29690.351299	0.000151	3.6
167	-1.072308	139.658777	29505.547507	0.000199	7.6
168	-1.073039	140.658777	29323.030059	0.000096	3.4
169	-1.069399	141.658777	29142.756786	0.000095	3.7
170	-1.072000	142.658777	28964.686552	0.000100	3.6
171	-1.063263	143.658777	28788.779218	0.000103	4.1
172	-1.074430	144.658777	28614.995615	0.000091	3.6
173	-1.066825	145.658777	28443.297513	0.000088	4.1
174	-1.074649	146.658777	28273.647597	0.000101	3.6
175	-1.066839	147.658777	28106.009434	0.000068	3.8
176	-1.076195	148.658777	27940.347451	0.000070	3.8
177	-1.074232	148.645414	27942.548353	0.000120	3.9
178	-1.065056	149.645414	27778.802093	0.000084	3.5
179	-1.070482	150.645414	27616.963793	0.000098	3.5
180	-1.064647	151.645414	27457.000298	0.000051	3.6
181	-1.065705	152.645414	27298.879219	0.000073	3.5
182	-1.069392	152.632051	27300.980218	0.000123	3.4
183	-1.066089	153.632051	27144.645913	0.000067	3.7
184	-1.066445	154.632051	26990.091857	0.000066	3.4
185	-1.072950	154.618688	26992.145593	0.000143	3.5
186	-1.057063	155.618688	26839.318358	0.000219	3.1
187	-1.076721	156.618688	26688.211970	0.000116	3.8
188	-1.069208	157.618688	26538.797526	0.000075	3.7
189	-1.074996	158.618688	26391.046766	0.000148	3.5
190	-1.064742	159.618688	26244.932058	0.000082	3.4
191	-1.077872	160.618688	26100.426378	0.000078	3.8
192	-1.067382	160.605324	26102.346947	0.000065	3.3
193	-1.071966	160.591961	26104.267800	0.000066	3.3
194	-1.071116	161.591961	25961.302755	0.000065	3.5
195	-1.073513	162.591961	25819.895133	0.000095	3.5
196	-1.071017	163.591961	25680.019621	0.000088	3.5
197	-1.076306	164.591961	25541.651453	0.000099	3.5
198	-1.074266	165.591961	25404.766395	0.000078	3.7
199	-1.077893	166.591961	25269.340728	0.000104	4.1
