1:ItNr	2:Metric	3a:Time	3b:StepSize	4:||Gradient||	Time[ms]
0	-0.191186	0.000000	59139.429179	0.000304	129.4
1	-0.187997	0.000000	59139.429179	0.000282	10.1
2	-0.189973	1.000000	56451.273307	0.000298	6.0
3	-0.189088	1.978174	54048.158308	0.000290	5.7
4	-0.192061	2.957773	51838.208034	0.000300	6.6
5	-0.190276	2.422369	53023.158734	0.000287	5.7
6	-0.185591	3.422342	50852.125405	0.000294	5.5
7	-0.191361	4.422339	48851.838478	0.000309	5.9
8	-0.195474	5.422339	47002.954577	0.000307	5.7
9	-0.189556	6.422317	45288.952430	0.000286	6.1
10	-0.194856	7.003737	44348.652344	0.000301	5.8
11	-0.191607	6.257853	45562.209136	0.000287	6.1
12	-0.192767	5.830618	46287.714788	0.000307	6.5
13	-0.196349	6.830617	44624.522522	0.000318	7.7
14	-0.192467	7.827415	43081.491195	0.000295	5.6
15	-0.188837	8.825285	41640.105993	0.000293	6.1
16	-0.188355	9.820429	40295.611389	0.000301	6.2
17	-0.192638	10.820429	39029.267309	0.000314	6.2
18	-0.194878	11.820413	37840.108750	0.000308	7.9
19	-0.183523	11.074609	38719.973263	0.000276	5.9
20	-0.187213	12.074088	37549.879294	0.000304	6.5
21	-0.196779	13.074080	36447.880560	0.000305	5.6
22	-0.189631	12.656951	36899.599492	0.000309	5.8
23	-0.193050	13.035306	36489.403478	0.000279	6.2
24	-0.191119	14.035292	35447.914347	0.000303	7.0
25	-0.192623	15.034968	34464.523634	0.000300	6.0
26	-0.190954	16.034968	33533.929565	0.000293	5.0
27	-0.192312	17.034900	32652.327923	0.000309	5.2
28	-0.191340	16.289017	33305.463838	0.000303	5.1
29	-0.191875	17.289017	32435.620048	0.000286	5.6
30	-0.191684	18.174332	31702.595724	0.000287	5.9
31	-0.191242	17.954073	31881.852785	0.000292	6.4
32	-0.186700	18.953951	31083.985294	0.000291	6.3
33	-0.195782	19.953951	30324.986840	0.000308	6.3
34	-0.194587	20.953491	29602.495236	0.000305	5.3
35	-0.193176	20.210023	30136.551988	0.000294	6.1
36	-0.191579	20.907056	29635.295766	0.000295	6.5
37	-0.193502	21.886699	28958.349028	0.000295	6.1
38	-0.189424	21.152246	29462.914573	0.000290	4.8
39	-0.189372	22.150885	28781.055418	0.000291	4.9
40	-0.192831	23.150848	28129.199824	0.000288	5.8
41	-0.195612	22.408056	28610.542031	0.000291	5.2
42	-0.192962	21.704453	29081.932457	0.000294	4.9
43	-0.189530	22.694157	28423.205753	0.000295	5.2
44	-0.191689	23.681421	27795.177205	0.000298	5.4
45	-0.191878	23.099720	28161.811760	0.000296	5.2
46	-0.192515	24.099720	27537.377473	0.000293	5.4
47	-0.190232	23.353842	28000.460985	0.000299	5.4
48	-0.190652	24.323611	27401.347374	0.000298	5.3
49	-0.191954	25.323611	26809.827267	0.000297	4.8
50	-0.191549	26.323611	26243.306164	0.000304	5.8
51	-0.194540	27.310336	25707.294220	0.000312	5.3
52	-0.193750	26.564888	26110.184681	0.000300	4.9
53	-0.191677	25.819021	26526.142040	0.000304	5.2
54	-0.194817	26.819021	25971.422573	0.000300	5.1
55	-0.193054	27.816684	25440.646828	0.000280	5.1
56	-0.195953	28.805938	24935.340225	0.000298	5.2
57	-0.197840	29.805861	24444.581751	0.000305	5.6
58	-0.190955	29.063466	24807.072300	0.000315	5.6
59	-0.193019	28.376213	25152.354602	0.000299	4.9
60	-0.195753	29.375506	24653.410071	0.000308	5.4
61	-0.192617	28.629622	25023.926278	0.000288	4.9
62	-0.192858	29.209771	24734.787337	0.000301	7.4
63	-0.190821	28.463887	25107.772342	0.000301	4.8
64	-0.196195	29.463887	24610.232944	0.000309	5.1
65	-0.189068	28.814101	24931.254217	0.000284	4.9
66	-0.187910	29.814101	24440.617686	0.000280	5.5
67	-0.194144	30.813805	23969.056333	0.000300	5.0
68	-0.192727	31.813805	23515.215595	0.000300	5.4
69	-0.192921	32.813024	23078.576798	0.000306	5.0
70	-0.190196	33.652811	22723.955021	0.000280	4.8
71	-0.193084	33.383038	22836.679653	0.000288	5.1
72	-0.195473	34.383038	22424.338970	0.000291	5.3
73	-0.195072	34.052671	22558.905792	0.000304	4.9
74	-0.190075	34.996531	22178.659699	0.000293	5.2
75	-0.190331	35.980386	21795.710796	0.000295	5.1
76	-0.189980	35.234514	22084.800429	0.000300	5.4
77	-0.191764	34.489667	22381.248157	0.000289	4.7
78	-0.195900	35.489667	21985.047471	0.000315	5.0
79	-0.195654	36.335683	21660.647361	0.000300	4.8
80	-0.194129	37.335682	21289.337166	0.000313	5.1
81	-0.189786	38.308405	20940.168725	0.000292	4.8
82	-0.192420	39.308402	20592.951724	0.000296	5.8
83	-0.189319	40.308400	20257.061271	0.000291	5.3
84	-0.191973	39.657699	20474.367318	0.000295	5.0
85	-0.189715	38.915048	20728.148393	0.000297	4.9
86	-0.196008	39.915048	20387.868813	0.000305	4.9
87	-0.190126	40.915048	20058.581265	0.000299	5.0
88	-0.187839	41.915047	19739.761500	0.000295	5.3
89	-0.187627	42.914216	19431.170115	0.000283	6.3
90	-0.197380	43.914213	19131.835053	0.000302	5.4
91	-0.194210	44.914213	18841.581578	0.000295	5.7
92	-0.193838	45.897429	18564.659706	0.000291	5.1
93	-0.195066	46.897381	18291.250740	0.000321	5.0
94	-0.195482	46.151496	18494.420524	0.000315	5.0
95	-0.186280	47.150695	18223.262627	0.000286	4.7
96	-0.191179	48.150675	17959.738074	0.000296	5.1
97	-0.188965	47.563986	18113.416168	0.000292	4.7
98	-0.188935	46.820427	18312.005223	0.000298	4.9
99	-0.194759	47.820412	18045.925247	0.000302	5.0
100	-0.192857	48.340659	17910.530804	0.000313	5.0
101	-0.195777	47.595115	18105.196232	0.000298	4.8
102	-0.189238	46.863517	18300.378050	0.000290	4.9
103	-0.197614	46.196608	18482.004550	0.000294	4.9
104	-0.194847	45.450727	18689.457204	0.000292	5.2
105	-0.189949	46.448982	18412.850243	0.000295	4.7
106	-0.189919	45.726185	18612.303688	0.000295	4.8
107	-0.189503	46.726040	18337.525797	0.000291	4.8
108	-0.190758	46.018630	18531.086141	0.000292	4.7
109	-0.193266	47.018617	18258.648339	0.000315	4.7
110	-0.198973	46.272737	18461.089302	0.000288	4.8
111	-0.191835	47.272735	18190.687811	0.000291	7.5
112	-0.194463	46.528585	18391.145319	0.000303	4.9
113	-0.189783	45.783425	18596.351049	0.000294	4.6
114	-0.195479	46.777820	18323.516684	0.000288	5.2
115	-0.195989	46.031939	18527.407088	0.000309	5.2
116	-0.197549	47.031918	18255.078532	0.000307	5.1
117	-0.191826	46.301385	18453.231107	0.000292	6.4
118	-0.196346	46.801714	18317.059229	0.000309	8.3
119	-0.193211	46.059473	18519.799685	0.000304	6.6
120	-0.192145	45.590131	18650.331386	0.000302	5.3
121	-0.191616	46.589885	18374.465581	0.000279	4.8
122	-0.192585	47.589885	18106.576729	0.000302	5.0
123	-0.190478	48.540349	17859.099532	0.000293	4.7
124	-0.192208	49.539936	17606.026879	0.000291	4.9
125	-0.195589	50.166342	17451.058805	0.000305	4.7
126	-0.195187	49.461581	17625.605143	0.000292	4.8
127	-0.192592	50.461581	17378.960655	0.000301	4.8
128	-0.196758	51.459413	17139.636687	0.000288	4.8
129	-0.193922	52.459395	16906.319649	0.000297	4.9
130	-0.195319	51.738122	17073.963030	0.000296	4.8
131	-0.191503	52.563980	16882.284052	0.000297	4.6
132	-0.191398	51.818303	17055.162808	0.000299	5.0
133	-0.195041	51.308612	17175.381835	0.000293	5.0
134	-0.193777	52.308611	16941.093287	0.000287	5.8
135	-0.190071	51.562727	17115.233568	0.000298	5.4
136	-0.193922	52.522427	16891.825683	0.000289	5.3
137	-0.189764	51.918841	17031.647809	0.000291	5.8
138	-0.192822	52.918754	16801.257338	0.000282	5.5
139	-0.197648	52.178645	16971.180759	0.000310	5.8
140	-0.189368	53.178644	16742.393083	0.000288	5.0
141	-0.193259	54.109635	16534.869578	0.000289	5.0
142	-0.192967	53.366121	16700.185494	0.000304	5.2
143	-0.193652	54.359252	16480.100043	0.000288	5.1
144	-0.192901	55.359108	16264.307443	0.000296	5.5
145	-0.193569	54.613486	16424.689370	0.000291	5.0
146	-0.192002	55.303467	16276.167452	0.000281	4.8
147	-0.198246	56.303295	16065.654279	0.000290	5.4
148	-0.193334	55.640353	16204.622834	0.000308	4.8
149	-0.192820	56.631101	15997.815306	0.000295	5.2
150	-0.196958	55.885373	16152.981466	0.000296	5.2
151	-0.194745	56.885366	15945.588689	0.000305	4.8
152	-0.193090	57.885308	15743.464103	0.000298	5.1
153	-0.188528	58.885308	15546.388263	0.000283	4.6
154	-0.197041	59.885308	15354.185394	0.000306	4.8
155	-0.191214	60.876857	15168.242314	0.000287	4.9
156	-0.196859	60.236822	15287.747314	0.000306	4.8
157	-0.193767	61.021425	15141.507452	0.000306	4.7
158	-0.193406	61.713531	15014.810808	0.000293	4.8
159	-0.191025	62.526980	14868.585054	0.000311	7.0
160	-0.193361	63.432993	14709.036948	0.000281	4.8
161	-0.194092	64.163295	14582.902331	0.000281	4.7
162	-0.191724	64.853359	14465.689237	0.000295	4.6
163	-0.193112	65.853358	14299.136362	0.000302	4.7
164	-0.195015	66.853358	14136.375002	0.000302	4.7
165	-0.189387	67.853358	13977.277213	0.000278	4.8
166	-0.198246	67.179821	14084.038775	0.000305	5.0
167	-0.190901	68.179821	13926.110237	0.000295	5.6
168	-0.192022	68.840805	13823.651816	0.000299	5.2
169	-0.197619	69.827246	13673.518290	0.000299	4.7
170	-0.191909	70.827201	13524.620189	0.000307	4.8
171	-0.192304	71.735363	13392.172882	0.000298	5.2
172	-0.196093	70.989479	13500.761476	0.000310	5.4
173	-0.196667	71.988353	13355.737274	0.000288	4.8
174	-0.194383	71.253680	13462.097320	0.000286	5.2
175	-0.185851	72.253673	13317.738338	0.000292	5.1
176	-0.193023	73.094875	13198.678572	0.000297	4.9
177	-0.189957	72.348991	13304.139663	0.000288	5.5
178	-0.193798	72.271680	13315.167129	0.000289	5.3
179	-0.194505	71.573293	13415.618811	0.000300	5.5
180	-0.192300	72.545112	13276.247021	0.000298	5.3
181	-0.192029	72.813745	13238.230872	0.000300	5.6
182	-0.191262	73.481702	13144.640516	0.000301	5.9
183	-0.191235	74.477298	13007.573961	0.000291	5.5
184	-0.194588	74.439581	13012.714493	0.000307	5.2
185	-0.188871	75.390081	12884.396353	0.000292	5.4
186	-0.190294	76.334888	12759.330598	0.000282	5.1
187	-0.192406	75.606330	12855.555243	0.000288	5.2
188	-0.194276	76.606324	12723.847758	0.000282	5.2
189	-0.191575	77.597427	12595.947543	0.000295	5.6
190	-0.187500	78.597404	12469.481709	0.000292	5.2
191	-0.194057	79.392288	12370.751197	0.000283	5.5
192	-0.193055	80.329786	12256.297547	0.000292	5.5
193	-0.195412	81.329786	12136.525017	0.000277	5.7
194	-0.193919	82.282090	12024.621239	0.000291	5.0
195	-0.192714	83.282030	11909.319529	0.000293	5.1
196	-0.190783	84.282029	11796.201328	0.000286	5.7
197	-0.197265	85.272343	11686.276721	0.000296	5.1
198	-0.194883	84.527309	11768.783064	0.000308	5.3
199	-0.193760	84.085255	11818.289953	0.000285	5.4
