1:ItNr	2:Metric	3a:Time	3b:StepSize	4:||Gradient||	Time[ms]
0	-0.533750	0.000000	39583.580368	0.000213	73.9
1	-0.527056	0.000000	39583.580368	0.000313	3.4
2	-0.531730	1.000000	37784.326715	0.000511	3.4
3	-0.529349	2.000000	36141.529901	0.000822	3.6
4	-0.524669	3.000000	34635.632822	0.001133	3.3
5	-0.515588	4.000000	33250.207509	0.001426	3.3
6	-0.513567	5.000000	31971.353374	0.001646	3.7
7	-0.504957	6.000000	30787.229175	0.001721	3.7
8	-0.510561	7.000000	29687.685276	0.001642	3.4
9	-0.512549	8.000000	28663.971991	0.001528	3.3
10	-0.516859	9.000000	27708.506258	0.001499	3.4
11	-0.520205	10.000000	26814.683475	0.001438	3.5
12	-0.524597	11.000000	25976.724617	0.001313	3.6
13	-0.522659	12.000000	25189.551143	0.001180	3.5
14	-0.525582	13.000000	24448.681992	0.001046	3.9
15	-0.532281	14.000000	23750.148221	0.000927	3.4
16	-0.523407	15.000000	23090.421881	0.000827	3.6
17	-0.533252	16.000000	22466.356425	0.000745	3.4
18	-0.533088	17.000000	21875.136519	0.000647	3.7
19	-0.531616	18.000000	21314.235583	0.000570	3.5
20	-0.530368	19.000000	20781.379693	0.000530	3.5
21	-0.533439	20.000000	20274.516774	0.000425	3.5
22	-0.532021	21.000000	19791.790184	0.000276	3.8
23	-0.533562	22.000000	19331.515994	0.000175	3.6
24	-0.534381	23.000000	18892.163357	0.000122	3.5
25	-0.530469	24.000000	18472.337505	0.000059	3.7
26	-0.533051	25.000000	18070.764951	0.000081	4.0
27	-0.533095	24.988280	18075.370188	0.000033	3.6
28	-0.533357	24.976575	18079.971981	0.000093	3.5
29	-0.534610	25.527205	17866.003256	0.000054	4.0
30	-0.534507	26.527205	17490.092166	0.000066	3.5
31	-0.535104	27.527202	17129.674919	0.000128	3.8
32	-0.537762	28.527202	16783.810942	0.000155	3.9
33	-0.535624	29.527202	16451.637174	0.000122	3.5
34	-0.535108	30.527202	16132.356548	0.000060	3.8
35	-0.530721	31.525426	15825.767548	0.000135	3.4
36	-0.532766	32.454312	15550.760183	0.000146	4.0
37	-0.534575	33.454312	15265.185734	0.000063	3.4
38	-0.532684	34.454312	14989.910735	0.000046	3.9
39	-0.532035	35.403766	14737.583147	0.000031	4.2
40	-0.538134	35.392274	14740.586472	0.000035	3.8
41	-0.532422	35.638558	14676.489174	0.000015	3.7
42	-0.534157	35.647728	14674.113456	0.000048	3.8
43	-0.536036	35.769494	14642.638773	0.000100	3.7
44	-0.536458	35.757774	14645.662273	0.000162	3.7
45	-0.534705	36.757774	14392.091865	0.000113	3.4
46	-0.535002	37.757774	14147.152500	0.000079	4.0
47	-0.531325	38.757774	13910.410874	0.000058	3.5
48	-0.535345	39.749104	13683.414888	0.000072	3.9
49	-0.531541	39.737384	13686.055171	0.000055	3.8
50	-0.532912	39.725667	13688.695860	0.000114	3.6
51	-0.534693	40.669528	13479.188353	0.000133	3.6
52	-0.534546	41.669528	13264.104744	0.000173	3.4
53	-0.533292	42.669528	13055.777384	0.000167	3.5
54	-0.536668	43.669528	12853.892853	0.000077	3.9
55	-0.534513	43.793650	12829.269264	0.000122	3.5
56	-0.532710	44.793650	12634.276751	0.000145	3.8
57	-0.528685	45.793650	12445.122891	0.000033	3.8
58	-0.532877	46.793649	12261.549544	0.000040	3.5
59	-0.532626	46.817198	12257.291909	0.000153	3.6
60	-0.530693	47.817198	12079.178120	0.000160	4.2
61	-0.532771	48.817198	11906.166619	0.000126	3.6
62	-0.533656	49.817198	11738.041262	0.000140	3.6
63	-0.534680	50.817198	11574.597942	0.000110	3.4
64	-0.533607	51.817198	11415.643762	0.000095	3.8
65	-0.534714	52.817198	11260.996279	0.000061	3.5
66	-0.530644	53.817198	11110.482806	0.000132	4.9
67	-0.538055	54.817198	10963.939763	0.000128	4.5
68	-0.529523	55.817198	10821.212092	0.000071	3.6
69	-0.533571	56.817198	10682.152701	0.000097	3.6
70	-0.535367	56.805478	10683.761758	0.000076	3.8
71	-0.537750	57.805478	10548.190449	0.000046	4.0
72	-0.535355	58.805473	10416.017244	0.000076	3.6
73	-0.533900	59.805270	10287.140717	0.000094	3.9
74	-0.536100	60.805270	10161.389158	0.000040	4.6
75	-0.532769	61.805080	10038.697966	0.000040	3.8
76	-0.533331	61.793364	10040.118528	0.000051	3.3
77	-0.530699	61.782299	10041.460514	0.000106	4.2
78	-0.532031	62.782299	9921.608700	0.000041	3.7
79	-0.535847	62.770579	9922.996776	0.000094	3.6
80	-0.532261	63.770574	9805.940243	0.000118	3.9
81	-0.532757	64.770574	9691.612686	0.000132	4.7
82	-0.535772	65.770574	9579.920297	0.000124	3.7
83	-0.534889	66.770574	9470.773008	0.000100	4.7
84	-0.532624	67.770574	9364.084806	0.000051	4.0
85	-0.534100	68.768117	9260.027020	0.000065	4.2
86	-0.531500	68.761200	9260.740537	0.000069	4.8
87	-0.533889	69.761199	9158.706550	0.000040	4.8
88	-0.535724	70.761015	9058.914457	0.000033	4.0
89	-0.534226	70.867101	9048.453409	0.000084	4.4
90	-0.531003	71.866033	8951.121944	0.000038	4.3
91	-0.535995	72.853362	8856.956915	0.000076	4.0
92	-0.534763	73.519296	8794.555390	0.000027	5.0
93	-0.533487	73.653474	8782.088534	0.000022	5.1
94	-0.533223	73.645459	8782.832252	0.000049	5.7
95	-0.535324	73.741140	8773.962268	0.000061	6.8
96	-0.531582	73.887956	8760.386712	0.000067	5.4
97	-0.534531	73.876236	8761.468824	0.000179	4.6
98	-0.532394	74.876236	8670.085713	0.000144	4.1
99	-0.532895	75.876236	8580.589196	0.000054	3.8
100	-0.533248	75.864518	8581.627288	0.000047	5.4
101	-0.533277	76.863918	8493.990521	0.000058	4.3
102	-0.533803	77.408333	8446.999959	0.000074	4.3
103	-0.531551	77.621119	8428.774675	0.000057	5.2
104	-0.530737	78.621119	8344.166367	0.000052	4.1
105	-0.533451	78.613343	8344.817741	0.000045	6.7
106	-0.529968	78.601625	8345.799423	0.000076	5.2
107	-0.533421	79.594563	8263.420673	0.000069	8.2
108	-0.531632	79.582843	8264.383516	0.000070	6.1
109	-0.535057	80.581274	8183.153795	0.000076	6.7
110	-0.531822	81.581274	8103.381437	0.000042	5.8
111	-0.537140	81.570245	8104.252717	0.000050	6.9
112	-0.533551	82.511663	8030.546145	0.000054	4.6
113	-0.536505	82.774306	8010.221568	0.000095	5.7
114	-0.534809	83.774306	7933.769441	0.000046	5.2
115	-0.533192	84.774306	7858.762858	0.000077	4.9
116	-0.529499	84.762586	7859.633711	0.000086	5.5
117	-0.533082	85.762586	7786.015845	0.000098	6.8
118	-0.534055	86.762586	7713.764292	0.000037	4.4
119	-0.536232	87.758732	7643.112191	0.000049	4.1
120	-0.534727	87.747327	7643.913754	0.000104	4.6
121	-0.535987	88.747189	7574.273140	0.000045	4.8
122	-0.531257	89.747189	7505.880680	0.000081	6.0
123	-0.529817	89.735470	7506.675043	0.000053	5.7
124	-0.534766	90.724471	7440.224877	0.000070	4.4
125	-0.531020	91.724469	7374.221365	0.000068	4.2
126	-0.533593	92.724469	7309.378492	0.000087	4.4
127	-0.536642	93.724469	7245.666029	0.000049	4.7
128	-0.533135	93.977190	7229.740005	0.000060	3.9
129	-0.530842	94.317311	7208.416306	0.000060	3.8
130	-0.532097	94.305617	7209.147394	0.000076	5.3
131	-0.535321	95.305616	7147.162946	0.000063	4.3
132	-0.533259	96.305616	7086.235238	0.000022	3.9
133	-0.529550	96.816859	7055.485876	0.000030	4.8
134	-0.535994	96.821259	7055.222422	0.000066	4.1
135	-0.534022	97.780276	6998.259435	0.000073	3.7
136	-0.535668	98.758011	6941.123861	0.000077	4.6
137	-0.533541	99.758011	6883.644252	0.000055	3.8
138	-0.530918	100.757963	6827.111462	0.000104	3.8
139	-0.531353	101.400836	6791.254175	0.000076	4.5
140	-0.536778	102.400836	6736.220073	0.000075	4.4
141	-0.528383	102.389116	6736.859899	0.000051	3.9
142	-0.535726	102.801081	6714.442105	0.000051	3.6
143	-0.535222	103.800589	6660.667211	0.000038	4.0
144	-0.536278	103.790716	6661.194160	0.000049	4.3
145	-0.533892	104.177294	6640.622780	0.000062	3.5
146	-0.533707	104.165615	6641.242375	0.000099	4.6
147	-0.534978	105.165615	6588.603291	0.000079	3.5
148	-0.535843	106.165615	6536.792090	0.000081	3.7
149	-0.534369	106.153895	6537.394591	0.000051	3.5
150	-0.534084	106.142175	6537.997202	0.000139	3.6
151	-0.532872	107.142175	6486.975771	0.000102	3.4
152	-0.536426	108.142175	6436.744499	0.000047	3.4
153	-0.531708	108.130456	6437.328686	0.000075	3.5
154	-0.533434	109.130447	6387.860831	0.000106	3.5
155	-0.533062	109.118728	6388.436189	0.000076	3.3
156	-0.536724	110.118728	6339.713659	0.000025	3.3
157	-0.532726	110.318367	6330.075565	0.000024	3.7
158	-0.532564	110.307086	6330.619420	0.000047	3.3
159	-0.530991	110.296003	6331.153805	0.000018	3.7
160	-0.534373	110.303462	6330.794132	0.000046	3.4
161	-0.538272	110.446122	6323.923277	0.000017	3.9
162	-0.530608	110.436615	6324.380669	0.000103	3.3
163	-0.538548	111.301426	6283.040251	0.000091	3.4
164	-0.534244	112.301426	6235.906169	0.000078	3.3
165	-0.535475	112.289707	6236.454479	0.000124	3.9
166	-0.533525	113.289707	6190.014177	0.000054	3.3
167	-0.532564	113.277987	6190.554445	0.000069	3.3
168	-0.530860	114.277984	6144.792822	0.000056	3.4
169	-0.534199	114.266739	6145.303653	0.000072	3.6
170	-0.536980	114.341204	6141.922517	0.000074	3.3
171	-0.534373	115.341204	6096.874342	0.000115	3.3
172	-0.533065	116.341204	6052.482170	0.000021	3.7
173	-0.534965	116.329663	6052.990804	0.000057	3.5
174	-0.531474	116.389275	6050.364462	0.000027	3.4
175	-0.531538	116.378995	6050.817226	0.000034	3.6
176	-0.534363	116.367513	6051.322996	0.000059	3.6
177	-0.535556	117.108882	6018.839472	0.000038	3.4
178	-0.531521	117.097164	6019.350151	0.000025	3.7
179	-0.534805	117.085897	6019.841315	0.000045	3.7
180	-0.534250	117.074943	6020.318876	0.000096	4.7
181	-0.536706	118.074928	5977.031214	0.000058	5.2
182	-0.533597	118.065725	5977.426784	0.000054	3.5
183	-0.529442	119.064594	5934.798841	0.000105	3.8
184	-0.536895	119.053517	5935.268215	0.000060	3.7
185	-0.533325	119.041797	5935.764927	0.000070	3.4
186	-0.532068	120.041796	5893.679814	0.000082	3.6
187	-0.531457	120.030076	5894.169590	0.000085	3.7
188	-0.532603	121.030076	5852.670143	0.000032	3.5
189	-0.536594	121.018357	5853.153106	0.000083	3.4
190	-0.532915	121.163312	5847.185002	0.000111	3.6
191	-0.532962	122.163312	5806.342240	0.000054	3.2
192	-0.533895	122.151592	5806.817607	0.000073	3.3
193	-0.537091	123.151592	5766.534907	0.000047	3.4
194	-0.532415	123.139872	5767.003778	0.000035	3.7
195	-0.533172	123.205109	5764.394849	0.000025	3.3
196	-0.534420	123.252947	5762.483224	0.000040	3.6
197	-0.533832	123.580921	5749.411353	0.000070	3.2
198	-0.532220	124.580815	5709.922622	0.000035	3.8
199	-0.533540	124.676890	5706.156876	0.000077	3.3
