1:ItNr	2:Metric	3a:Time	3b:StepSize	4:||Gradient||	Time[ms]
0	-1.025808	0.000000	79006.033775	0.000665	15.1
1	-1.063366	0.000000	79006.033775	0.000516	0.9
2	-1.074583	0.000000	79006.033775	0.000162	0.7
3	-1.079182	0.000000	79006.033775	0.000061	0.9
4	-1.083767	1.000000	75414.850421	0.000091	1.2
5	-1.070953	0.985922	75463.139053	0.000067	1.1
6	-1.072181	1.985922	72180.123554	0.000066	0.8
7	-1.074930	1.971845	72224.357376	0.000089	0.9
8	-1.077102	2.971845	69211.474606	0.000018	0.8
9	-1.075088	3.970629	66443.129142	0.000058	0.9
10	-1.079234	3.956564	66480.573214	0.000032	0.9
11	-1.071851	3.942487	66518.095364	0.000032	0.9
12	-1.078740	4.941165	63957.292991	0.000072	0.9
13	-1.071733	4.927088	63992.020134	0.000044	0.9
14	-1.073594	4.986671	63845.296943	0.000050	0.8
15	-1.078340	4.972593	63879.902534	0.000036	0.9
16	-1.072801	5.972593	61511.576202	0.000058	0.9
17	-1.073753	5.958517	61543.692780	0.000046	0.8
18	-1.072120	5.944689	61575.278243	0.000067	1.0
19	-1.087406	6.944689	59371.808427	0.000036	0.9
20	-1.069546	7.944689	57320.592439	0.000042	0.9
21	-1.078199	7.933165	57343.422415	0.000056	0.8
22	-1.067933	8.933165	55427.707670	0.000034	0.7
23	-1.067534	9.933165	53635.853915	0.000012	0.8
24	-1.083135	10.688870	52356.764375	0.000036	0.8
25	-1.074101	10.676249	52377.626216	0.000031	0.7
26	-1.064144	10.679872	52371.634813	0.000084	0.8
27	-1.074125	11.679872	50769.069352	0.000075	0.9
28	-1.074402	12.679872	49261.668471	0.000024	0.9
29	-1.080056	13.679872	47841.199986	0.000031	0.8
30	-1.075477	13.665795	47860.627153	0.000080	0.8
31	-1.061380	14.665795	46518.707631	0.000038	0.9
32	-1.073201	15.665795	45249.985458	0.000039	0.7
33	-1.072942	16.027104	44808.438759	0.000029	0.8
34	-1.078444	16.013058	44825.442709	0.000015	0.7
35	-1.077156	16.275604	44509.720281	0.000042	0.8
36	-1.075759	16.348782	44422.511394	0.000063	0.8
37	-1.077002	16.334705	44439.261713	0.000071	0.7
38	-1.072036	17.334705	43280.018094	0.000018	0.8
39	-1.077528	17.320627	43295.917725	0.000058	0.8
40	-1.083673	18.319316	42196.224579	0.000059	0.8
41	-1.065553	19.319316	41149.673556	0.000033	0.8
42	-1.085106	20.315271	40157.710858	0.000022	0.8
43	-1.081393	20.303532	40169.124252	0.000057	0.9
44	-1.064724	20.289454	40182.819948	0.000054	0.8
45	-1.085304	21.289454	39232.634598	0.000067	0.8
46	-1.078320	22.289454	38326.348409	0.000048	0.9
47	-1.076097	23.289454	37460.987821	0.000044	0.8
48	-1.074923	23.964095	36898.923817	0.000052	0.8
49	-1.073813	24.963707	36096.450987	0.000053	0.9
50	-1.064152	24.949630	36107.509970	0.000028	0.8
51	-1.065881	25.949627	35338.443139	0.000058	0.7
52	-1.073826	25.935549	35349.042464	0.000029	0.8
53	-1.084097	25.921471	35359.648150	0.000069	0.8
54	-1.063434	26.921471	34621.781693	0.000043	0.9
55	-1.076060	26.907393	34631.955408	0.000087	0.8
56	-1.081750	27.907393	33923.842523	0.000027	0.7
57	-1.080591	27.898306	33930.146756	0.000028	0.7
58	-1.077145	27.884279	33939.883202	0.000026	0.8
59	-1.071412	28.864054	33273.000922	0.000048	1.0
60	-1.068164	29.864026	32618.863228	0.000036	0.8
61	-1.075548	29.849949	32627.893259	0.000043	0.8
62	-1.071100	30.849723	31998.757604	0.000029	0.8
63	-1.083259	31.847138	31394.825998	0.000024	0.7
64	-1.070703	31.833069	31403.186071	0.000047	0.7
65	-1.067459	32.055032	31271.806533	0.000029	0.7
66	-1.079159	32.048622	31275.585451	0.000006	0.8
67	-1.089328	32.111336	31238.655150	0.000042	0.9
68	-1.086655	32.103055	31243.526522	0.000035	0.8
69	-1.067104	33.102896	30666.134994	0.000017	0.8
70	-1.079705	33.089468	30673.747782	0.000028	0.7
71	-1.073509	33.076687	30680.997751	0.000137	0.7
72	-1.071764	34.076687	30123.938140	0.000037	0.8
73	-1.075458	34.062609	30131.639859	0.000059	0.8
74	-1.077636	35.062609	29594.175758	0.000091	0.9
75	-1.073285	35.048531	29601.608939	0.000017	0.7
76	-1.073505	36.029624	29092.366159	0.000102	0.9
77	-1.066760	36.015546	29099.549367	0.000041	0.8
78	-1.080588	37.015546	28597.967444	0.000027	0.8
79	-1.083461	37.001469	28604.908550	0.000058	0.7
80	-1.073520	38.001469	28120.091751	0.000048	0.9
81	-1.088094	37.987394	28126.801375	0.000056	0.8
82	-1.071031	37.980866	28129.914544	0.000037	0.7
83	-1.085052	37.967887	28136.105667	0.000031	0.7
84	-1.072030	37.953925	28142.769248	0.000026	0.8
85	-1.073684	38.099973	28073.222935	0.000045	0.9
86	-1.069033	39.080769	27614.938080	0.000053	4.1
87	-1.069264	39.066691	27621.410148	0.000044	1.0
88	-1.071532	40.066691	27169.094660	0.000033	1.0
89	-1.070883	40.052613	27175.359408	0.000036	0.9
90	-1.071982	41.052561	26737.441407	0.000054	0.8
91	-1.072795	42.052561	26313.391435	0.000079	0.8
92	-1.083437	43.052561	25902.582075	0.000052	0.9
93	-1.073839	44.052561	25504.402790	0.000096	1.0
94	-1.067243	44.038483	25509.923278	0.000032	0.8
95	-1.072510	44.323058	25398.791169	0.000051	0.7
96	-1.078111	44.308980	25404.266023	0.000042	0.9
97	-1.084410	44.472276	25340.904786	0.000062	0.9
98	-1.078757	44.729121	25241.881907	0.000075	0.8
99	-1.072989	45.729121	24863.608051	0.000086	0.8
100	-1.067880	46.729121	24496.504393	0.000063	0.9
101	-1.076117	47.729121	24140.083359	0.000088	0.7
102	-1.081040	48.729121	23793.885343	0.000083	0.8
103	-1.073158	49.729121	23457.476732	0.000030	0.7
104	-1.072028	50.718892	23133.746967	0.000080	0.9
105	-1.083129	50.704815	23138.288792	0.000036	0.9
106	-1.075088	51.704815	22820.039049	0.000062	0.9
107	-1.067263	51.690737	22824.458518	0.000059	0.8
108	-1.077014	51.676659	22828.879698	0.000053	0.7
109	-1.067149	51.766918	22800.563249	0.000047	0.8
110	-1.076101	51.752840	22804.975176	0.000044	0.8
111	-1.075602	51.738873	22809.354079	0.000044	0.7
112	-1.084106	52.169452	22675.128118	0.000015	0.8
113	-1.081298	52.156204	22679.234683	0.000065	0.7
114	-1.073490	52.574226	22550.379334	0.000023	0.7
115	-1.079130	52.560152	22554.693864	0.000023	0.8
116	-1.069388	53.349885	22315.121434	0.000036	0.8
117	-1.090447	54.346397	22019.987236	0.000044	0.8
118	-1.074505	55.338712	21733.752889	0.000050	0.8
119	-1.080416	55.324635	21737.761581	0.000076	0.8
120	-1.081033	55.310570	21741.768110	0.000065	0.8
121	-1.066710	55.296493	21745.779554	0.000053	0.8
122	-1.077587	56.296493	21464.450115	0.000018	0.8
123	-1.074361	56.282438	21468.353683	0.000085	0.8
124	-1.074790	56.268371	21472.262150	0.000050	0.9
125	-1.075929	57.268371	21197.920651	0.000027	0.8
126	-1.079013	57.254319	21201.726910	0.000066	0.8
127	-1.088921	57.481425	21140.374496	0.000014	0.9
128	-1.075109	57.518621	21130.359779	0.000072	1.0
129	-1.077879	57.617552	21103.769538	0.000046	0.8
130	-1.072107	58.617552	20838.705254	0.000024	0.8
131	-1.071774	59.603851	20583.715115	0.000034	0.8
132	-1.080877	60.024575	20476.833294	0.000004	0.8
133	-1.075100	60.036698	20473.769805	0.000068	0.8
134	-1.077768	60.265553	20416.113016	0.000037	0.7
135	-1.075328	61.265553	20167.939725	0.000014	0.8
136	-1.078560	61.261944	20168.824576	0.000036	1.0
137	-1.073190	61.251259	20171.444613	0.000039	1.0
138	-1.074303	61.245970	20172.741622	0.000023	0.8
139	-1.063446	62.232445	19933.653441	0.000057	0.7
140	-1.077538	62.656605	19832.584802	0.000016	1.0
141	-1.069405	62.642529	19835.922397	0.000046	0.8
142	-1.069280	63.573904	19617.478140	0.000030	0.8
143	-1.073001	64.573887	19388.235856	0.000029	0.8
144	-1.064079	64.559810	19391.425873	0.000023	0.8
145	-1.075816	64.545744	19394.614231	0.000042	0.8
146	-1.068284	65.544836	19170.718630	0.000025	0.8
147	-1.081255	65.588596	19161.030254	0.000055	0.9
148	-1.076043	66.588595	18942.268768	0.000018	0.7
149	-1.074671	67.587436	18728.690965	0.000100	0.9
150	-1.069404	67.573358	18731.667679	0.000031	0.8
151	-1.076085	68.573358	18522.546707	0.000042	0.9
152	-1.083058	68.919669	18451.210111	0.000005	0.8
153	-1.083818	68.955099	18443.942929	0.000035	0.7
154	-1.073085	69.009801	18432.733809	0.000053	0.9
155	-1.078799	70.009461	18230.266363	0.000151	0.7
156	-1.080610	71.009461	18032.131669	0.000023	0.8
157	-1.076361	70.995383	18034.891047	0.000012	0.8
158	-1.076536	71.004808	18033.043501	0.000052	0.9
159	-1.079212	70.990971	18035.756037	0.000023	0.8
160	-1.072758	70.976895	18038.516209	0.000057	0.8
161	-1.077309	70.962819	18041.277286	0.000046	0.8
162	-1.070141	70.948741	18044.039444	0.000062	0.8
163	-1.070058	71.948741	17849.910516	0.000042	0.8
164	-1.070831	72.948741	17659.914244	0.000057	0.9
165	-1.071740	72.934663	17662.560886	0.000035	0.9
166	-1.063108	73.934663	17476.511236	0.000012	0.7
167	-1.085188	73.934035	17476.626857	0.000021	0.8
168	-1.082031	73.921086	17479.011108	0.000023	0.9
169	-1.073050	73.907755	17481.466198	0.000031	0.8
170	-1.070638	73.893682	17484.058782	0.000034	1.1
171	-1.077938	74.893594	17301.747003	0.000032	0.9
172	-1.073489	74.884377	17303.410187	0.000063	1.3
173	-1.073031	75.884377	17124.811630	0.000041	0.9
174	-1.089846	76.884376	16949.862406	0.000021	0.9
175	-1.080211	77.769698	16797.932408	0.000027	0.8
176	-1.073931	77.848072	16784.613753	0.000040	0.8
177	-1.085286	77.833995	16787.004471	0.000032	0.8
178	-1.082320	77.820083	16789.367663	0.000047	1.0
179	-1.070653	77.806005	16791.759783	0.000042	0.8
180	-1.075637	78.801074	16624.337267	0.000027	1.0
181	-1.074751	78.787456	16626.606005	0.000018	0.7
182	-1.077093	78.797887	16624.868141	0.000052	0.7
183	-1.083874	78.783817	16627.212277	0.000041	0.8
184	-1.075164	78.769743	16629.557826	0.000043	0.9
185	-1.065659	78.755665	16631.904625	0.000043	0.7
186	-1.075309	78.743177	16633.987040	0.000067	0.7
187	-1.080550	78.729099	16636.335089	0.000042	0.7
188	-1.079683	78.715021	16638.683802	0.000039	0.7
189	-1.080474	79.714777	16473.518131	0.000056	0.7
190	-1.072369	79.700700	16475.821092	0.000041	1.1
191	-1.079634	79.686622	16478.124697	0.000053	0.8
192	-1.083295	79.672544	16480.428946	0.000064	0.8
193	-1.074895	80.672544	16318.335737	0.000039	0.8
194	-1.071815	80.658466	16320.595511	0.000025	0.8
195	-1.085949	81.658279	16161.645501	0.000018	0.7
196	-1.074904	81.907357	16122.527701	0.000069	0.8
197	-1.073405	81.893279	16124.733550	0.000009	0.7
198	-1.081428	81.890055	16125.238801	0.000060	0.7
199	-1.079373	81.876055	16127.433266	0.000040	1.1
