1:ItNr	2:Metric	3a:Time	3b:StepSize	4:||Gradient||	Time[ms]
0	-0.027258	0.000000	2099.624518	0.000711	61.4
1	-0.028877	0.000000	2099.624518	0.000691	1.0
2	-0.026975	0.000000	2099.624518	0.000417	0.9
3	-0.031828	0.000000	2099.624518	0.000334	1.0
4	-0.032351	0.000000	2099.624518	0.000333	0.9
5	-0.030237	0.999853	2004.200387	0.000246	0.9
6	-0.029729	0.127672	2086.936773	0.000313	1.0
7	-0.029988	1.127547	1992.634586	0.000435	1.1
8	-0.029276	0.255322	2074.403500	0.000168	1.2
9	-0.027006	0.000000	2099.624518	0.000408	1.2
10	-0.031691	0.999783	2004.206782	0.000429	1.1
11	-0.028637	0.138365	2085.881076	0.000414	1.0
12	-0.028499	1.138363	1991.661046	0.000300	1.1
13	-0.029852	0.266315	2073.331217	0.000373	1.1
14	-0.029315	1.265225	1980.313056	0.000400	1.1
15	-0.029124	1.968243	1919.699091	0.000520	1.0
16	-0.031338	2.968243	1839.605648	0.000336	0.9
17	-0.032664	3.968243	1765.927830	0.000324	1.0
18	-0.030414	4.720784	1714.260127	0.000183	1.1
19	-0.030893	3.864215	1773.316169	0.000418	1.0
20	-0.031012	4.864051	1704.764479	0.000375	1.2
21	-0.029894	3.993919	1764.113721	0.000292	1.1
22	-0.030485	3.121695	1827.902836	0.000297	1.2
23	-0.030214	2.251173	1896.339383	0.000224	1.0
24	-0.027283	1.495030	1960.082496	0.000485	1.1
25	-0.030742	0.622808	2039.148414	0.000493	0.9
26	-0.030129	1.622808	1949.011575	0.000171	1.2
27	-0.028474	2.622793	1866.507308	0.000096	0.9
28	-0.030124	2.229321	1898.123284	0.000299	1.0
29	-0.028456	3.005591	1836.743605	0.000720	0.9
30	-0.027788	4.005590	1763.290336	0.000166	1.1
31	-0.027277	3.133365	1827.018911	0.000231	0.9
32	-0.026798	3.057508	1832.779818	0.000387	1.1
33	-0.027486	2.185343	1901.723624	0.000268	1.3
34	-0.030076	3.181668	1823.369480	0.000797	1.0
35	-0.030878	4.181668	1750.960873	0.000421	0.9
36	-0.031238	5.181668	1684.083510	0.000292	1.0
37	-0.026716	6.181535	1622.134823	0.000275	2.9
38	-0.032444	5.309314	1675.912759	0.000133	1.1
39	-0.031911	4.508125	1728.551773	0.000276	1.3
40	-0.028939	3.789604	1778.653443	0.000351	1.2
41	-0.029994	4.789603	1709.685649	0.000347	1.2
42	-0.030878	5.789550	1645.869956	0.000422	1.2
43	-0.029246	4.918181	1701.204037	0.000520	1.2
44	-0.030012	4.049189	1760.221285	0.000122	1.1
45	-0.029632	4.789375	1709.700814	0.000274	1.2
46	-0.030755	4.039273	1760.918319	0.000294	1.0
47	-0.030017	5.039271	1693.292998	0.000290	1.0
48	-0.028506	4.167300	1751.960451	0.000297	1.0
49	-0.029094	5.167295	1685.008531	0.000480	1.0
50	-0.028949	4.295148	1743.105628	0.000275	1.1
51	-0.027462	5.257451	1679.222943	0.000283	1.3
52	-0.029378	4.385282	1736.916481	0.000371	1.2
53	-0.032242	5.385253	1671.089342	0.000265	1.3
54	-0.031920	4.513030	1728.219483	0.000370	1.0
55	-0.031451	5.512539	1663.066479	0.000746	1.1
56	-0.034340	4.640315	1719.640172	0.000175	1.0
57	-0.029393	3.768090	1780.198424	0.000270	1.1
58	-0.030152	4.710880	1714.920477	0.000354	1.1
59	-0.033877	3.838656	1775.140926	0.000507	1.1
60	-0.028184	2.966432	1839.744675	0.000257	1.0
61	-0.027906	3.957932	1766.657402	0.000461	1.1
62	-0.030622	3.930785	1768.581075	0.000542	1.2
63	-0.026034	3.058589	1832.697475	0.000436	1.1
64	-0.028774	4.058589	1759.560975	0.000359	1.1
65	-0.027471	5.058589	1692.037711	0.000615	1.1
66	-0.028964	6.058589	1629.505340	0.000157	1.2
67	-0.031599	5.368523	1672.149600	0.000310	1.0
68	-0.027502	6.367130	1611.134017	0.000257	1.1
69	-0.030945	5.495313	1664.147749	0.000358	1.0
70	-0.025865	5.611896	1656.857306	0.000380	1.2
71	-0.027316	6.611896	1596.852108	0.000192	0.9
72	-0.029891	7.611842	1541.044258	0.000299	1.1
73	-0.029674	8.322014	1503.720565	0.000457	1.1
74	-0.028246	9.321966	1454.131159	0.000338	1.2
75	-0.029855	10.321966	1407.705874	0.000994	1.0
76	-0.026119	9.449741	1448.029223	0.000270	1.2
77	-0.029962	10.449741	1401.986579	0.000248	1.1
78	-0.029264	11.449522	1358.790896	0.000441	1.1
79	-0.028607	10.577318	1396.322370	0.000302	1.0
80	-0.028543	11.577290	1353.461720	0.000258	1.2
81	-0.031440	12.517661	1315.488996	0.000431	1.1
82	-0.025971	11.645442	1350.636168	0.000342	1.1
83	-0.032140	12.645191	1310.502721	0.000677	1.2
84	-0.030924	11.772995	1345.379474	0.000467	1.1
85	-0.029695	12.772995	1305.543520	0.000154	1.1
86	-0.031219	11.900828	1340.152138	0.000248	1.3
87	-0.028187	11.056035	1375.470006	0.000411	1.3
88	-0.029493	10.183811	1413.942481	0.000228	1.1
89	-0.031424	11.183641	1370.016379	0.000440	1.1
90	-0.031753	12.183502	1328.736048	0.000762	1.0
91	-0.027180	11.315506	1364.425959	0.000495	1.2
92	-0.031341	12.315506	1323.471276	0.000465	1.4
93	-0.029356	13.315506	1284.903543	0.000400	1.1
94	-0.028361	14.315504	1248.520045	0.000349	0.9
95	-0.028117	15.197367	1218.102818	0.000426	0.9
96	-0.026869	16.197367	1185.355802	0.000507	0.9
97	-0.030415	15.325143	1213.818081	0.000327	0.8
98	-0.028301	16.325143	1181.297962	0.000267	1.0
99	-0.031179	15.452920	1209.563320	0.000337	1.0
100	-0.030602	16.143555	1187.073103	0.000286	1.0
101	-0.029432	15.273893	1215.533011	0.000159	1.0
102	-0.029896	16.269778	1183.052776	0.000242	1.0
103	-0.029085	16.670689	1170.462126	0.000340	0.9
104	-0.028628	15.798488	1198.204517	0.000170	1.0
105	-0.032275	16.750251	1167.995266	0.000299	0.9
106	-0.027860	17.674026	1140.096313	0.000466	0.9
107	-0.033267	18.674026	1111.359728	0.000242	0.9
108	-0.027702	19.674026	1084.036155	0.000544	0.9
109	-0.029826	20.674026	1058.023882	0.000230	0.9
110	-0.027354	21.674026	1033.230724	0.000343	0.9
111	-0.029477	22.673338	1009.588834	0.000349	0.8
112	-0.030813	23.673157	986.993480	0.000380	1.1
113	-0.030852	24.673157	965.383557	0.000424	1.1
114	-0.030988	25.673157	944.699644	0.000644	1.1
115	-0.026843	26.673157	924.883469	0.000228	1.0
116	-0.029795	26.908611	920.337994	0.000361	0.8
117	-0.029591	26.037068	937.390802	0.000272	0.9
118	-0.029135	27.020236	918.198636	0.000111	1.0
119	-0.027260	26.182240	934.506603	0.000109	0.8
120	-0.032605	25.573324	946.724675	0.000698	0.9
121	-0.032317	25.955971	939.009761	0.000345	1.0
122	-0.030782	26.955971	919.429097	0.000377	0.9
123	-0.028607	26.083746	936.461483	0.000385	1.0
124	-0.027468	27.083746	916.985848	0.000627	1.0
125	-0.030179	26.211522	933.926999	0.000385	1.0
126	-0.028528	27.211522	914.555551	0.000510	1.1
127	-0.030610	26.339361	931.404941	0.000254	1.0
128	-0.028610	25.604503	946.091291	0.000581	1.1
129	-0.030759	24.733142	964.117333	0.000187	0.9
130	-0.028968	25.733132	943.487258	0.000306	0.9
131	-0.030273	26.631502	925.692301	0.000206	0.8
132	-0.030887	25.759361	942.958025	0.000032	1.0
133	-0.031256	25.376005	950.752764	0.000111	0.9
134	-0.028958	25.381987	950.630135	0.000208	0.9
135	-0.029962	26.328025	931.628035	0.000307	1.0
136	-0.029744	26.282180	932.531345	0.000187	0.9
137	-0.028044	27.278904	913.279114	0.000302	0.9
138	-0.027251	28.254826	895.183644	0.000450	0.9
139	-0.027940	29.254826	877.370755	0.000419	1.0
140	-0.032059	30.254826	860.252945	0.000558	1.0
141	-0.031446	31.254826	843.790294	0.000135	1.1
142	-0.030908	30.382830	858.109895	0.000153	1.0
143	-0.030287	29.593078	871.504886	0.000339	0.9
144	-0.031429	28.722321	886.767031	0.000411	1.0
145	-0.029334	29.711712	869.466114	0.000248	0.8
146	-0.032327	28.866899	884.196039	0.000340	1.1
147	-0.030646	29.866523	866.819913	0.000135	1.0
148	-0.028183	30.836014	850.607750	0.000432	0.9
149	-0.028946	29.969411	865.070130	0.000572	1.0
150	-0.029193	30.969411	848.424374	0.000221	0.9
151	-0.030563	30.097187	862.906901	0.000334	0.8
152	-0.031523	29.234803	877.720469	0.000248	0.8
153	-0.030165	30.202418	861.133447	0.000101	0.9
154	-0.031263	31.127568	845.850226	0.000188	1.0
155	-0.030188	32.027029	831.502640	0.000304	1.2
156	-0.029222	31.159843	845.326827	0.000597	1.0
157	-0.027984	32.159843	829.425222	0.000534	0.9
158	-0.028864	33.159843	814.110827	0.000345	0.8
159	-0.028339	34.159843	799.351706	0.000314	0.9
160	-0.028314	35.159738	785.119664	0.000089	1.1
161	-0.030738	34.326518	796.943612	0.000388	0.8
162	-0.030353	34.896335	788.819420	0.000268	0.8
163	-0.031288	35.891702	775.018378	0.000271	0.9
164	-0.027965	35.020173	787.075662	0.000194	0.9
165	-0.027668	34.880572	789.041943	0.000095	0.8
166	-0.031032	34.446144	795.224192	0.000383	1.0
167	-0.028904	33.741464	805.461015	0.000451	1.0
168	-0.031388	34.741464	791.011071	0.000613	0.9
169	-0.029588	35.741464	777.070453	0.000234	1.0
170	-0.031523	34.934572	788.280187	0.000395	1.1
171	-0.027995	35.933195	774.453550	0.000164	0.9
172	-0.032386	36.725919	763.818331	0.000438	0.9
173	-0.031575	37.725906	750.812005	0.000267	0.8
174	-0.031198	38.725906	738.241045	0.000311	1.0
175	-0.028106	39.564129	728.023598	0.000273	0.9
176	-0.030941	40.564127	716.198165	0.000310	0.9
177	-0.027856	41.563373	704.759239	0.000377	0.8
178	-0.028467	42.563373	693.671734	0.000387	0.8
179	-0.028845	41.704759	703.170147	0.000441	0.9
180	-0.031659	42.704759	692.132194	0.000294	1.0
181	-0.027775	43.704759	681.435427	0.000396	0.9
182	-0.030480	42.832618	690.745832	0.000248	1.2
183	-0.027837	41.960394	700.315106	0.000317	1.1
184	-0.030591	42.955857	689.414808	0.000160	1.0
185	-0.027577	43.954342	678.817049	0.000217	0.9
186	-0.032231	44.877379	669.305851	0.000255	1.0
187	-0.029007	44.005538	678.282435	0.000317	0.9
188	-0.031686	43.133702	687.503035	0.000529	1.0
189	-0.032114	44.133702	676.947777	0.000141	0.9
190	-0.029612	45.133580	666.712964	0.000030	1.0
191	-0.027653	45.456500	663.473319	0.000355	0.9
192	-0.030983	44.884018	669.238405	0.000266	0.8
193	-0.029221	44.012625	678.208500	0.000359	0.8
194	-0.029043	44.353058	674.675622	0.000119	1.0
195	-0.029750	43.496053	683.640515	0.000517	1.2
196	-0.033254	42.624426	693.006092	0.000291	1.0
197	-0.029777	41.971267	700.194184	0.000544	0.9
198	-0.030779	41.099043	710.028900	0.000344	1.1
199	-0.029584	40.226818	720.143823	0.000179	1.0
