(BSplineTransformSplineOrder 3)
(Direction 1 0 0 1)
(FixedImageDimension 2)
(FixedInternalImagePixelType "float")
(GridDirection 1 0 0 1)
(GridIndex 0 0)
(GridOrigin -1527.2073749786625 -2302.2326569917054)
(GridSize 7 8)
(GridSpacing 1600.031802914089 1600.0302463183275)
(HowToCombineTransforms "Compose")
(Index 0 0)
(InitialTransformParameterFileName "results/lungTMA5/my_reg_project-modality_fluo_to_modality_brightfield_reg_output/TransformParameters.0.txt")
(MovingImageDimension 2)
(MovingInternalImagePixelType "float")
(NumberOfParameters 112)
(Origin 0 0)
(Size 6298 6458)
(Spacing 1 1)
(Transform "BSplineTransform")
(TransformParameters 65.62178901475538 23.512240035102845 12.626868743539287 3.1100239830268364 -5.224113922083566 -14.078977116739674 -51.78188340743287 62.40742820980739 20.334812164446483 7.0875587999618865 -5.593819580212597 -11.189229580217727 -14.63737060149593 -53.570041999105285 59.45713087828988 18.515135538323936 8.71810703239145 3.0280307816399508 -8.62995053970897 -9.981170030952052 -51.98450951567167 56.28032341549202 14.510959013940141 8.361911102765388 1.003437427154409 -10.998166903938678 -10.453771319422872 -51.05780605841595 57.39063050252139 16.36585990974809 10.594672081746587 0.1396087575229957 -6.946843019275372 -17.573767747839792 -53.19960422837465 58.868770602531335 14.033648920025044 9.645608845033555 2.0785973824963726 -7.157956340834003 -14.020577462446042 -55.218950614517006 61.261250868039824 20.081346238005455 10.633126724662075 0.7231413160899688 -5.1870814514890675 -14.228774261994408 -56.35271338096204 57.25734633993037 18.856171239262995 9.226423684543873 0.37637432460123577 -8.8681204238156 -19.217365093629567 -59.978950008091175 200.2341927619227 214.75945047130577 219.02184365054939 222.24510936618861 220.18708662526564 215.45759262967917 191.07357034479122 103.33355340063133 107.8433821824481 112.26644335901811 133.1052112761505 120.74202322042514 108.06079840980972 94.45343133429905 79.93753531835067 82.6671943161136 77.27542992910917 81.79180781029072 78.40499821436671 80.34116952204808 70.40906882502303 38.87210123150814 40.96118128286984 40.99899418839645 36.35524589221718 40.25706580034422 38.29550016349585 29.56672329118195 -4.624150315167636 -20.423564271718078 -15.663244236528856 -11.02058851498527 -16.07125735329237 -13.846188026263244 -12.193114668603773 -45.08904465038109 -44.97923237174568 -46.60188471045012 -52.83534055454702 -47.030040556889524 -44.63764152828134 -53.147408545784906 -69.38897821800211 -84.40552261529453 -105.86606371851545 -125.43381051360747 -106.45145782063089 -86.301673945923 -78.1100623344549 -166.84153322210568 -189.4826886812434 -193.58169047546872 -195.70878613111992 -194.12779452385013 -191.1619498526779 -176.52006784128844)
(UseCyclicTransform "false")
(UseDirectionCosines "true")

// ResampleInterpolator specific
(ResampleInterpolator "FinalNearestNeighborInterpolator")

// Resampler specific
(CompressResultImage "true")
(DefaultPixelValue 0)
(Resampler "DefaultResampler")
(ResultImageFormat "mha")
(ResultImagePixelType "float")
