(BSplineTransformSplineOrder 3)
(Direction 1 0 0 1)
(FixedImageDimension 2)
(FixedInternalImagePixelType "float")
(GridDirection 1 0 0 1)
(GridIndex 0 0)
(GridOrigin -327.18352279309573 -502.1986298835866)
(GridSize 19 20)
(GridSpacing 400.00795072852225 400.0075615795819)
(HowToCombineTransforms "Compose")
(Index 0 0)
(InitialTransformParameterFileName "results/lungTMA5/my_reg_project-modality_fluo_to_modality_brightfield_reg_output/TransformParameters.0.txt")
(MovingImageDimension 2)
(MovingInternalImagePixelType "float")
(NumberOfParameters 760)
(Origin 0 0)
(Size 6298 6458)
(Spacing 1 1)
(Transform "BSplineTransform")
(TransformParameters 37.387030957249905 24.002580433730916 19.655638171819234 14.784075990642295 11.38893178883747 8.372964440876896 5.46925754653665 2.68093096734353 0.0660763128264208 -2.3299511122719316 -4.454530045233552 -6.331438717925985 -7.985954417268828 -9.42991494474203 -10.726765081937467 -12.318713232179162 -15.366279756904282 -18.349371768489547 -29.758111109066395 36.27865609203388 23.083675117511135 18.853832322365825 14.15820469435016 10.968697758225764 8.208857483225797 5.684263613676096 3.529665394215174 1.3870731061897925 -0.761424524783066 -3.5794859124827028 -6.777664322928057 -7.1904117445045515 -9.117500019763535 -10.357825183927595 -11.787416947905438 -14.58233866868849 -17.42853357601154 -28.953856972722757 35.783692327894315 22.72260049004701 18.59227848292172 14.055943658598833 11.147037989167254 7.744989100709076 4.765089577819103 3.8595354565957867 1.9349138670020818 1.4915057849078208 -2.565022641572514 -5.890505394829222 -2.777563276356395 -12.268577416911631 -9.019756106051542 -11.181831958137197 -13.869171477487274 -16.819414916988883 -28.422044117221297 35.09921201565504 22.200829098471015 18.22060359765477 13.596120996204347 11.087733899724805 13.05132121534585 4.406047028733652 6.010861420400073 0.9551795218207647 1.439801748106254 -1.8952522080113088 -3.9390895461667594 -7.020722394065371 -7.901753861089368 1.925621632322258 -10.44813618361992 -13.125790773655817 -16.171578003754618 -27.813594248829926 34.380649733923676 21.16358969434372 16.4779302748768 6.855875358420321 10.935276556814355 10.399223107471512 6.728579922305076 5.507220131951884 2.598298612921654 -1.56400502057936 -0.09770723768131559 -4.193685200320808 -3.5816035240194104 -11.788275839785392 -7.559066022982718 -8.152781552356148 -12.66197099067109 -15.764357973379754 -27.38381124859395 33.59638450608015 20.796057500921137 17.01766470799114 11.62544045137574 14.250432159437395 8.188825809237523 8.22314440780476 4.591374350710851 2.0752715960907313 -0.23470009184026996 -1.4766668821257563 -3.018549924521577 -6.587205511723093 -8.185234041001808 -12.014755158329825 -8.54137694068882 -9.773838669013164 -15.652089034325023 -27.177528761493274 32.62640184116603 16.42801214792434 13.498697012538745 12.76816651520286 11.289678659372555 9.127604893374913 6.131106126188701 5.517734762275183 4.342454723717823 0.12828273970549095 -2.9231961667543085 -0.6225650429353712 -8.147047918756458 -5.729846792187921 -9.803575011179458 -13.813611328576828 -15.338906760881876 -15.591185339415286 -27.208646713192564 32.09917226630176 13.714253865958238 16.02024949808323 17.770433266859886 10.214949290681862 9.080290078527716 7.962847334897217 3.0481422493276216 3.423585114943997 -1.3083403435861996 1.1845033390167812 -3.416822263879623 -6.556144255594825 -10.620666874096031 -7.138431522442646 -12.331105139767708 -8.5470835056573 -13.76566630306192 -27.50443986979734 32.13608311528617 16.5236642762882 18.237916661347967 8.298704572135513 13.318793736989923 7.338710435106885 5.459635651555059 8.39564006058047 -2.2052646375260725 2.9091917772739473 -3.4924650143222844 -4.562268873814491 -3.922872194900936 -8.989329381615141 -10.232013076594546 -11.558538612500435 -16.758373144644025 -13.874120820050258 -28.111689693532234 32.13306048428207 15.284060305813398 16.083347194488205 13.819870552888545 10.681339197763123 8.20849805875544 6.5633957193487005 2.4968700799986285 2.8722822720365255 -1.2980910825471925 -0.7479379151543484 -4.65969072417169 -5.432348394246157 -9.346408986480895 -9.786305336496847 -12.072930779663519 -14.401333595092487 -16.078461212932414 -28.94904404905505 32.293992787024216 18.051166692256785 15.275415659787422 14.39115154318344 11.415663920710184 11.189127925937512 5.389056141966026 11.698841597641467 -2.3301592573274963 4.042157735058765 -5.50419890792075 -0.5243815087620773 -6.866826254396334 -6.161918717908199 -10.734018789812387 -11.861998884077495 -10.264824606197514 -15.807560101038279 -29.838887258489336 32.505664635610124 20.26226670346567 17.59691891656541 13.19086681187323 10.897967714698222 7.154348983905112 8.572441075466458 0.21663852809516737 3.820704061164724 0.6605541191508139 -1.8543591970845814 -1.4357136818719893 -4.345525235382484 -7.793562297940649 -8.42077860312884 -11.176649856609073 -13.484911269352205 -18.157604692302595 -30.620689077557174 32.61235063209976 19.870963803992936 13.593705221524175 11.476801320707567 10.611430448896694 13.06933974199393 5.869226049134522 8.674225090848829 2.676506364217631 2.678274131757992 -1.3940206066368042 -1.9042158149712685 -8.547840852205592 -6.944663171038193 -9.806649170853573 -13.854575714963095 -14.526868927975764 -19.327535814351283 -31.08021466900864 32.6092099979818 19.984646329723795 14.47377232089181 12.039388072199044 10.141424462425068 3.6868258675554832 8.926806748045237 3.8611121556338976 0.6328638144094086 1.0761410674207101 -2.2046532879658884 -2.745914801409794 -5.986966877717812 -8.563752240015729 -8.748515853800887 -12.3481400196605 -5.8322770811722755 -18.665106692009417 -31.198784418100953 32.64210974443127 19.950563546982554 15.722007085125156 13.403334125592401 14.868912489253615 11.307309041147034 6.512258146030098 4.271065665296114 4.048193456020369 -0.445912141171346 0.6523648655930252 -3.5248300570688444 -4.349403686261987 -9.856916904766711 -7.137936861574825 -16.02620346762723 -11.955418276949786 -18.58334805924908 -31.127817222506614 32.82092186515074 20.008744449452042 15.606258107728367 7.865844294122191 4.870098868786659 7.2128556163331 6.025125099580273 8.187040766216327 -1.2997796859342408 6.08946234755112 -4.683380358931354 -2.3023070582686977 -3.939334833786721 -8.641394203389916 -6.835654215133611 -9.203881292848088 -13.21472840734611 -18.551885176664687 -30.981757548699104 33.28204279423114 20.4015061765612 15.850472465761763 6.767019358737923 8.715528242621714 11.626016209687442 7.038203327860309 2.92189600962173 6.984057890681255 -3.294936091961023 3.377551642584746 -6.817175016634057 -6.123266063431355 -3.533330725155028 -7.422313862444839 -8.853908037775483 -14.295593913938914 -18.455023231587138 -30.882127571420273 34.02768450381617 21.149333686910165 16.65304948142022 8.286644476280197 9.502137269961594 9.830054148931323 6.30682711178888 2.64685725295571 6.9084819488303815 -0.09346836896323475 1.5409650676375894 -4.693066001370173 -1.947637834133436 -4.976582242138359 -6.2771305884553845 -10.056190778813601 -14.675475752973458 -18.371616370711788 -30.948299617237147 34.69827177503557 21.846847520799997 17.925051701953773 12.751474173831204 11.353613256871078 9.928369651955679 7.863153030979159 5.758067058901736 3.937130122854841 1.8086119854751812 -0.5993555442314955 -2.2995359530367168 -3.2373340967945223 -5.662662224313111 -7.6542134459178195 -10.576701000045642 -14.622998440765729 -18.34743609158569 -31.046189994992694 35.64453501893132 22.968827526588726 19.17537622058486 15.040317954478475 12.43244558152021 10.163723370318777 7.8797818711829635 5.595661367252165 3.3718505244559123 1.2532600435111765 -0.7128842920585634 -2.5803342564527876 -4.426245191916794 -6.343569739914804 -8.419402089614987 -10.973967100056946 -15.10959386411549 -18.955273240530936 -31.801580189952894 118.94937848175226 121.0003475221514 121.78834006159644 122.93404099437876 124.3125335750559 126.26667645758751 129.01373267683104 131.9672201158196 134.5289672079712 136.10277642269585 136.1000427922202 134.91558453280396 132.94293657674365 130.58516787765248 128.22063547101092 125.83229565813367 123.07230831572274 120.82744686063259 115.37945659893815 97.3295990489526 98.45398206920464 98.73120896430922 99.20779897422452 99.94059410143575 101.26078143080824 103.30274316322975 105.58956666874843 109.03792910954186 107.25685119188144 106.80329210258036 109.10452953542092 106.42597911466348 104.45846602293513 102.95409250383473 101.2594030258355 99.16805362514845 97.51087184110784 93.2192111352921 91.06148830002651 91.87070371011461 91.92034099942788 92.0659153986037 92.49520418281769 93.53275875200684 99.55215885751201 98.13930099946887 100.50651557733406 99.96769429239468 102.5243086005039 101.1937557195209 97.00472072147326 99.38127245316679 95.4886830504968 93.48158338773318 91.73467610411551 90.41486548430287 86.643483725889 82.60545224067275 83.07846186396617 82.90479713762622 82.23287026807944 82.96798648858473 82.46742873755156 88.52084855147191 84.26066408246321 84.46035296681876 85.79305348118221 83.53189389036767 86.41184072857875 83.90042871600755 85.48665488160378 72.58456207659644 81.9778593259608 81.95610325536934 81.01561529125361 77.83253819430121 74.63677451831228 75.1997245446783 75.27448595757839 71.82701932214898 71.90006172688331 74.37761610441635 72.08006348351483 73.06273570852197 73.75590259290864 75.37792826202681 73.46219880255461 74.19362902530499 73.47715731444296 71.6823388470409 75.93660694480083 73.16092247061876 72.77532288127868 72.45533107290765 69.60816108945895 65.29118726788678 66.17874747903676 63.476337322693354 60.30021581314446 65.18897657863035 61.98743044473585 63.63028447425624 64.22924866402956 63.023302827992914 61.503589205002086 64.5272495191115 64.14800760279354 62.84600203906529 63.711284998162654 64.20755287378097 59.156873501011304 59.185290816706754 62.78180578177119 60.14363863678339 55.17181427692997 56.63362716093497 53.913676275080356 58.40470716109965 53.73245434958593 55.30949142642662 54.143864504359755 54.35599608847962 54.965718361564115 55.872817471155884 54.867218063872144 55.107273119209374 55.63277101063331 54.22056079205614 53.949018191566815 59.7118299826579 47.83286479678879 52.466455980451684 50.042839471491796 44.120487617635135 46.81627524335638 39.965043222259055 40.47683984987429 45.240863657868594 44.58097383196312 45.02968551052737 42.295403411140434 45.31651812700603 40.40021414409618 47.29302699544897 44.48141436156479 45.01476164181094 44.859533305871025 44.876771606185635 42.97473684917701 46.94597485622037 41.4843470779398 39.31333827856798 31.986429650155337 33.60804703337229 38.157173924093016 33.52156040173955 32.84351942716028 31.31661059145544 34.84318098734071 33.149109599425294 34.857912769112104 31.51472322107699 30.265216594524112 33.53772538545547 27.893223153757116 31.254978873261535 31.869544132270654 32.34597525872412 28.928800939958087 30.38729409198111 28.103083725294393 19.527606040532437 18.181384811578283 18.405728846907653 14.140797393757524 20.59145260682897 15.37937171236847 17.073887807915792 16.53972253178572 15.530617541984066 18.598813316750245 15.904715884463096 18.101993040745338 18.17349953290642 21.14953740378387 17.203173108948146 17.45513396281696 20.19497805977959 19.38626864341285 16.62005325522909 7.0861596340846615 3.840407078888068 1.3196638048800922 4.543675163213558 2.08355871993241 5.282041163401124 6.036669952781823 4.438045551606124 6.803245923706832 3.807580976276499 3.9123698084886005 2.1977831825035032 5.270546050035842 0.9213364066050089 4.6345734737501 4.221921834448889 2.93409630023236 8.744240215387059 5.196352415178027 -4.7951696655855285 -7.537928883734254 -7.417160876812266 -7.760907874912499 -6.6677350379701785 -5.15913881946474 -7.23454221119283 -8.382818954911956 -6.527952252607635 -2.204932834926704 -8.479363022716266 -4.560500540147339 -5.288488512596797 -5.240800231220891 -6.412389401340945 -4.766187123555564 -4.05413761800792 -4.787098373671436 -5.8813794674678475 -15.45079640354795 -17.984235725325814 -15.193291488509947 -13.111445681049561 -18.7136373724424 -15.8644180789392 -14.341994526984742 -17.602208349614433 -14.975835210142955 -18.279884758002314 -14.851919130453137 -16.10904267172775 -14.582073011054614 -17.91166290730987 -15.671854956867444 -17.489732267516516 -15.770849191667386 -16.259975832886944 -16.25347077239146 -24.80855572351854 -26.981784492471064 -25.909881562539454 -25.84482483011085 -23.24011583457837 -23.976663973685074 -26.73427420291632 -22.123119610787192 -27.005258746360468 -21.170821738080477 -25.775126493907145 -24.840382427539286 -24.514244075002516 -21.821339420170222 -21.978873729966622 -24.92221945913453 -22.018657195146147 -25.427966037827183 -25.878832415572035 -33.331202224337794 -35.166091981305684 -35.31472184883953 -37.93080798046462 -36.61871710761028 -36.86351176019848 -35.33715022421823 -37.521881918080354 -31.5292100699654 -40.36217844879501 -31.311001166091003 -37.06500724412597 -37.148791186978656 -36.95348538180509 -36.46003389191528 -33.81376341899748 -33.45316488641246 -34.27752318706961 -34.987792406104745 -41.496423432625576 -43.21933104381043 -43.87319420536488 -44.7751266136895 -45.205654994999946 -48.4227231904242 -46.99647312158028 -50.85900468930365 -52.25039503659136 -48.70222107615315 -51.01696854709688 -48.427938682089554 -49.17100371900933 -53.21723983185398 -48.71298877486551 -42.85683515447655 -42.381839641731105 -43.17420090361154 -43.8900814204648 -49.30749056514471 -51.46324260144648 -52.54832862670858 -53.995534822742165 -56.17098923486662 -63.90017161870713 -68.47967018189568 -62.00216175161169 -59.02067168567271 -64.89970871326972 -59.370455325367416 -66.15695175029941 -61.751211138717 -59.71740235541348 -57.5497993812513 -52.566361592450775 -52.5132575788715 -52.26907811428491 -52.37176820512721 -58.731389191250315 -61.95353119365012 -63.70762562496476 -66.06200514103136 -68.46830254905223 -71.04726120476661 -74.7911647023336 -79.32240380123498 -74.93792243033596 -76.88887332628363 -78.39989166316978 -74.3917394978918 -75.77893154760515 -70.69359955405193 -67.17316674349759 -65.97900712187094 -64.64456196335624 -63.381702102440435 -62.33757650688049 -66.14835755042408 -70.40386112994118 -72.74284354906399 -75.85701870499355 -78.97628626185163 -82.1923573069633 -85.44266599259564 -88.3727034098926 -89.78538560868563 -90.53545658417545 -90.41500657646321 -88.58181124030662 -85.79078399096555 -82.2707504799666 -79.0349115273424 -76.60594434543053 -74.05028345966277 -72.2299725504592 -70.1173902251811 -90.1193433803389 -96.32090582201884 -99.45839202190668 -103.52156324228737 -107.38505189772007 -111.29193556846946 -115.12154308907188 -118.45304122468528 -120.83139727819747 -121.81767091508647 -120.97092557740085 -118.7363277685305 -115.56639653687608 -111.90878724222738 -108.2161805016515 -104.67012115244358 -101.20844179199128 -98.65837838893654 -94.59772302476516)
(UseCyclicTransform "false")
(UseDirectionCosines "true")

// ResampleInterpolator specific
(ResampleInterpolator "FinalNearestNeighborInterpolator")

// Resampler specific
(CompressResultImage "true")
(DefaultPixelValue 0)
(Resampler "DefaultResampler")
(ResultImageFormat "mha")
(ResultImagePixelType "float")
