(BSplineTransformSplineOrder 3)
(Direction 1 0 0 1)
(FixedImageDimension 2)
(FixedInternalImagePixelType "float")
(GridDirection 1 0 0 1)
(GridIndex 0 0)
(GridOrigin -127.17954742883461 -202.19295869890016)
(GridSize 35 36)
(GridSpacing 200.00397536426112 200.00378078979094)
(HowToCombineTransforms "Compose")
(Index 0 0)
(InitialTransformParameterFileName "results/lungTMA5/my_reg_project-modality_fluo_to_modality_brightfield_reg_output/TransformParameters.0.txt")
(MovingImageDimension 2)
(MovingInternalImagePixelType "float")
(NumberOfParameters 2520)
(Origin 0 0)
(Size 6298 6458)
(Spacing 1 1)
(Transform "BSplineTransform")
(TransformParameters 32.742217488763984 23.98386475308671 21.580565678675594 19.140316632038424 16.870126344352638 14.644779682612167 12.812674491939724 11.21919088981909 9.743417516441006 8.34245673404269 6.9763270557432175 5.650018498787444 4.368719870880675 3.126088045266841 1.9159878259088443 0.7256619277670174 -0.45569950043179674 -1.6405172259689642 -2.8414765574843748 -4.067357789163439 -5.326919654974232 -6.435130023811221 -7.206877654203676 -7.820095539281485 -8.452782835988208 -9.119803587588311 -9.836158255658354 -10.57842862026284 -11.32521143473191 -12.247239525416612 -13.544155169568361 -14.950353392343995 -16.603602036226597 -18.388478503937854 -25.80726503816305 32.05732640369462 23.400809066875272 21.04065154659927 18.657189127163395 16.453919023570442 14.309058279978668 12.566188043648376 11.028584926228785 9.525570811882462 8.076896256969382 6.7172834654059965 5.509568068286388 4.518683154962671 3.602715444548133 2.620024086899492 1.6225729344577153 0.7697638856155119 -0.10651683206693778 -1.5420482673360831 -3.2502906252989616 -4.831954249263163 -5.997511141933981 -6.141647071598382 -6.408199011373338 -7.94669194402813 -9.561216943486103 -10.054138587109069 -10.20425114880625 -10.79386762386283 -11.737084740270877 -12.98329163715317 -14.32247856003673 -15.943534070211468 -17.72300670452754 -25.18899214229611 31.880304937417947 23.26277990408556 20.92081709606668 18.55990195455716 16.37954546892961 14.266322406680754 12.577682796612164 11.083658936662376 9.575151651727882 8.051659674488741 6.542781228358798 5.257090068020012 4.408036727270309 3.742790754721487 2.8652301175451287 1.9319831702503962 1.3449258721227406 1.8493390350325858 0.8986365976596589 -2.627507044920528 -3.3255650171995255 -5.352365615914603 -4.90085572544473 -5.09164727680592 -7.662467873644844 -10.053340354698141 -10.130239992397977 -9.614053707714625 -10.233853641245565 -11.422058472508354 -12.712098458266752 -14.04229224475151 -15.67917242037056 -17.478671042134145 -24.970425584740635 31.58973012539629 23.032751030423448 20.720528203145758 18.393864633820115 16.240030233278556 14.161220622429928 12.535696277407979 11.249660760593384 10.216119724042445 8.955621701794366 6.992659189102994 5.46328774711808 4.937683728050113 4.956935941416575 2.580593559018426 2.1232879735853167 2.464323978831487 -1.0524889985518346 -1.0124761196903707 -2.793693250267891 -3.9627196368479085 -6.201313085412741 -3.345286836487116 -5.691693988092659 -6.776453966474452 -9.461674904267307 -8.386063130205711 -7.116798674240291 -8.435742701955983 -10.669797825346182 -12.29504599511631 -13.66413068315089 -15.32086121460962 -17.14038146599135 -24.65902715280944 31.27657184953109 22.76056651057856 20.46643331115223 18.130121846121234 15.898318224086248 13.795615267326943 12.309275004285492 11.447203148261181 11.255958252847616 10.310613695763305 7.624905580672869 4.6712215520785 4.325777808827712 5.598217176455546 2.7497113005316223 2.0446142105446596 1.2324037642909151 1.9606045232321694 0.8876387489548833 -1.6062169951441683 -1.0731327728236808 -5.3134479599648134 -4.200575353998019 -7.1650259115100265 -6.184782257314584 -8.95275828728348 -5.379867837111194 -3.6757737174429828 -6.085785313340782 -9.679109006788295 -11.777511329538832 -13.298052097756079 -14.989843828058234 -16.82825486792971 -24.366149960309365 30.915805026432125 22.35027373021113 19.99957889073185 17.43950183342559 14.688593896175076 12.335314363099352 11.561770363066145 11.160308538951817 11.672855711330893 11.540691838826781 7.607135821637375 5.9869534155623345 6.304854686065167 5.576696587420905 2.5732374795353667 2.8227725140752216 1.6187495020615275 -0.37945834797322664 -2.6628129202530366 -2.239121661235722 -2.075160624826005 -4.969539937578173 -4.188584145027564 -5.137652244585448 -9.153183064394112 -7.576196066640317 -4.223719505298132 -3.680422578194731 -5.53990429325312 -9.12049109742353 -11.416538954320218 -12.976874881587092 -14.709004147359666 -16.55776683523062 -24.102680004882156 30.527597173180478 21.85006561197306 19.399698970689293 16.501667069880124 13.006593345792824 10.29760057305649 10.08815811912174 8.026353687405853 10.054883818600356 9.304786968601707 8.40693183391451 5.835471180673336 5.993871519116473 5.899257427048725 2.959137580205555 2.8505115157022307 1.255024942509524 -0.008028149134842767 -0.7917504947841333 -1.1963284468930686 -3.406729030657851 -5.081262493495414 -3.9935773758379076 -7.071505795818843 -6.87058371362454 -8.69475206474045 -8.437049323523297 -10.269630904183526 -7.960306904976069 -8.872504919282825 -10.825211415199144 -12.59860333171213 -14.446519848886519 -16.338711590953196 -23.898649208369047 30.16569724921425 21.523138840212088 19.029180014596122 16.035280767960064 12.599654176299765 10.067748631094636 9.793927061271269 11.213291179799219 12.764632134324437 7.976051868232993 6.818885802446683 6.877927332564885 6.347230428047822 4.928933908074497 3.639471917238227 2.699793837482297 3.51335725426827 -0.46967847733924506 -1.0669537384643404 -1.4193637612694694 -0.6433413713593129 -4.251556169298756 -2.044730598985896 -6.5182969475669115 -6.7727789331638135 -10.241630644793192 -10.040622860124929 -8.143556888223868 -9.222629747853865 -8.93584525882567 -10.113570171263131 -11.842487333680282 -13.94029876909822 -16.10617775660059 -23.776533171796256 29.763935261383136 21.20056963766334 18.486435624765434 15.444131757998104 13.358784401102277 10.638789056123588 10.03402134528821 11.562271127373862 10.810500713367999 11.057763571664537 7.508279219320729 6.8841386941236005 6.2603342906575365 3.690254629136701 4.675250756811352 1.6607406321159928 1.794250631423501 -0.2827242966640136 -1.3624241596494016 -0.7835563415067266 -0.1319094771047234 -5.670082122353852 -5.1155809222023425 -6.250231320595345 -6.657847992943845 -6.7795314354728475 -9.53721130559083 -9.10084815810606 -10.573077906206668 -8.536560754848423 -9.592844785937263 -11.078916031333344 -13.40653570218613 -15.91039888401077 -23.71910000417692 29.066375944097757 20.124365629570946 17.783665878776326 15.480027947399673 14.1237666943025 15.702371633355764 12.478632481661448 11.566174043258329 10.537432154386796 7.171179308877979 8.102870156789225 6.315325630412556 7.150060054219402 5.1572842443010565 4.164387243167216 2.6552466071006524 1.4550811283113179 1.9201288184708252 -1.2442308084487324 -3.2612112495982726 -1.74269417908098 -4.376817553134375 -3.0099784586362435 -4.5221528592367175 -9.56150130145457 -7.918795222144355 -9.919166704553056 -12.144832698498023 -12.076809001805742 -11.140225420832188 -10.428424532127416 -11.705861556634407 -13.780138678978078 -15.992738349581915 -23.651980806464234 28.11163119263678 18.33667364096394 16.640979295235145 15.01823525351125 12.781885700301558 13.193877596025299 11.428877440877052 11.542289304500715 11.842555815123935 9.287662101232085 8.761575395018086 6.737053952295215 6.9211394189005535 3.608001561423992 2.9400978544410568 3.860487471885027 2.59986933488936 0.5766431463566809 -0.8763470760813267 -0.8279027042920983 -1.5693547829988685 -2.8007600437940976 -5.493277654624715 -7.425092848812128 -6.951548934668356 -5.267419924108054 -9.47786123066856 -8.325679538511912 -10.022242531318174 -12.731964438596867 -11.077715968261467 -13.222586195981114 -14.67332173747765 -16.166946910804025 -23.5565038090455 27.213544244059605 16.739265482294677 15.118210351238865 14.232268188004387 12.051286521693987 12.664116278100256 12.677918430231006 9.404548438381022 9.81504071170367 9.337228197166676 6.91722222342666 5.2659603681090354 8.65053615475825 6.4870025292321145 3.5854493935077896 3.538945270350923 -1.2377366430053345 2.0332465993261963 -3.701533449922339 -0.8990285631746958 -2.326866838199241 -2.447629996167377 -3.4764006060620507 -6.092168409599399 -7.502886539451361 -7.687432412162732 -8.194878629943474 -11.196572067437733 -12.070047106220038 -12.659653498560838 -13.311464363545666 -13.2369096987236 -14.246764200488299 -15.740053013939491 -23.45176272039348 26.575450772613415 15.913377303078967 15.035142801051173 15.335299015992428 16.035575559609576 14.30522828688282 13.98908724387353 11.819280910539982 11.443088368213582 10.009667190204157 8.164294569893082 8.727121578279817 5.058167063870661 5.232795536509586 4.352710867069058 4.900037881467104 1.9755968848139018 1.7262270415284005 -1.491745435614976 0.19341489789782337 -3.370785497590609 -2.9905196146974826 -5.090744420450052 -3.9408328596926774 -8.901927581549936 -9.855659303807755 -7.9107654729926455 -9.722529663324526 -7.167207162229582 -12.15115561183296 -11.105563828595969 -11.375589949527194 -12.693112884339088 -14.841426390974531 -23.367366518800807 26.466400567196267 16.544286912701597 17.956023170942835 16.92751076736001 15.266850846120533 12.76210384467508 13.045529728238165 11.085851201994027 9.849688623866408 8.4677559412171 7.951312044613622 9.650979705171546 4.4890059764768395 6.353464438405341 2.5085875823457537 0.8042071694868668 2.271753755551182 -2.7342246602572073 0.48571519019206216 -0.7555581282589663 -2.0267351979451567 -3.4717740323588258 -5.211435138821102 -7.055503088390384 -8.751736334708204 -8.181236275573468 -7.106551482077983 -11.093644596073105 -10.064792221862364 -12.381371949541226 -11.668941536749784 -9.648732759018744 -12.539062697655769 -14.547375108981633 -23.347160996518234 26.79202639130987 17.189144473918894 16.857740789258045 15.704076960663258 16.294754022815276 11.326419153181087 12.115857783923465 10.945303756395186 9.657576227343018 8.495564191125863 5.839303629430106 5.6916261673233235 6.214213215383346 5.758494867073604 2.8861734045214944 1.6329739625710524 0.6363234894471088 1.9770390213579396 -0.9205566233757374 -2.6401983734280403 -3.4305446775751856 -4.236864758385397 -1.4605183486491307 -4.5660392736504365 -9.278234168985641 -5.574936547238313 -10.729934764998939 -9.230158542301014 -11.594077692090506 -10.989074976613594 -14.998246660202366 -13.202847964181537 -14.135193646526501 -15.032207359725525 -23.46125828440447 26.942819376351526 17.4688824712299 16.35947610498699 15.395990443411764 14.286931646687474 12.864336717135226 11.719694871094157 13.114807556387742 10.511122412016933 9.228878579944634 10.236879584881123 4.821606863925997 7.328471211221743 6.556893119123785 0.8269945030965516 3.6615321709397386 0.08010366999697477 1.2641929990338483 -0.08195307722682299 -1.574231414156505 -2.106826109686524 -3.6548138757960165 -8.327531073294674 -5.910409632638359 -5.957203742589305 -8.27750556325188 -13.338365489709815 -6.859061298595413 -8.04717650575641 -10.575838576561585 -14.618212027283338 -12.904548080387759 -14.81269573170002 -15.748586884915536 -23.86722065324837 26.86924390076848 17.131280191538853 15.88789804466493 15.377318601477002 14.166376624770676 11.683197714772598 10.51519916220865 14.211633186998087 9.30019659442338 10.738170138827721 6.29790962437415 7.740452325870794 8.55794649486434 6.11158898074807 2.6277588066020177 3.9079712900954515 0.5185755288096372 0.1643007995929414 -0.7683197112657106 -3.424817558573091 -3.454222486357514 -2.2630798091750077 -5.685841042814338 -3.3297362316592856 -7.6742119947337635 -7.002388917710703 -9.776444128963739 -9.898307681544303 -12.427300757498092 -14.682735579342486 -8.72402836307431 -14.448854465558538 -15.237574320649406 -16.389404395633107 -24.502882630056458 27.05317859215778 17.319051537758437 15.759698937998316 14.139188271584038 16.601904395258956 15.946026042844675 10.699222619772844 11.091376546354919 6.677365307027182 9.67149297781104 6.585143739872038 6.312935992649233 4.149896101239566 3.080479850170443 3.4809253635625907 2.9900944653950385 1.7567028467395898 0.040078042171867265 0.8209419567377979 -1.1362165455723197 -2.732418716647877 -4.123097290074108 -3.891732526972642 -6.17664978807767 -7.895287470550682 -7.595793691178467 -7.335604717713878 -10.021980150242959 -11.083830228484583 -12.491651412644078 -12.188830084694073 -14.494865911116959 -14.144446660363307 -16.558820858910615 -25.03228812864098 27.543262457853707 18.210826847383753 16.49626094358648 14.946940072586832 14.631858311357396 13.981737766048793 13.807920916315856 12.649706447052957 11.86482844423588 11.562897351110603 10.087934474366667 8.316922355479528 6.616467263440404 8.17676395875464 2.6666795216995958 0.6058476979012756 0.6815219776721874 1.352380269862196 -1.7395138660164466 -3.7375315739226056 0.7736838105853665 -2.9500071859048718 -5.330853952045836 -5.40213715737916 -6.052214177261055 -7.718360528860934 -9.190616666656926 -8.589609558001346 -10.242223528966079 -8.930740319517223 -14.714445647205693 -12.227506567663168 -13.761625284736017 -16.42340560365021 -25.41400298959492 28.05019576567821 19.2681504923752 17.540620504061582 16.975676207573503 14.96312603966056 12.358313184094836 11.936501570265433 12.324254704167755 9.362738034993344 9.605614021610073 7.022940794496496 7.61087756527164 7.861699227600298 7.649426122428355 3.4449097694629707 0.9105487132104907 3.1707752234820163 1.7836225382906252 0.17690726900337833 -3.648011846655704 -3.4026039850567695 -3.289382728178713 -4.514875421198038 -6.829977507025509 -7.922580347463354 -6.172374944528559 -9.517938822966181 -9.128460232043537 -12.916062161230448 -11.776450775962294 -12.972159283315666 -11.48597041683273 -13.993684069070598 -16.834916884070793 -25.890918829734918 28.45095481675697 20.21308784621752 18.351851259923915 16.448447165923245 15.45880917987338 14.694131670485763 11.364614551767918 10.78193226410163 8.609139377420227 8.36148314247151 8.492358582681943 7.239411999458332 5.007251610173694 3.404354963746388 5.748960086747316 3.140568833947664 1.5064226841050588 -0.06291005138185549 -0.6940623218665839 -2.7118484304851638 -0.48137441778926404 -3.544179979207746 -0.3618027461148935 -4.640772478132859 -7.34061206004683 -7.307427291140497 -7.307100417217752 -10.097551311385514 -11.618458367646886 -10.944100482887041 -11.244105709728185 -12.661130427975378 -14.972043490112572 -17.833340701968705 -26.469927082558694 28.681437515329446 20.52066676447604 18.37310645790069 15.59061919244285 11.945134808774668 13.477166175184664 13.104933926560106 12.188472514912423 11.556439765386433 10.57486302027073 7.90257247476767 8.1570845658029 6.981303497170773 3.0683240430240337 3.7028867650694934 2.3707026139456993 1.2820231308951868 2.6784304188171597 0.23260057469959702 -1.2075331566942893 -2.1774962622998024 -6.300353662932107 -2.3395163076315644 -7.7207064214387255 -7.022654946724315 -7.763123069025992 -8.748845800004476 -7.707662233769377 -11.234550347139084 -10.610184436371561 -15.424274588277395 -15.026001468071994 -16.05683334476552 -18.731688235682505 -26.963075949000096 28.749098838673962 20.264015327320806 17.576317610460926 15.448950937550334 13.82676582072476 14.883803997048059 8.50823440257743 9.554658560151477 11.858567626929606 9.091108887189954 8.855958089199834 5.829871778874621 4.371318931762351 8.361964937339302 3.3824875977220903 2.4246639377122063 2.0809667637457268 2.1897236099938846 0.4013965365576903 -1.876946567456896 -1.4357945472034368 -1.1398404513300977 -3.618821711309755 -9.583077821183714 -5.365559175732051 -6.70498998456535 -8.498224192773984 -9.545013756717955 -10.68672106381641 -11.337489896728218 -13.925105043975284 -14.395100068143398 -16.557875844005043 -19.217539973643206 -27.308019063069988 28.76513165405729 20.087701695971873 17.125615026672072 14.279807286741201 11.61070048807857 13.961621888099645 9.889534995231287 12.154001399041457 13.37366651383326 6.902894912741059 10.127997682373806 6.820847183351382 7.121236655589435 6.690066646957934 6.662503611788681 5.989127558392603 2.8613022991159904 2.351392939699534 -1.7618673628325807 -0.9518166466002818 -1.4474693817615174 -5.538562695892406 -3.6845176550860277 -6.3479590184661845 -6.234361331061423 -7.56746055326929 -8.403906977655275 -8.47251466457913 -11.897388137995412 -12.337735240175864 -10.69915885618011 -12.460430660478993 -15.620607821363528 -19.0481480465487 -27.520014739145445 28.77140122947086 20.151613799850864 17.275017576393846 14.579724522929867 12.95890578098897 13.216353099508817 13.87788697508389 10.446353681066075 7.485117190821476 7.450087197903751 7.874717875856981 6.667496297557704 6.795330373326024 5.50680297943557 2.276063519738696 1.819038195357959 1.1624752191176162 0.9525932104109244 0.88522751878767 -1.1376410980771394 -3.4860164277250645 -3.7789513889979336 -3.7008757220280732 -6.8311275496798665 -6.101498687318755 -7.164370057332199 -8.10456865784595 -7.753119381509867 -10.607663577353797 -11.66974604184393 -9.514074883210036 -9.950180592277002 -13.84365621020233 -18.419521514195594 -27.60368772529872 28.76210263981738 20.245499168638865 17.569652833091087 15.116077945115434 13.676668899211357 11.842453085826637 11.983863278983096 11.697017820260756 9.694160752824041 7.94618881733926 10.704960378308709 7.2040597034626455 5.129601198303838 5.439716374917288 4.176058876315052 2.42131332477651 1.7283847355830173 1.2434672733286065 0.42888761892439703 -1.8756705499211879 -2.672747868705387 -1.0799271190596214 -4.175489927311081 -4.46426660821761 -8.487704698552138 -6.658454711645918 -8.486246020491414 -11.606158710643992 -11.045344948820322 -8.814707670532126 -10.343252961294674 -9.608655390548085 -13.414343288377832 -18.172068255372647 -27.56400753963802 28.75453334098181 20.31449541235587 17.837985523774446 15.570725697596203 14.070716288749573 12.873176990888519 12.212825983676856 12.430878108454934 10.603923268588673 9.97076589831898 7.5216108610726815 5.525702130470273 6.519834239420467 4.79011666459853 4.0358863603756845 2.349266207518597 4.204071060968583 -0.5612816204946084 -2.1200821953874995 1.0598831321742397 -1.3763246789860162 -2.7869156550297256 -4.193851077086396 -5.680405921921372 -6.253422408870388 -6.2756503298912705 -7.458244255265844 -8.733700085674496 -11.305607311529299 -12.086364707200117 -12.334206252824487 -11.461991064362177 -14.520119367055512 -18.42971014187444 -27.440346323905874 28.779962297034167 20.35811587922231 17.979398868907438 15.651008839820548 13.660863965110988 11.773631001517685 11.650396097130216 13.045980535929878 7.984877698453103 10.153883864960738 8.49416237664807 7.035886802052242 7.270484844653506 5.061350365064459 2.6927695450395315 2.1485160491678386 2.2207865702811853 1.6562826686673895 -0.45603234955952077 -0.7699373476206718 -1.9264098216349395 -4.08236843639964 -3.042540068461621 -6.03072731827152 -5.729436028343637 -9.796266529929218 -8.20356196750586 -7.30297687996626 -10.9558967387643 -12.826139042485174 -12.907671436890695 -12.831436425813198 -15.486806098168495 -18.66730329095983 -27.323244220972896 28.85866376812254 20.399615362982956 18.005107056586063 15.372469550784535 12.502850505873225 9.434527562269592 8.218222836576334 8.44017725486753 8.178261303740449 7.642240487972795 9.789581945928223 5.346576261347215 7.331311965268979 4.662150441318241 3.437225587693765 3.94104634984984 -0.6285663432455955 2.0694243946540936 2.917329110999161 -5.303527079886189 -1.7413668018223227 -5.488602569271241 -1.6239872153470896 -5.811000048429115 -7.030020287927738 -4.5722055312581 -7.640835972914093 -7.6781818572980995 -9.012381122722239 -10.830853520603211 -11.863852528109017 -13.185144375453149 -15.895942945605135 -18.752345241928797 -27.24119228602121 29.00578719261377 20.501972290530457 18.072376668964353 15.187222902749602 11.65343193490915 7.94819288929092 6.673353666945317 6.932421170109319 8.139887957311464 8.836251721069718 8.439586273297678 6.796378673031651 6.708620972028981 6.341201337460339 1.669366644731238 4.323991193902597 4.298527405436659 0.4938446061555592 -0.04493420037011621 -4.122403774379644 1.5709357902001542 -4.946935930728223 -2.138637118548981 -5.988722277816162 -6.749874082680578 -7.576112287399869 -7.852611993831283 -7.466229419035709 -8.142553726682195 -9.352620494841354 -11.179092478050965 -13.49659879307226 -16.174255360278195 -18.798523913176496 -27.16665047648649 29.227305490803815 20.692770410136678 18.239007546805638 15.236813452287388 11.417150618698452 7.670156888830325 7.004809496234086 7.852605572417795 8.925438470714855 9.59973548145092 8.990873381613678 7.5948528251186405 6.165015928543838 6.363619407864993 4.180233479057489 3.0829448091632776 2.343569172513749 -0.46527517475006774 1.711167609867435 0.42443007355864276 -2.246851718025658 -3.3674059931478295 -4.693799360481891 -4.707095875699839 -4.332761028650468 -5.672385876036755 -6.267536093319156 -7.11281367103647 -7.923472215836561 -9.111973441391795 -11.415046665294769 -13.887438724227614 -16.41401243013102 -18.83003276194697 -27.100993637827912 29.528699962790622 20.979706997230156 18.51462559639497 15.484666860520315 11.60653948372706 7.929157775796371 7.677571109898334 8.884362833322376 9.887994694537904 10.166731827454702 8.900746382315294 7.010114021092783 4.772101139517032 0.7395343628280452 7.132322327177549 5.583852405438877 -0.029120343428419102 -0.4960536019237069 0.4134071587802671 0.63550729560978 -3.680603232700911 -4.110867838076982 -5.262905185368172 -4.747703887496849 -4.4505461010752505 -4.596847070598931 -5.582329799274525 -6.837719190770594 -7.900192633921253 -9.493166146258257 -11.803150858034307 -14.190236880280239 -16.573223109795414 -18.842841402216386 -27.066484523624993 29.87911142806377 21.33534853042874 18.8822265272613 15.911944220211382 12.169471559904395 8.57968783425396 8.299486984871267 9.298544649348928 9.860852080174764 9.771854545281089 8.471388649215037 6.573510350638412 4.546860656482362 3.071699573594407 5.023771156707999 5.453014277039259 3.297590407652482 0.8850896907171744 0.9115106051643516 0.6849351966286711 -1.823494581712253 -3.8567480905316214 -3.6745001342909243 -3.262995110752265 -3.8751245996884545 -4.643961593329419 -5.506501767650647 -6.543908322196206 -8.079804371736868 -9.928524608238053 -12.15400211750209 -14.393622246652178 -16.653329844309294 -18.839200632963482 -27.061471368546197 30.25250297797865 21.743918069375017 19.353477991560567 16.575304771742715 13.250834749047153 9.997417842291304 9.486147081652698 9.95631249962544 9.973856671015726 9.540595004272761 8.348024930074363 6.7747587042110125 5.218123794229313 4.282857704737457 4.780287239282446 4.972569596314866 3.243151398340909 1.1810460991921337 0.6703567595328355 0.24810584990444517 -1.6193224596155282 -3.2886519613610994 -2.826712057811312 -2.7019063462170676 -3.8066983600585127 -4.9701905194955485 -5.735820190608323 -6.811772945088607 -8.44215577179342 -10.302565297123786 -12.423336326132526 -14.508643856405637 -16.686280676616125 -18.83854945741754 -27.08660235832971 30.513384464242087 22.04646096447557 19.737665320462206 17.199046947082348 14.40862108140214 11.846628090177651 10.943352025087046 10.719754973412256 10.323001055401482 9.680602959304627 8.627699312485305 7.362089827871993 6.084298269816921 5.1159353557769975 4.829626699605144 4.413154844404453 3.0581338206949646 1.5448088809033136 0.6504602222101096 -0.18809560225495592 -1.5228483769187224 -2.642096626743812 -2.777406107684918 -3.0513058155699064 -4.114427012279936 -5.304475960931864 -6.252499632865526 -7.363535650531083 -8.809956515398639 -10.537294386120484 -12.532800740759285 -14.519633469666623 -16.663002473898846 -18.815094288329796 -27.091386309738173 31.24460254667629 22.88313917400063 20.680373487528634 18.457665955429675 16.346184233480543 14.37041255589234 13.020152530816748 11.989667447968905 11.007917261849535 10.027679065480982 9.001713105048537 7.951093346001713 6.897073739563058 5.8140596740051596 4.676511146262359 3.5676933853718538 2.571790285317318 1.568067917508178 0.4358847879752184 -0.6566101580479851 -1.5403613797825297 -2.3198136891822796 -3.0981169907917 -3.9542502740966863 -4.954390666596073 -6.013783176752556 -7.057639239573241 -8.173291679863635 -9.444706368736526 -10.959001770554512 -12.834767405532073 -14.771499434873714 -16.92134645211705 -19.108417751182063 -27.46832070963798 108.51741898766879 109.5659077944153 109.86064675525797 110.1903370664366 110.55447443122641 110.99373890256295 111.49225669296142 112.09437613326709 112.84034772166717 113.72586377062575 114.74622393501693 115.9109452861586 117.22951573218599 118.66018388999608 120.16136838725626 121.28479880568932 121.5838445448318 121.4487221375535 121.26909765172014 121.22033923694183 121.47783638386335 121.50375736308285 120.76021007320155 119.61626709479184 118.44130808390071 117.32142152938934 116.3426791392277 115.41363977958446 114.44192615792974 113.39605792753645 112.23192442976865 111.10071533199019 109.9773576583917 108.95743365615623 105.68121862159356 95.3601874442877 96.00477478621298 96.1412173847333 96.27895813420916 96.4364019727198 96.65258396876818 96.9329056986895 97.32200914537344 97.8603419042261 98.73096050011195 100.11395057170171 101.4857700677136 102.31874918690812 103.13411749622682 104.46029561452357 105.46257283856889 105.32374466258443 104.68088870318246 104.62130025424737 105.12417054311078 105.71054719232306 105.72097353923031 104.67449385748685 103.41660187657737 102.79721552526415 102.30014833343886 101.4019088416892 100.34858419882075 99.38687655837927 98.45167101254906 97.47261445162707 96.5561407014879 95.65448266964842 94.83406638365277 92.08842948466868 93.09475778247675 93.65743450347563 93.75641417046326 93.84153253094937 93.93189444819832 94.08098412306349 94.30861467671339 94.64688490706723 95.12161577814467 96.13543864142407 98.07648079379858 99.84032203255528 100.20503603622666 100.5127049390526 101.49106132414848 102.16081723264531 103.57674974388759 101.7041418855784 100.45202419975905 102.22479695758571 103.94386728870077 100.61392331090717 100.84618725345038 100.23817389842166 100.04308299109704 100.05472982346167 98.89136457601573 97.39134057407905 96.39223369361049 95.58672994115238 94.69772183642664 93.86755704711369 93.04226341227447 92.28167669690583 89.67734801865407 89.02836472849087 89.46093642275726 89.50454066371996 89.50292190876308 89.47224227738214 89.51272709357184 89.70179902262846 89.97363839433096 90.26114714076756 91.22706254047391 93.47716280839578 95.55943268098854 95.1329110660176 95.4156489059968 96.73979901404653 94.3213147997423 96.9508146908896 97.0068904424188 97.46364029519033 95.99650250952556 99.18690212624058 94.95845253111025 96.59958310388733 95.62617358126514 93.44949400537564 94.45852450717868 92.29272215716314 90.0003379126136 89.69779836838207 90.03867548632829 89.72776937105715 89.14709423315945 88.46738403567346 87.79088022606203 85.39860028792455 84.95197423646648 85.28062279253888 85.28393434214738 85.18735268769225 84.9694039520937 84.84765930454454 85.01934918582779 85.2585723657808 85.37932654267311 86.34771215073366 88.22192510147401 89.16802688784738 91.05296483657712 87.56765889959948 88.9771149476106 89.92360598642958 87.84528546489035 85.67030769244927 89.70978121881099 90.81103155764858 85.09371137564271 89.16083939428869 88.87416213069766 88.12659252378802 89.396777229323 91.33870777521763 84.21039634004197 81.26217889802177 82.14786052232736 84.20660498266624 84.71101858687481 84.40175449688806 83.89223075541253 83.30768486438599 81.11605548873888 80.79560321958462 81.09001939002434 81.09944414009169 80.89710110754733 80.33762232333504 79.87517146254145 80.01305260793569 80.04406711568858 80.25507793933042 82.55610236038653 81.85842834390398 82.63168719325193 82.5606055612271 82.09266314666536 82.11399151818016 82.17086820559729 83.29496463235226 83.56722587816934 83.92691143163863 84.57666756311896 80.10057959160856 83.20553330775527 85.60229790909966 80.7086611117224 82.65127893958724 84.86366631084762 76.56482533091047 76.70587802132194 77.05450629529685 79.20036068295337 79.79204019300796 79.62226117817471 79.25566985557649 78.77133948031528 76.76005195772777 76.75670555340757 77.07096061644175 77.07333949917454 76.72081875685898 75.73411072310807 74.84328491610034 74.57518967443085 73.61753022419492 74.59426264435118 76.80383639117395 74.71228277804792 77.91755100495308 75.696509034902 76.54748569444118 77.5158835496487 74.5573545614426 78.05756773291597 77.45429274803942 73.12891605444715 74.54764326617078 79.07083433156605 78.45919812133762 76.77359632361916 76.69206772027616 74.5519128975399 75.47293227826854 76.57342271658197 75.22349820971561 74.16004183649292 75.09711193356569 75.07927308962564 74.92251188599978 74.6965955241914 74.37732031882132 72.54306432276984 72.49107875535113 72.75799417214455 72.55639516868015 71.92940672223747 70.55809054161271 69.8663467170218 69.79802303319495 68.72010586683074 72.88245723124672 72.12516188124603 70.50081872679309 71.99557075153288 70.06181405988583 70.66521849730205 71.26117769276917 71.19007525531286 69.57685429631063 72.42056307111778 70.7727456543618 71.21128133335782 70.71642669600345 68.46928320082071 70.64323880862887 69.67357549684156 71.65050125404642 71.11764887964623 69.62985235424692 72.96258499673884 71.7702879413953 69.82712281422707 69.31808786248625 69.34594867355698 69.5707875309537 69.68014901707014 68.12539926001337 67.93482349584895 68.1000386541457 67.60035293447004 66.87042203127001 65.04796306012324 63.81287387331419 68.16330180768355 66.74964275828619 66.41639405498316 64.20382690392758 64.29142664092684 65.88481283274538 66.92999373875413 67.88218657490295 64.9995410630563 66.38361390421154 67.08195381730928 67.27977933423567 65.32239071240902 67.5303329409926 69.02311416013417 66.2967332344304 67.8266837377986 66.85722768944873 65.72400570871622 67.67949551351867 67.94929615504874 67.56354737934669 64.7539540551972 62.300127368916534 62.78187642177806 63.11637759194169 63.92978855690843 64.64131444466514 63.441902110927884 63.16261625973195 63.34960912556366 62.61903890440477 61.64600185941477 60.192672577142865 56.29492164630025 62.12125302717216 59.214431160840824 61.087932890555315 62.49345962269415 62.79122210257763 64.07229586055232 59.76106449609361 60.60498188346128 61.93902487671449 59.65304502903468 59.25872061331859 60.907584096926456 60.431967410156055 58.759391366800116 63.430191580372956 61.714837441307864 59.93364039676088 60.51418007883171 60.04459959212961 60.061078413033194 59.524307568678 59.58269051333675 62.470020833550514 58.46831574196104 58.336370170753376 57.39375294808204 58.31904437606989 59.47145665373378 58.56118229885433 58.20194970208763 58.51373093463702 57.78633104159556 57.00853726474526 56.9196210030773 56.21144037819937 60.47274048395706 57.56017727018059 55.718615305694165 57.182509594371474 54.35729144908605 54.206268230133695 56.60627890888346 59.50946597443069 54.88325336841837 56.386013730578725 56.558318291330714 58.056434140797435 55.95182486383306 56.817930748288816 57.52287416401941 55.3147484654807 58.30543015346932 56.29971395735627 56.568783605286114 56.54198696252576 59.35835567006924 57.564877258927666 55.35386647481273 57.107018543297215 54.20346139528065 52.316786524132254 53.01453576391254 54.29546829979705 53.48527083152173 53.10299735304801 53.55080059406168 52.22965378914257 51.0977145292359 51.24884430825831 52.805190216909104 52.659095861719386 51.447494080987234 52.665938750642475 52.64518481798308 53.040860525474834 57.423700150501006 49.72759076799239 51.143173929553676 52.79332581138125 53.62739730779771 50.318622573713924 52.02129694899848 52.90967175228651 51.143782106399776 53.78016278100311 53.975552482074804 48.2585130042475 53.15161832783377 55.71023354565897 50.15858090571077 49.30422693173217 51.4455405428164 54.499881562313156 52.587922127517544 51.0661528088696 48.953100557218434 48.86245873418695 49.29767947257012 48.15168523070613 47.775083272242846 48.28690228903504 46.55416793860456 45.149490512739334 46.97432119198936 45.17751358207653 46.331899187364186 47.8834787795167 46.840000220221064 47.813870317902825 46.92907838924842 44.37847146264746 47.43761784293422 46.46143223784025 48.230675455846736 47.42420806164645 47.43161545690691 45.15910167426517 50.5940269818137 47.59179623472686 46.390855075469354 48.108014516337605 45.989258886926734 48.223153216915925 46.608331500464004 47.94566171089733 48.66339414901222 47.54997935729658 47.80050798479884 44.72032415194446 48.888731387343924 46.61586591808186 45.321421625961996 44.36550813983795 42.61775214656821 41.92391434690328 42.56167061568338 40.49415887554218 40.339368283934675 39.27481143382605 40.26782903543978 41.89218226513974 43.801531873667905 38.366113341386026 44.32768568873609 40.519301420557206 41.58542518248241 44.349674923773804 38.20756374080636 40.78423811769081 39.177496891530176 42.347842945563855 38.19813845607747 40.71733802077604 41.08371937010776 43.31611903192343 40.263939567341 41.68840917642312 42.68060997055794 37.640625216504574 41.619767486999976 41.96815507874406 40.934952059962406 38.53444372844662 42.68768678574532 42.099962589726836 40.363575336007194 40.12718326621144 38.952591506322065 37.08870054359084 35.563415223629114 36.511444886014985 36.26871372652637 37.36593062820727 35.16595966218111 37.348169776169165 35.14982028775297 34.74850503226537 32.99081504656156 36.05169283176034 36.325628118728716 34.56413236690889 34.864454945805996 38.32273035616495 37.23411357088604 36.49416017153703 35.911854242804544 34.9493503808406 33.118759252614666 36.176192451466896 35.82110449653617 34.73385257544596 35.36942385534947 31.38776907473563 35.54890392368149 33.76683619907139 32.943087026759166 35.81756112540912 36.623966259227544 35.66593201653189 34.14811872143375 34.66577005992803 33.62399666669198 33.08335914647738 31.599211358516925 29.009300125457987 29.938102005909652 31.441473582810982 31.84188132404852 29.609412920702415 26.7338867863652 31.95737744433256 29.2319441413015 27.953576450657334 28.524580139576678 28.87090838704812 30.595463670108686 26.538295749337454 27.785102057933393 30.494767827956263 27.280766744071677 28.56876585126874 31.023649080771285 28.701875546375177 28.98983212994063 27.185822824698455 31.138809076016535 27.43207236406823 28.35590132854938 29.319157271751333 29.636154475823723 29.779685127237304 27.60491262447574 29.533755655999514 26.224830255643294 27.13953838040461 28.77956913058666 27.21247662641637 27.380666056600564 26.01387855452631 22.417376228350122 22.329162784960484 22.600517274094386 21.066804552987964 23.250904010176004 20.026101341564225 20.759813516940625 23.508525969769355 19.71773051906156 20.804654853936604 21.03659546197504 22.644452777455104 19.46699456277207 20.020230827711558 21.525866667499535 21.536130429819476 21.199440379847324 19.320749375673426 22.312687815955993 21.501966016756942 21.92597488281562 22.074314957237306 21.844190255863918 20.05404581329788 21.610401829353293 19.44526678474507 25.514307661183608 18.537797467288012 21.08861906321258 23.332651507032534 23.330109128655067 22.544687591813403 21.740686381723233 21.928820445714663 20.345465341302727 15.8554963522746 14.692212132465674 14.211679545191714 12.517196380696825 12.883077824033121 12.700321151910876 15.750308657881611 16.570503885798598 13.876139942059059 15.274107425298045 13.916091172099815 12.821871216466144 15.197430484811361 15.997306832195891 12.825542985321079 12.654488387130328 15.557538441119318 14.295240720639526 13.530696362979317 12.86522615093273 14.726400241375625 13.255857304671553 16.559257340918414 13.16490476452843 17.03234630940736 12.319023615601958 15.073078765094914 14.693838977558089 13.356347793949812 15.02029213831017 12.049403750997186 15.024511556549385 16.276686595127977 16.36044642832794 14.762928176504039 9.417748131400144 7.50720945801384 6.716859113062174 6.647075951519568 9.651050719733613 6.426710692540616 6.352256975974673 4.532932699840691 6.639928936815121 7.745336628635255 9.09634564099974 7.996052826366572 8.86850155240041 6.919622933316491 8.585467844902574 6.866893460541667 7.928297641726902 5.742540835010781 6.7019691369513845 8.305143809891764 6.930262295275647 5.901179148608273 6.828100488211436 8.613968597371066 4.74752798736702 7.407539678370429 7.734304292724222 5.453970340015982 6.696541078850831 9.020417723284408 7.856699518356543 9.01656902770624 9.925916477493768 10.563370420962539 9.232134402520629 3.2196792383256323 1.0942305386504734 0.14191603671990047 -1.1509870803720446 0.3373578434033327 0.1932107695541721 2.800464971829124 2.7318119759728416 3.1986375537681244 0.08774608490611488 0.20765621594150618 2.23575867923205 2.1957854321530443 0.898229121540481 0.36506247221225313 2.488021982712387 4.223500392063408 2.7237122466834967 0.8057130607992058 2.8570390825917724 3.3570056975992157 2.6450885333350316 -0.510837689806904 1.8448352249714444 1.7161811442553137 1.2977327104031966 0.7715851342352392 1.5245180942873318 3.895022468718425 -1.2637650329163357 0.4466643773217826 2.1511685956557156 3.8383259485029617 4.536323083897741 3.466975937081849 -2.685786295147103 -4.525989379727381 -4.922014120930731 -4.503850398584517 -4.264331882760114 -3.910843834162571 -4.644132980839646 -4.895291497856065 -3.2413546648435183 -1.4137485005426906 -3.9150963157748744 -3.2176116390134646 -4.700349929355493 -3.2432690387597582 -5.010747171970909 -2.4957438010049247 -4.802251021994157 -2.014918505489352 -3.272373447215397 -4.645660499368899 -5.556360233370061 -2.545209656507966 -2.9633944767694715 -1.6980875518551424 -1.7360628226520805 -2.014799137336076 -4.850933393728362 -3.085548225214936 -3.078907639161126 -1.8131473410959609 -0.5074661820961555 -2.9599582374851616 -1.886144049073469 -1.6116163110355521 -2.476946981602717 -8.313783955384075 -9.79614848454907 -9.65198154072696 -9.370352512453609 -10.500806400722697 -8.708781125773129 -9.685662195376299 -9.452043341290734 -10.632651448824442 -8.505794050087475 -9.527100446621345 -8.028630936141992 -10.726610090554692 -9.48889899431886 -7.473343135617856 -9.208437775953973 -8.304732037719631 -6.584643909287562 -8.37963567400493 -8.90654708345958 -5.560047854962996 -8.956089748530108 -6.8066447804860255 -9.147440382990721 -11.978217322048646 -7.444409901562483 -9.882833341136283 -8.078752056391076 -9.188181830167618 -8.651531916245336 -8.016094767156442 -8.72894630127717 -7.429826167492476 -7.6058769378576585 -8.19574532881289 -13.64182117925975 -14.863235116021821 -14.312996347865244 -13.749668258170686 -12.8006718523013 -12.116810120825496 -14.95349977151009 -12.408657391994705 -12.532809640743322 -12.90271796666809 -14.24610759326934 -12.15464915375662 -14.477639536165661 -16.419954886973144 -12.420932113114516 -13.519458417186305 -13.59008835989841 -10.53201539129404 -13.273198407562791 -15.162590664858701 -14.348771230956975 -15.760696427155874 -11.271989012320992 -12.782867296148021 -13.499301727869526 -12.611956862366114 -12.608991322814875 -14.275492127191136 -11.921566179725408 -14.042847417475116 -13.253978440244557 -12.85306427664843 -12.987126224418004 -13.251640676831581 -13.560346128435192 -18.605659500250464 -19.70154130808975 -19.05758075283949 -18.310253054796647 -18.099036457281965 -17.26555975110997 -16.601657951719286 -17.975664307290952 -20.79180173517726 -17.49779296799845 -18.578051423767523 -16.744035992928907 -18.16678918470855 -16.27610938855131 -17.932199521172212 -18.302911625735163 -18.720457331812923 -20.52105427286137 -18.97695374127508 -15.455473768117296 -15.978923520765928 -16.35068936882498 -18.217197813497425 -17.96129298540057 -18.61397011268406 -17.78807987385216 -18.49149338339971 -18.19762787567083 -17.142629991739437 -18.478265734625236 -17.502401802244766 -17.55330187532427 -17.799862327253823 -18.300280258271158 -18.630906095474167 -23.225960687013625 -24.32998150659954 -23.914538812666013 -23.318756845916088 -23.21426291657931 -22.5582932362193 -23.191131753477748 -19.839982031414237 -21.262636186672957 -21.34851427270782 -22.092057230897495 -22.85086642592534 -23.420924053673605 -21.454486623876264 -21.2630829911551 -25.229910674183817 -21.191503428358004 -21.173131101666822 -21.565164089786006 -22.80103633976377 -25.522115686360667 -22.178931619825587 -22.543644351864845 -20.86303826019156 -21.37675818701012 -22.55061590028316 -21.128083790619684 -21.074307898784916 -23.781334248671957 -22.87572875790846 -20.427589313759903 -21.27529741447503 -21.911324716338857 -22.829273951084623 -23.444961164130703 -27.604817018801885 -28.733269721035974 -28.58485888958483 -28.405391517901062 -28.423128245474448 -26.640458015306198 -29.51809838167574 -29.383125197890752 -28.10597259250677 -28.44932488733154 -28.671061325535902 -27.32278518149635 -28.07986173959319 -27.269189177090563 -27.2917061456138 -27.20152379970935 -26.31927746794638 -28.506187412508194 -26.769934287457414 -26.60044715152386 -27.570968248684764 -26.464882901306694 -29.137294344421573 -29.35387620639348 -27.29557033328668 -28.575341738215002 -27.37120452882011 -25.098563579591026 -26.516467547089533 -27.517730937902357 -26.056284479020725 -25.643072569203245 -26.358265316659484 -27.319902497699356 -28.066369928809845 -31.815344679415897 -32.95057032685198 -33.006555115187446 -33.19009688766829 -33.82272846252762 -34.13599407379578 -32.94238068690506 -31.61285627877231 -33.11809637669244 -33.307079756510674 -33.811082575747186 -31.308261580364448 -34.80485504405485 -32.0461415958795 -33.597307883572206 -33.330745922604336 -33.64410364367603 -35.584259494705854 -33.31160242122887 -31.87165037327162 -32.979142161768216 -33.09034018511466 -33.02712616062391 -34.18702576107268 -31.03977380152284 -33.43582076949307 -31.631257157226948 -33.31990820847411 -32.99898723293922 -31.034248973108028 -31.036115504521877 -30.810398089742772 -31.28830423147326 -31.90488582853385 -32.55985267630819 -35.93008550923125 -37.06871270577298 -37.273773286694784 -37.64807349009926 -38.433005719438185 -39.154088325643244 -38.11989387689737 -39.41110172263014 -38.86984904365132 -39.77032503551034 -39.0182081942193 -39.606483927013805 -38.831635224317196 -40.588149560926034 -37.77094112683847 -38.48128900270471 -39.72464179430203 -40.44703640665883 -39.077218230639154 -38.01001366492846 -39.41226506583118 -38.79632935108272 -37.88423678482735 -39.49220380970412 -39.520970687239284 -41.878918513189035 -39.84346700583148 -38.18883743506321 -37.90888422574933 -36.38752747342802 -35.78655514867191 -35.68690966474402 -36.05040602172821 -36.433284738562975 -37.01407070710667 -39.993033672825426 -41.15259687660382 -41.456415250461745 -41.86163710902015 -42.46069798298893 -43.019445660983706 -43.15390388291262 -44.198215791273185 -45.43749568855306 -43.6907719840811 -43.63318613989414 -47.12678834805655 -42.66987405485094 -50.00583514843257 -45.96658356257459 -47.61403770579923 -45.6953461201578 -45.626724426244714 -47.011284036991086 -47.06833126866602 -45.708874096264424 -45.80129326202694 -48.95912333330186 -46.62068968835047 -45.96450926456723 -46.404560373542445 -46.91816670170143 -45.24334903222629 -43.02614636906114 -41.15248067291249 -40.243690154920614 -40.229934454186406 -40.58622482697141 -40.91081508062137 -41.458037317410714 -43.992898101072605 -45.23916642529915 -45.63188377682651 -46.08364921320303 -46.587032699459996 -47.121508846143314 -47.58681350817918 -48.54100678530511 -50.695643725990585 -52.584178505877055 -54.5157871236552 -53.587278505505445 -52.652128535423756 -55.03036055437252 -51.167583221977324 -55.010839267815946 -53.607875006069605 -53.79877739265413 -53.49347392168522 -51.336549487011524 -53.04785538498834 -50.48548331562708 -50.70642078540276 -53.52882644347479 -52.67949973955885 -55.22542239377575 -52.42502519599577 -50.62593666792843 -48.034969704513294 -45.7886398170039 -44.943940118330126 -45.00935538785803 -45.20509977011933 -45.42109495513203 -45.834302155143064 -48.03022338992968 -49.446417662894994 -49.935807929327986 -50.50626268323786 -51.1113734674129 -51.81433049836376 -52.61399277376946 -54.03001507119388 -56.6129240173642 -59.55135476517799 -59.77335223465242 -61.237944208964386 -60.074848515500676 -59.48983929594153 -56.710137754210855 -58.81730872231846 -59.22777064151932 -60.17332983005163 -57.612486486417886 -58.70609156688858 -61.28251526928693 -62.37862886327946 -59.670977988715435 -59.00849620309461 -57.903156612164636 -58.403114849713205 -57.28277300987282 -55.34563930195501 -52.74928446862561 -50.656677702956834 -50.07498795778444 -50.05966378718098 -50.04878502387731 -50.07187822647876 -50.22104304764578 -52.488531641692 -54.18188034566692 -54.795243400059654 -55.52401816241688 -56.30360107058777 -57.209477083443794 -58.241076128699696 -59.8206172576351 -62.368730544916716 -65.15308672509205 -67.39122385228984 -69.28613453579946 -68.01743802840933 -66.28386678061489 -67.54767252032005 -66.16056815410921 -65.95030571675 -69.21969933629103 -65.998665608187 -67.71436480453342 -64.39802120343246 -67.41239544920401 -68.41704281993222 -65.26310311325581 -63.96461382043836 -62.63481132002648 -61.3459599452651 -59.777274245762875 -57.845162859205665 -56.43972597705767 -55.86164429312218 -55.64840466555402 -55.402137958248694 -55.206697891264696 -54.996276145485304 -57.10081754352208 -59.1471191950929 -59.90608851408654 -60.817753084655415 -61.795391050791814 -62.89516321203684 -64.04477817028528 -65.44584181373997 -67.284358045733 -69.32859683769475 -71.34405979415924 -72.99751466705196 -73.82658533002893 -73.64796350262941 -73.29777144525502 -71.30287064447415 -71.70008239238359 -72.77419105757 -72.22337566225514 -73.29741419375705 -70.96402348933007 -71.90749211366976 -72.23149877011262 -71.54774932939394 -69.93382592153242 -67.97972442812203 -66.21388103221686 -64.61184045718353 -63.46899652605158 -62.56900115906109 -61.91046594708552 -61.417484251298866 -60.90509803461406 -60.499784947949834 -59.88205322978614 -61.86267054536496 -64.30758245211908 -65.22486031340618 -66.32666251290536 -67.50484505479169 -68.79548715636048 -70.09637727728199 -71.45620793323423 -72.87870819019557 -74.42983945059889 -76.15947132839518 -77.98072206057125 -79.80275556849335 -80.88063294852553 -80.35566622862783 -79.47157093071354 -79.74452528837718 -80.57592859653235 -81.11036923262944 -81.08767517071516 -80.12482360531432 -79.01936762965457 -78.532835911116 -77.95123404311153 -76.25966354876638 -74.1026065480619 -72.1283970129418 -70.69919447142942 -69.74312771492806 -68.91239378632133 -68.07971790156945 -67.29222300154143 -66.5265908076237 -65.9330747107537 -64.88641319511619 -64.63781929185232 -67.36141955025069 -68.3892739713251 -69.6234856401391 -70.94432823399713 -72.38236612080571 -73.82403379536113 -75.28759262737549 -76.7601705095845 -78.29790547121462 -79.9430545775361 -81.65001450954018 -83.37561917232685 -84.63369842362552 -84.90723621798413 -84.88014152864196 -85.24078334423679 -85.70997629848371 -86.01281029900461 -85.86353073657482 -84.9908732737419 -83.83058261481064 -82.94084550130351 -81.90375577093278 -80.20995318266581 -78.25612000307868 -76.46019642664866 -75.0172382213625 -73.86948709940675 -72.84963563591505 -71.79107377405653 -70.78642209265665 -69.86078522862711 -69.15422719443934 -67.81762064633786 -79.61248204052713 -83.24724341384683 -84.57924327325897 -86.15705894182642 -87.82813790719749 -89.62684942806878 -91.39336286867524 -93.16059197793308 -94.9472009587568 -96.7329764634245 -98.49649135424686 -100.18751674191084 -101.75582125978703 -103.15870060678803 -104.35271784053892 -105.2710686200421 -105.84753702669161 -106.08022539069773 -105.96750847437899 -105.51781635803127 -104.7391278898453 -103.63057777260421 -102.19334287725307 -100.55532801202364 -98.84363076330203 -97.10160619082363 -95.37437950755853 -93.70690220910939 -92.13716373361142 -90.61691717670797 -89.08895456746836 -87.68585926014653 -86.42204771199283 -85.42744758125131 -83.1796248028307)
(UseCyclicTransform "false")
(UseDirectionCosines "true")

// ResampleInterpolator specific
(ResampleInterpolator "FinalNearestNeighborInterpolator")

// Resampler specific
(CompressResultImage "true")
(DefaultPixelValue 0)
(Resampler "DefaultResampler")
(ResultImageFormat "mha")
(ResultImagePixelType "float")
