1:ItNr	2:Metric	3a:Time	3b:StepSize	4:||Gradient||	Time[ms]
0	-0.090167	0.000000	6022.178557	0.000997	61.4
1	-0.100643	0.000000	6022.178557	0.000653	0.8
2	-0.095351	0.000000	6022.178557	0.000317	0.8
3	-0.085782	0.999999	5748.443402	0.000188	0.9
4	-0.090308	1.936527	5513.727088	0.000232	1.2
5	-0.103031	2.547409	5370.686530	0.000315	1.2
6	-0.104580	3.538489	5153.770896	0.000163	1.1
7	-0.094829	3.763616	5106.917683	0.000278	1.4
8	-0.080060	4.693668	4922.059019	0.000598	0.9
9	-0.101948	5.693642	4737.673126	0.000397	0.8
10	-0.099995	6.693642	4566.598736	0.000211	0.9
11	-0.092008	6.493577	4599.828927	0.000601	1.1
12	-0.096233	6.324982	4628.209848	0.000491	1.0
13	-0.086141	7.324982	4464.813102	0.000333	1.1
14	-0.087239	7.122457	4496.966659	0.000248	1.1
15	-0.094789	7.618754	4418.981685	0.000330	1.1
16	-0.090029	8.114220	4343.779478	0.000205	1.2
17	-0.089693	9.011696	4213.882152	0.000285	1.1
18	-0.099716	8.944926	4223.278022	0.000469	1.1
19	-0.089363	8.742414	4252.033780	0.000150	1.3
20	-0.103729	9.581757	4135.332994	0.000306	0.9
21	-0.095758	9.390699	4161.330762	0.000467	0.9
22	-0.094427	10.390693	4028.765815	0.000268	0.9
23	-0.094173	10.188168	4054.927140	0.000325	1.1
24	-0.099834	11.173534	3930.738580	0.000060	1.1
25	-0.097753	11.394025	3903.983853	0.000328	1.2
26	-0.099946	11.269690	3919.025902	0.000257	0.9
27	-0.097279	11.069512	3943.488391	0.000538	0.8
28	-0.102396	12.069438	3824.248488	0.000138	0.9
29	-0.090597	11.869108	3847.556461	0.000815	1.0
30	-0.104349	12.635612	3759.876588	0.000137	1.2
31	-0.095465	12.434429	3782.500697	0.000174	1.0
32	-0.098527	12.332270	3794.093544	0.000373	1.0
33	-0.093340	13.320242	3684.873448	0.000470	1.0
34	-0.103849	14.320242	3580.545946	0.000482	0.7
35	-0.096114	14.118313	3601.133960	0.000622	0.8
36	-0.097407	15.118150	3501.445979	0.000352	1.0
37	-0.098381	16.118149	3407.113539	0.000401	1.0
38	-0.098265	15.921535	3425.257098	0.000289	1.0
39	-0.105841	15.719270	3444.124824	0.000310	0.8
40	-0.098803	16.177194	3401.702412	0.000185	1.0
41	-0.098633	17.107215	3318.682542	0.000297	0.8
42	-0.100496	17.380804	3295.026064	0.000455	1.0
43	-0.088835	18.380795	3211.355955	0.000268	0.9
44	-0.092582	19.375357	3132.250962	0.000368	0.9
45	-0.091877	20.331990	3059.754699	0.000284	1.0
46	-0.093857	21.314887	2988.682179	0.000116	0.9
47	-0.094688	21.482551	2976.886937	0.000244	0.9
48	-0.098507	21.303569	2989.481775	0.000765	0.8
49	-0.104165	22.301319	2920.598094	0.000339	0.8
50	-0.100733	23.301293	2854.674026	0.000646	1.0
51	-0.090270	24.301290	2791.658926	0.000204	1.4
52	-0.102244	25.241672	2734.887016	0.000251	1.4
53	-0.092255	25.198456	2737.445395	0.000199	1.1
54	-0.089142	26.141384	2682.690639	0.000312	0.9
55	-0.092717	25.970318	2692.461014	0.000563	0.8
56	-0.096796	26.970309	2636.333881	0.000303	0.9
57	-0.091303	26.767783	2647.511369	0.000495	1.0
58	-0.094938	27.767422	2593.242440	0.000346	0.9
59	-0.090942	27.564903	2604.056448	0.000272	1.1
60	-0.104454	28.561616	2551.687381	0.000371	1.0
61	-0.098117	28.370257	2561.577685	0.000513	0.9
62	-0.096962	28.167736	2572.128822	0.000281	0.9
63	-0.100070	28.800377	2539.453652	0.000133	1.1
64	-0.098304	29.677936	2495.479473	0.000614	0.9
65	-0.086444	30.674483	2447.353924	0.000117	1.0
66	-0.080428	31.383658	2414.221409	0.000048	0.9
67	-0.095079	31.375701	2414.588209	0.000250	0.8
68	-0.091018	31.440689	2411.595876	0.000247	0.9
69	-0.095150	31.253696	2420.225933	0.000193	1.0
70	-0.090550	31.146556	2425.198491	0.000342	1.0
71	-0.101642	31.122377	2426.323538	0.000338	0.8
72	-0.095221	32.121667	2380.681100	0.000481	1.1
73	-0.093510	33.112087	2337.107230	0.000295	1.0
74	-0.105820	34.111756	2294.714572	0.000594	1.0
75	-0.094851	34.918189	2261.620997	0.000269	0.9
76	-0.096639	35.918188	2221.886425	0.000262	0.8
77	-0.104418	35.776790	2227.419865	0.000468	0.9
78	-0.112187	35.574267	2235.393533	0.000358	1.0
79	-0.097079	35.455770	2240.085462	0.000227	0.9
80	-0.111212	35.437803	2240.798587	0.000635	1.0
81	-0.093630	36.437260	2201.806805	0.000307	0.8
82	-0.089826	37.436966	2164.139572	0.000494	0.9
83	-0.099474	37.234448	2171.665642	0.000614	0.9
84	-0.085129	37.031923	2179.244524	0.000239	1.2
85	-0.089199	38.031838	2142.331230	0.000252	1.0
86	-0.103700	37.898804	2147.170088	0.000604	1.1
87	-0.105794	38.898800	2111.323598	0.000481	0.9
88	-0.091046	39.898798	2076.654281	0.000778	0.8
89	-0.088287	40.898798	2043.105095	0.000136	0.7
90	-0.093832	40.696287	2049.811353	0.000423	1.1
91	-0.093724	41.662358	2018.209234	0.000136	0.9
92	-0.101351	41.466577	2024.534641	0.000261	1.0
93	-0.095130	41.947535	2009.065943	0.000167	0.8
94	-0.103192	42.290722	1998.172018	0.000386	1.0
95	-0.091303	42.778030	1982.904614	0.000143	0.9
96	-0.100200	42.601042	1988.422593	0.000460	0.9
97	-0.090776	43.561749	1958.834017	0.000290	0.9
98	-0.096288	44.561722	1928.957114	0.000217	1.1
99	-0.085109	45.503544	1901.639239	0.000115	0.9
100	-0.099549	45.435022	1903.600628	0.000246	1.1
101	-0.101537	45.540502	1900.583031	0.000369	1.2
102	-0.096595	46.537554	1872.524860	0.000144	1.1
103	-0.092515	46.521780	1872.962317	0.000113	1.1
104	-0.092317	46.920281	1861.973287	0.000319	0.8
105	-0.105591	46.933911	1861.599723	0.000074	1.2
106	-0.107380	47.145444	1855.821045	0.000182	1.0
107	-0.096597	47.212736	1853.990274	0.000122	1.1
108	-0.096711	47.050206	1858.418328	0.000150	1.1
109	-0.090490	46.966600	1860.704363	0.000252	1.0
110	-0.102912	46.788637	1865.589214	0.000271	1.1
111	-0.103090	46.677214	1868.660696	0.000384	0.9
112	-0.090268	47.629465	1842.732560	0.000151	1.0
113	-0.093843	47.447160	1847.640559	0.000491	1.0
114	-0.100331	47.249153	1853.001023	0.000331	0.8
115	-0.095609	47.046651	1858.515406	0.000333	0.8
116	-0.093888	48.033759	1831.940665	0.000088	0.7
117	-0.095913	47.850893	1836.806235	0.000225	0.8
118	-0.102947	47.943286	1834.344680	0.000489	0.9
119	-0.105950	48.942733	1808.132789	0.000307	0.7
120	-0.091004	49.601793	1791.254073	0.000422	0.7
121	-0.094451	50.599913	1766.283578	0.000343	0.8
122	-0.092775	50.403545	1771.141057	0.000262	0.7
123	-0.106012	50.201506	1776.166786	0.000260	0.8
124	-0.099157	51.055732	1755.110205	0.000325	0.9
125	-0.088757	50.853249	1760.056101	0.000355	0.7
126	-0.105685	50.657245	1764.870395	0.000434	0.9
127	-0.101564	51.657238	1740.580208	0.000233	0.9
128	-0.098945	52.656984	1716.955317	0.000509	1.2
129	-0.089933	52.454466	1721.689054	0.000208	0.9
130	-0.097135	53.451588	1698.630655	0.000489	0.9
131	-0.090476	53.250755	1703.225102	0.000236	0.8
132	-0.093179	53.048231	1707.883459	0.000306	0.8
133	-0.090267	53.039449	1708.086040	0.000451	0.8
134	-0.090539	53.078431	1707.187198	0.000255	0.9
135	-0.096401	54.078277	1684.451951	0.000395	0.8
136	-0.095358	53.875799	1689.007007	0.000534	0.8
137	-0.111796	53.677449	1693.493175	0.000547	0.7
138	-0.095059	54.677448	1671.115407	0.000341	0.8
139	-0.110691	54.475677	1675.582846	0.000285	0.8
140	-0.093712	55.472755	1653.736030	0.000196	0.7
141	-0.097269	55.341205	1656.585718	0.000329	0.8
142	-0.099996	55.316022	1657.132364	0.000463	1.0
143	-0.085513	55.144730	1660.860178	0.000275	0.9
144	-0.101121	56.087684	1640.544167	0.000300	0.9
145	-0.091874	55.894274	1644.670572	0.000668	1.1
146	-0.091229	56.890769	1623.629500	0.000303	0.7
147	-0.098112	56.699044	1627.635844	0.000249	0.7
148	-0.099323	56.514775	1631.505086	0.000372	0.8
149	-0.101556	57.513598	1610.749630	0.000217	0.7
150	-0.097356	57.612126	1608.730827	0.000538	0.8
151	-0.100669	57.475175	1611.538288	0.000604	1.0
152	-0.096202	58.475175	1591.261034	0.000371	0.9
153	-0.096984	58.444414	1591.877172	0.000343	1.0
154	-0.101644	58.241901	1595.945427	0.000324	0.8
155	-0.095020	58.043902	1599.943155	0.000227	0.8
156	-0.089766	59.039293	1580.045806	0.000296	0.8
157	-0.096228	58.864269	1583.508520	0.000179	0.8
158	-0.099324	59.362576	1573.689588	0.000157	1.0
159	-0.100624	59.460690	1571.770630	0.000255	0.9
160	-0.101920	60.280296	1555.921379	0.000253	0.8
161	-0.097997	60.132661	1558.752638	0.000169	0.9
162	-0.096035	60.028261	1560.760994	0.000305	0.9
163	-0.092426	59.856738	1564.071870	0.000239	0.8
164	-0.096274	59.659268	1567.901026	0.000194	0.8
165	-0.104549	60.227611	1556.930566	0.000284	0.9
166	-0.100623	60.057227	1560.203251	0.000177	0.9
167	-0.099089	60.916592	1543.835576	0.000475	0.7
168	-0.096196	61.913817	1525.267493	0.000398	0.7
169	-0.094682	62.823746	1508.710312	0.000266	0.8
170	-0.105755	62.621281	1512.363212	0.000308	0.8
171	-0.098001	62.443833	1515.579337	0.000317	0.9
172	-0.100797	62.241400	1519.265047	0.000236	0.7
173	-0.089618	62.055899	1522.658257	0.000186	0.8
174	-0.101488	61.895785	1525.599269	0.000216	0.8
175	-0.105415	62.140116	1521.115866	0.000391	0.9
176	-0.090991	62.801226	1509.115737	0.000248	1.0
177	-0.098690	63.788778	1491.538767	0.000487	0.8
178	-0.086288	63.596357	1494.931386	0.000159	0.8
179	-0.104723	64.452187	1479.959191	0.000206	0.7
180	-0.091635	64.335598	1481.981173	0.000341	1.0
181	-0.098093	65.326576	1464.968908	0.000300	1.1
182	-0.093257	66.290077	1448.798694	0.000512	0.8
183	-0.102770	67.286536	1432.446608	0.000226	0.8
184	-0.091666	67.084964	1435.724599	0.000094	0.8
185	-0.091202	67.185867	1434.081839	0.000216	0.8
186	-0.095822	67.299077	1432.243165	0.000083	0.8
187	-0.100355	67.761790	1424.776911	0.000183	0.8
188	-0.093114	67.871119	1423.024165	0.000198	0.7
189	-0.095303	68.276193	1416.567455	0.000221	0.6
190	-0.097178	69.204040	1401.996509	0.000245	0.8
191	-0.095007	69.022872	1404.817978	0.000140	1.0
192	-0.094859	68.835696	1407.744981	0.000256	1.0
193	-0.100376	68.739134	1409.259749	0.000405	0.8
194	-0.101227	69.737594	1393.752512	0.000430	0.8
195	-0.100608	70.737587	1378.559797	0.000167	0.8
196	-0.094203	70.539499	1381.542959	0.000381	0.9
197	-0.106896	71.522679	1366.862170	0.000533	0.7
198	-0.088612	71.320155	1369.860670	0.000259	0.8
199	-0.104088	71.210120	1371.495333	0.000142	0.8
