1:ItNr	2:Metric	3a:Time	3b:StepSize	4:||Gradient||	Time[ms]
0	-0.802710	0.000000	99752.882257	0.004574	57.0
1	-0.282583	0.000000	99752.882257	0.000731	8.8
2	-0.334508	1.000000	95218.660336	0.000979	8.8
3	-0.388008	0.873300	95770.208303	0.001034	9.2
4	-0.446818	0.746601	96328.183109	0.001295	11.3
5	-0.468107	1.746601	92093.344476	0.001490	7.3
6	-0.476995	2.746601	88215.174884	0.001733	7.6
7	-0.484667	3.746601	84650.435783	0.001808	7.2
8	-0.502346	4.746601	81362.606178	0.001971	7.2
9	-0.500716	5.746601	78320.626851	0.001954	5.6
10	-0.544438	6.746601	75497.916138	0.002146	6.0
11	-0.514622	7.746601	72871.591129	0.002120	6.6
12	-0.572243	8.746601	70421.845962	0.002416	6.1
13	-0.520804	9.746601	68131.451430	0.002187	6.5
14	-0.620019	10.746601	65985.349168	0.002566	6.1
15	-0.528334	11.746601	63970.320191	0.002173	6.2
16	-0.659106	12.746601	62074.712366	0.002753	5.0
17	-0.545290	13.746601	60288.214947	0.002314	7.3
18	-0.672902	14.746601	58601.670943	0.002940	6.3
19	-0.555147	15.746601	57006.920138	0.002352	5.6
20	-0.718955	16.746601	55496.667050	0.002938	5.8
21	-0.568850	17.746601	54064.369348	0.002506	5.6
22	-0.707997	18.746601	52704.143103	0.003039	5.9
23	-0.589990	19.746601	51410.681997	0.002630	5.9
24	-0.707691	20.746601	50179.188145	0.003331	5.6
25	-0.573465	21.746601	49005.312623	0.002732	5.9
26	-0.771194	22.746601	47885.104151	0.003748	6.0
27	-0.548884	23.746601	46814.964666	0.002383	5.5
28	-0.756015	24.746601	45791.610712	0.003149	5.1
29	-0.657114	25.746601	44812.039789	0.003140	5.7
30	-0.740635	26.746601	43873.500936	0.003647	5.4
31	-0.615048	27.746601	42973.468926	0.002977	6.0
32	-0.827867	28.746601	42109.621580	0.003881	4.8
33	-0.577127	29.746601	41279.819760	0.002632	5.2
34	-0.766063	30.746601	40482.089682	0.003678	5.8
35	-0.642772	31.746601	39714.607243	0.002960	5.7
36	-0.813641	32.746601	38975.684097	0.003735	6.0
37	-0.632055	33.746601	38263.755253	0.003033	4.9
38	-0.825140	34.746601	37577.368014	0.004081	6.8
39	-0.595661	35.746601	36915.172084	0.002891	5.2
40	-0.827266	36.746601	36275.910696	0.003656	5.2
41	-0.680839	37.746601	35658.412656	0.003165	6.0
42	-0.803268	38.746601	35061.585184	0.004043	5.3
43	-0.636586	39.746601	34484.407452	0.003075	6.9
44	-0.853490	40.746601	33925.924764	0.003786	6.7
45	-0.664787	41.746601	33385.243286	0.003137	6.7
46	-0.828705	42.746601	32861.525269	0.003734	7.4
47	-0.691593	43.746601	32353.984719	0.003467	6.0
48	-0.817845	44.746601	31861.883464	0.004131	5.9
49	-0.649169	45.746601	31384.527566	0.003227	5.0
50	-0.859845	46.746601	30921.264063	0.003851	5.1
51	-0.679002	47.746601	30471.477982	0.003277	5.0
52	-0.846854	48.746601	30034.589622	0.003931	5.8
53	-0.700380	49.746601	29610.052056	0.003345	5.0
54	-0.844772	50.746601	29197.348850	0.004101	5.6
55	-0.680177	51.746601	28795.991968	0.003485	5.2
56	-0.858701	52.746601	28405.519841	0.003996	4.9
57	-0.682070	53.746601	28025.495605	0.003481	5.5
58	-0.865927	54.746601	27655.505462	0.004306	5.1
59	-0.659403	55.746601	27295.157182	0.003310	6.1
60	-0.864337	56.746601	26944.078718	0.003995	4.6
61	-0.702872	57.746601	26601.916916	0.003392	4.6
62	-0.844559	58.746601	26268.336341	0.003898	4.7
63	-0.731552	59.746601	25943.018171	0.003846	6.4
64	-0.839389	60.746601	25625.659187	0.004192	6.8
65	-0.706686	61.746601	25315.970825	0.003789	5.0
66	-0.841481	62.746601	25013.678306	0.004235	4.9
67	-0.702177	63.746601	24718.519821	0.003774	5.4
68	-0.852985	64.746601	24430.245771	0.003943	4.6
69	-0.738232	65.746601	24148.618069	0.003740	4.4
70	-0.842108	66.746601	23873.409481	0.004347	4.4
71	-0.715353	67.746601	23604.403014	0.003752	4.4
72	-0.863372	68.746601	23341.391347	0.004204	4.9
73	-0.732020	69.746601	23084.176298	0.003778	6.0
74	-0.869427	70.746601	22832.568324	0.003975	6.0
75	-0.761401	71.746601	22586.386058	0.004103	5.4
76	-0.837072	72.746601	22345.455871	0.004469	4.7
77	-0.733633	73.746601	22109.611463	0.004088	5.3
78	-0.851888	74.746601	21878.693485	0.004364	5.0
79	-0.730781	75.746601	21652.549172	0.004068	5.3
80	-0.852396	76.746601	21431.032014	0.004337	5.3
81	-0.740277	77.746601	21214.001434	0.004141	5.3
82	-0.850367	78.746601	21001.322493	0.004233	4.6
83	-0.762548	79.746601	20792.865608	0.004211	5.2
84	-0.830196	80.746601	20588.506293	0.004309	4.6
85	-0.760412	81.746601	20388.124907	0.004307	5.8
86	-0.823720	82.746601	20191.606421	0.004368	5.6
87	-0.774749	83.746601	19998.840199	0.004324	6.6
88	-0.835040	84.746601	19809.719792	0.004566	5.3
89	-0.763075	85.746601	19624.142737	0.004277	4.9
90	-0.850337	86.746601	19442.010376	0.004454	5.0
91	-0.759917	87.746601	19263.227680	0.004274	4.6
92	-0.856070	88.746601	19087.703085	0.004357	5.3
93	-0.768907	89.746601	18915.348331	0.004385	5.4
94	-0.840685	90.746601	18746.078320	0.004403	5.6
95	-0.777739	91.746601	18579.810972	0.004389	5.2
96	-0.835204	92.746601	18416.467093	0.004457	4.8
97	-0.786378	93.746601	18255.970250	0.004485	5.5
98	-0.822928	94.746601	18098.246653	0.004471	4.9
99	-0.798000	95.746601	17943.225037	0.004438	5.5
100	-0.840903	96.746601	17790.836561	0.004466	6.6
101	-0.803343	97.746601	17641.014701	0.004602	6.0
102	-0.824338	98.746601	17493.695156	0.004552	5.8
103	-0.807384	99.746601	17348.815755	0.004445	4.6
104	-0.825591	100.746601	17206.316370	0.004554	5.5
105	-0.802112	101.746601	17066.138831	0.004573	4.8
106	-0.822322	102.746601	16928.226850	0.004577	4.5
107	-0.814083	103.746601	16792.525943	0.004485	5.3
108	-0.835743	104.746601	16658.983359	0.004591	4.9
109	-0.821886	105.746601	16527.548013	0.004475	5.3
110	-0.846514	106.746601	16398.170418	0.004440	5.5
111	-0.828706	107.746601	16270.802624	0.004729	4.9
112	-0.811812	108.746601	16145.398163	0.004501	5.2
113	-0.844086	109.746601	16021.911983	0.004763	5.6
114	-0.807227	110.746601	15900.300405	0.004351	5.1
115	-0.870652	111.746601	15780.521064	0.004389	5.5
116	-0.807398	112.746601	15662.532861	0.004498	4.9
117	-0.864638	113.746601	15546.295918	0.004561	6.0
118	-0.810908	114.746601	15431.771534	0.004404	5.7
119	-0.872625	115.746601	15318.922136	0.004517	5.1
120	-0.823810	116.746601	15207.711245	0.004289	5.4
121	-0.880046	117.746601	15098.103434	0.004382	5.0
122	-0.825879	118.746601	14990.064287	0.004430	5.8
123	-0.868978	119.746601	14883.560370	0.004496	4.6
124	-0.825930	120.746601	14778.559190	0.004559	5.8
125	-0.858458	121.746601	14675.029165	0.004341	4.9
126	-0.845103	122.746601	14572.939591	0.004618	5.3
127	-0.849292	123.746601	14472.260615	0.004489	5.1
128	-0.852828	124.746601	14372.963200	0.004468	5.4
129	-0.850426	125.746601	14275.019104	0.004597	6.4
130	-0.843052	126.746601	14178.400846	0.004466	5.5
131	-0.857513	127.746601	14083.081687	0.004517	5.2
132	-0.840138	128.746601	13989.035601	0.004589	6.2
133	-0.853586	129.746601	13896.237253	0.004436	4.9
134	-0.859918	130.746601	13804.661974	0.004388	6.0
135	-0.853281	131.746601	13714.285744	0.004521	5.2
136	-0.854494	132.746601	13625.085165	0.004631	5.6
137	-0.844586	133.746601	13537.037446	0.004550	5.2
138	-0.867825	134.746601	13450.120381	0.004460	5.5
139	-0.857063	135.746601	13364.312329	0.004518	4.8
140	-0.863516	136.746601	13279.592201	0.004456	3.8
141	-0.860243	137.746601	13195.939435	0.004333	4.7
142	-0.864598	138.746601	13113.333987	0.004447	5.2
143	-0.863178	139.746601	13031.756312	0.004352	4.5
144	-0.870051	140.746601	12951.187346	0.004482	4.3
145	-0.854612	141.746601	12871.608496	0.004445	4.2
146	-0.870415	142.746601	12793.001622	0.004491	4.6
147	-0.862097	143.746601	12715.349023	0.004491	5.0
148	-0.861373	144.746601	12638.633429	0.004400	5.5
149	-0.866806	145.746601	12562.837980	0.004409	5.5
150	-0.870653	146.746601	12487.946221	0.004307	5.5
151	-0.873489	147.746601	12413.942086	0.004350	4.9
152	-0.876697	148.746601	12340.809887	0.004266	5.0
153	-0.878050	149.746601	12268.534306	0.004431	4.9
154	-0.863855	150.746601	12197.100378	0.004276	5.1
155	-0.879720	151.746601	12126.493487	0.004452	5.4
156	-0.867084	152.746601	12056.699353	0.004306	5.2
157	-0.893136	153.746601	11987.704023	0.004158	4.7
158	-0.874491	154.746601	11919.493862	0.004175	5.8
159	-0.889357	155.746601	11852.055541	0.004325	5.7
160	-0.876151	156.746601	11785.376035	0.004375	6.7
161	-0.887509	157.746601	11719.442608	0.004251	6.1
162	-0.863075	158.746601	11654.242807	0.004311	6.1
163	-0.885520	159.746601	11589.764455	0.004392	5.1
164	-0.870121	160.746601	11525.995645	0.004257	4.9
165	-0.891078	161.746601	11462.924728	0.004117	5.2
166	-0.880977	162.746601	11400.540310	0.004242	5.5
167	-0.881496	163.746601	11338.831244	0.004017	5.7
168	-0.889408	164.746601	11277.786621	0.004178	5.6
169	-0.881193	165.746601	11217.395767	0.004106	6.8
170	-0.894861	166.746601	11157.648236	0.004142	8.0
171	-0.886719	167.746601	11098.533804	0.004391	6.0
172	-0.886443	168.746601	11040.042459	0.004270	5.4
173	-0.889284	169.746601	10982.164403	0.004311	5.4
174	-0.893684	170.746601	10924.890040	0.004136	4.8
175	-0.896082	171.746601	10868.209974	0.003992	5.5
176	-0.897491	172.746601	10812.115003	0.003972	5.7
177	-0.902826	173.746601	10756.596113	0.004168	5.9
178	-0.894098	174.746601	10701.644476	0.004237	5.3
179	-0.894770	175.746601	10647.251443	0.004016	6.7
180	-0.897352	176.746601	10593.408538	0.003937	6.0
181	-0.897499	177.746601	10540.107457	0.004096	7.2
182	-0.892811	178.746601	10487.340064	0.004007	5.5
183	-0.902979	179.746601	10435.098382	0.003916	4.7
184	-0.900844	180.746601	10383.374594	0.004013	5.5
185	-0.906410	181.746601	10332.161037	0.003892	7.3
186	-0.902681	182.746601	10281.450198	0.003980	5.7
187	-0.902964	183.746601	10231.234711	0.004015	6.3
188	-0.913624	184.746601	10181.507354	0.003965	5.3
189	-0.900873	185.746601	10132.261043	0.003912	7.9
190	-0.906624	186.746601	10083.488832	0.003931	5.5
191	-0.897472	187.746601	10035.183908	0.004059	6.6
192	-0.897971	188.746601	9987.339586	0.003988	6.9
193	-0.895616	189.746601	9939.949309	0.004067	5.1
194	-0.901442	190.746601	9893.006646	0.004071	6.4
195	-0.897266	191.746601	9846.505285	0.003967	5.6
196	-0.903242	192.746601	9800.439030	0.004129	6.7
197	-0.896533	193.746601	9754.801805	0.004096	5.3
198	-0.902468	194.746601	9709.587643	0.003933	8.2
199	-0.912483	195.746601	9664.790688	0.003783	5.7
