1:ItNr	2:Metric	3a:Time	3b:StepSize	4:||Gradient||	Time[ms]
0	-0.043174	0.000000	26.503897	0.000879	106.1
1	-0.041952	0.000000	26.503897	0.001956	1.2
2	-0.048707	0.000000	26.503897	0.001399	0.9
3	-0.043593	0.000000	26.503897	0.001704	1.2
4	-0.042418	0.955529	25.350418	0.002157	1.1
5	-0.039314	1.955245	24.246390	0.001284	0.9
6	-0.041921	2.135081	24.057915	0.001272	1.1
7	-0.039460	1.346300	24.907113	0.002026	1.0
8	-0.041821	1.734262	24.482071	0.001065	1.0
9	-0.042145	0.790765	25.542096	0.000847	1.2
10	-0.044900	0.401247	26.006981	0.003689	1.4
11	-0.045436	0.000000	26.503897	0.001236	1.3
12	-0.051262	0.999798	25.299406	0.001111	1.1
13	-0.043616	1.928322	24.274861	0.001247	1.0
14	-0.050442	2.125046	24.068355	0.003079	1.0
15	-0.041339	3.123091	23.072575	0.001820	1.3
16	-0.042295	4.090554	22.182923	0.002846	1.2
17	-0.042484	5.075072	21.345361	0.003312	1.0
18	-0.044153	6.071952	20.559354	0.004087	1.0
19	-0.034139	5.107521	21.318831	0.002889	1.1
20	-0.040985	6.107521	20.532377	0.002269	1.2
21	-0.040803	7.107515	19.801887	0.002154	1.1
22	-0.045059	6.172988	20.482909	0.001335	1.2
23	-0.042688	6.351126	20.349504	0.002060	1.5
24	-0.047556	5.435060	21.054684	0.001432	1.1
25	-0.037507	4.688625	21.666470	0.002698	1.1
26	-0.042370	5.683888	20.858348	0.001557	1.1
27	-0.043957	6.449910	20.276272	0.001923	0.9
28	-0.044262	7.426747	19.579512	0.004420	0.9
29	-0.043767	8.426729	18.914159	0.002427	1.2
30	-0.039561	8.153484	19.091435	0.001053	1.0
31	-0.043228	9.148979	18.461051	0.001338	1.3
32	-0.046052	10.031170	17.936218	0.002121	1.3
33	-0.041405	10.530955	17.651918	0.001160	0.9
34	-0.044189	11.007450	17.389134	0.002038	0.9
35	-0.041002	11.989679	16.871393	0.002600	1.3
36	-0.040295	11.034479	17.374462	0.000978	0.9
37	-0.050328	10.107236	17.892359	0.001056	0.9
38	-0.038227	10.858039	17.470687	0.001128	1.0
39	-0.040317	11.165961	17.303442	0.002070	1.2
40	-0.042836	10.221045	17.827137	0.003479	1.2
41	-0.042905	9.499075	18.249138	0.001817	1.4
42	-0.048191	10.471947	17.685014	0.001933	1.4
43	-0.043699	11.471137	17.140817	0.001104	1.3
44	-0.044223	12.460733	16.633880	0.001314	0.8
45	-0.038864	13.376226	16.190894	0.002281	0.9
46	-0.042979	14.216603	15.804529	0.002514	1.0
47	-0.039013	13.252091	16.249572	0.000626	1.2
48	-0.045248	13.617423	16.078084	0.002265	1.0
49	-0.048178	12.696055	16.517715	0.001619	0.9
50	-0.038406	13.695525	16.041891	0.002825	0.9
51	-0.050812	12.731008	16.500599	0.001957	1.2
52	-0.044306	13.717556	16.031711	0.002240	1.8
53	-0.044935	14.717550	15.582867	0.002682	1.6
54	-0.043605	13.753030	16.015347	0.002034	2.3
55	-0.042964	14.752945	15.567440	0.002165	1.8
56	-0.040105	15.752666	15.143985	0.001298	1.4
57	-0.040768	14.949944	15.482133	0.001156	1.3
58	-0.043054	15.647521	15.187435	0.002997	1.1
59	-0.047174	14.685583	15.596826	0.002929	1.3
60	-0.045181	15.685577	15.171680	0.003015	1.4
61	-0.036523	16.685577	14.769094	0.002690	3.7
62	-0.040606	17.685577	14.387321	0.003695	1.5
63	-0.036927	16.721057	14.755202	0.001638	1.7
64	-0.041639	17.194126	14.572446	0.000856	1.5
65	-0.044502	17.404589	14.492587	0.000957	1.7
66	-0.036799	17.111678	14.603971	0.001067	1.4
67	-0.045150	17.518301	14.449802	0.002214	1.5
68	-0.041309	18.516392	14.084834	0.001769	1.8
69	-0.039690	17.595873	14.420760	0.000878	1.7
70	-0.038268	18.203719	14.197169	0.004598	1.6
71	-0.036819	17.436982	14.480373	0.001225	1.7
72	-0.048715	16.472559	14.853051	0.003414	1.4
73	-0.041369	15.508054	15.245453	0.003471	1.3
74	-0.039379	14.543534	15.659158	0.002846	1.1
75	-0.046889	15.543523	15.230656	0.001301	0.9
76	-0.046354	14.641153	15.616269	0.002751	0.9
77	-0.034476	13.678914	16.049575	0.000502	1.0
78	-0.042032	12.993330	16.373266	0.001613	1.0
79	-0.045082	13.112350	16.316139	0.001693	1.0
80	-0.043939	14.111325	15.851918	0.001075	8.7
81	-0.041003	13.159341	16.293693	0.001117	34.7
82	-0.040615	14.040200	15.884094	0.001950	1.6
83	-0.049242	15.036636	15.444889	0.001500	1.6
84	-0.046211	16.024214	15.032914	0.003679	1.4
85	-0.043768	17.023733	14.637748	0.002071	1.1
86	-0.041894	18.023689	14.262666	0.001933	3.5
87	-0.045054	17.332181	14.519963	0.003173	6.0
88	-0.041622	18.319654	14.155308	0.002556	1.4
89	-0.042060	19.319654	13.804231	0.002140	1.1
90	-0.043279	20.319654	13.470148	0.000481	1.2
91	-0.047665	19.746783	13.659528	0.001400	1.2
92	-0.047835	19.701209	13.674823	0.001337	1.1
93	-0.042228	19.459739	13.756436	0.002458	1.3
94	-0.049476	20.459112	13.424837	0.001577	1.2
95	-0.050808	20.379636	13.450622	0.004127	1.1
96	-0.041864	19.417697	13.770746	0.003462	1.0
97	-0.047376	20.417697	13.438261	0.003342	1.2
98	-0.040983	21.417695	13.121454	0.000999	1.2
99	-0.042473	22.416780	12.819509	0.002667	1.2
100	-0.043594	21.668536	13.044315	0.003064	1.1
101	-0.040568	22.667176	12.746000	0.001967	1.0
102	-0.043465	21.702663	13.033891	0.002461	1.1
103	-0.037634	20.738145	13.335088	0.003297	1.1
104	-0.047806	21.737463	13.023277	0.001359	1.4
105	-0.040829	20.773001	13.323961	0.001281	1.4
106	-0.044782	21.613563	13.061143	0.002509	1.6
107	-0.046918	22.425500	12.816935	0.001747	1.0
108	-0.038467	23.396436	12.536633	0.002568	1.2
109	-0.044213	22.432150	12.814973	0.002142	1.1
110	-0.044520	23.432128	12.526563	0.001207	1.1
111	-0.044083	24.296669	12.287478	0.003157	1.2
112	-0.050801	24.040682	12.357314	0.003763	1.1
113	-0.047087	25.040682	12.088914	0.002608	1.3
114	-0.043976	26.040681	11.831925	0.003279	1.3
115	-0.045724	27.040478	11.585685	0.002616	1.6
116	-0.049082	26.108152	11.814979	0.001975	1.7
117	-0.049295	25.522664	11.963671	0.001998	1.4
118	-0.040798	26.354695	11.753467	0.003402	1.2
119	-0.039810	27.354695	11.510399	0.000992	1.4
120	-0.041799	27.532215	11.468296	0.001642	1.2
121	-0.041244	26.901101	11.619395	0.001475	0.9
122	-0.043869	26.049536	11.829699	0.003143	1.2
123	-0.044505	25.085181	12.077241	0.002319	1.3
124	-0.048234	25.783834	11.896884	0.001138	1.2
125	-0.039637	24.905232	12.124584	0.001148	1.3
126	-0.048099	23.985750	12.372403	0.001199	1.5
127	-0.043447	24.927259	12.118769	0.002659	1.3
128	-0.040615	25.927038	11.860579	0.004160	1.3
129	-0.050056	24.962518	12.109472	0.001810	1.2
130	-0.045595	23.997998	12.369035	0.000764	1.3
131	-0.040329	23.912886	12.392475	0.002533	1.0
132	-0.051836	24.882556	12.130576	0.001890	1.2
133	-0.046388	25.882538	11.871836	0.004368	1.1
134	-0.041867	26.882538	11.623900	0.000820	1.1
135	-0.045059	25.918900	11.862636	0.001484	1.5
136	-0.043098	26.387853	11.745243	0.003533	1.1
137	-0.038437	25.446677	11.983243	0.002813	1.4
138	-0.047951	26.446675	11.730681	0.001940	1.3
139	-0.046008	25.522937	11.963600	0.001313	1.5
140	-0.047040	25.756574	11.903820	0.001560	1.2
141	-0.041817	25.170154	12.055013	0.001025	1.5
142	-0.040956	26.146367	11.805402	0.001938	1.1
143	-0.044693	25.191596	12.049418	0.001285	1.3
144	-0.040484	24.239427	12.303026	0.001877	1.3
145	-0.047014	24.982930	12.104097	0.002436	1.1
146	-0.045839	24.544569	12.220597	0.002766	1.1
147	-0.046163	25.544569	11.958040	0.003456	1.3
148	-0.042786	25.183780	12.051457	0.000222	1.1
149	-0.049257	25.861771	11.877098	0.001682	0.8
150	-0.052043	25.592895	11.945637	0.001677	0.8
151	-0.042126	26.590992	11.695109	0.005748	1.1
152	-0.047007	25.626541	11.937017	0.000783	0.9
153	-0.043758	24.663617	12.188737	0.001328	0.9
154	-0.038121	24.401437	12.259124	0.002750	1.0
155	-0.042196	23.436959	12.525201	0.002196	0.8
156	-0.040826	22.472459	12.803091	0.003072	1.0
157	-0.037679	23.472459	12.515203	0.002881	0.9
158	-0.045619	24.472456	12.239977	0.001919	1.0
159	-0.037845	23.507940	12.505226	0.002071	1.0
160	-0.042608	24.507348	12.230593	0.003107	1.1
161	-0.042303	23.543169	12.495335	0.004182	1.2
162	-0.046698	24.501328	12.232211	0.001326	1.0
163	-0.052335	25.406004	11.993746	0.002610	0.9
164	-0.047526	26.404345	11.741156	0.002162	0.9
165	-0.042369	25.439826	11.985011	0.004763	1.0
166	-0.040888	26.439826	11.732375	0.001743	0.9
167	-0.040738	25.512050	11.966401	0.002317	0.8
168	-0.042115	24.675447	12.185580	0.005267	0.9
169	-0.041881	23.711643	12.448253	0.000980	0.9
170	-0.044425	22.747495	12.722599	0.002957	1.1
171	-0.038413	22.048563	12.929162	0.001274	1.0
172	-0.035081	21.084112	13.225462	0.003106	1.4
173	-0.040732	20.120164	13.535496	0.002024	1.7
174	-0.040823	19.155644	13.860613	0.001347	1.9
175	-0.047369	20.150300	13.525584	0.003175	1.7
176	-0.044292	21.090389	13.223490	0.002230	1.8
177	-0.044337	22.090323	12.916632	0.001442	1.0
178	-0.038763	21.200549	13.188971	0.000654	1.1
179	-0.047100	20.578672	13.386234	0.001551	1.1
180	-0.037420	21.257878	13.171079	0.001734	0.8
181	-0.043077	22.127139	12.905605	0.001546	1.1
182	-0.042352	22.703896	12.735291	0.001205	1.1
183	-0.046933	21.781556	13.009855	0.002516	1.1
184	-0.041709	20.817731	13.309709	0.002718	1.2
185	-0.041457	21.817492	12.998936	0.001575	0.9
186	-0.049421	21.318634	13.152169	0.003343	0.9
187	-0.045083	22.318626	12.848557	0.002502	1.0
188	-0.048837	22.128125	12.905310	0.001771	0.9
189	-0.043059	21.165823	13.199833	0.001760	0.9
190	-0.045865	20.202035	13.508600	0.003290	0.9
191	-0.041848	19.237515	13.832411	0.002238	0.9
192	-0.044706	18.272995	14.172126	0.001626	1.0
193	-0.045434	19.272074	13.820541	0.000891	0.9
194	-0.043745	18.341234	14.147544	0.002417	1.0
195	-0.039580	19.293532	13.813180	0.004021	1.1
196	-0.041568	18.329012	14.151940	0.002284	1.2
197	-0.038960	17.642588	14.403327	0.001933	1.4
198	-0.047192	17.270488	14.543369	0.003552	1.1
199	-0.046587	18.270475	14.173035	0.002420	1.0
