1:ItNr	2:Metric	3a:Time	3b:StepSize	4:||Gradient||	Time[ms]
0	-0.647092	0.000000	59837.811782	0.000623	17.5
1	-0.645596	0.000000	59837.811782	0.000786	0.8
2	-0.671005	0.000000	59837.811782	0.000822	0.9
3	-0.708291	0.000000	59837.811782	0.000718	0.7
4	-0.754003	0.000000	59837.811782	0.000591	0.8
5	-0.741259	0.000000	59837.811782	0.000432	0.6
6	-0.747819	0.000000	59837.811782	0.000426	0.8
7	-0.770730	0.000000	59837.811782	0.000348	0.8
8	-0.770639	0.000000	59837.811782	0.000315	0.8
9	-0.764069	0.000000	59837.811782	0.000334	0.8
10	-0.786380	0.000000	59837.811782	0.000289	0.9
11	-0.775992	0.000000	59837.811782	0.000336	0.8
12	-0.796567	0.000000	59837.811782	0.000227	0.8
13	-0.816820	0.000000	59837.811782	0.000214	0.9
14	-0.814369	0.000000	59837.811782	0.000158	0.8
15	-0.816909	0.000000	59837.811782	0.000147	0.8
16	-0.800651	0.000000	59837.811782	0.000113	0.9
17	-0.823169	0.000000	59837.811782	0.000116	0.7
18	-0.810701	0.000000	59837.811782	0.000157	0.6
19	-0.831607	0.000000	59837.811782	0.000049	0.7
20	-0.827234	0.000000	59837.811782	0.000064	0.7
21	-0.808635	0.000000	59837.811782	0.000095	0.8
22	-0.828451	0.000000	59837.811782	0.000090	0.7
23	-0.817156	0.000000	59837.811782	0.000082	0.8
24	-0.831577	0.000000	59837.811782	0.000071	0.9
25	-0.816848	0.000000	59837.811782	0.000075	0.7
26	-0.827842	0.000000	59837.811782	0.000068	0.9
27	-0.814377	0.000000	59837.811782	0.000075	1.0
28	-0.808233	0.198517	59277.449559	0.000049	0.7
29	-0.808845	0.186410	59311.324114	0.000040	0.7
30	-0.816793	0.174303	59345.237407	0.000041	0.7
31	-0.816342	0.162196	59379.189505	0.000083	0.8
32	-0.818160	0.150089	59413.180473	0.000046	0.7
33	-0.826562	0.137982	59447.210380	0.000085	0.9
34	-0.822622	0.125875	59481.279291	0.000050	0.7
35	-0.820013	0.113767	59515.387274	0.000018	0.8
36	-0.811261	0.910196	57352.021536	0.000052	0.8
37	-0.817536	1.175055	56667.010324	0.000019	0.8
38	-0.811500	1.162947	56697.966273	0.000022	0.7
39	-0.821993	1.151234	56727.947827	0.000045	0.8
40	-0.820444	1.139127	56758.969783	0.000016	0.8
41	-0.831127	1.127020	56790.025079	0.000045	0.6
42	-0.825854	2.124978	54339.252704	0.000052	0.8
43	-0.816113	3.095348	52150.899453	0.000055	0.7
44	-0.816259	3.083240	52177.116776	0.000083	0.7
45	-0.809552	4.083240	50096.958243	0.000052	0.7
46	-0.821425	4.071135	50121.146332	0.000054	0.7
47	-0.827935	4.059028	50145.362099	0.000029	0.7
48	-0.835611	4.048774	50165.889759	0.000055	0.7
49	-0.824520	4.037066	50189.350065	0.000118	0.7
50	-0.821076	4.024958	50213.631798	0.000034	0.8
51	-0.817724	5.024958	48284.190413	0.000016	0.7
52	-0.809442	5.013299	48305.831815	0.000023	0.7
53	-0.817740	5.026714	48280.934353	0.000088	0.8
54	-0.801618	5.293344	47791.337084	0.000087	0.8
55	-0.793574	6.293344	46040.311714	0.000035	0.7
56	-0.803238	6.281236	46060.743940	0.000043	0.7
57	-0.811634	6.269129	46081.194308	0.000031	0.7
58	-0.829768	7.269129	44451.105962	0.000030	0.6
59	-0.796264	7.257022	44470.151678	0.000035	0.6
60	-0.813002	8.253503	42955.336546	0.000027	1.0
61	-0.813551	9.253354	41535.693490	0.000015	0.8
62	-0.819318	9.248045	41542.983607	0.000048	0.9
63	-0.809171	9.235973	41559.570595	0.000059	0.9
64	-0.819805	9.487139	41217.184424	0.000027	0.8
65	-0.824403	10.487139	39908.167945	0.000042	0.8
66	-0.815756	11.487111	38679.772205	0.000038	0.9
67	-0.823966	12.456816	37558.685912	0.000034	0.8
68	-0.830309	12.444709	37572.282304	0.000058	0.9
69	-0.820754	12.437234	37580.681628	0.000031	0.8
70	-0.832955	12.425165	37594.251613	0.000052	0.9
71	-0.821447	12.463071	37551.664949	0.000034	0.7
72	-0.804118	12.452981	37562.991813	0.000069	0.8
73	-0.799216	12.440874	37576.591068	0.000025	0.8
74	-0.802390	12.428767	37590.200453	0.000034	0.8
75	-0.826245	13.228631	36711.782580	0.000086	0.9
76	-0.831310	13.216524	36724.772635	0.000039	0.7
77	-0.821544	13.204419	36737.769428	0.000073	0.8
78	-0.832334	13.199090	36743.493651	0.000049	1.0
79	-0.814234	13.186983	36756.506163	0.000034	0.9
80	-0.822078	13.187596	36755.847026	0.000024	0.7
81	-0.820836	13.175490	36768.867092	0.000039	0.7
82	-0.821377	14.172725	35726.377400	0.000062	0.7
83	-0.845099	14.160620	35738.677337	0.000049	0.9
84	-0.808120	15.037485	34869.082985	0.000073	0.7
85	-0.830309	15.025378	34880.801524	0.000058	0.7
86	-0.815468	16.025378	33938.723313	0.000026	0.6
87	-0.813970	16.013271	33949.824758	0.000055	0.8
88	-0.829856	16.001163	33960.933457	0.000051	0.8
89	-0.815327	17.001163	33067.252294	0.000083	0.8
90	-0.820703	18.001163	32219.399316	0.000037	0.8
91	-0.828848	19.001163	31413.937753	0.000056	0.8
92	-0.799817	18.989056	31423.448677	0.000062	0.9
93	-0.805682	18.976949	31432.965362	0.000064	0.9
94	-0.817164	18.964842	31442.487774	0.000055	1.1
95	-0.822637	19.964842	30674.939642	0.000079	0.9
96	-0.814825	19.952735	30684.008284	0.000064	0.7
97	-0.803236	20.952735	29952.613571	0.000041	0.8
98	-0.802467	21.952734	29255.275220	0.000021	0.7
99	-0.813773	21.943738	29261.403640	0.000095	0.7
100	-0.813964	21.931631	29269.655577	0.000059	0.8
101	-0.810587	22.931631	28603.400875	0.000053	0.7
102	-0.800203	23.931631	27966.802552	0.000049	0.9
103	-0.809281	24.930070	27358.853101	0.000014	0.7
104	-0.814177	24.923889	27362.535440	0.000044	0.6
105	-0.816351	25.913857	26785.135928	0.000062	0.8
106	-0.817358	25.901750	26792.050197	0.000022	0.7
107	-0.810346	25.889645	26798.966806	0.000021	0.8
108	-0.801871	25.877677	26805.808895	0.000035	0.9
109	-0.826542	25.878168	26805.528153	0.000059	0.9
110	-0.822491	25.866074	26812.445485	0.000041	0.9
111	-0.821235	26.866074	26252.289964	0.000062	1.0
112	-0.818900	26.853967	26258.931839	0.000061	0.8
113	-0.821659	26.841859	26265.577076	0.000042	0.7
114	-0.829817	27.841859	25727.809322	0.000040	0.9
115	-0.824097	27.829752	25734.188424	0.000014	0.6
116	-0.811957	27.818223	25740.266084	0.000022	0.8
117	-0.826949	28.342499	25466.769664	0.000010	0.7
118	-0.810641	28.533915	25368.357340	0.000048	0.7
119	-0.815941	28.550730	25359.748347	0.000067	0.9
120	-0.828766	29.550730	24858.079068	0.000035	0.8
121	-0.817907	29.538623	24864.034121	0.000060	0.8
122	-0.814009	30.271897	24508.436957	0.000039	0.9
123	-0.820322	31.271765	24039.633136	0.000007	0.7
124	-0.802131	31.636160	23873.208768	0.000045	0.8
125	-0.813055	31.625534	23878.029567	0.000037	0.9
126	-0.824766	31.613426	23883.524259	0.000076	0.9
127	-0.813640	31.601319	23889.021480	0.000050	0.8
128	-0.820766	31.604514	23887.570652	0.000041	0.7
129	-0.811089	31.592407	23893.069733	0.000064	0.7
130	-0.817793	32.592407	23447.240350	0.000049	0.7
131	-0.806192	32.580300	23452.538546	0.000056	0.7
132	-0.820026	32.568193	23457.839138	0.000037	0.7
133	-0.820480	33.568192	23027.958263	0.000033	0.9
134	-0.812464	34.517654	22634.134386	0.000064	0.7
135	-0.814962	34.506079	22638.854386	0.000080	0.8
136	-0.825221	35.506079	22238.209807	0.000022	0.8
137	-0.812637	36.506079	21851.499251	0.000068	0.6
138	-0.815814	36.495662	21855.458533	0.000025	0.8
139	-0.819204	36.488883	21858.035580	0.000020	0.8
140	-0.804081	36.487505	21858.559303	0.000048	0.7
141	-0.812017	37.171113	21601.684948	0.000023	0.8
142	-0.819690	37.868480	21345.787188	0.000050	0.7
143	-0.835514	37.926061	21324.928782	0.000081	1.1
144	-0.808808	37.913954	21329.311171	0.000071	0.9
145	-0.816956	38.913954	20973.312110	0.000049	0.8
146	-0.813587	39.913954	20629.001638	0.000047	0.7
147	-0.819628	40.127468	20556.945704	0.000032	0.7
148	-0.830386	41.127179	20226.156446	0.000017	0.8
149	-0.796539	41.222400	20195.203938	0.000008	0.8
150	-0.825522	41.213693	20198.030091	0.000022	0.8
151	-0.799564	41.325963	20161.646579	0.000057	0.7
152	-0.810250	41.313857	20165.563763	0.000022	0.6
153	-0.837030	41.301749	20169.482544	0.000019	0.6
154	-0.815706	41.322742	20162.688614	0.000028	0.7
155	-0.815993	41.310646	20166.602776	0.000034	0.8
156	-0.810680	41.298634	20170.491289	0.000031	0.7
157	-0.814564	41.286527	20174.411941	0.000042	0.8
158	-0.828235	42.286423	19855.665470	0.000051	0.8
159	-0.827751	43.286384	19546.814894	0.000053	0.9
160	-0.819368	44.286384	19247.413798	0.000076	0.8
161	-0.841896	44.274277	19250.983827	0.000021	0.8
162	-0.825007	45.005011	19037.858244	0.000053	0.8
163	-0.809236	44.992956	19041.336037	0.000038	0.9
164	-0.811556	45.992956	18757.107109	0.000027	0.8
165	-0.806845	45.982851	18759.936614	0.000021	0.9
166	-0.813722	46.388636	18646.972699	0.000038	0.9
167	-0.814708	46.376528	18650.323423	0.000062	0.9
168	-0.822110	46.689497	18564.091859	0.000044	0.8
169	-0.822536	46.686055	18565.036014	0.000028	0.8
170	-0.840518	46.728563	18553.384083	0.000037	0.8
171	-0.810886	47.721618	18285.280186	0.000038	0.6
172	-0.817510	48.721566	18023.032420	0.000072	0.7
173	-0.804984	49.721566	17768.187493	0.000044	0.8
174	-0.806966	49.709459	17771.229828	0.000028	0.8
175	-0.828110	49.697352	17774.273205	0.000064	0.9
176	-0.812827	50.697352	17526.366237	0.000043	0.8
177	-0.818072	51.697352	17285.279516	0.000037	0.9
178	-0.814227	52.697352	17050.735410	0.000019	0.9
179	-0.826282	52.687844	17052.935450	0.000037	0.7
180	-0.810438	52.952525	16991.901808	0.000041	0.8
181	-0.822745	52.940418	16994.684037	0.000038	0.7
182	-0.807618	52.928311	16997.467232	0.000034	0.7
183	-0.811839	53.928306	16770.618720	0.000051	0.7
184	-0.815997	53.916199	16773.329004	0.000074	0.8
185	-0.816978	53.904091	16776.040164	0.000031	0.8
186	-0.802823	53.891984	16778.752201	0.000041	0.8
187	-0.841535	54.891982	16557.665441	0.000064	0.7
188	-0.786514	55.890612	16342.619817	0.000051	0.9
189	-0.821689	56.890612	16132.804804	0.000024	0.6
190	-0.827615	57.890474	15928.336943	0.000062	0.6
191	-0.817199	57.882815	15929.883508	0.000060	1.0
192	-0.829014	57.870707	15932.328838	0.000066	0.7
193	-0.821674	58.870707	15732.852342	0.000030	0.9
194	-0.813325	59.870651	15538.319899	0.000043	0.9
195	-0.805762	59.858544	15540.646488	0.000043	0.9
196	-0.828594	60.858544	15350.798908	0.000014	0.8
197	-0.820227	61.853960	15166.372807	0.000062	0.7
198	-0.810630	62.852923	14985.691588	0.000081	0.6
199	-0.822983	63.852923	14809.083747	0.000022	0.9
