1:ItNr	2:Metric	3a:Time	3b:StepSize	4:||Gradient||	Time[ms]
0	-0.242337	0.000000	50863.858451	0.000339	31.1
1	-0.230544	0.000000	50863.858451	0.000205	1.1
2	-0.218984	0.000000	50863.858451	0.000203	1.3
3	-0.231071	0.000000	50863.858451	0.000164	1.2
4	-0.236201	0.999999	48551.866588	0.000205	0.9
5	-0.229632	1.999999	46440.915796	0.000124	0.7
6	-0.229141	2.999999	44505.877986	0.000083	1.1
7	-0.226289	2.856484	44773.614876	0.000121	0.8
8	-0.231944	2.840537	44803.563388	0.000169	0.8
9	-0.226374	3.840537	42999.917168	0.000095	1.1
10	-0.241158	3.796375	43076.499990	0.000082	0.9
11	-0.229230	4.730302	41512.961101	0.000071	0.9
12	-0.246153	5.685456	40027.085447	0.000068	0.9
13	-0.243353	5.638331	40097.895878	0.000103	1.1
14	-0.238303	6.596688	38705.406517	0.000052	0.9
15	-0.238693	6.477664	38873.065301	0.000178	0.9
16	-0.236216	6.344805	39061.935736	0.000048	0.8
17	-0.231646	6.226948	39231.023708	0.000114	1.0
18	-0.221447	6.251951	39195.029717	0.000072	1.0
19	-0.229182	7.152598	37941.118029	0.000019	0.9
20	-0.228692	7.151575	37942.496522	0.000127	1.0
21	-0.233516	7.633068	37304.455683	0.000093	0.9
22	-0.233369	8.632839	36045.855749	0.000113	1.0
23	-0.254349	9.293042	35260.276487	0.000058	1.0
24	-0.232684	10.109721	34334.638396	0.000109	1.0
25	-0.232998	9.966794	34493.110004	0.000145	0.7
26	-0.223475	10.966689	33414.190372	0.000187	0.8
27	-0.236089	11.966685	32400.619385	0.000069	1.2
28	-0.240885	11.825182	32540.293073	0.000058	0.8
29	-0.230417	12.488617	31895.645075	0.000123	1.1
30	-0.230440	12.469321	31914.032933	0.000241	1.0
31	-0.239897	13.341432	31103.566607	0.000035	1.1
32	-0.234230	13.270051	31168.352744	0.000111	1.1
33	-0.223680	13.159008	31269.673302	0.000108	1.0
34	-0.245701	13.042945	31376.281765	0.000161	0.9
35	-0.229748	14.042931	30480.927438	0.000241	0.7
36	-0.240157	15.042931	29635.243503	0.000070	0.8
37	-0.234263	14.899348	29753.772576	0.000081	1.1
38	-0.237861	14.758820	29870.701151	0.000080	1.0
39	-0.231807	15.719035	29089.572476	0.000183	0.9
40	-0.247700	16.719020	28318.366053	0.000309	0.8
41	-0.240312	17.719020	27586.984790	0.000071	1.0
42	-0.222684	17.575438	27689.667118	0.000080	1.2
43	-0.234281	18.092460	27323.453889	0.000096	0.9
44	-0.243915	18.039931	27360.218089	0.000228	1.0
45	-0.232428	19.039874	26676.932841	0.000077	1.1
46	-0.241568	19.250363	26537.426056	0.000103	1.0
47	-0.239038	19.107170	26632.171736	0.000070	0.9
48	-0.234340	20.050670	26020.063299	0.000089	1.0
49	-0.229460	20.734341	25593.815704	0.000043	0.9
50	-0.229007	21.391047	25197.325671	0.000110	0.8
51	-0.241910	21.309236	25246.048724	0.000084	1.3
52	-0.226395	22.246821	24698.718039	0.000122	0.9
53	-0.233110	22.103575	24780.798969	0.000096	1.1
54	-0.224661	23.094698	24223.797403	0.000143	0.8
55	-0.247757	22.951246	24302.860845	0.000078	1.0
56	-0.234723	22.837579	24365.876171	0.000220	0.9
57	-0.226531	22.694023	24445.930057	0.000163	0.9
58	-0.245743	22.550439	24526.527058	0.000091	0.8
59	-0.229146	23.507768	23998.979731	0.000056	1.0
60	-0.220026	24.240158	23610.461877	0.000085	1.0
61	-0.231155	24.148267	23658.516522	0.000139	0.8
62	-0.233982	25.112164	23163.975432	0.000095	0.9
63	-0.236181	24.971689	23234.757295	0.000123	1.0
64	-0.234039	25.425049	23007.860191	0.000132	0.9
65	-0.231534	26.425044	22522.720686	0.000124	0.9
66	-0.249770	27.029024	22239.490376	0.000098	1.0
67	-0.233349	28.023366	21788.406573	0.000172	1.0
68	-0.226458	28.994051	21365.362581	0.000128	0.9
69	-0.233840	29.993927	20946.436170	0.000132	0.8
70	-0.248941	29.850344	21005.581192	0.000208	0.9
71	-0.235019	29.707888	21064.593104	0.000120	1.1
72	-0.225076	30.494120	20742.970898	0.000114	0.9
73	-0.220685	31.494087	20347.835229	0.000075	0.9
74	-0.232279	32.410441	19998.730590	0.000099	0.9
75	-0.235796	32.267176	20052.518372	0.000255	0.8
76	-0.248808	33.262726	19684.617996	0.000031	1.0
77	-0.209704	33.550023	19580.945514	0.000174	0.8
78	-0.242415	34.445279	19264.778577	0.000054	1.1
79	-0.230037	35.443821	18923.967434	0.000148	1.1
80	-0.235539	35.414041	18933.956857	0.000076	1.1
81	-0.228021	35.270466	18982.267338	0.000097	1.0
82	-0.224741	35.128908	19030.140911	0.000086	1.0
83	-0.222705	35.531885	18894.488042	0.000105	0.9
84	-0.233373	35.412602	18934.439886	0.000158	1.2
85	-0.233538	36.412291	18604.744833	0.000124	1.0
86	-0.231866	37.412177	18286.273154	0.000135	1.0
87	-0.219321	38.411331	17978.742530	0.000056	1.2
88	-0.228747	38.268131	18022.181853	0.000188	1.1
89	-0.238298	39.254562	17727.139607	0.000023	0.9
90	-0.244595	39.632768	17616.563778	0.000254	0.8
91	-0.221992	39.513509	17651.282272	0.000150	1.1
92	-0.244402	40.513509	17364.332583	0.000139	1.0
93	-0.234949	40.369925	17404.958885	0.000053	1.1
94	-0.236864	40.903824	17254.847138	0.000044	1.2
95	-0.240215	41.325021	17138.237816	0.000229	0.8
96	-0.231344	41.182176	17177.607725	0.000067	0.9
97	-0.245670	41.038771	17217.314540	0.000157	1.0
98	-0.232811	40.929646	17247.652617	0.000063	0.9
99	-0.243418	41.915146	16977.486370	0.000065	1.0
100	-0.238943	41.835699	16998.952058	0.000225	1.2
101	-0.230564	41.692118	17037.884010	0.000181	1.0
102	-0.238640	42.692118	16770.380202	0.000100	0.9
103	-0.231823	43.691598	16511.278998	0.000096	0.9
104	-0.227795	43.548096	16547.986633	0.000066	1.0
105	-0.224443	43.410357	16583.373754	0.000171	0.8
106	-0.242431	44.409935	16329.950969	0.000056	1.0
107	-0.230132	45.407435	16084.660311	0.000089	0.8
108	-0.247915	45.509388	16060.003857	0.000172	1.0
109	-0.215066	46.474677	15830.250380	0.000203	0.9
110	-0.251190	47.474677	15599.066370	0.000162	1.0
111	-0.240204	48.474677	15374.537562	0.000058	1.1
112	-0.239258	48.331208	15406.352411	0.000069	1.0
113	-0.218092	48.207915	15433.798756	0.000158	1.1
114	-0.236550	48.710638	15322.496804	0.000069	1.0
115	-0.218339	49.563898	15137.216861	0.000106	0.9
116	-0.238185	49.863682	15073.179987	0.000078	0.9
117	-0.238358	49.721684	15103.444475	0.000084	1.0
118	-0.239313	49.590086	15131.601088	0.000038	0.9
119	-0.230974	49.488745	15153.355764	0.000031	0.8
120	-0.234583	49.402680	15171.880245	0.000086	0.9
121	-0.234257	49.632041	15122.613066	0.000092	0.9
122	-0.234872	49.488683	15153.368947	0.000186	0.9
123	-0.237158	50.424351	14954.858003	0.000116	0.9
124	-0.226843	51.203682	14793.442553	0.000093	1.0
125	-0.245616	51.081651	14818.487197	0.000045	1.0
126	-0.237761	51.443717	14744.425948	0.000134	0.9
127	-0.236645	51.319845	14769.680735	0.000191	0.9
128	-0.227787	52.319820	14568.244072	0.000182	0.9
129	-0.248064	52.176236	14596.829323	0.000054	1.1
130	-0.228202	52.033564	14625.344491	0.000061	0.9
131	-0.222694	51.958664	14640.358896	0.000123	0.9
132	-0.240845	52.001407	14631.786901	0.000136	0.9
133	-0.236443	51.857823	14660.622282	0.000168	1.1
134	-0.239679	52.857823	14462.124431	0.000074	0.8
135	-0.245262	53.856842	14269.116967	0.000085	0.9
136	-0.223585	53.902364	14260.444859	0.000139	0.8
137	-0.230729	53.758846	14287.821177	0.000068	0.8
138	-0.248196	54.755259	14099.892665	0.000073	0.8
139	-0.225645	55.107915	14034.558986	0.000100	0.7
140	-0.221917	56.084045	13856.836671	0.000055	1.0
141	-0.219525	56.626975	13759.920763	0.000076	0.9
142	-0.228772	56.699388	13747.097042	0.000091	1.1
143	-0.234061	56.556937	13772.346696	0.000033	0.9
144	-0.244762	56.761834	13736.057613	0.000053	0.8
145	-0.235327	56.744622	13739.098549	0.000148	0.8
146	-0.232012	57.732957	13566.631649	0.000102	1.0
147	-0.237849	57.589377	13591.417341	0.000217	0.9
148	-0.235516	58.545342	13428.077620	0.000173	0.8
149	-0.251709	58.401838	13452.346298	0.000058	0.7
150	-0.239669	59.335908	13295.935208	0.000146	0.7
151	-0.244095	60.325367	13134.167889	0.000115	0.7
152	-0.240985	61.325072	12974.674629	0.000056	0.8
153	-0.224272	61.190750	12995.878756	0.000040	0.9
154	-0.240047	61.264575	12984.216196	0.000137	0.8
155	-0.226508	61.187043	12996.464984	0.000079	0.9
156	-0.244169	61.044992	13018.966841	0.000069	0.9
157	-0.240185	61.106088	13009.279280	0.000159	0.9
158	-0.220212	62.103421	12853.153496	0.000089	0.9
159	-0.222740	63.024200	12712.302333	0.000100	0.6
160	-0.239171	63.763489	12601.428240	0.000166	0.9
161	-0.231361	63.654222	12617.693486	0.000076	0.9
162	-0.242802	64.654000	12470.416149	0.000034	0.8
163	-0.214745	64.875975	12438.182275	0.000104	0.8
164	-0.245627	64.874389	12438.412027	0.000070	0.9
165	-0.238713	64.747760	12456.780601	0.000096	0.8
166	-0.254918	65.050565	12412.946113	0.000151	0.8
167	-0.226488	66.026545	12273.738122	0.000054	0.8
168	-0.226553	67.003731	12137.451616	0.000203	0.9
169	-0.218067	68.002736	12001.215616	0.000097	0.7
170	-0.237288	68.993599	11869.077782	0.000195	0.7
171	-0.230448	68.850845	11887.935263	0.000107	1.0
172	-0.218572	68.707261	11906.962848	0.000085	0.8
173	-0.234535	69.560263	11794.809266	0.000057	1.1
174	-0.240825	69.419054	11813.229391	0.000171	0.9
175	-0.213002	70.410722	11685.073727	0.000141	0.8
176	-0.249074	70.267150	11703.455457	0.000098	0.8
177	-0.247421	70.167282	11716.275882	0.000112	0.8
178	-0.229188	70.023714	11734.755552	0.000082	0.8
179	-0.234840	69.882547	11752.982918	0.000083	1.2
180	-0.255882	69.800385	11763.617850	0.000063	0.9
181	-0.252830	70.004395	11737.246573	0.000194	0.8
182	-0.224122	69.863105	11755.497795	0.000080	0.8
183	-0.214185	69.738718	11771.612512	0.000158	0.8
184	-0.239967	69.595146	11790.267683	0.000106	0.9
185	-0.235709	70.592980	11661.821975	0.000067	0.8
186	-0.231298	70.475069	11676.853977	0.000088	0.9
187	-0.218566	71.250344	11578.721387	0.000098	0.9
188	-0.225896	71.312593	11570.913489	0.000130	1.0
189	-0.227048	71.170817	11588.711785	0.000152	1.0
190	-0.231052	72.170809	11464.331353	0.000145	0.7
191	-0.236259	72.027232	11482.025295	0.000114	0.8
192	-0.228523	72.123709	11470.129732	0.000123	0.8
193	-0.237138	71.980183	11487.835273	0.000019	0.8
194	-0.241875	72.090939	11474.167463	0.000057	0.8
195	-0.237736	72.065171	11477.344449	0.000107	0.9
196	-0.238972	72.830564	11383.721712	0.000090	0.7
197	-0.238486	73.222082	11336.419334	0.000124	0.8
198	-0.243397	74.200946	11219.857310	0.000086	0.9
199	-0.232028	75.198604	11103.498204	0.000144	0.7
