1:ItNr	2:Metric	3a:Time	3b:StepSize	4:||Gradient||	Time[ms]
0	-0.044567	0.000000	1387.919852	0.001014	60.9
1	-0.054282	0.000000	1387.919852	0.000365	0.9
2	-0.048609	0.973005	1326.460238	0.000802	0.9
3	-0.051624	0.595120	1349.671463	0.000874	1.0
4	-0.052656	1.515710	1294.487994	0.000170	1.5
5	-0.052995	2.026920	1265.749717	0.000815	1.0
6	-0.049810	2.150842	1258.974397	0.001033	0.9
7	-0.052397	3.085201	1210.133849	0.001137	1.4
8	-0.043804	4.085198	1161.893039	0.000928	1.0
9	-0.050316	5.084614	1117.375822	0.000814	1.4
10	-0.048306	5.905880	1083.269421	0.000475	1.3
11	-0.048140	5.256365	1110.066727	0.000589	1.2
12	-0.051100	5.174748	1113.528078	0.001322	1.2
13	-0.054089	4.377385	1148.515396	0.000487	1.3
14	-0.047487	3.948905	1168.240336	0.000638	1.1
15	-0.050416	4.627861	1137.290260	0.000320	1.2
16	-0.046796	4.964115	1122.561524	0.001243	1.0
17	-0.053651	4.481590	1143.818628	0.000835	1.0
18	-0.054598	5.481313	1100.637142	0.000632	1.0
19	-0.046052	5.152085	1114.493037	0.001277	1.1
20	-0.047403	6.144952	1073.728820	0.000980	1.4
21	-0.047690	5.347569	1106.224149	0.002236	1.3
22	-0.044301	6.347569	1065.773601	0.001014	1.0
23	-0.051853	7.347569	1028.176951	0.000637	1.0
24	-0.047578	6.617910	1055.341137	0.001383	1.1
25	-0.041494	7.614837	1018.573580	0.000216	1.2
26	-0.042933	6.876987	1045.533269	0.000928	1.1
27	-0.044974	6.305026	1067.434130	0.000601	1.0
28	-0.047046	6.388449	1064.182820	0.001416	1.0
29	-0.043043	5.740611	1089.964490	0.000866	1.1
30	-0.047832	5.253189	1110.201010	0.000329	1.0
31	-0.045483	5.786225	1088.108427	0.000839	1.2
32	-0.044083	6.095818	1075.675829	0.001305	1.5
33	-0.044539	7.095816	1037.389935	0.000640	1.1
34	-0.044046	6.298313	1067.696648	0.000335	1.5
35	-0.042714	5.959922	1081.097960	0.000818	1.2
36	-0.056086	5.208010	1112.114853	0.000909	1.3
37	-0.046718	6.022903	1078.578316	0.001481	1.4
38	-0.049018	7.022172	1040.116276	0.000342	1.8
39	-0.044534	7.317645	1029.263454	0.000934	1.8
40	-0.045923	8.206563	997.937226	0.001089	1.9
41	-0.044238	7.409060	1025.951454	0.000950	1.2
42	-0.046756	8.308484	994.466901	0.000962	1.4
43	-0.039983	7.517677	1022.043872	0.000536	1.4
44	-0.048818	8.296551	994.871964	0.001964	1.9
45	-0.049228	8.719855	980.701858	0.000373	1.3
46	-0.051102	7.931994	1007.407800	0.000898	1.2
47	-0.049582	8.026410	1004.130972	0.000998	1.4
48	-0.044231	8.894656	974.967472	0.000704	1.8
49	-0.059848	8.098344	1001.648659	0.000537	1.5
50	-0.055943	7.401576	1026.221832	0.000661	1.3
51	-0.046844	8.335921	993.536790	0.000953	1.3
52	-0.047067	7.735255	1014.305125	0.001112	1.3
53	-0.045248	8.718138	980.758524	0.001336	1.4
54	-0.045723	9.718055	948.833397	0.000615	1.4
55	-0.050710	8.926791	973.920545	0.000980	1.4
56	-0.047155	8.131387	1000.512489	0.000798	1.4
57	-0.057610	7.334123	1028.664885	0.001438	1.6
58	-0.052874	8.334112	993.598068	0.001545	1.5
59	-0.047040	7.536575	1021.367032	0.001109	1.1
60	-0.049811	6.739038	1050.732791	0.001969	1.3
61	-0.052506	7.739038	1014.171623	0.000877	1.5
62	-0.045509	8.739027	980.069605	0.000574	1.5
63	-0.053355	9.507844	955.371245	0.001205	1.3
64	-0.054559	8.996622	971.653306	0.001039	1.3
65	-0.049739	9.889944	943.553568	0.001744	1.3
66	-0.041925	10.889944	913.965773	0.000948	1.0
67	-0.043668	11.888395	886.218897	0.000147	1.4
68	-0.046388	12.429002	871.887131	0.000676	1.5
69	-0.053902	12.380925	873.142874	0.001239	1.1
70	-0.053460	13.367863	848.068922	0.000176	0.9
71	-0.048369	14.072407	831.032684	0.000938	0.9
72	-0.048489	14.452219	822.129544	0.000273	1.0
73	-0.049234	14.287925	825.957237	0.000255	1.1
74	-0.044718	14.496119	821.112788	0.001579	1.1
75	-0.052748	13.899447	835.151247	0.002063	1.0
76	-0.051436	14.899447	811.887623	0.000463	1.1
77	-0.043214	15.885503	790.183527	0.001080	0.7
78	-0.055262	15.290715	803.134268	0.000893	0.8
79	-0.042102	14.493229	821.179634	0.000922	1.1
80	-0.050148	13.695960	840.049306	0.000661	1.1
81	-0.044440	14.693617	816.569435	0.000771	1.0
82	-0.050002	13.924880	834.543082	0.000595	0.9
83	-0.048095	14.330849	824.953771	0.000587	0.9
84	-0.051510	15.145078	806.370294	0.000767	1.0
85	-0.043240	15.046440	808.576858	0.000644	1.2
86	-0.049964	14.258455	826.647589	0.001589	1.1
87	-0.042663	13.483042	845.236237	0.000345	1.0
88	-0.048072	14.345687	824.607446	0.000981	0.9
89	-0.050685	15.290128	803.147267	0.000274	1.0
90	-0.050538	14.948632	810.776807	0.001063	0.9
91	-0.049842	15.660738	795.028104	0.000454	0.9
92	-0.046712	15.513155	798.241536	0.000523	1.0
93	-0.045689	14.983389	809.993658	0.001696	1.3
94	-0.044053	15.982590	788.109134	0.000310	1.1
95	-0.051856	16.595272	775.265497	0.000304	1.1
96	-0.043809	16.840883	770.233522	0.000357	1.1
97	-0.054460	17.346010	760.087352	0.001132	1.1
98	-0.048473	18.321359	741.233714	0.000861	1.0
99	-0.052931	17.942423	748.446420	0.000303	0.9
100	-0.046130	17.935937	748.571086	0.000940	1.0
101	-0.053296	17.262400	761.748264	0.000995	1.0
102	-0.047321	16.517098	776.880904	0.000458	1.1
103	-0.049412	15.733165	793.460533	0.000894	1.2
104	-0.049512	15.203130	805.077272	0.001294	1.0
105	-0.047744	16.194531	783.618337	0.000854	0.9
106	-0.050137	17.109442	764.805668	0.001000	1.0
107	-0.042592	18.109333	745.252218	0.000820	0.9
108	-0.051913	19.102401	726.797307	0.000936	0.9
109	-0.047967	20.034321	710.291195	0.000180	0.9
110	-0.054270	19.548821	718.795671	0.001586	1.1
111	-0.044549	20.485788	702.561493	0.001391	0.9
112	-0.049396	21.485782	686.025199	0.000870	0.8
113	-0.043886	22.382955	671.837979	0.001253	0.9
114	-0.048298	23.232495	658.934493	0.000956	0.8
115	-0.042713	24.231525	644.380596	0.000108	0.9
116	-0.045310	24.308614	643.284236	0.000573	0.9
117	-0.047621	24.564013	639.678448	0.001049	1.0
118	-0.048011	23.769471	651.031081	0.001473	0.9
119	-0.047092	23.823493	650.246449	0.001077	1.1
120	-0.052445	24.823493	636.056207	0.000661	1.2
121	-0.054579	24.226555	644.451406	0.000692	0.9
122	-0.048247	23.985596	647.903321	0.000733	0.9
123	-0.044878	24.980555	633.883531	0.000783	0.8
124	-0.043513	25.972699	620.494826	0.000873	0.9
125	-0.044612	26.798267	609.777690	0.001327	1.0
126	-0.047831	27.769783	597.630640	0.000702	1.0
127	-0.046326	28.769262	585.628877	0.000668	1.0
128	-0.054044	29.735081	574.480542	0.001068	0.8
129	-0.051231	29.090156	581.877142	0.000582	0.9
130	-0.054087	29.262050	579.887148	0.000969	0.9
131	-0.044358	29.908565	572.522850	0.000791	1.1
132	-0.045828	29.293092	579.529230	0.000614	1.0
133	-0.039979	28.503288	588.775372	0.000775	1.0
134	-0.046807	27.709449	598.370897	0.000816	1.2
135	-0.043053	26.913389	608.312567	0.000480	0.8
136	-0.047114	27.838864	596.785314	0.000607	0.9
137	-0.039616	27.357363	602.727586	0.001137	0.9
138	-0.042620	26.560229	612.829618	0.000679	1.0
139	-0.048133	25.767410	623.218540	0.000423	0.9
140	-0.050444	25.004319	633.556097	0.000508	0.8
141	-0.040763	25.842441	622.220280	0.000882	1.0
142	-0.039626	26.693433	611.118028	0.000632	0.9
143	-0.044426	25.916737	621.234955	0.000262	0.8
144	-0.045201	25.671363	624.501092	0.001040	1.0
145	-0.049856	25.352222	628.800861	0.000595	1.1
146	-0.046051	26.350902	615.538790	0.001099	0.9
147	-0.046005	27.345456	602.876036	0.000238	0.9
148	-0.045894	26.871577	608.843882	0.000855	1.0
149	-0.045152	27.597467	599.749719	0.000866	0.9
150	-0.052103	26.801023	609.742533	0.001062	1.0
151	-0.047363	27.795056	597.321102	0.000687	0.9
152	-0.050921	27.337872	602.970630	0.001406	1.1
153	-0.042792	28.337838	590.749775	0.000825	1.0
154	-0.048442	29.284983	579.622690	0.000644	0.8
155	-0.044286	28.521678	588.556725	0.000810	0.9
156	-0.049141	29.334261	579.055225	0.000721	0.9
157	-0.042747	29.071807	582.090370	0.001422	0.8
158	-0.051041	28.825368	584.969431	0.000583	0.8
159	-0.051035	28.167815	592.792603	0.000426	1.0
160	-0.047115	27.465219	601.386267	0.001035	0.9
161	-0.046925	26.682860	611.253541	0.000850	1.1
162	-0.046393	27.681598	598.713227	0.000761	1.0
163	-0.050430	28.680955	586.669824	0.000981	0.8
164	-0.040127	29.609206	575.909388	0.000673	1.0
165	-0.045575	28.815316	585.087459	0.000706	0.8
166	-0.039017	29.782352	573.945790	0.001061	0.9
167	-0.046790	29.077755	582.021231	0.001162	1.0
168	-0.043795	30.077742	570.626576	0.000990	1.0
169	-0.046053	31.037377	560.103499	0.000782	1.0
170	-0.041772	30.755933	563.149288	0.001105	1.1
171	-0.048829	29.962820	571.913350	0.000728	0.9
172	-0.051171	29.252498	579.997368	0.001845	0.9
173	-0.043665	30.252498	568.680901	0.001256	1.3
174	-0.041365	31.252498	557.797576	0.000469	1.9
175	-0.044849	32.245283	547.397162	0.000308	1.2
176	-0.054713	32.801437	541.738635	0.001393	0.8
177	-0.049247	33.637075	533.453101	0.000461	0.9
178	-0.044931	33.688231	532.954099	0.000704	0.8
179	-0.047597	34.356580	526.519468	0.001079	1.1
180	-0.047018	35.165053	518.940429	0.001314	0.8
181	-0.047452	34.367517	526.415463	0.001859	0.8
182	-0.048315	35.005565	520.418231	0.001117	1.1
183	-0.049469	36.005565	511.288978	0.001202	1.0
184	-0.045273	36.990662	502.603620	0.000994	0.8
185	-0.043913	36.193127	509.612228	0.000655	0.8
186	-0.047027	37.187515	500.903280	0.001420	1.1
187	-0.049917	38.147741	492.771429	0.000641	1.2
188	-0.049954	39.147505	484.580643	0.000512	1.4
189	-0.046683	40.076414	477.210675	0.000682	1.1
190	-0.049561	39.297356	483.376369	0.001260	1.3
191	-0.046343	40.141975	476.698975	0.001185	1.1
192	-0.049479	39.344438	482.999225	0.000944	1.4
193	-0.043221	38.547030	489.467183	0.001007	1.2
194	-0.050379	37.760049	496.022676	0.000939	1.2
195	-0.047225	38.756473	487.751628	0.000520	1.2
196	-0.045756	37.974789	494.216555	0.000622	1.2
197	-0.049132	38.111591	493.072786	0.000547	1.4
198	-0.047738	38.937739	486.276548	0.001322	1.4
199	-0.042912	38.141359	492.824602	0.000745	0.9
