1:ItNr	2:Metric	3a:Time	3b:StepSize	4:||Gradient||	Time[ms]
0	-0.774222	0.000000	19472.497400	0.006840	35.8
1	-0.411612	0.000000	19472.497400	0.002491	4.3
2	-0.595055	1.000000	18587.383882	0.005487	4.7
3	-0.660856	0.987841	18597.662437	0.006860	4.1
4	-0.476257	1.987841	17788.640729	0.003584	4.5
5	-0.831142	2.987841	17047.071669	0.006362	4.5
6	-0.492808	2.975682	17055.716873	0.003666	4.4
7	-0.757764	3.975682	16372.823936	0.005826	4.6
8	-0.655534	3.963523	16380.798632	0.004884	4.8
9	-0.804611	4.963523	15749.882768	0.007789	4.4
10	-0.444899	5.963523	15165.764635	0.002844	4.3
11	-0.620824	6.963523	14623.423652	0.005524	4.5
12	-0.799472	6.951364	14629.784902	0.007549	4.3
13	-0.481389	7.951364	14124.462085	0.003764	6.0
14	-0.780130	8.951364	13652.882159	0.007492	6.3
15	-0.511109	8.939205	13658.426890	0.004344	5.3
16	-0.886416	9.939205	13216.966717	0.006318	5.6
17	-0.584099	9.927046	13222.162964	0.004553	5.2
18	-0.847876	10.927046	12808.026220	0.006044	6.3
19	-0.696515	10.914887	12812.905832	0.005979	5.2
20	-0.778253	11.914887	12423.631954	0.007616	6.5
21	-0.560255	12.914887	12057.314005	0.005117	4.7
22	-0.921464	13.914887	11711.979537	0.003897	4.6
23	-0.812597	13.902728	11716.059605	0.006399	6.1
24	-0.733734	14.902728	11389.731770	0.006246	5.0
25	-0.788055	15.902728	11081.089772	0.007648	6.2
26	-0.616756	16.902728	10788.733780	0.006159	4.3
27	-0.907651	17.902728	10511.407889	0.005566	4.5
28	-0.688302	18.902728	10247.982095	0.007216	4.2
29	-0.770718	19.902728	9997.436899	0.007847	5.3
30	-0.651687	20.902728	9758.850122	0.006729	4.8
31	-0.875924	21.902728	9531.385564	0.007549	4.9
32	-0.607931	22.902728	9314.283212	0.006125	5.4
33	-0.947933	23.902728	9106.850756	0.002314	6.5
34	-0.912489	24.902728	8908.456215	0.005712	6.1
35	-0.726082	25.902728	8718.521502	0.007804	5.8
36	-0.776648	26.902728	8536.516806	0.008000	5.6
37	-0.728418	27.902728	8361.955650	0.007624	5.8
38	-0.819961	28.902728	8194.390550	0.008184	6.1
39	-0.700150	29.902728	8033.409188	0.007457	5.4
40	-0.876596	30.902728	7878.631020	0.007596	6.3
41	-0.701622	31.902728	7729.704277	0.007498	5.6
42	-0.888623	32.902728	7586.303293	0.007356	8.0
43	-0.720760	33.902728	7448.126129	0.007703	6.4
44	-0.875430	34.902728	7314.892451	0.007578	5.0
45	-0.730756	35.902728	7186.341630	0.007571	4.3
46	-0.886857	36.902728	7062.231042	0.007638	5.3
47	-0.726335	37.902728	6942.334541	0.007705	5.4
48	-0.886630	38.902728	6826.441079	0.007460	5.5
49	-0.751971	39.902728	6714.353472	0.008203	6.3
50	-0.857487	40.902728	6605.887276	0.008168	5.5
51	-0.770623	41.902728	6500.869776	0.008109	5.5
52	-0.867753	42.902728	6399.139069	0.007935	5.9
53	-0.770758	43.902728	6300.543228	0.008332	5.9
54	-0.849055	44.902728	6204.939550	0.008209	5.9
55	-0.802259	45.902728	6112.193862	0.008370	5.3
56	-0.846392	46.902728	6022.179896	0.008292	6.8
57	-0.812360	47.902728	5934.778714	0.008236	6.9
58	-0.860166	48.902728	5849.878184	0.008236	5.7
59	-0.812229	49.902728	5767.372498	0.008426	5.9
60	-0.856725	50.902728	5687.161738	0.008265	6.8
61	-0.827637	51.902728	5609.151465	0.008607	5.5
62	-0.850388	52.902728	5533.252353	0.008203	4.4
63	-0.858962	53.902728	5459.379846	0.008117	4.7
64	-0.857769	54.902728	5387.453843	0.008146	4.3
65	-0.850876	55.902728	5317.398411	0.008042	5.3
66	-0.860334	56.902728	5249.141515	0.008121	4.2
67	-0.855348	57.902728	5182.614772	0.008292	4.4
68	-0.853349	58.902728	5117.753223	0.008139	4.8
69	-0.858303	59.902728	5054.495119	0.008073	4.5
70	-0.868693	60.902728	4992.781727	0.008150	5.0
71	-0.871003	61.902728	4932.557151	0.007953	5.4
72	-0.882706	62.902728	4873.768155	0.007923	4.5
73	-0.872967	63.902728	4816.364014	0.007975	4.5
74	-0.880575	64.902728	4760.296365	0.007721	4.8
75	-0.885741	65.902728	4705.519070	0.007747	4.2
76	-0.879533	66.902728	4651.988092	0.007632	4.0
77	-0.898582	67.902728	4599.661373	0.007712	5.0
78	-0.889745	68.902728	4548.498728	0.007708	4.3
79	-0.891002	69.902728	4498.461740	0.007491	4.0
80	-0.894034	70.902728	4449.513664	0.007429	4.8
81	-0.898053	71.902728	4401.619336	0.007379	4.2
82	-0.896308	72.902728	4354.745093	0.007392	4.1
83	-0.909611	73.902728	4308.858687	0.007158	5.2
84	-0.912684	74.902728	4263.929218	0.007005	4.3
85	-0.921115	75.902728	4219.927060	0.006837	4.3
86	-0.921354	76.902728	4176.823796	0.006685	4.9
87	-0.921222	77.902728	4134.592163	0.006562	4.5
88	-0.927702	78.902728	4093.205984	0.006722	4.1
89	-0.914981	79.902728	4052.640124	0.006794	4.6
90	-0.921417	80.902728	4012.870432	0.006440	4.4
91	-0.920405	81.902728	3973.873697	0.006310	4.3
92	-0.931424	82.902728	3935.627601	0.006380	4.7
93	-0.929453	83.902728	3898.110678	0.006385	5.0
94	-0.930619	84.902728	3861.302271	0.006044	4.5
95	-0.932314	85.902728	3825.182498	0.005796	4.8
96	-0.935107	86.902728	3789.732213	0.006072	4.4
97	-0.927716	87.902728	3754.932973	0.005846	4.8
98	-0.937875	88.902728	3720.767006	0.005103	4.4
99	-0.956106	89.902728	3687.217182	0.004773	5.0
100	-0.954040	90.902728	3654.266983	0.004670	5.6
101	-0.947247	91.902728	3621.900475	0.004757	5.0
102	-0.955229	92.902728	3590.102287	0.004734	5.0
103	-0.957105	93.902728	3558.857578	0.004550	4.9
104	-0.958675	94.902728	3528.152023	0.004543	4.3
105	-0.958119	95.902728	3497.971786	0.004538	4.2
106	-0.961186	96.902728	3468.303501	0.004423	4.8
107	-0.954977	97.902728	3439.134250	0.004115	4.4
108	-0.959107	98.902728	3410.451548	0.003823	4.3
109	-0.953225	99.902728	3382.243321	0.003707	5.1
110	-0.963759	100.902728	3354.497894	0.003621	4.5
111	-0.953684	101.902728	3327.203968	0.003203	4.7
112	-0.961284	102.902728	3300.350613	0.002883	4.4
113	-0.966620	103.902728	3273.927246	0.002644	5.1
114	-0.976006	104.902728	3247.923622	0.002173	5.0
115	-0.960261	105.902728	3222.329818	0.001971	4.5
116	-0.970104	106.902728	3197.136220	0.001948	4.1
117	-0.967595	107.902728	3172.333516	0.001903	5.1
118	-0.961728	108.902728	3147.912678	0.001871	4.3
119	-0.970165	109.902728	3123.864954	0.002105	4.0
120	-0.976929	110.902728	3100.181858	0.002236	4.9
121	-0.968544	111.902728	3076.855160	0.002063	4.5
122	-0.976110	112.902728	3053.876874	0.001805	4.7
123	-0.970428	113.902728	3031.239253	0.001245	5.0
124	-0.973276	114.902728	3008.934776	0.000880	4.5
125	-0.964458	115.902728	2986.956143	0.000890	4.7
126	-0.965103	116.902728	2965.296266	0.000643	4.8
127	-0.972203	117.902728	2943.948260	0.000413	5.1
128	-0.975512	118.902728	2922.905438	0.000409	4.7
129	-0.970026	119.902728	2902.161302	0.000408	4.2
130	-0.966920	120.902728	2881.709537	0.000405	4.3
131	-0.971186	121.902728	2861.544005	0.000380	4.2
132	-0.969097	122.902728	2841.658739	0.000503	4.7
133	-0.973755	123.902728	2822.047937	0.000536	4.4
134	-0.970591	124.902728	2802.705955	0.000339	4.5
135	-0.976992	125.902728	2783.627303	0.000581	4.4
136	-0.966206	126.902728	2764.806641	0.000427	5.1
137	-0.979936	127.902728	2746.238770	0.000400	5.9
138	-0.974297	128.902728	2727.918631	0.000476	4.5
139	-0.969286	129.902728	2709.841300	0.000577	4.2
140	-0.975362	130.902728	2692.001980	0.000640	4.9
141	-0.968722	131.902728	2674.396003	0.000572	4.2
142	-0.970204	132.902728	2657.018819	0.000692	4.2
143	-0.972561	133.902728	2639.865998	0.000914	5.0
144	-0.964072	134.902728	2622.933222	0.000742	4.4
145	-0.967306	135.902728	2606.216283	0.000615	4.1
146	-0.966994	136.902728	2589.711082	0.000509	5.4
147	-0.968610	137.902728	2573.413621	0.000583	4.3
148	-0.981150	138.902728	2557.320002	0.000453	4.2
149	-0.981282	139.902728	2541.426424	0.000433	4.5
150	-0.975241	140.902728	2525.729181	0.000403	4.3
151	-0.971417	141.902728	2510.224658	0.000363	4.2
152	-0.978004	141.890617	2510.411300	0.000415	4.8
153	-0.965515	142.890600	2495.093957	0.000486	4.4
154	-0.975822	143.890600	2479.962143	0.000495	4.1
155	-0.974202	144.890600	2465.012759	0.000518	4.9
156	-0.978259	145.890600	2450.242528	0.000721	5.3
157	-0.972786	146.890600	2435.648248	0.000809	4.9
158	-0.980547	147.890600	2421.226792	0.000764	4.9
159	-0.962385	148.890600	2406.975110	0.000474	4.2
160	-0.967789	149.890600	2392.890221	0.000364	4.7
161	-0.978640	150.890600	2378.969215	0.000279	4.4
162	-0.975014	150.878442	2379.137494	0.000367	4.3
163	-0.977718	150.866452	2379.303473	0.000668	4.9
164	-0.976248	151.866451	2365.539653	0.000682	4.4
165	-0.973094	152.866451	2351.934155	0.000535	5.0
166	-0.978435	153.866451	2338.484267	0.000386	3.7
167	-0.970959	154.866451	2325.187335	0.000334	4.4
168	-0.978327	154.854292	2325.348104	0.000478	4.2
169	-0.976028	155.854292	2312.199720	0.000432	5.0
170	-0.971025	156.854292	2299.199192	0.000379	4.6
171	-0.979904	157.854292	2286.344040	0.000392	3.9
172	-0.971589	158.854292	2273.631839	0.000476	4.3
173	-0.965300	159.854292	2261.060216	0.000369	4.1
174	-0.960827	160.854292	2248.626855	0.000356	4.0
175	-0.971662	161.854292	2236.329485	0.000450	5.0
176	-0.969292	162.854292	2224.165888	0.000386	5.9
177	-0.972512	163.854292	2212.133893	0.000329	5.2
178	-0.969572	163.842134	2212.279395	0.000366	6.3
179	-0.976590	164.842134	2200.375316	0.000497	5.5
180	-0.969986	165.842134	2188.598662	0.000429	5.0
181	-0.968067	166.842134	2176.947396	0.000421	4.5
182	-0.972522	167.842134	2165.419527	0.000354	4.3
183	-0.969205	168.016762	2163.418957	0.000398	4.1
184	-0.970076	169.016762	2152.033546	0.000337	4.4
185	-0.980565	170.016742	2140.767562	0.000453	4.7
186	-0.976473	171.016742	2129.618703	0.000389	5.1
187	-0.971534	172.016742	2118.585366	0.000270	4.5
188	-0.977995	173.016742	2107.665765	0.000302	4.2
189	-0.976214	173.004747	2107.796086	0.000499	5.4
190	-0.974450	174.004747	2096.987138	0.000501	4.4
191	-0.979720	175.004747	2086.288483	0.000403	4.2
192	-0.975729	176.004747	2075.698441	0.000414	4.9
193	-0.985822	177.004616	2065.216730	0.000375	4.4
194	-0.985737	178.004616	2054.838998	0.000285	4.2
195	-0.976012	177.992457	2054.964554	0.000406	4.7
196	-0.973179	178.857214	2046.072977	0.000260	4.3
197	-0.966613	179.857214	2035.886273	0.000355	4.4
198	-0.976867	179.845055	2036.009524	0.000337	4.7
199	-0.970718	179.851840	2035.940751	0.000262	3.6
