1:ItNr	2:Metric	3a:Time	3b:StepSize	4:||Gradient||	Time[ms]
0	-0.149707	0.000000	14901.460509	0.000698	58.6
1	-0.152334	0.000000	14901.460509	0.000327	0.8
2	-0.144462	0.000000	14901.460509	0.000615	1.0
3	-0.154660	0.000000	14901.460509	0.000248	1.0
4	-0.150819	0.000000	14901.460509	0.000233	0.9
5	-0.166609	0.998014	14225.405353	0.000099	1.0
6	-0.145245	1.883714	13674.820215	0.000111	0.9
7	-0.152358	1.965895	13625.886112	0.000283	0.9
8	-0.164557	2.949709	13066.157652	0.000359	0.9
9	-0.171406	3.949709	12542.457846	0.000405	0.8
10	-0.159566	4.949709	12059.120713	0.000298	1.0
11	-0.162057	5.949709	11611.653143	0.000303	0.9
12	-0.152396	5.820945	11667.399294	0.000143	0.8
13	-0.157647	5.692182	11723.682750	0.000134	1.2
14	-0.162577	6.381478	11428.552795	0.000330	1.0
15	-0.173119	6.293167	11465.531841	0.000083	1.0
16	-0.159336	6.166964	11518.794265	0.000218	0.9
17	-0.155774	7.146646	11117.867063	0.000190	0.7
18	-0.164461	8.145569	10736.818022	0.000217	0.9
19	-0.153504	8.017189	10784.320705	0.000196	0.8
20	-0.173302	9.016206	10425.390677	0.000203	0.8
21	-0.172206	10.006975	10092.267071	0.000201	0.8
22	-0.154553	9.946439	10112.008969	0.000120	0.9
23	-0.147693	10.932454	9799.768853	0.000188	1.1
24	-0.167954	10.825345	9832.750296	0.000113	0.9
25	-0.163781	11.558378	9611.371689	0.000272	0.8
26	-0.153425	12.557778	9325.130717	0.000106	1.1
27	-0.160243	13.557305	9055.412941	0.000130	1.0
28	-0.146007	13.437676	9086.869481	0.000063	0.9
29	-0.157201	13.391623	9099.037724	0.000090	0.9
30	-0.156742	13.308709	9121.027369	0.000138	1.0
31	-0.151090	14.172504	8897.025720	0.000128	0.8
32	-0.159722	14.047390	8928.786817	0.000222	0.7
33	-0.149566	15.046340	8681.343828	0.000180	0.9
34	-0.155966	16.046167	8447.045850	0.000227	0.8
35	-0.166069	16.198212	8412.519217	0.000174	0.9
36	-0.156973	17.198170	8192.294894	0.000175	0.9
37	-0.162606	17.268596	8177.218564	0.000073	1.1
38	-0.159705	17.153998	8201.779385	0.000147	1.1
39	-0.160858	17.333551	8163.362357	0.000228	0.9
40	-0.176921	17.204898	8190.852236	0.000188	0.8
41	-0.172947	18.204475	7982.014006	0.000173	0.8
42	-0.147616	19.195826	7785.153450	0.000233	1.1
43	-0.148668	20.195163	7596.296418	0.000226	1.0
44	-0.155505	20.066399	7620.114659	0.000100	1.0
45	-0.169293	20.510442	7538.601227	0.000230	0.8
46	-0.152943	20.653582	7512.695244	0.000292	0.7
47	-0.168423	21.653511	7336.574700	0.000172	0.7
48	-0.146453	22.653506	7168.511832	0.000128	0.8
49	-0.163897	23.078170	7099.447824	0.000315	0.8
50	-0.165822	24.059638	6944.811010	0.000125	0.8
51	-0.162370	25.059393	6794.068460	0.000101	0.8
52	-0.169313	25.879818	6675.168209	0.000247	0.8
53	-0.159373	26.870244	6537.060217	0.000255	0.8
54	-0.153625	27.870243	6403.296755	0.000172	0.8
55	-0.148484	27.741721	6420.180947	0.000261	0.9
56	-0.156356	27.612967	6437.185242	0.000319	1.1
57	-0.154562	28.438381	6329.711114	0.000257	0.8
58	-0.150108	28.309617	6346.240136	0.000390	1.1
59	-0.157619	29.309617	6220.096459	0.000194	0.8
60	-0.152068	29.180853	6236.057235	0.000163	0.9
61	-0.155810	29.120040	6243.623737	0.000170	0.8
62	-0.155015	30.061943	6128.452056	0.000259	0.9
63	-0.157833	29.933318	6143.928585	0.000313	0.8
64	-0.150126	30.933318	6025.624406	0.000126	0.7
65	-0.159464	30.832282	6037.370067	0.000251	0.8
66	-0.159056	31.606260	5948.544299	0.000117	0.8
67	-0.163170	31.478224	5963.057599	0.000277	0.9
68	-0.168014	32.476519	5851.739710	0.000123	0.9
69	-0.173003	33.151509	5778.798761	0.000156	0.8
70	-0.152205	33.033882	5791.378697	0.000048	1.1
71	-0.146850	33.077688	5786.687269	0.000250	1.0
72	-0.158339	33.778743	5712.629588	0.000127	0.9
73	-0.158483	34.778530	5610.235202	0.000280	1.0
74	-0.150392	35.470122	5541.526425	0.000034	0.9
75	-0.163565	35.661243	5522.834517	0.000237	1.0
76	-0.158524	35.541449	5534.535734	0.000209	0.8
77	-0.162524	36.541316	5438.364852	0.000278	0.7
78	-0.161049	36.412552	5450.561943	0.000175	1.0
79	-0.159654	36.283900	5462.803152	0.000325	1.0
80	-0.162392	37.283900	5369.075675	0.000180	1.2
81	-0.152127	38.283900	5278.510186	0.000187	1.3
82	-0.152669	39.197141	5198.430762	0.000200	1.1
83	-0.154734	39.966791	5132.805353	0.000242	1.0
84	-0.159704	39.838027	5143.668967	0.000032	1.0
85	-0.156310	39.728225	5152.969192	0.000144	1.1
86	-0.144668	39.882176	5139.938956	0.000203	1.2
87	-0.159804	40.831563	5061.018243	0.000174	1.2
88	-0.156221	40.702801	5071.579670	0.000209	1.3
89	-0.150572	41.701060	4990.835441	0.000125	1.2
90	-0.160986	41.572315	5001.104285	0.000265	0.9
91	-0.156202	42.565252	4922.983240	0.000141	1.1
92	-0.154702	43.564832	4846.766568	0.000272	0.9
93	-0.157694	43.436114	4856.448556	0.000237	0.9
94	-0.152364	43.307381	4866.170353	0.000333	1.4
95	-0.156634	43.178617	4875.933532	0.000139	1.0
96	-0.162525	44.178253	4801.151530	0.000140	1.1
97	-0.151836	44.856627	4751.696017	0.000319	1.2
98	-0.150365	44.727865	4761.004616	0.000393	1.0
99	-0.170904	45.727865	4689.655045	0.000154	1.1
100	-0.146821	45.881354	4678.892558	0.000072	0.9
101	-0.160702	46.034706	4668.188896	0.000093	0.9
102	-0.155441	45.934771	4675.158628	0.000223	0.7
103	-0.154843	45.806244	4684.153035	0.000294	0.8
104	-0.158563	46.806244	4615.071597	0.000119	1.1
105	-0.168169	47.805937	4548.018474	0.000070	0.9
106	-0.158908	47.935600	4539.463946	0.000494	0.9
107	-0.147975	47.806862	4547.957332	0.000168	1.0
108	-0.144150	48.774958	4484.856445	0.000148	0.7
109	-0.147222	48.646364	4493.137203	0.000335	0.9
110	-0.162227	49.646042	4429.557020	0.000060	0.8
111	-0.157819	49.781119	4421.103762	0.000132	0.7
112	-0.163619	50.322359	4387.553562	0.000066	0.9
113	-0.155294	50.676004	4365.905646	0.000140	0.9
114	-0.152686	51.104567	4339.956315	0.000195	0.9
115	-0.162943	52.089707	4281.460188	0.000267	0.8
116	-0.149467	53.089634	4223.676853	0.000186	0.8
117	-0.147106	54.089628	4167.428688	0.000161	0.7
118	-0.169317	53.960877	4174.586547	0.000217	0.6
119	-0.161354	53.837249	4181.482822	0.000051	0.7
120	-0.154591	54.640218	4137.093722	0.000179	0.9
121	-0.152988	54.520489	4143.652581	0.000201	1.0
122	-0.157356	55.518955	4089.583677	0.000244	2.1
123	-0.158093	56.518945	4036.828301	0.000135	0.8
124	-0.169225	56.390455	4043.530582	0.000215	0.7
125	-0.162230	56.664579	4029.258597	0.000030	0.8
126	-0.164867	56.689901	4027.945295	0.000186	0.8
127	-0.161627	56.700212	4027.410786	0.000270	0.9
128	-0.154893	57.700150	3976.239821	0.000135	0.7
129	-0.163824	58.407115	3940.839201	0.000184	0.8
130	-0.158081	58.278709	3947.222084	0.000163	0.8
131	-0.156982	58.150031	3953.639262	0.000229	0.8
132	-0.152098	59.147620	3904.428724	0.000084	0.8
133	-0.155246	59.027352	3910.296445	0.000257	0.7
134	-0.154438	58.903264	3916.369059	0.000138	0.8
135	-0.165190	59.224112	3900.705928	0.000199	1.0
136	-0.162965	59.105608	3906.476425	0.000373	0.8
137	-0.156299	60.105608	3858.311120	0.000241	1.0
138	-0.157086	60.609958	3834.466754	0.000307	0.8
139	-0.162203	60.481194	3840.526334	0.000136	0.7
140	-0.165785	61.475444	3794.228393	0.000200	0.8
141	-0.149053	62.473030	3748.883584	0.000048	0.8
142	-0.155878	62.407117	3751.846137	0.000194	0.9
143	-0.172369	62.291525	3757.052946	0.000242	0.8
144	-0.176114	62.163520	3762.835816	0.000147	0.9
145	-0.154687	62.997529	3725.474718	0.000257	0.8
146	-0.147575	63.996504	3681.688706	0.000112	0.8
147	-0.151844	64.874082	3644.064245	0.000237	0.9
148	-0.154717	65.257143	3627.881258	0.000193	0.7
149	-0.152723	65.136725	3632.952972	0.000188	0.9
150	-0.158946	66.136680	3591.262272	0.000269	0.8
151	-0.150667	66.008560	3596.550400	0.000120	0.9
152	-0.148540	65.879950	3601.874433	0.000106	1.0
153	-0.148890	65.962379	3598.460321	0.000101	1.0
154	-0.159165	66.460826	3577.952399	0.000305	1.0
155	-0.155994	66.333456	3583.170595	0.000251	0.7
156	-0.166543	66.204692	3588.461410	0.000057	0.6
157	-0.159003	66.098394	3592.840900	0.000130	0.7
158	-0.166636	66.575570	3573.264444	0.000110	0.8
159	-0.155211	66.450684	3578.367346	0.000371	0.8
160	-0.148880	66.322079	3583.637412	0.000172	0.8
161	-0.159531	66.266039	3585.938753	0.000197	0.8
162	-0.165327	66.810229	3563.715453	0.000214	0.8
163	-0.144238	66.936142	3558.612677	0.000124	0.8
164	-0.160075	67.192492	3548.268815	0.000232	0.8
165	-0.151064	67.074688	3553.014788	0.000097	0.7
166	-0.144853	66.946883	3558.178074	0.000147	0.8
167	-0.156385	67.469935	3537.141399	0.000138	1.0
168	-0.168472	67.343107	3542.219439	0.000112	0.9
169	-0.147815	67.283599	3544.607079	0.000204	0.7
170	-0.168225	67.876341	3520.967094	0.000090	0.8
171	-0.146159	68.843442	3483.066368	0.000129	0.8
172	-0.150731	68.727838	3487.553901	0.000219	1.1
173	-0.158177	68.599561	3492.546920	0.000096	1.0
174	-0.157195	69.199265	3469.326164	0.000154	1.0
175	-0.167186	69.207119	3469.024099	0.000175	0.8
176	-0.150919	69.959828	3440.317301	0.000186	0.6
177	-0.173496	69.831096	3445.193146	0.000131	0.6
178	-0.161213	70.809534	3408.476854	0.000070	0.8
179	-0.169266	70.849143	3407.006959	0.000233	0.6
180	-0.154701	71.791285	3372.414464	0.000300	0.6
181	-0.147983	72.791285	3336.457878	0.000244	0.9
182	-0.159126	72.662521	3341.044729	0.000282	0.8
183	-0.149435	72.533756	3345.644210	0.000090	0.9
184	-0.157953	73.523079	3310.627134	0.000360	0.9
185	-0.163298	74.518285	3276.133667	0.000182	1.0
186	-0.160297	74.389521	3280.556045	0.000147	1.2
187	-0.151625	74.599816	3273.339661	0.000103	0.9
188	-0.158423	74.472122	3277.717753	0.000241	0.9
189	-0.156718	74.348120	3281.980507	0.000332	0.9
190	-0.165494	75.348097	3247.917508	0.000171	0.8
191	-0.163174	76.348096	3214.553572	0.000123	1.2
192	-0.162230	76.703986	3202.844476	0.000175	0.8
193	-0.163053	76.576708	3207.022204	0.000019	0.7
194	-0.147728	76.520945	3208.856024	0.000106	0.9
195	-0.155197	76.503015	3209.446107	0.000279	0.9
196	-0.165472	77.499608	3176.973770	0.000151	0.9
197	-0.153928	77.595067	3173.897851	0.000171	0.8
198	-0.162425	77.466990	3178.026161	0.000086	0.9
199	-0.157617	77.826445	3166.466954	0.000038	0.9
