1:ItNr	2:Metric	3a:Time	3b:StepSize	4:||Gradient||	Time[ms]
0	-1.007473	0.000000	16489.790287	0.002353	97.3
1	-0.955851	0.000000	16489.790287	0.004785	5.4
2	-0.809682	1.000000	15740.254364	0.005451	4.9
3	-0.925878	2.000000	15055.895479	0.005507	5.0
4	-0.836331	3.000000	14428.566501	0.005518	6.9
5	-0.943878	4.000000	13851.423841	0.005253	6.7
6	-0.880026	5.000000	13318.676770	0.005748	7.2
7	-0.926028	6.000000	12825.392445	0.005510	5.8
8	-0.918913	7.000000	12367.342715	0.005645	6.5
9	-0.930599	8.000000	11940.882621	0.005466	5.2
10	-0.931057	9.000000	11542.853201	0.005569	6.0
11	-0.935301	10.000000	11170.503097	0.005393	6.6
12	-0.963026	11.000000	10821.424876	0.005150	5.8
13	-0.963386	12.000000	10493.502910	0.005074	4.3
14	-0.967994	13.000000	10184.870471	0.005019	5.0
15	-0.967486	14.000000	9893.874172	0.004994	6.4
16	-0.973757	15.000000	9619.044334	0.004697	6.3
17	-0.991044	16.000000	9359.070163	0.004367	6.1
18	-0.998228	17.000000	9112.778843	0.004234	5.4
19	-1.011828	18.000000	8879.117847	0.004030	6.0
20	-1.013180	19.000000	8657.139900	0.003861	5.5
21	-1.021306	20.000000	8445.990147	0.003802	7.0
22	-1.017426	21.000000	8244.895143	0.003738	4.8
23	-1.022905	22.000000	8053.153396	0.003483	4.4
24	-1.023268	23.000000	7870.127182	0.002915	4.8
25	-1.036581	24.000000	7695.235467	0.002462	4.7
26	-1.031532	25.000000	7527.947740	0.002121	5.7
27	-1.036317	26.000000	7367.778639	0.001965	5.0
28	-1.038509	27.000000	7214.283250	0.001817	5.5
29	-1.042929	28.000000	7067.052980	0.001414	4.8
30	-1.042886	29.000000	6925.711920	0.001117	5.1
31	-1.040418	30.000000	6789.913647	0.000977	6.2
32	-1.046761	31.000000	6659.338385	0.000918	4.9
33	-1.044248	32.000000	6533.690491	0.000663	4.8
34	-1.044288	33.000000	6412.696223	0.000486	4.5
35	-1.055907	34.000000	6296.101746	0.000422	4.8
36	-1.046839	35.000000	6183.671357	0.000307	4.6
37	-1.043014	36.000000	6075.185895	0.000263	4.9
38	-1.050599	37.000000	5970.441313	0.000229	4.4
39	-1.061116	37.860447	5883.162847	0.000259	5.4
40	-1.041027	37.849382	5884.268998	0.000472	4.3
41	-1.051027	38.849382	5785.951041	0.000467	4.3
42	-1.052437	39.849382	5690.864603	0.000345	4.7
43	-1.043154	40.849382	5598.852938	0.000241	4.2
44	-1.052300	41.849382	5509.769279	0.000190	4.1
45	-1.051718	41.850080	5509.708116	0.000305	4.3
46	-1.048520	41.853543	5509.404592	0.000267	5.2
47	-1.048450	42.853543	5423.122698	0.000255	6.0
48	-1.049017	42.842478	5424.062606	0.000388	6.4
49	-1.049824	43.842478	5340.412770	0.000219	6.5
50	-1.051270	44.804795	5262.315525	0.000254	6.6
51	-1.052276	44.793730	5263.200514	0.000228	5.5
52	-1.049695	44.792567	5263.293561	0.000215	6.3
53	-1.054907	44.781502	5264.178879	0.000167	6.4
54	-1.058709	44.770438	5265.064495	0.000173	8.1
55	-1.042701	44.759373	5265.950409	0.000211	6.8
56	-1.051940	44.748308	5266.836621	0.000241	4.8
57	-1.044625	44.737243	5267.723131	0.000243	4.8
58	-1.045960	44.726178	5268.609940	0.000276	5.0
59	-1.058785	44.716712	5269.368883	0.000208	4.9
60	-1.053308	45.716708	5190.387961	0.000227	4.6
61	-1.051940	45.705643	5191.248920	0.000157	5.4
62	-1.052436	45.694578	5192.110165	0.000149	4.0
63	-1.052454	45.683513	5192.971696	0.000182	4.1
64	-1.052697	45.672448	5193.833513	0.000203	5.1
65	-1.041691	45.661383	5194.695616	0.000232	4.3
66	-1.046584	45.650319	5195.558006	0.000184	4.2
67	-1.054634	45.639254	5196.420681	0.000216	4.4
68	-1.053538	45.628189	5197.283644	0.000228	4.3
69	-1.054578	45.617124	5198.146892	0.000315	4.7
70	-1.055376	46.615455	5121.397089	0.000303	4.1
71	-1.060203	47.615455	5046.757971	0.000184	4.2
72	-1.058698	48.615227	4974.279505	0.000204	4.4
73	-1.053668	48.604162	4975.070258	0.000286	4.5
74	-1.052957	49.604162	4904.605994	0.000164	4.3
75	-1.052185	49.593097	4905.374744	0.000186	4.0
76	-1.047266	49.582032	4906.143739	0.000317	4.9
77	-1.057045	49.570967	4906.912975	0.000391	3.6
78	-1.058408	50.570967	4838.352871	0.000275	4.0
79	-1.053811	51.570967	4771.682231	0.000234	5.2
80	-1.049643	52.570967	4706.824008	0.000193	4.5
81	-1.049294	53.198673	4667.005228	0.000168	4.1
82	-1.053480	53.187608	4667.701297	0.000201	4.8
83	-1.055324	53.176544	4668.397574	0.000300	4.4
84	-1.057377	53.361823	4656.765836	0.000236	3.9
85	-1.053852	54.361823	4594.973729	0.000240	4.7
86	-1.054196	54.350758	4595.648476	0.000200	4.2
87	-1.045988	55.349974	4535.503798	0.000135	4.1
88	-1.045426	55.338909	4536.161191	0.000158	4.8
89	-1.054821	55.327844	4536.818774	0.000191	4.6
90	-1.056821	55.316779	4537.476548	0.000212	4.5
91	-1.052493	55.533840	4524.607628	0.000156	4.8
92	-1.051326	55.522775	4525.261866	0.000155	4.4
93	-1.059034	55.511710	4525.916293	0.000210	4.1
94	-1.051766	55.500645	4526.570910	0.000141	4.8
95	-1.050016	55.489581	4527.225716	0.000181	4.3
96	-1.053872	55.478516	4527.880703	0.000182	4.0
97	-1.054709	55.467451	4528.535887	0.000177	5.0
98	-1.055358	55.456386	4529.191262	0.000159	4.3
99	-1.057323	55.445321	4529.846826	0.000229	4.1
100	-1.047649	55.434256	4530.502580	0.000166	4.7
101	-1.047793	55.423193	4531.158432	0.000245	5.5
102	-1.049381	55.412128	4531.814566	0.000288	4.6
103	-1.039523	55.402394	4532.391934	0.000493	4.3
104	-1.055578	56.402394	4473.835710	0.000343	4.4
105	-1.063694	57.402394	4416.773222	0.000322	4.2
106	-1.056698	58.402394	4361.148033	0.000374	5.3
107	-1.049408	59.402394	4306.906513	0.000203	4.2
108	-1.052744	60.402394	4253.997670	0.000221	4.1
109	-1.056460	61.402341	4202.375691	0.000318	4.1
110	-1.060906	62.402341	4151.988908	0.000212	4.2
111	-1.045145	63.402341	4102.796091	0.000232	4.1
112	-1.046642	64.402269	4054.758756	0.000141	4.5
113	-1.043944	64.391204	4055.284165	0.000180	4.4
114	-1.049523	64.380139	4055.809710	0.000212	4.6
115	-1.049367	64.380055	4055.813700	0.000145	5.1
116	-1.060516	64.368990	4056.339382	0.000175	3.6
117	-1.059235	64.357926	4056.865181	0.000185	4.4
118	-1.050203	64.346861	4057.391136	0.000306	4.9
119	-1.053157	65.299639	4012.596123	0.000285	4.2
120	-1.062630	66.299639	3966.632632	0.000152	4.1
121	-1.058453	66.288574	3967.135448	0.000167	4.9
122	-1.058226	66.277509	3967.638393	0.000180	4.1
123	-1.060553	66.266444	3968.141465	0.000200	4.4
124	-1.054477	66.255379	3968.644663	0.000158	4.8
125	-1.047534	66.244315	3969.147987	0.000256	4.4
126	-1.055303	66.233250	3969.651442	0.000203	4.2
127	-1.048819	67.232449	3924.696647	0.000147	3.4
128	-1.054810	67.221384	3925.188887	0.000137	4.3
129	-1.047178	67.210319	3925.681252	0.000276	3.7
130	-1.059855	67.199254	3926.173740	0.000260	4.5
131	-1.061766	67.223134	3925.111015	0.000142	5.1
132	-1.056935	67.219107	3925.290198	0.000272	4.1
133	-1.053008	67.208042	3925.782588	0.000189	4.7
134	-1.050573	68.208042	3881.775540	0.000203	4.3
135	-1.057593	68.196977	3882.257073	0.000172	4.9
136	-1.054960	68.185912	3882.738725	0.000254	5.3
137	-1.059290	69.185912	3839.686138	0.000280	4.3
138	-1.046117	69.174847	3840.157284	0.000363	4.1
139	-1.060810	70.174847	3798.038680	0.000175	4.9
140	-1.066451	71.174733	3756.838620	0.000153	4.3
141	-1.052393	71.163668	3757.289653	0.000309	4.1
142	-1.052744	71.220937	3754.956372	0.000244	4.4
143	-1.046131	72.220937	3714.676189	0.000250	4.6
144	-1.057454	73.220937	3675.251022	0.000238	4.5
145	-1.052987	74.220937	3636.653933	0.000223	5.0
146	-1.058269	75.220893	3598.860767	0.000297	4.4
147	-1.059945	76.220893	3561.843407	0.000285	4.0
148	-1.053893	77.220893	3525.579805	0.000290	4.7
149	-1.059938	78.220893	3490.047169	0.000193	4.4
150	-1.055505	78.209828	3490.436413	0.000226	4.2
151	-1.055540	78.198763	3490.825744	0.000232	4.3
152	-1.048410	78.187698	3491.215162	0.000165	4.5
153	-1.055662	78.176635	3491.604617	0.000194	4.4
154	-1.059052	78.165570	3491.994209	0.000193	4.5
155	-1.055059	79.161247	3457.281192	0.000206	5.2
156	-1.052753	79.150182	3457.663162	0.000137	4.1
157	-1.048273	79.139225	3458.041492	0.000257	4.8
158	-1.056437	79.128160	3458.423628	0.000426	4.9
159	-1.059173	80.128160	3424.225205	0.000481	4.4
160	-1.061668	81.128160	3390.696498	0.000185	4.7
161	-1.055797	82.128160	3357.818024	0.000147	4.3
162	-1.050355	82.117096	3358.178331	0.000160	4.3
163	-1.057445	82.106031	3358.538714	0.000224	4.5
164	-1.062286	82.094966	3358.899175	0.000212	4.2
165	-1.055895	83.094966	3326.631532	0.000159	4.4
166	-1.055714	83.083901	3326.985177	0.000195	4.6
167	-1.053931	83.072836	3327.338895	0.000174	4.5
168	-1.052151	84.043648	3296.587667	0.000190	4.0
169	-1.061074	84.577155	3279.929208	0.000183	3.7
170	-1.055943	84.573148	3280.053727	0.000210	4.4
171	-1.060121	84.562137	3280.395836	0.000142	4.6
172	-1.055491	85.233297	3259.670990	0.000185	5.1
173	-1.050255	85.222262	3260.009616	0.000238	4.2
174	-1.056326	86.222262	3229.605409	0.000244	4.3
175	-1.056806	87.222262	3199.763070	0.000317	4.4
176	-1.057601	88.222262	3170.467183	0.000171	4.5
177	-1.053431	89.222262	3141.702874	0.000188	4.5
178	-1.047894	89.402427	3136.575928	0.000161	7.4
179	-1.066553	89.391362	3136.890316	0.000223	5.8
180	-1.057264	90.391067	3108.737592	0.000270	6.2
181	-1.046216	90.380002	3109.046424	0.000195	4.3
182	-1.063191	90.376143	3109.154152	0.000139	4.5
183	-1.050049	90.365084	3109.462887	0.000129	4.4
184	-1.059894	90.354019	3109.771863	0.000167	4.5
185	-1.057868	90.342955	3110.080887	0.000180	5.0
186	-1.047903	91.174052	3087.038310	0.000213	4.6
187	-1.058701	91.163256	3087.335451	0.000171	4.8
188	-1.065944	91.334984	3082.615793	0.000217	5.2
189	-1.050662	91.323919	3082.919457	0.000260	4.6
190	-1.062018	92.323919	3055.714966	0.000150	4.2
191	-1.050523	93.318025	3029.142574	0.000180	5.0
192	-1.065209	93.308106	3029.405414	0.000197	4.4
193	-1.048818	93.297041	3029.698684	0.000284	4.1
194	-1.066376	94.297041	3003.421352	0.000209	4.8
195	-1.058814	94.285977	3003.709612	0.000165	4.3
196	-1.060481	94.274912	3003.997928	0.000205	4.4
197	-1.059754	94.264008	3004.282111	0.000181	4.7
198	-1.054922	94.252943	3004.570537	0.000201	4.3
199	-1.052816	95.251389	2978.765240	0.000160	4.3
