1:ItNr	2:Metric	3a:Time	3b:StepSize	4:||Gradient||	Time[ms]
0	-0.524899	0.000000	53279.373131	0.000617	17.8
1	-0.522454	0.000000	53279.373131	0.000423	0.9
2	-0.527971	0.000000	53279.373131	0.000299	1.0
3	-0.535105	0.000000	53279.373131	0.000255	1.0
4	-0.535203	0.000000	53279.373131	0.000121	1.0
5	-0.553702	0.000000	53279.373131	0.000129	0.9
6	-0.525944	0.000000	53279.373131	0.000051	0.9
7	-0.525641	0.000000	53279.373131	0.000033	0.8
8	-0.539685	0.000000	53279.373131	0.000097	0.8
9	-0.533236	0.000000	53279.373131	0.000044	0.9
10	-0.542259	0.000000	53279.373131	0.000116	1.0
11	-0.515109	0.000000	53279.373131	0.000125	0.8
12	-0.517130	0.000000	53279.373131	0.000072	0.8
13	-0.507618	0.000000	53279.373131	0.000034	0.8
14	-0.531471	0.000000	53279.373131	0.000078	0.8
15	-0.532526	0.000000	53279.373131	0.000036	1.0
16	-0.521779	0.000000	53279.373131	0.000080	0.9
17	-0.538569	0.008848	53256.934352	0.000041	0.9
18	-0.522397	0.182540	52820.239531	0.000078	0.9
19	-0.519260	0.646258	51688.695473	0.000024	0.9
20	-0.519341	0.805476	51311.278477	0.000078	0.8
21	-0.535247	0.784065	51361.710704	0.000038	0.8
22	-0.519858	0.754828	51430.736581	0.000033	0.9
23	-0.521469	0.735972	51475.353287	0.000135	0.9
24	-0.522345	0.706703	51544.760888	0.000074	1.3
25	-0.504045	1.706703	49274.736934	0.000075	0.9
26	-0.529064	1.677422	49338.360646	0.000110	1.0
27	-0.521243	2.675224	47258.975085	0.000067	1.0
28	-0.502478	2.645942	47317.498026	0.000029	0.9
29	-0.519394	2.654497	47300.385095	0.000056	0.9
30	-0.548219	2.631648	47346.119255	0.000083	0.9
31	-0.520687	2.616549	47376.390404	0.000093	1.0
32	-0.517628	3.616548	45451.817346	0.000052	1.0
33	-0.526513	3.587267	45505.946462	0.000033	1.1
34	-0.505336	3.575617	45527.517510	0.000044	1.1
35	-0.521043	3.786484	45140.198812	0.000047	1.1
36	-0.531107	3.914262	44908.689292	0.000068	1.0
37	-0.524497	3.886715	44958.397395	0.000086	1.3
38	-0.523855	4.881711	43230.018906	0.000027	0.9
39	-0.519239	4.854739	43275.115974	0.000091	0.9
40	-0.535330	5.246867	42628.587109	0.000075	1.1
41	-0.528016	5.217585	42676.198049	0.000107	1.2
42	-0.534909	5.188303	42723.915439	0.000093	1.1
43	-0.525072	6.187735	41153.367294	0.000077	1.6
44	-0.526878	7.187698	39693.445470	0.000036	1.7
45	-0.529438	7.158800	39734.180087	0.000091	1.6
46	-0.526497	7.220405	39647.441250	0.000079	1.5
47	-0.524363	7.193028	39685.940531	0.000073	1.1
48	-0.525461	7.165938	39724.110770	0.000052	1.3
49	-0.527443	8.036477	38533.146520	0.000038	1.2
50	-0.539075	8.046853	38519.381657	0.000053	1.4
51	-0.509150	8.400223	38056.406773	0.000060	1.4
52	-0.523555	8.370994	38094.279459	0.000016	1.2
53	-0.527867	8.354985	38115.053329	0.000064	1.1
54	-0.525838	8.328732	38149.171750	0.000116	1.2
55	-0.521226	9.328730	36891.318738	0.000040	1.1
56	-0.521963	9.575093	36594.061143	0.000130	1.0
57	-0.536405	9.970927	36126.359372	0.000056	1.0
58	-0.511004	10.970926	34996.384530	0.000042	1.2
59	-0.511886	10.952293	35016.793024	0.000064	1.0
60	-0.513944	10.923546	35048.325132	0.000060	1.3
61	-0.532321	11.319597	34618.835750	0.000039	1.3
62	-0.495713	11.297908	34642.083665	0.000038	1.2
63	-0.515694	11.277005	34664.518102	0.000081	1.1
64	-0.508307	12.178405	33722.743720	0.000110	1.1
65	-0.521168	13.110895	32800.863837	0.000070	1.5
66	-0.510846	13.081614	32829.045278	0.000076	1.3
67	-0.544142	14.080243	31894.500369	0.000077	1.3
68	-0.521255	15.080206	31010.544327	0.000102	1.1
69	-0.517510	16.080205	30174.235294	0.000086	1.2
70	-0.536899	16.050923	30198.082403	0.000041	1.3
71	-0.534014	16.021692	30221.926117	0.000116	1.1
72	-0.552505	17.018509	29429.529919	0.000039	1.3
73	-0.534448	17.001962	29442.344290	0.000029	1.2
74	-0.527987	17.120623	29350.696255	0.000053	0.9
75	-0.533232	17.119383	29351.651563	0.000049	1.0
76	-0.516729	17.090241	29374.107221	0.000042	0.8
77	-0.539875	17.072202	29388.025258	0.000060	0.9
78	-0.528227	17.043933	29409.862642	0.000044	0.9
79	-0.509538	18.001266	28687.961862	0.000069	1.1
80	-0.530765	18.875276	28059.161990	0.000016	0.9
81	-0.538435	18.850405	28076.674319	0.000040	0.9
82	-0.514454	18.926686	28023.032804	0.000053	1.2
83	-0.521267	18.907473	28036.524451	0.000023	1.9
84	-0.551719	18.949564	28006.984861	0.000042	1.6
85	-0.512047	18.964816	27996.296424	0.000050	1.5
86	-0.532159	19.469716	27647.014601	0.000058	1.1
87	-0.518367	19.440463	27667.013782	0.000061	1.1
88	-0.522012	20.234414	27134.297231	0.000065	1.1
89	-0.549345	20.207492	27152.024419	0.000075	1.4
90	-0.524256	21.197928	26514.734122	0.000014	1.2
91	-0.520788	21.171677	26531.238746	0.000045	1.1
92	-0.530329	21.233432	26492.443923	0.000040	0.9
93	-0.543347	21.604311	26261.821825	0.000043	1.4
94	-0.522456	21.803197	26139.795869	0.000057	1.1
95	-0.519755	21.777079	26155.755761	0.000056	1.2
96	-0.528011	21.750408	26172.073865	0.000043	1.1
97	-0.528350	21.807124	26137.398046	0.000038	1.0
98	-0.515810	21.812748	26133.964684	0.000049	0.9
99	-0.525369	21.786619	26149.923969	0.000122	1.3
100	-0.504698	21.757337	26167.832391	0.000063	1.0
101	-0.518190	22.757272	25569.848819	0.000058	0.9
102	-0.533280	23.327246	25241.063841	0.000042	1.0
103	-0.525877	23.298451	25257.470916	0.000072	1.1
104	-0.521667	23.318855	25245.842757	0.000034	1.2
105	-0.501217	23.300182	25256.483990	0.000048	1.2
106	-0.525632	23.275810	25270.386881	0.000048	1.1
107	-0.537351	23.256492	25281.416875	0.000050	1.1
108	-0.540547	24.161795	24774.631609	0.000044	0.9
109	-0.521356	24.364790	24663.771860	0.000040	1.0
110	-0.524647	25.030153	24307.258633	0.000077	1.0
111	-0.533620	25.001791	24322.245128	0.000050	1.0
112	-0.541848	24.980456	24333.530910	0.000106	1.0
113	-0.518597	25.179555	24228.618844	0.000074	0.8
114	-0.527118	25.222908	24205.894766	0.000043	0.8
115	-0.541157	25.212561	24211.314347	0.000053	0.8
116	-0.515679	25.184711	24225.913914	0.000051	0.9
117	-0.526555	25.155507	24241.242220	0.000073	0.9
118	-0.507339	25.126455	24256.510424	0.000050	0.8
119	-0.537432	25.097662	24271.661127	0.000113	0.9
120	-0.536633	25.068387	24287.085354	0.000050	0.8
121	-0.511202	26.036759	23787.073088	0.000053	0.9
122	-0.522917	26.972194	23323.236521	0.000058	0.9
123	-0.518337	26.943049	23337.415083	0.000042	0.8
124	-0.533169	27.859986	22899.450567	0.000048	0.8
125	-0.530399	27.832705	22912.243613	0.000027	0.9
126	-0.518926	27.859644	22899.611079	0.000100	0.9
127	-0.540065	27.900710	22880.380352	0.000050	1.0
128	-0.532198	28.899740	22422.298104	0.000086	0.8
129	-0.519124	28.871014	22435.213211	0.000043	0.7
130	-0.520596	28.855056	22442.394418	0.000056	0.7
131	-0.536296	28.891154	22426.156498	0.000055	0.7
132	-0.513460	28.862031	22439.255326	0.000034	0.8
133	-0.516359	28.833045	22452.307061	0.000017	0.8
134	-0.510521	28.865579	22437.658398	0.000088	0.6
135	-0.537435	28.838049	22450.052666	0.000075	0.9
136	-0.532970	29.834756	22009.879103	0.000047	0.7
137	-0.508814	29.808605	22021.207725	0.000058	0.9
138	-0.518057	29.881787	21989.534919	0.000137	0.9
139	-0.514637	29.852505	22002.196913	0.000031	0.8
140	-0.517316	29.824275	22014.417915	0.000036	0.7
141	-0.522132	29.801405	22024.328546	0.000117	0.8
142	-0.503976	29.773193	22036.566132	0.000036	0.9
143	-0.529345	29.744300	22049.113451	0.000054	0.9
144	-0.525101	30.481940	21733.191200	0.000043	0.7
145	-0.529581	31.391064	21356.062623	0.000015	0.8
146	-0.536658	31.395456	21354.272212	0.000065	0.8
147	-0.553617	31.382165	21359.690440	0.000052	0.8
148	-0.530889	31.387586	21357.480248	0.000039	0.8
149	-0.512995	31.376601	21361.959649	0.000027	0.7
150	-0.509525	31.353137	21371.533944	0.000068	0.8
151	-0.533613	31.324089	21383.398502	0.000065	0.9
152	-0.510472	31.294808	21395.371152	0.000054	0.8
153	-0.506970	31.265943	21407.187402	0.000055	1.0
154	-0.540920	31.241689	21417.125966	0.000110	0.9
155	-0.546938	31.212410	21429.136090	0.000046	0.7
156	-0.534971	31.669797	21243.044523	0.000074	0.7
157	-0.504114	31.661143	21246.535514	0.000091	0.7
158	-0.513786	32.609955	20870.505194	0.000023	0.8
159	-0.528917	33.365524	20580.448032	0.000036	0.8
160	-0.522889	33.341923	20589.385986	0.000036	0.9
161	-0.535167	33.332209	20593.067460	0.000054	0.7
162	-0.528117	33.305427	20603.223211	0.000031	0.8
163	-0.512489	33.277877	20613.680948	0.000042	0.7
164	-0.511222	33.256191	20621.920020	0.000060	0.9
165	-0.517487	34.195459	20270.994335	0.000143	0.8
166	-0.523298	34.166177	20281.754048	0.000095	0.8
167	-0.522563	34.136895	20292.525189	0.000060	0.8
168	-0.534615	34.348014	20215.121826	0.000060	0.7
169	-0.523989	35.342731	19858.228613	0.000006	0.8
170	-0.513134	35.339192	19859.476214	0.000050	1.2
171	-0.529451	35.336665	19860.366967	0.000073	0.9
172	-0.502709	35.524527	19794.360024	0.000055	0.8
173	-0.528346	35.496309	19804.246556	0.000044	0.8
174	-0.500421	35.473613	19812.205598	0.000117	0.7
175	-0.538616	36.472804	19467.761377	0.000087	0.9
176	-0.515316	36.443522	19477.685073	0.000080	1.0
177	-0.524968	37.443484	19144.424041	0.000058	1.0
178	-0.530116	37.415085	19153.731206	0.000039	1.0
179	-0.494688	37.392439	19161.159555	0.000063	0.6
180	-0.503924	37.408664	19155.836703	0.000093	0.8
181	-0.515761	38.408632	18833.405269	0.000051	0.8
182	-0.537801	39.407103	18522.107203	0.000015	0.8
183	-0.524360	39.421976	18517.547786	0.000042	0.8
184	-0.536777	39.430114	18515.054238	0.000030	0.9
185	-0.505260	39.412889	18520.333240	0.000094	0.7
186	-0.533177	39.550829	18478.142379	0.000094	0.9
187	-0.526384	40.550419	18178.053786	0.000110	1.0
188	-0.515482	41.550419	17887.439495	0.000020	0.8
189	-0.535154	41.557373	17885.451145	0.000062	0.8
190	-0.539603	41.953141	17773.010545	0.000052	0.7
191	-0.526513	42.942360	17498.053359	0.000048	0.9
192	-0.545227	42.913546	17505.941984	0.000048	0.8
193	-0.537501	42.946447	17496.935053	0.000031	0.7
194	-0.513095	42.948240	17496.444489	0.000048	0.8
195	-0.515438	42.921426	17503.784055	0.000131	0.8
196	-0.528204	43.921377	17234.182123	0.000073	0.7
197	-0.535707	43.892095	17241.958859	0.000035	0.8
198	-0.528001	44.509064	17079.572961	0.000034	0.7
199	-0.513557	44.610916	17053.059224	0.000049	0.9
