1:ItNr	2:Metric	3a:Time	3b:StepSize	4:||Gradient||	Time[ms]
0	-0.699237	0.000000	29934.749505	0.009282	33.7
1	-0.223047	0.000000	29934.749505	0.000487	5.4
2	-0.220454	1.000000	28574.079073	0.000566	5.5
3	-0.237967	0.975826	28605.511740	0.000779	6.3
4	-0.257645	0.951651	28637.013638	0.000942	4.8
5	-0.281878	0.927477	28668.584995	0.001169	6.0
6	-0.314873	0.903303	28700.226042	0.001362	5.6
7	-0.373659	0.879128	28731.937010	0.001631	7.3
8	-0.434557	0.854954	28763.718130	0.002539	6.5
9	-0.444444	0.830780	28795.569636	0.002937	6.8
10	-0.484953	1.830780	27534.308746	0.004078	6.7
11	-0.422766	2.830780	26378.899272	0.003512	7.2
12	-0.634113	3.830780	25316.552479	0.006317	7.8
13	-0.356566	4.830780	24336.460020	0.002116	7.6
14	-0.495810	5.830780	23429.424883	0.003867	7.1
15	-0.671493	5.806605	23450.553642	0.005741	7.4
16	-0.417812	6.806605	22607.208932	0.003320	6.4
17	-0.719983	7.806605	21822.416397	0.006534	7.4
18	-0.364534	7.782431	21840.745008	0.002414	7.4
19	-0.545659	8.782431	21107.401753	0.004472	4.2
20	-0.674950	8.758257	21124.548490	0.007204	4.9
21	-0.380454	9.758257	20437.755717	0.002560	5.9
22	-0.531798	10.758257	19794.214234	0.003345	4.0
23	-0.576404	10.734083	19809.293025	0.004382	4.6
24	-0.631089	11.734083	19204.134991	0.005982	5.7
25	-0.514452	12.734083	18634.855095	0.004869	4.6
26	-0.702230	13.734083	18098.354524	0.006306	4.9
27	-0.514486	14.734083	17591.881341	0.004233	5.2
28	-0.708930	15.734083	17112.983268	0.007177	3.6
29	-0.399409	16.734083	16659.467981	0.003227	4.7
30	-0.642194	17.734083	16229.369553	0.006463	5.0
31	-0.485956	17.709908	16239.504785	0.004817	4.9
32	-0.830847	18.709908	15830.551315	0.009282	5.7
33	-0.325115	19.709908	15441.688947	0.002123	4.9
34	-0.421199	20.709908	15071.472621	0.003340	4.7
35	-0.549019	20.685734	15080.212843	0.003293	5.5
36	-0.607378	21.685734	14726.928233	0.005130	5.2
37	-0.582333	22.685734	14389.817535	0.005475	5.5
38	-0.762502	23.685734	14067.794905	0.008338	4.7
39	-0.410584	24.685734	13759.869571	0.003301	4.4
40	-0.608912	25.685734	13465.135646	0.006437	5.4
41	-0.627776	25.661560	13472.111633	0.006393	4.6
42	-0.626254	26.661560	13189.449636	0.007290	4.8
43	-0.524319	27.661560	12918.405104	0.006152	4.9
44	-0.756793	28.661560	12658.276239	0.009453	4.6
45	-0.371997	29.661560	12408.416655	0.002842	5.6
46	-0.509133	30.661560	12168.230010	0.004614	4.6
47	-0.792049	30.637385	12173.926631	0.007064	4.3
48	-0.571134	30.613211	12179.628589	0.004952	5.5
49	-0.760418	31.613211	11948.134856	0.007749	5.0
50	-0.553348	32.613211	11725.276821	0.005382	4.6
51	-0.807070	33.613211	11510.580109	0.009047	5.2
52	-0.437517	34.613211	11303.604466	0.003688	4.4
53	-0.620208	35.613211	11103.940743	0.005643	4.5
54	-0.804168	35.589037	11108.684244	0.007064	4.9
55	-0.616980	36.589037	10915.788428	0.007095	4.8
56	-0.677473	37.589037	10729.477318	0.007047	5.2
57	-0.636129	38.589037	10549.419409	0.007900	4.3
58	-0.603025	39.589037	10375.305081	0.007256	5.5
59	-0.691511	40.589037	10206.844822	0.008592	5.4
60	-0.525448	41.589037	10043.767622	0.005923	4.1
61	-0.900528	42.589037	9885.819521	0.006394	4.2
62	-0.630046	43.589037	9732.762283	0.006236	5.1
63	-0.825204	44.589037	9584.372205	0.008739	4.3
64	-0.548168	45.589037	9440.439019	0.004782	4.2
65	-0.751031	46.589037	9300.764901	0.007162	5.3
66	-0.683764	46.564862	9304.092661	0.008033	4.3
67	-0.646040	47.564862	9168.394982	0.007719	5.2
68	-0.700630	48.564862	9036.598632	0.009185	4.7
69	-0.568015	49.564862	8908.537748	0.006486	4.6
70	-0.889836	50.564862	8784.055740	0.007230	5.9
71	-0.609144	51.564862	8663.004649	0.007116	5.0
72	-0.703512	52.564862	8545.244562	0.008363	4.9
73	-0.645679	53.564862	8430.643068	0.007513	5.4
74	-0.778007	54.564862	8319.074770	0.010031	4.7
75	-0.523057	55.564862	8210.420820	0.005299	5.5
76	-0.797982	56.564862	8104.568497	0.008417	4.6
77	-0.613632	56.540688	8107.095202	0.006112	4.3
78	-0.913038	57.540688	8003.873605	0.005898	5.5
79	-0.729732	58.540688	7903.247450	0.008077	4.6
80	-0.742379	59.540688	7805.120061	0.008775	4.4
81	-0.659869	60.540688	7709.399504	0.007957	5.3
82	-0.780596	61.540688	7615.998302	0.010137	4.7
83	-0.543135	62.540688	7524.833164	0.006056	4.8
84	-0.887006	63.540688	7435.824743	0.007364	5.1
85	-0.658573	63.516514	7437.951617	0.006918	4.6
86	-0.837156	64.516514	7350.974830	0.007876	5.6
87	-0.722562	65.516514	7266.008683	0.006851	4.7
88	-0.894295	66.516514	7182.984252	0.007609	4.4
89	-0.658560	67.516514	7101.835731	0.008091	5.0
90	-0.803269	68.516514	7022.500249	0.009840	4.5
91	-0.589711	69.516514	6944.917718	0.006738	4.8
92	-0.913315	70.516514	6869.030673	0.006932	5.1
93	-0.697575	70.492339	6870.845624	0.007775	5.4
94	-0.813900	71.492339	6796.560060	0.009107	5.2
95	-0.658658	72.492339	6723.863622	0.008267	4.9
96	-0.826377	73.492339	6652.705858	0.009580	4.4
97	-0.617318	74.492339	6583.038428	0.006654	5.7
98	-0.889275	75.492339	6514.814997	0.007469	4.7
99	-0.705291	75.468165	6516.447569	0.007907	4.6
100	-0.838610	76.468165	6449.590379	0.009822	5.2
101	-0.614862	77.468165	6384.091135	0.006921	4.7
102	-0.906968	78.468165	6319.908880	0.007221	4.8
103	-0.713765	78.443991	6321.445217	0.008363	5.0
104	-0.811329	79.443991	6258.510191	0.009867	4.6
105	-0.635493	80.443991	6196.815948	0.007939	5.1
106	-0.914310	81.443991	6136.326153	0.006879	4.6
107	-0.693634	82.443991	6077.005877	0.009090	4.2
108	-0.783819	83.443991	6018.821525	0.010083	5.5
109	-0.663244	84.443991	5961.740780	0.008264	5.1
110	-0.881308	85.443991	5905.732538	0.008359	4.8
111	-0.665557	86.443991	5850.766854	0.008266	5.4
112	-0.879568	87.443991	5796.814884	0.008899	5.5
113	-0.673322	88.443991	5743.848843	0.007455	4.1
114	-0.899596	89.443991	5691.841950	0.007030	4.9
115	-0.791648	90.443991	5640.768385	0.008192	3.8
116	-0.836631	91.443991	5590.603246	0.008975	4.1
117	-0.759649	92.443991	5541.322511	0.008616	4.7
118	-0.839715	93.443991	5492.902996	0.009244	5.0
119	-0.714040	94.443991	5445.322321	0.008312	6.1
120	-0.882718	95.443991	5398.558875	0.009246	5.6
121	-0.663643	96.443991	5352.591782	0.008055	6.4
122	-0.925208	97.443991	5307.400871	0.006004	5.3
123	-0.804214	98.443991	5262.966649	0.010116	5.4
124	-0.705518	99.443991	5219.270266	0.009096	12.8
125	-0.860977	100.443991	5176.293498	0.009731	7.1
126	-0.680081	101.443991	5134.018712	0.009041	9.5
127	-0.882531	102.443991	5092.428849	0.008373	7.2
128	-0.711502	103.443991	5051.507396	0.009423	7.1
129	-0.847307	104.443991	5011.238370	0.010454	7.0
130	-0.662348	105.443991	4971.606290	0.008462	6.5
131	-0.918532	106.443991	4932.596162	0.006220	5.6
132	-0.825572	107.443991	4894.193461	0.009656	4.6
133	-0.752377	108.443991	4856.384109	0.009936	5.1
134	-0.802752	109.443991	4819.154459	0.010358	4.5
135	-0.720658	110.443991	4782.491281	0.009272	5.6
136	-0.854027	111.443991	4746.381743	0.009782	4.2
137	-0.707273	112.443991	4710.813399	0.009079	4.6
138	-0.901554	113.443991	4675.774173	0.008632	5.1
139	-0.728124	114.443991	4641.252345	0.009364	5.4
140	-0.866834	115.443991	4607.236539	0.009771	5.6
141	-0.718020	116.443991	4573.715710	0.009116	5.7
142	-0.895571	117.443991	4540.679131	0.008718	4.6
143	-0.741765	118.443991	4508.116386	0.009633	5.2
144	-0.853338	119.443991	4476.017353	0.010342	5.1
145	-0.718090	120.443991	4444.372195	0.009146	5.3
146	-0.908368	121.443991	4413.171355	0.007826	5.8
147	-0.776123	122.443991	4382.405540	0.010132	6.2
148	-0.813091	123.443991	4352.065714	0.010349	5.4
149	-0.767127	124.443991	4322.143090	0.010100	5.8
150	-0.819547	125.443991	4292.629124	0.010482	5.7
151	-0.752272	126.443991	4263.515498	0.009648	4.8
152	-0.864706	127.443991	4234.794123	0.009783	4.9
153	-0.751842	128.443991	4206.457125	0.009548	4.9
154	-0.871334	129.443991	4178.496838	0.009710	4.8
155	-0.756204	130.443991	4150.905801	0.009611	4.6
156	-0.883501	131.443991	4123.676746	0.009363	4.8
157	-0.768088	132.443991	4096.802596	0.009874	5.0
158	-0.856573	133.443991	4070.276458	0.009926	4.9
159	-0.763723	134.443991	4044.091615	0.009980	5.9
160	-0.851788	135.443991	4018.241523	0.009756	5.7
161	-0.778853	136.443991	3992.719803	0.010013	8.1
162	-0.853319	137.443991	3967.520237	0.010188	9.0
163	-0.776003	138.443991	3942.636764	0.009824	7.3
164	-0.870694	139.443991	3918.063473	0.009626	4.2
165	-0.793723	140.443991	3893.794602	0.010093	4.7
166	-0.846307	141.443991	3869.824527	0.009969	4.4
167	-0.792843	142.443991	3846.147765	0.010028	5.0
168	-0.853498	143.443991	3822.758964	0.010135	4.8
169	-0.800112	144.443991	3799.652903	0.009961	4.2
170	-0.860095	145.443991	3776.824485	0.010149	4.6
171	-0.799382	146.443991	3754.268737	0.009801	5.6
172	-0.870671	147.443991	3731.980802	0.009667	4.5
173	-0.798728	148.443991	3709.955938	0.010145	4.8
174	-0.859484	149.443991	3688.189515	0.010129	5.4
175	-0.796774	150.443991	3666.677012	0.009871	4.4
176	-0.860607	151.443991	3645.414009	0.009653	4.9
177	-0.816684	152.443991	3624.396192	0.009754	4.1
178	-0.860565	153.443991	3603.619345	0.009509	4.9
179	-0.823453	154.443991	3583.079346	0.009744	4.7
180	-0.858987	155.443991	3562.772169	0.009904	4.7
181	-0.815639	156.443991	3542.693878	0.009961	4.5
182	-0.854113	157.443991	3522.840624	0.009924	5.3
183	-0.818695	158.443991	3503.208645	0.009649	4.7
184	-0.872857	159.443991	3483.794262	0.009649	5.3
185	-0.827175	160.443991	3464.593879	0.009676	5.0
186	-0.870448	161.443991	3445.603975	0.009450	4.6
187	-0.828277	162.443991	3426.821108	0.010003	4.2
188	-0.857424	163.443991	3408.241912	0.010090	6.1
189	-0.830573	164.443991	3389.863091	0.009930	6.7
190	-0.855785	165.443991	3371.681421	0.009827	5.7
191	-0.839473	166.443991	3353.693747	0.009925	6.0
192	-0.858395	167.443991	3335.896980	0.009787	6.2
193	-0.844630	168.443991	3318.288098	0.009784	5.2
194	-0.865347	169.443991	3300.864140	0.009771	5.6
195	-0.848715	170.443991	3283.622208	0.010014	5.9
196	-0.850565	171.443991	3266.559466	0.010081	5.7
197	-0.848919	172.443991	3249.673134	0.010134	5.2
198	-0.854435	173.443991	3232.960490	0.009823	5.7
199	-0.860696	174.443991	3216.418869	0.009854	6.5
