1:ItNr	2:Metric	3a:Time	3b:StepSize	4:||Gradient||	Time[ms]
0	-0.477608	0.000000	672676.897667	0.000128	86.1
1	-0.476406	0.000000	672676.897667	0.000161	4.1
2	-0.478014	1.000000	642100.675046	0.000085	4.0
3	-0.480480	2.000000	614183.254392	0.000096	4.5
4	-0.486692	1.918866	616357.483429	0.000107	4.2
5	-0.480502	2.918866	590588.808956	0.000109	4.4
6	-0.487400	3.918866	566888.340476	0.000088	4.9
7	-0.500857	4.918866	545016.691827	0.000074	4.6
8	-0.492196	5.918866	524770.048353	0.000053	4.6
9	-0.486008	6.918865	505973.823439	0.000069	5.0
10	-0.494047	6.836177	507476.833525	0.000107	4.9
11	-0.492537	7.835461	489890.379503	0.000116	3.6
12	-0.489087	8.835461	473470.643866	0.000107	4.7
13	-0.497730	9.835461	458115.898678	0.000101	4.6
14	-0.493749	10.835461	443725.785054	0.000084	6.6
15	-0.484904	11.835461	430212.169780	0.000087	7.7
16	-0.494314	12.835461	417497.338677	0.000138	10.6
17	-0.491030	13.835461	405512.501138	0.000108	6.5
18	-0.482436	14.835461	394196.545052	0.000080	4.8
19	-0.490862	15.835461	383494.994531	0.000064	4.9
20	-0.500150	16.835460	373359.136327	0.000048	5.6
21	-0.490900	17.835293	363746.829417	0.000041	4.7
22	-0.504446	17.755472	364496.004948	0.000038	4.7
23	-0.488448	17.673013	365273.191731	0.000036	5.2
24	-0.487502	17.590321	366055.902862	0.000044	5.1
25	-0.502736	17.507632	366841.948491	0.000079	4.2
26	-0.492538	18.507610	357556.802742	0.000078	5.4
27	-0.506619	19.507610	348729.898380	0.000046	4.2
28	-0.503720	19.424919	349443.248416	0.000051	4.6
29	-0.505238	19.342227	350159.522843	0.000076	5.4
30	-0.503862	19.259535	350878.739680	0.000103	5.2
31	-0.509586	20.259535	342374.554141	0.000076	4.5
32	-0.498809	21.259535	334272.842769	0.000046	4.4
33	-0.507228	21.177058	334926.511313	0.000040	4.8
34	-0.495005	21.094366	335584.454221	0.000043	5.7
35	-0.501468	21.011674	336244.987183	0.000039	4.7
36	-0.495854	20.928982	336908.125533	0.000067	4.8
37	-0.499088	20.846297	337573.830652	0.000057	5.3
38	-0.504696	20.763609	338242.194197	0.000071	4.9
39	-0.504667	20.680917	338913.241554	0.000065	5.7
40	-0.514504	20.598226	339586.955642	0.000060	4.6
41	-0.506217	21.486062	332490.569175	0.000054	4.3
42	-0.501587	21.403370	333138.967098	0.000052	4.0
43	-0.514314	21.320678	333789.898877	0.000076	4.0
44	-0.514272	21.246138	334378.848372	0.000040	4.6
45	-0.518063	21.163446	335034.635078	0.000080	4.9
46	-0.517430	21.080754	335693.003278	0.000063	4.6
47	-0.507387	22.080754	327900.823098	0.000054	4.4
48	-0.522394	21.998063	328531.426452	0.000051	5.4
49	-0.522572	21.916279	329157.490824	0.000038	4.5
50	-0.516616	21.833606	329792.798224	0.000040	4.6
51	-0.517038	21.750915	330430.705535	0.000037	4.6
52	-0.519519	21.668223	331071.086136	0.000067	4.4
53	-0.508651	21.585584	331713.540837	0.000047	4.2
54	-0.503852	22.343050	325916.490120	0.000038	4.8
55	-0.528513	22.260359	326539.476901	0.000058	3.9
56	-0.519216	22.186718	327096.281489	0.000058	4.1
57	-0.519763	23.186647	319694.205343	0.000070	4.4
58	-0.508415	24.186633	312619.331240	0.000038	4.8
59	-0.516572	24.103941	313192.474064	0.000039	5.0
60	-0.515223	24.021249	313767.723806	0.000050	4.5
61	-0.523489	23.938560	314345.072752	0.000068	4.0
62	-0.507129	24.938538	307502.493187	0.000039	3.6
63	-0.519607	24.855993	308056.026708	0.000050	4.5
64	-0.508613	24.773301	308612.545888	0.000044	4.3
65	-0.525878	24.736822	308858.687719	0.000044	4.2
66	-0.508444	24.658674	309387.324187	0.000034	4.8
67	-0.510741	24.575985	309948.649173	0.000054	4.2
68	-0.510266	24.493293	310512.033852	0.000050	4.5
69	-0.522147	24.410601	311077.470354	0.000049	4.9
70	-0.515771	24.327912	311644.949683	0.000054	4.6
71	-0.525081	24.245220	312214.523537	0.000042	4.8
72	-0.516510	24.162528	312786.183148	0.000048	5.1
73	-0.517590	24.079836	313359.940001	0.000059	4.8
74	-0.509872	23.997145	313935.805654	0.000070	5.8
75	-0.523345	23.914453	314513.791757	0.000059	5.9
76	-0.520919	24.494159	310506.123055	0.000049	5.5
77	-0.516579	24.411467	311071.538015	0.000058	5.1
78	-0.524582	24.328775	311639.015913	0.000069	4.5
79	-0.527197	24.246083	312208.568058	0.000077	4.8
80	-0.526009	24.169345	312738.978846	0.000066	4.5
81	-0.536545	24.086654	313312.555993	0.000070	5.3
82	-0.530225	24.003962	313888.247344	0.000101	5.8
83	-0.535695	23.921270	314466.058180	0.000075	5.4
84	-0.523579	23.838588	315045.935860	0.000070	6.0
85	-0.538825	23.755896	315628.020693	0.000063	4.9
86	-0.530222	23.673204	316212.260450	0.000064	4.8
87	-0.537628	23.590512	316798.667119	0.000068	5.6
88	-0.534883	23.507820	317387.252777	0.000095	5.1
89	-0.540770	23.425129	317978.029594	0.000069	5.8
90	-0.532295	23.342437	318571.009827	0.000062	5.7
91	-0.530104	23.259745	319166.205826	0.000080	5.8
92	-0.548880	23.177053	319763.630033	0.000102	5.6
93	-0.539360	23.094361	320363.294986	0.000082	4.6
94	-0.544594	23.265941	319121.529346	0.000072	6.1
95	-0.548251	23.183249	319718.786155	0.000064	5.1
96	-0.543429	23.100558	320318.282767	0.000067	6.6
97	-0.548417	23.017866	320920.031805	0.000079	5.0
98	-0.549901	22.935174	321524.045986	0.000071	4.9
99	-0.544340	22.852482	322130.338124	0.000054	5.1
100	-0.541156	22.769790	322738.921131	0.000070	4.3
101	-0.546427	22.687098	323349.808014	0.000061	4.2
102	-0.547573	22.604406	323963.011882	0.000064	4.7
103	-0.548825	22.521715	324578.545941	0.000082	3.9
104	-0.562616	22.439023	325196.423498	0.000066	4.1
105	-0.560075	22.356331	325816.657963	0.000069	4.6
106	-0.550447	22.273639	326439.262847	0.000059	4.3
107	-0.562385	22.190947	327064.251765	0.000075	4.3
108	-0.550878	22.108255	327691.638437	0.000066	5.0
109	-0.563659	22.025564	328321.436687	0.000061	4.5
110	-0.565339	21.942872	328953.660446	0.000081	4.5
111	-0.564608	21.860180	329588.323755	0.000069	4.8
112	-0.560089	21.777488	330225.440759	0.000090	4.5
113	-0.558892	22.773606	322710.787543	0.000095	4.7
114	-0.566854	22.690914	323321.567827	0.000069	4.8
115	-0.567637	22.782946	322641.948565	0.000063	4.7
116	-0.569152	22.700254	323252.468053	0.000062	4.7
117	-0.569756	22.617562	323865.302434	0.000071	4.3
118	-0.575426	22.534870	324480.464898	0.000075	4.3
119	-0.560674	22.452178	325097.968695	0.000076	4.7
120	-0.573564	22.369495	325717.760021	0.000058	4.2
121	-0.565571	22.286803	326339.986632	0.000066	4.5
122	-0.568067	22.204112	326964.595103	0.000071	4.3
123	-0.571558	22.121420	327591.599135	0.000059	4.6
124	-0.575125	22.038728	328221.012539	0.000061	4.4
125	-0.576275	21.956036	328852.849227	0.000072	4.9
126	-0.570025	21.873344	329487.123221	0.000102	4.3
127	-0.588993	21.790751	330123.087814	0.000064	4.2
128	-0.583032	21.708059	330762.275972	0.000067	3.9
129	-0.579577	21.625367	331403.944139	0.000073	4.3
130	-0.583985	21.542675	332048.106776	0.000060	4.2
131	-0.578410	21.459984	332694.778458	0.000060	4.5
132	-0.574247	21.377292	333343.973872	0.000086	4.6
133	-0.590897	21.294600	333995.705642	0.000067	4.5
134	-0.579053	21.211908	334649.993014	0.000059	4.3
135	-0.583192	21.129217	335306.848898	0.000078	4.1
136	-0.591520	21.046525	335966.288130	0.000065	4.8
137	-0.592224	20.963833	336628.326574	0.000092	3.9
138	-0.587615	20.881141	337292.979330	0.000076	4.6
139	-0.599782	20.798449	337960.261914	0.000075	4.2
140	-0.596884	20.715757	338630.189964	0.000077	4.3
141	-0.587018	20.633066	339302.779244	0.000092	4.6
142	-0.601100	20.550374	339978.045644	0.000110	4.5
143	-0.604396	20.467682	340656.004658	0.000070	4.3
144	-0.604063	20.384990	341336.673467	0.000098	4.7
145	-0.600209	20.302298	342020.067828	0.000078	4.7
146	-0.602297	20.219606	342706.204143	0.000073	6.2
147	-0.606570	20.136915	343395.098947	0.000070	4.3
148	-0.602067	20.054223	344086.768909	0.000073	4.3
149	-0.609743	19.971531	344781.230833	0.000075	4.9
150	-0.614070	19.888839	345478.501657	0.000087	4.2
151	-0.608617	19.806147	346178.598457	0.000085	4.5
152	-0.612233	19.723455	346881.538449	0.000083	5.1
153	-0.627434	19.640764	347587.338988	0.000085	4.2
154	-0.623336	19.558072	348296.017570	0.000103	3.9
155	-0.634416	19.475380	349007.591835	0.000106	4.5
156	-0.613874	19.392688	349722.079567	0.000095	4.8
157	-0.628933	19.309996	350439.498697	0.000112	4.5
158	-0.636665	19.227304	351159.867301	0.000140	4.5
159	-0.636477	20.227304	342642.214425	0.000128	4.9
160	-0.628119	21.227304	334527.980760	0.000135	4.1
161	-0.626450	22.227304	326789.168777	0.000130	4.6
162	-0.641435	23.227304	319400.313098	0.000104	4.0
163	-0.638542	23.144740	319997.691438	0.000112	4.4
164	-0.654597	23.062048	320598.235425	0.000142	4.7
165	-0.650017	22.979356	321201.037748	0.000112	4.6
166	-0.638400	22.896882	321804.515280	0.000085	4.2
167	-0.648534	22.814190	322411.866630	0.000087	4.4
168	-0.650657	22.731498	323021.514861	0.000093	4.0
169	-0.662166	22.648807	323633.473026	0.000092	4.1
170	-0.655972	22.566115	324247.754278	0.000087	4.6
171	-0.659348	22.483423	324864.371871	0.000121	4.7
172	-0.665792	22.400731	325483.339159	0.000101	3.7
173	-0.673447	22.318039	326104.669598	0.000106	3.9
174	-0.673757	22.235347	326728.376748	0.000101	4.4
175	-0.666939	22.152655	327354.474272	0.000101	4.4
176	-0.682195	22.069964	327982.975939	0.000107	4.9
177	-0.678254	21.987272	328613.895621	0.000138	4.9
178	-0.682281	21.904580	329247.247301	0.000172	5.5
179	-0.683375	21.821888	329883.045067	0.000153	5.5
180	-0.684397	22.814853	322406.991704	0.000168	8.6
181	-0.691771	23.814853	315212.792193	0.000199	5.1
182	-0.686968	24.814853	308332.648012	0.000207	4.7
183	-0.704097	25.814853	301746.433803	0.000176	5.4
184	-0.704518	26.814853	295435.707810	0.000131	5.2
185	-0.715035	26.732161	295947.524622	0.000117	4.8
186	-0.714282	26.649469	296461.117867	0.000117	4.7
187	-0.720007	26.566777	296976.496812	0.000116	4.8
188	-0.727797	26.484085	297493.670785	0.000115	4.3
189	-0.728041	26.401393	298012.649180	0.000126	5.1
190	-0.730282	26.318702	298533.441458	0.000150	4.8
191	-0.736830	26.236010	299056.057144	0.000122	4.2
192	-0.739068	26.153318	299580.505831	0.000144	4.8
193	-0.744312	26.070626	300106.797181	0.000119	4.4
194	-0.750678	25.987934	300634.940921	0.000120	4.9
195	-0.753270	25.905242	301164.946849	0.000134	5.0
196	-0.761610	25.822551	301696.824830	0.000141	4.6
197	-0.767900	25.739859	302230.584801	0.000143	4.9
198	-0.778256	25.657167	302766.236768	0.000180	4.2
199	-0.777656	25.574475	303303.790810	0.000264	4.8
