1:ItNr	2:Metric	3a:Time	3b:StepSize	4:||Gradient||	Time[ms]
0	-0.868198	0.000000	11528.313218	0.002996	102.4
1	-0.920408	0.000000	11528.313218	0.002212	11.3
2	-0.919208	0.000000	11528.313218	0.001940	10.5
3	-0.920199	1.000000	11004.298981	0.001946	12.0
4	-0.924786	2.000000	10525.851199	0.002060	6.8
5	-0.916291	3.000000	10087.274066	0.002024	9.6
6	-0.924200	4.000000	9683.783103	0.002012	8.0
7	-0.926337	5.000000	9311.329907	0.001953	34.0
8	-0.929198	6.000000	8966.465836	0.001931	7.3
9	-0.929804	7.000000	8646.234914	0.001945	7.7
10	-0.929725	8.000000	8348.088882	0.001904	9.6
11	-0.924392	9.000000	8069.819253	0.001775	7.8
12	-0.928136	10.000000	7809.502503	0.001895	6.2
13	-0.929428	11.000000	7565.455549	0.001790	7.2
14	-0.938313	12.000000	7336.199321	0.001918	7.8
15	-0.937319	13.000000	7120.428752	0.001940	7.2
16	-0.941429	14.000000	6916.987931	0.001854	5.7
17	-0.923498	15.000000	6724.849377	0.001888	8.7
18	-0.925377	16.000000	6543.096691	0.001809	9.4
19	-0.922186	17.000000	6370.909936	0.001757	6.9
20	-0.929346	18.000000	6207.553271	0.001898	8.9
21	-0.927199	19.000000	6052.364440	0.002097	7.3
22	-0.919423	20.000000	5904.745795	0.001807	7.4
23	-0.934510	21.000000	5764.156609	0.001754	6.5
24	-0.934925	22.000000	5630.106455	0.001820	5.7
25	-0.928540	23.000000	5502.149490	0.001851	6.5
26	-0.937342	24.000000	5379.879502	0.001800	7.9
27	-0.943195	25.000000	5262.925600	0.001867	5.7
28	-0.934027	26.000000	5150.948459	0.001859	9.6
29	-0.926236	27.000000	5043.637033	0.001738	8.9
30	-0.933943	28.000000	4940.705665	0.001772	11.0
31	-0.936610	29.000000	4841.891552	0.001735	10.6
32	-0.930708	30.000000	4746.952502	0.001758	8.0
33	-0.934240	31.000000	4655.664953	0.001780	7.7
34	-0.934777	32.000000	4567.822219	0.001770	8.5
35	-0.923823	33.000000	4483.232918	0.001852	8.2
36	-0.931698	34.000000	4401.719592	0.001738	11.2
37	-0.932048	35.000000	4323.117457	0.001818	10.8
38	-0.933553	36.000000	4247.273291	0.001748	9.2
39	-0.938686	37.000000	4174.044441	0.001813	10.9
40	-0.924814	38.000000	4103.297925	0.001690	7.3
41	-0.928598	39.000000	4034.909626	0.001699	6.5
42	-0.931199	40.000000	3968.763567	0.001749	6.3
43	-0.943869	41.000000	3904.751251	0.001748	5.9
44	-0.936575	42.000000	3842.771073	0.001731	6.7
45	-0.935464	43.000000	3782.727775	0.001738	6.1
46	-0.928944	44.000000	3724.531963	0.001734	6.5
47	-0.930472	45.000000	3668.099660	0.001731	6.2
48	-0.930483	46.000000	3613.351904	0.001694	6.4
49	-0.928475	47.000000	3560.214376	0.001793	6.5
50	-0.927944	48.000000	3508.617066	0.001706	6.3
51	-0.933995	49.000000	3458.493965	0.001658	6.3
52	-0.937505	50.000000	3409.782783	0.001769	5.8
53	-0.932209	51.000000	3362.424689	0.001726	5.9
54	-0.938091	52.000000	3316.364077	0.001744	7.0
55	-0.935056	53.000000	3271.548346	0.001648	6.7
56	-0.934791	54.000000	3227.927701	0.001704	5.7
57	-0.940987	55.000000	3185.454968	0.001746	5.8
58	-0.931910	56.000000	3144.085423	0.001703	5.0
59	-0.925676	57.000000	3103.776636	0.001698	5.0
60	-0.937144	58.000000	3064.488324	0.001671	7.3
61	-0.929066	59.000000	3026.182220	0.001672	8.9
62	-0.943197	60.000000	2988.821960	0.001729	7.2
63	-0.930581	61.000000	2952.372912	0.001742	8.6
64	-0.929738	62.000000	2916.802154	0.001667	6.4
65	-0.935394	63.000000	2882.078318	0.001677	6.6
66	-0.933777	64.000000	2848.171515	0.001719	5.9
67	-0.943968	65.000000	2815.053241	0.001673	7.0
68	-0.941707	66.000000	2782.696307	0.001726	6.1
69	-0.928718	67.000000	2751.074758	0.001695	6.8
70	-0.945902	68.000000	2720.163805	0.001624	5.3
71	-0.939920	69.000000	2689.939763	0.001643	6.1
72	-0.941001	70.000000	2660.379985	0.001687	5.4
73	-0.933549	71.000000	2631.462811	0.001636	6.3
74	-0.928533	72.000000	2603.167512	0.001701	6.2
75	-0.939437	73.000000	2575.474241	0.001670	6.6
76	-0.935566	74.000000	2548.363985	0.001735	6.2
77	-0.942282	75.000000	2521.818527	0.001741	6.0
78	-0.933181	76.000000	2495.820398	0.001631	7.0
79	-0.936497	76.027045	2495.124716	0.001596	6.2
80	-0.938079	77.027045	2469.671284	0.001686	6.1
81	-0.936173	78.027045	2444.731922	0.001766	5.9
82	-0.935814	79.027045	2420.291213	0.001748	7.0
83	-0.933669	80.027045	2396.334349	0.001672	6.2
84	-0.942265	81.027045	2372.847102	0.001660	7.5
85	-0.937642	82.027045	2349.815799	0.001622	6.3
86	-0.937438	83.027045	2327.227290	0.001666	6.6
87	-0.936271	84.027045	2305.068928	0.001718	6.4
88	-0.938384	85.027045	2283.328542	0.001666	6.7
89	-0.934606	86.027043	2261.994448	0.001621	6.1
90	-0.941219	87.027043	2241.055298	0.001656	5.9
91	-0.935430	88.027043	2220.500258	0.001682	6.2
92	-0.939057	89.027043	2200.318853	0.001605	6.8
93	-0.936047	90.027043	2180.500989	0.001677	5.9
94	-0.935503	91.027018	2161.037422	0.001758	6.2
95	-0.927445	92.027018	2141.917769	0.001696	5.7
96	-0.936278	93.027018	2123.133468	0.001712	7.2
97	-0.928253	94.026961	2104.676810	0.001704	6.0
98	-0.933365	95.026961	2086.537260	0.001622	6.7
99	-0.937454	96.026961	2068.707717	0.001696	5.5
100	-0.944341	97.026958	2051.180347	0.001639	5.7
101	-0.933712	98.026958	2033.947447	0.001635	6.9
102	-0.929961	99.026958	2017.001692	0.001679	6.5
103	-0.935820	99.958886	2001.461708	0.001609	6.3
104	-0.939182	100.958886	1985.050753	0.001603	5.8
105	-0.926535	101.958880	1968.906828	0.001694	7.1
106	-0.941661	102.958880	1953.023280	0.001679	5.5
107	-0.938651	103.958880	1937.393952	0.001735	6.0
108	-0.937586	104.958880	1922.012790	0.001706	5.7
109	-0.926036	105.958880	1906.873929	0.001731	7.0
110	-0.930186	106.958880	1891.971690	0.001690	5.9
111	-0.940300	107.958880	1877.300566	0.001699	6.7
112	-0.936799	108.958880	1862.855224	0.001790	5.9
113	-0.928404	109.958880	1848.630490	0.001623	6.8
114	-0.932220	110.958880	1834.621349	0.001765	5.8
115	-0.936003	111.221477	1830.977712	0.001588	6.5
116	-0.932462	112.221477	1817.233849	0.001720	6.3
117	-0.939074	113.221477	1803.694780	0.001626	6.0
118	-0.928529	114.221462	1790.356156	0.001685	6.9
119	-0.935961	115.221462	1777.213175	0.001668	6.4
120	-0.939758	116.221462	1764.261752	0.001721	6.5
121	-0.940231	117.221462	1751.497730	0.001651	6.0
122	-0.929842	118.221461	1738.917088	0.001685	5.6
123	-0.939440	119.221461	1726.515869	0.001730	5.8
124	-0.924223	120.221461	1714.290278	0.001665	7.0
125	-0.928629	121.221461	1702.236610	0.001707	5.9
126	-0.925740	122.216354	1690.411536	0.001614	6.4
127	-0.941859	123.216354	1678.690178	0.001688	6.1
128	-0.940424	124.216354	1667.130253	0.001847	5.7
129	-0.931511	125.216354	1655.728449	0.001740	5.9
130	-0.934125	126.216324	1644.481883	0.001651	4.5
131	-0.935170	127.216324	1633.386736	0.001696	6.2
132	-0.935338	128.216324	1622.440302	0.001748	5.7
133	-0.945301	129.216324	1611.639609	0.001708	6.8
134	-0.933235	130.216324	1600.981768	0.001689	6.8
135	-0.940675	131.216324	1590.463962	0.001610	5.5
136	-0.934642	132.216324	1580.083449	0.001603	5.8
137	-0.931976	133.216324	1569.837561	0.001652	6.0
138	-0.929995	134.216324	1559.723692	0.001722	5.7
139	-0.932993	133.897571	1562.933337	0.001735	6.2
140	-0.926188	134.897571	1552.907951	0.001636	6.1
141	-0.927859	135.897533	1543.010732	0.001683	6.2
142	-0.937184	136.897533	1533.238504	0.001691	7.2
143	-0.931769	137.897533	1523.589276	0.001658	6.2
144	-0.933823	138.897252	1514.063408	0.001610	7.1
145	-0.941013	139.897252	1504.653282	0.001667	6.7
146	-0.936312	139.579481	1507.630843	0.001667	6.5
147	-0.932907	140.579481	1498.300259	0.001647	6.1
148	-0.932624	141.579481	1489.084458	0.001716	6.4
149	-0.942338	141.354472	1491.148194	0.001589	6.0
150	-0.932097	142.354472	1482.019897	0.001571	5.7
151	-0.943216	143.354472	1473.002681	0.001683	6.9
152	-0.937981	144.354472	1464.094529	0.001608	6.7
153	-0.936200	145.354472	1455.293476	0.001664	6.4
154	-0.949289	146.336678	1446.751429	0.001584	5.8
155	-0.944091	147.336465	1438.158858	0.001597	6.3
156	-0.935881	148.336464	1429.665951	0.001624	7.2
157	-0.928733	149.336464	1421.272764	0.001573	7.1
158	-0.942328	150.308892	1413.204966	0.001613	6.6
159	-0.932040	151.308779	1405.004316	0.001701	6.2
160	-0.934797	152.308779	1396.897373	0.001594	7.1
161	-0.936861	153.308779	1388.883449	0.001603	4.6
162	-0.941397	154.308779	1380.960951	0.001693	6.4
163	-0.935659	155.302302	1373.178765	0.001654	5.3
164	-0.933359	156.302302	1365.433920	0.001631	6.5
165	-0.942839	157.302302	1357.775949	0.001669	5.8
166	-0.937176	158.302301	1350.203410	0.001653	6.3
167	-0.929141	159.302301	1342.714856	0.001599	6.6
168	-0.946187	159.721524	1339.600135	0.001701	5.8
169	-0.936499	160.721524	1332.228415	0.001697	5.1
170	-0.929695	161.721524	1324.937383	0.001731	4.9
171	-0.945074	162.721521	1317.725746	0.001728	6.3
172	-0.945500	163.721521	1310.592166	0.001730	5.3
173	-0.932102	164.721516	1303.535437	0.001632	5.6
174	-0.935828	165.721512	1296.554292	0.001733	6.3
175	-0.929967	166.720729	1289.652876	0.001665	6.1
176	-0.935940	167.720729	1282.819218	0.001629	6.7
177	-0.940124	167.401338	1284.993938	0.001571	5.8
178	-0.939151	168.401338	1278.209437	0.001640	5.6
179	-0.937980	169.401338	1271.496199	0.001660	5.0
180	-0.936629	169.083041	1273.625339	0.001680	6.1
181	-0.937738	170.083040	1266.960046	0.001561	5.3
182	-0.940841	171.080333	1260.381914	0.001747	6.7
183	-0.934465	170.760944	1262.481151	0.001552	7.1
184	-0.940330	171.760944	1255.931685	0.001655	7.5
185	-0.926195	172.760942	1249.449836	0.001632	7.2
186	-0.936895	173.760942	1243.034536	0.001701	6.3
187	-0.933111	174.760942	1236.684779	0.001647	5.7
188	-0.944795	175.760942	1230.399564	0.001653	6.6
189	-0.941491	176.760942	1224.177915	0.001717	6.8
190	-0.934969	177.760731	1218.020160	0.001764	6.6
191	-0.929447	178.760729	1211.922780	0.001652	6.4
192	-0.936794	179.760729	1205.886127	0.001692	6.7
193	-0.940725	180.760729	1199.909315	0.001747	6.7
194	-0.936585	181.760729	1193.991456	0.001617	5.8
195	-0.945243	182.760729	1188.131684	0.001699	7.0
196	-0.935636	183.719494	1182.567295	0.001660	6.9
197	-0.933096	184.719465	1176.819009	0.001624	7.5
198	-0.932095	185.719411	1171.126490	0.001606	7.1
199	-0.941168	186.719411	1165.488468	0.001667	5.5
