1:ItNr	2:Metric	3a:Time	3b:StepSize	4:||Gradient||	Time[ms]
0	-0.549854	0.000000	205141.117212	0.000223	110.1
1	-0.570202	0.000000	205141.117212	0.000302	6.1
2	-0.581450	0.000000	205141.117212	0.000232	6.7
3	-0.598206	0.000000	205141.117212	0.000244	5.0
4	-0.600344	0.000000	205141.117212	0.000273	9.0
5	-0.611934	0.000000	205141.117212	0.000332	5.3
6	-0.631369	0.000000	205141.117212	0.000314	4.6
7	-0.642410	0.000000	205141.117212	0.000289	5.9
8	-0.666024	0.000000	205141.117212	0.000298	5.7
9	-0.673621	0.000000	205141.117212	0.000373	5.3
10	-0.697195	0.000000	205141.117212	0.000592	5.0
11	-0.673496	1.000000	195816.520975	0.000962	5.1
12	-0.661826	2.000000	187302.759194	0.001203	5.5
13	-0.633055	3.000000	179498.477561	0.001273	4.8
14	-0.651171	4.000000	172318.538458	0.001406	6.8
15	-0.634972	5.000000	165690.902364	0.001294	4.2
16	-0.697850	6.000000	159554.202276	0.001388	4.3
17	-0.641638	7.000000	153855.837909	0.001452	5.0
18	-0.706585	8.000000	148550.464188	0.001439	6.0
19	-0.670225	9.000000	143598.782048	0.001562	4.8
20	-0.712561	10.000000	138966.563273	0.001751	4.5
21	-0.652019	11.000000	134623.858170	0.001465	7.0
22	-0.792940	12.000000	130544.347317	0.001431	4.8
23	-0.678312	13.000000	126704.807690	0.001706	4.9
24	-0.762134	14.000000	123084.670327	0.001988	5.1
25	-0.647472	15.000000	119665.651707	0.001640	5.3
26	-0.856393	16.000000	116431.444904	0.001346	4.2
27	-0.747486	17.000000	113367.459512	0.002028	5.0
28	-0.727776	18.000000	110460.601576	0.002073	6.2
29	-0.765176	19.000000	107699.086536	0.002022	6.5
30	-0.767284	20.000000	105072.279548	0.002304	6.3
31	-0.719362	21.000000	102570.558606	0.002091	9.9
32	-0.831870	22.000000	100185.196778	0.002372	9.3
33	-0.681767	23.000000	97908.260488	0.002013	5.2
34	-0.939426	24.000000	95732.521366	0.001922	5.3
35	-0.734001	25.000000	93651.379597	0.002254	5.6
36	-0.885418	26.000000	91658.797052	0.002645	4.2
37	-0.675424	27.000000	89749.238780	0.002016	5.1
38	-1.023886	28.000000	87917.621662	0.001077	5.0
39	-0.929246	29.000000	86159.269229	0.002762	6.6
40	-0.676591	30.000000	84469.871793	0.002107	5.2
41	-1.064297	31.000000	82845.451182	0.000710	5.3
42	-1.049166	32.000000	81282.329461	0.002277	6.0
43	-0.726139	33.000000	79777.101138	0.002498	4.1
44	-1.004293	34.000000	78326.608390	0.003015	5.2
45	-0.645868	35.000000	76927.918955	0.001981	6.3
46	-1.076559	36.000000	75578.306341	0.002179	5.9
47	-0.761458	35.960200	75631.115819	0.002751	5.6
48	-0.944122	36.960200	74326.235639	0.003283	5.0
49	-0.679416	37.960200	73065.618545	0.002216	4.9
50	-1.118149	38.960200	71847.049913	0.000542	5.5
51	-1.093228	38.920399	71894.772113	0.002035	4.0
52	-0.821184	39.920399	70714.629290	0.003009	5.4
53	-0.881608	40.920399	69572.604530	0.003240	5.6
54	-0.781548	41.920399	68466.880391	0.002899	5.0
55	-0.970168	42.920399	67395.753160	0.003259	6.1
56	-0.723774	43.920399	66357.624101	0.002536	4.5
57	-1.118229	44.920399	65350.991486	0.001352	5.3
58	-0.978633	45.920399	64374.443347	0.003489	5.9
59	-0.720541	46.920399	63426.650874	0.002390	5.3
60	-1.134111	47.920399	62506.362376	0.000510	5.7
61	-1.112118	47.880599	62542.479530	0.001913	6.6
62	-0.918868	48.880599	61647.488928	0.003144	6.6
63	-0.874280	49.880599	60777.751797	0.003303	5.3
64	-0.894075	50.880599	59932.214162	0.003084	5.1
65	-0.936307	51.880599	59109.879894	0.003314	5.7
66	-0.847950	52.880599	58309.806795	0.003027	7.9
67	-0.994957	53.880599	57531.102999	0.003356	8.0
68	-0.786973	54.880599	56772.923653	0.002827	6.2
69	-1.086998	55.880599	56034.467862	0.002522	32.0
70	-0.846495	56.880599	55314.975864	0.003120	10.7
71	-0.993832	57.880599	54613.726426	0.003362	8.9
72	-0.804602	58.880599	53930.034428	0.003033	6.3
73	-1.048976	59.880599	53263.248635	0.003183	5.5
74	-0.799214	60.880599	52612.749625	0.002911	4.9
75	-1.107276	61.880599	51977.947872	0.002261	4.9
76	-0.906287	62.880599	51358.281961	0.003267	4.5
77	-0.943809	63.880599	50753.216935	0.003464	4.9
78	-0.881170	64.880599	50162.242751	0.003201	4.8
79	-0.998365	65.880599	49584.872852	0.003371	5.0
80	-0.872145	66.880599	49020.642825	0.003162	3.8
81	-1.041848	67.880599	48469.109157	0.003338	4.3
82	-0.839330	68.880599	47929.848075	0.003113	4.7
83	-1.086185	69.880599	47402.454456	0.002896	4.1
84	-0.873870	70.880599	46886.540815	0.003217	4.9
85	-1.031697	71.880599	46381.736354	0.003269	4.9
86	-0.869790	72.880599	45887.686073	0.003244	5.1
87	-1.051406	73.880599	45404.049940	0.003213	4.8
88	-0.878499	74.880599	44930.502107	0.003307	4.8
89	-1.034976	75.880599	44466.730180	0.003157	3.9
90	-0.909698	76.880599	44012.434533	0.003291	4.3
91	-1.018832	77.880599	43567.327657	0.003398	4.3
92	-0.900239	78.880599	43131.133561	0.003259	3.9
93	-1.057847	79.880599	42703.587195	0.003240	4.3
94	-0.908214	80.880599	42284.433916	0.003316	4.6
95	-1.046699	81.880599	41873.428981	0.003259	4.3
96	-0.915414	82.880599	41470.337073	0.003344	4.3
97	-1.028225	83.880599	41074.931846	0.003236	5.0
98	-0.937230	84.880599	40686.995509	0.003340	4.7
99	-1.024021	85.880599	40306.318418	0.003242	4.2
100	-0.962483	86.880599	39932.698706	0.003333	4.9
101	-1.018684	87.880599	39565.941919	0.003347	5.6
102	-0.957504	88.880599	39205.860683	0.003375	5.2
103	-1.025815	89.880599	38852.274384	0.003371	4.9
104	-0.970167	90.880599	38505.008864	0.003285	4.4
105	-1.038665	91.880599	38163.896139	0.003203	5.2
106	-0.985819	92.880599	37828.774121	0.003255	4.7
107	-1.028078	93.880599	37499.486370	0.003338	4.6
108	-0.975416	94.880599	37175.881844	0.003357	4.3
109	-1.022272	95.880599	36857.814670	0.003301	4.2
110	-0.986291	96.880599	36545.143926	0.003307	4.6
111	-1.032963	97.880599	36237.733430	0.003310	5.2
112	-0.990323	98.880599	35935.451545	0.003320	4.3
113	-1.026319	99.880599	35638.170991	0.003207	5.5
114	-1.013683	100.880599	35345.768662	0.003254	5.0
115	-1.028631	101.880599	35058.125463	0.003255	4.5
116	-1.005845	102.880599	34775.126142	0.003304	4.9
117	-1.028468	103.880599	34496.659139	0.003244	4.4
118	-1.024143	104.880599	34222.616440	0.003205	4.4
119	-1.034009	105.880599	33952.893435	0.003255	5.3
120	-1.010135	106.880599	33687.388788	0.003246	4.1
121	-1.038339	107.880599	33426.004304	0.003175	4.6
122	-1.022891	108.880599	33168.644818	0.003156	5.3
123	-1.047100	109.880599	32915.218068	0.003236	4.6
124	-1.024566	110.880599	32665.634595	0.003165	4.6
125	-1.050646	111.880599	32419.807628	0.003115	5.1
126	-1.033458	112.880599	32177.652993	0.003249	4.7
127	-1.039079	113.880599	31939.089010	0.003149	5.1
128	-1.045832	114.880599	31704.036403	0.003064	4.6
129	-1.055779	115.880599	31472.418215	0.003156	4.7
130	-1.042179	116.880599	31244.159718	0.003125	5.5
131	-1.058127	117.880599	31019.188341	0.002978	4.5
132	-1.051963	118.880599	30797.433583	0.003092	4.0
133	-1.035145	119.880599	30578.826949	0.003206	4.9
134	-1.049248	120.880599	30363.301873	0.003075	4.0
135	-1.068130	121.880599	30150.793652	0.003046	4.5
136	-1.055627	122.880599	29941.239384	0.003029	5.2
137	-1.061393	123.880599	29734.577902	0.002984	3.6
138	-1.052624	124.880599	29530.749716	0.002935	4.0
139	-1.072384	125.880599	29329.696957	0.002902	4.9
140	-1.059494	126.880599	29131.363320	0.002992	4.3
141	-1.070147	127.880599	28935.694016	0.002984	4.4
142	-1.060726	128.880599	28742.635713	0.002904	5.6
143	-1.081476	129.880599	28552.136498	0.002795	4.7
144	-1.074274	130.880599	28364.145822	0.002746	4.9
145	-1.075422	131.880599	28178.614460	0.002837	5.2
146	-1.064957	132.880599	27995.494466	0.002963	5.8
147	-1.069177	133.880599	27814.739131	0.003021	5.5
148	-1.064644	134.880599	27636.302948	0.002924	5.4
149	-1.077774	135.880599	27460.141568	0.002783	4.7
150	-1.079896	136.880599	27286.211764	0.002721	6.4
151	-1.086441	137.880599	27114.471401	0.002591	4.4
152	-1.088823	138.880599	26944.879396	0.002551	4.6
153	-1.092545	139.880599	26777.395687	0.002536	4.2
154	-1.090220	140.880599	26611.981204	0.002455	4.4
155	-1.098089	141.880599	26448.597834	0.002506	4.8
156	-1.096371	142.880599	26287.208396	0.002531	4.3
157	-1.104266	143.880599	26127.776610	0.002396	4.4
158	-1.104605	144.880599	25970.267071	0.002375	5.2
159	-1.108239	145.880599	25814.645224	0.002441	5.3
160	-1.094504	146.880599	25660.877336	0.002411	4.7
161	-1.098635	147.880599	25508.930472	0.002329	5.1
162	-1.098256	148.880599	25358.772475	0.002292	5.3
163	-1.111831	149.880599	25210.371940	0.002179	5.0
164	-1.104381	150.880599	25063.698190	0.002068	5.0
165	-1.116252	151.880599	24918.721262	0.001941	5.0
166	-1.111709	152.880599	24775.411880	0.001814	5.3
167	-1.107657	153.880599	24633.741437	0.001818	4.9
168	-1.115926	154.880599	24493.681979	0.001827	4.6
169	-1.116261	155.880599	24355.206182	0.001846	5.1
170	-1.112674	156.880599	24218.287337	0.001830	5.6
171	-1.119818	157.880599	24082.899332	0.001724	5.5
172	-1.121618	158.880599	23949.016638	0.001660	4.1
173	-1.116586	159.880599	23816.614286	0.001569	4.5
174	-1.121156	160.880599	23685.667861	0.001435	5.4
175	-1.124455	161.880599	23556.153478	0.001368	4.9
176	-1.127121	162.880599	23428.047775	0.001407	4.9
177	-1.128457	163.880599	23301.327893	0.001355	5.1
178	-1.127061	164.880599	23175.971465	0.001312	5.0
179	-1.123251	165.880599	23051.956604	0.001377	5.2
180	-1.134651	166.880599	22929.261889	0.001295	4.5
181	-1.136697	167.880599	22807.866351	0.001083	4.3
182	-1.129052	168.880599	22687.749465	0.000917	5.6
183	-1.128984	169.880599	22568.891134	0.000836	5.4
184	-1.135870	170.880599	22451.271681	0.000615	4.9
185	-1.134038	171.880599	22334.871837	0.000423	5.7
186	-1.133459	172.880599	22219.672730	0.000422	5.0
187	-1.137714	173.880599	22105.655876	0.000431	5.6
188	-1.148487	174.880599	21992.803169	0.000487	4.9
189	-1.139547	175.880599	21881.096870	0.000454	6.0
190	-1.131052	176.880599	21770.519598	0.000323	5.9
191	-1.144658	177.880599	21661.054322	0.000281	4.1
192	-1.135669	178.880599	21552.684353	0.000198	5.2
193	-1.141107	179.880599	21445.393333	0.000154	3.8
194	-1.141314	180.880599	21339.165229	0.000041	3.8
195	-1.137766	181.880599	21233.984323	0.000082	4.3
196	-1.138215	181.840799	21238.150722	0.000126	4.5
197	-1.137485	182.840799	21133.960831	0.000059	4.7
198	-1.141915	183.840799	21030.788216	0.000084	4.3
199	-1.144936	183.800999	21034.875263	0.000175	4.1
