1:ItNr	2:Metric	3a:Time	3b:StepSize	4:||Gradient||	Time[ms]
0	-0.341167	0.000000	107951.418527	0.000187	18.8
1	-0.359636	0.000000	107951.418527	0.000120	0.9
2	-0.349060	0.000000	107951.418527	0.000148	0.9
3	-0.347149	0.000000	107951.418527	0.000201	0.8
4	-0.343742	1.000000	103044.535867	0.000119	0.8
5	-0.348168	2.000000	98564.338666	0.000178	0.9
6	-0.319285	1.911879	98943.425579	0.000055	0.8
7	-0.330195	1.820284	99340.557876	0.000077	0.8
8	-0.338551	2.819938	95171.525460	0.000058	0.8
9	-0.333223	3.808909	91377.650928	0.000093	0.9
10	-0.328741	4.808908	87837.104994	0.000064	1.0
11	-0.334941	5.808672	84561.434580	0.000090	0.9
12	-0.344072	6.808662	81520.633816	0.000053	0.7
13	-0.342288	6.717441	81788.927568	0.000081	0.8
14	-0.328698	7.717419	78940.932020	0.000107	0.7
15	-0.342209	8.717419	76284.546111	0.000076	0.8
16	-0.344596	9.717414	73801.126588	0.000097	1.0
17	-0.336299	10.717373	71474.386222	0.000077	1.0
18	-0.337434	11.717373	69289.785840	0.000088	0.9
19	-0.321164	12.716886	67235.739641	0.000124	1.0
20	-0.326893	13.716886	65299.052720	0.000125	1.1
21	-0.340195	13.625292	65471.788688	0.000044	1.1
22	-0.328742	13.583471	65550.961055	0.000166	0.9
23	-0.338429	14.583426	63708.867144	0.000084	0.8
24	-0.350613	14.607323	63666.111493	0.000139	1.0
25	-0.343541	15.607323	61926.948220	0.000104	1.1
26	-0.337418	15.515728	62082.283122	0.000035	1.0
27	-0.363975	16.494576	60461.539744	0.000116	0.8
28	-0.361748	16.403083	60609.437238	0.000088	0.9
29	-0.336316	16.311488	60758.224934	0.000062	0.9
30	-0.334500	16.225774	60898.123671	0.000131	1.0
31	-0.345944	16.134184	61048.326393	0.000036	0.9
32	-0.352726	16.043180	61198.303266	0.000090	1.1
33	-0.339602	17.043057	59589.842248	0.000113	0.9
34	-0.326613	16.951463	59733.660184	0.000045	1.2
35	-0.334587	17.950723	58201.224702	0.000139	0.9
36	-0.347660	17.859129	58338.409681	0.000067	0.8
37	-0.347024	18.800821	56958.116601	0.000025	0.9
38	-0.348079	19.729520	55659.379443	0.000019	1.0
39	-0.346394	19.710640	55685.191643	0.000091	1.0
40	-0.346346	19.649788	55768.551674	0.000067	0.9
41	-0.336299	20.649781	54429.572828	0.000045	0.8
42	-0.347053	21.641127	53164.162006	0.000051	0.7
43	-0.334399	21.550518	53277.372759	0.000101	0.8
44	-0.338235	21.458926	53392.302379	0.000100	0.7
45	-0.339871	22.458922	52163.737457	0.000150	0.8
46	-0.327736	22.367327	52273.910510	0.000118	0.9
47	-0.340515	23.367327	51095.703175	0.000147	0.8
48	-0.357753	23.275733	51201.406333	0.000123	0.8
49	-0.350164	23.722333	50690.105414	0.000074	0.9
50	-0.351890	24.722333	49581.454526	0.000082	0.8
51	-0.350653	24.630739	49680.978995	0.000064	0.8
52	-0.342660	25.193344	49075.896668	0.000073	0.9
53	-0.360337	25.105362	49169.547049	0.000145	0.8
54	-0.336664	26.105362	48125.726463	0.000069	1.0
55	-0.339277	26.013768	48219.487291	0.000074	1.0
56	-0.351446	27.013740	47215.230255	0.000118	0.8
57	-0.350642	26.922147	47305.472175	0.000076	0.8
58	-0.332164	27.922147	46338.518042	0.000060	1.0
59	-0.349374	27.841648	46414.891202	0.000090	1.1
60	-0.346421	27.750054	46502.098236	0.000058	1.3
61	-0.356985	28.750024	45567.410875	0.000054	1.0
62	-0.341600	28.658434	45651.455504	0.000094	0.8
63	-0.352722	29.477168	44910.994381	0.000109	0.8
64	-0.343067	30.477168	44038.549441	0.000045	0.8
65	-0.342156	31.477167	43199.355796	0.000053	1.0
66	-0.344103	31.387239	43273.511100	0.000091	0.9
67	-0.345137	32.387094	42463.067607	0.000044	1.0
68	-0.348707	33.387078	41682.323966	0.000042	0.8
69	-0.352658	33.296041	41752.211723	0.000112	0.8
70	-0.340569	33.204447	41822.764047	0.000148	0.8
71	-0.357966	34.204447	41065.166309	0.000144	1.0
72	-0.343784	35.204447	40334.527211	0.000057	0.9
73	-0.362437	35.112852	40400.366323	0.000153	0.9
74	-0.353773	36.111968	39693.602895	0.000114	0.9
75	-0.350004	36.020374	39757.364582	0.000057	0.9
76	-0.327936	37.020369	39072.136778	0.000079	0.9
77	-0.332435	36.983858	39096.739214	0.000048	0.7
78	-0.343449	37.927968	38470.353674	0.000097	0.9
79	-0.353590	38.927965	37828.412552	0.000116	0.9
80	-0.343694	38.836371	37886.318371	0.000088	0.9
81	-0.352993	39.836362	37263.565742	0.000100	0.7
82	-0.332819	39.757007	37312.236343	0.000067	0.9
83	-0.334536	39.665412	37368.571493	0.000036	0.8
84	-0.346501	39.574590	37424.600080	0.000055	0.9
85	-0.348417	40.342089	36956.351043	0.000094	0.8
86	-0.345671	41.342041	36363.579632	0.000099	0.8
87	-0.352147	42.339313	35791.038282	0.000114	0.8
88	-0.332636	43.339313	35234.752608	0.000059	1.0
89	-0.329769	43.397722	35202.794564	0.000071	1.7
90	-0.322054	43.306133	35252.932739	0.000081	0.9
91	-0.338418	43.214539	35303.216747	0.000114	0.8
92	-0.325266	43.122945	35353.644563	0.000104	0.9
93	-0.336435	43.031350	35404.216650	0.000032	0.9
94	-0.343206	43.982289	34886.117620	0.000154	1.0
95	-0.342977	43.931909	34913.185522	0.000077	0.8
96	-0.362054	44.931909	34383.651553	0.000097	0.9
97	-0.348410	44.840315	34431.484753	0.000131	0.8
98	-0.359245	45.789775	33942.018768	0.000113	0.8
99	-0.348486	46.789775	33441.323510	0.000124	0.9
100	-0.355008	47.789775	32955.185511	0.000107	1.0
101	-0.336252	48.789775	32482.979008	0.000111	1.1
102	-0.324802	49.466789	32170.896780	0.000036	0.9
103	-0.346944	50.466204	31721.004742	0.000056	0.9
104	-0.342750	50.374708	31761.668319	0.000093	0.9
105	-0.341110	51.374537	31322.891807	0.000031	0.9
106	-0.349436	52.365871	30899.650641	0.000051	0.9
107	-0.349969	52.878259	30685.344122	0.000109	1.0
108	-0.330045	53.878238	30275.549368	0.000053	1.0
109	-0.352429	54.877983	29876.648009	0.000082	1.2
110	-0.325355	55.877977	29488.025994	0.000007	0.9
111	-0.316628	55.922949	29470.786185	0.000103	1.0
112	-0.342610	55.960443	29456.428437	0.000103	1.6
113	-0.335396	56.960443	29078.590302	0.000038	2.4
114	-0.344282	56.990296	29067.459806	0.000093	2.2
115	-0.323906	56.898702	29101.637517	0.000068	1.0
116	-0.351983	57.000021	29063.835525	0.000134	1.0
117	-0.356672	58.000021	28695.938973	0.000053	1.1
118	-0.341873	57.908427	28729.248341	0.000034	0.8
119	-0.334690	57.925897	28722.889293	0.000069	1.0
120	-0.339718	57.834589	28756.156485	0.000097	0.9
121	-0.349739	57.743050	28789.585727	0.000089	1.1
122	-0.343097	58.743050	28428.556340	0.000157	0.9
123	-0.354544	59.739033	28077.866512	0.000109	0.8
124	-0.367185	59.647438	28109.755656	0.000060	1.1
125	-0.335088	59.555844	28141.717318	0.000081	1.0
126	-0.336818	59.678794	28098.830899	0.000043	0.9
127	-0.354614	59.587206	28130.765494	0.000049	1.3
128	-0.334252	60.376344	27857.970436	0.000060	1.0
129	-0.347852	61.319433	27538.816861	0.000091	0.8
130	-0.353816	61.227840	27569.492152	0.000078	0.9
131	-0.355336	61.136247	27600.235701	0.000085	1.2
132	-0.328922	62.136247	27268.247713	0.000043	1.0
133	-0.332743	63.026022	26979.496618	0.000071	0.9
134	-0.333375	62.934452	27008.930614	0.000117	0.9
135	-0.347970	63.934452	26690.933265	0.000082	1.0
136	-0.338216	63.842857	26719.748210	0.000068	0.9
137	-0.327313	63.751263	26748.625414	0.000132	1.0
138	-0.349329	63.659669	26777.565129	0.000102	1.0
139	-0.356215	64.659669	26464.961027	0.000043	1.1
140	-0.334046	65.478534	26214.364333	0.000168	1.1
141	-0.351126	66.478454	25914.721603	0.000130	0.8
142	-0.359720	66.386860	25941.884104	0.000135	0.8
143	-0.340499	66.295265	25969.103605	0.000059	0.8
144	-0.338214	66.240702	25985.345577	0.000083	0.9
145	-0.346314	66.149847	26012.435753	0.000162	0.9
146	-0.326398	66.058260	26039.801244	0.000050	1.0
147	-0.358495	66.470645	25917.035342	0.000087	0.8
148	-0.338918	66.379119	25944.182343	0.000190	0.7
149	-0.347616	66.287524	25971.406670	0.000065	0.7
150	-0.336987	66.195930	25998.688192	0.000030	0.9
151	-0.350477	66.235312	25986.951028	0.000052	0.8
152	-0.333697	66.194715	25999.050387	0.000129	0.9
153	-0.352277	66.103121	26026.390014	0.000121	0.8
154	-0.334959	67.103121	25730.981749	0.000041	0.9
155	-0.342844	68.072747	25450.879975	0.000056	0.9
156	-0.328402	67.981703	25476.920644	0.000154	0.9
157	-0.341540	68.981703	25193.786187	0.000088	0.8
158	-0.326937	69.981703	24916.875717	0.000133	0.7
159	-0.349438	69.890109	24941.985693	0.000055	0.8
160	-0.347066	69.798516	24967.145712	0.000081	0.9
161	-0.352799	69.712365	24990.857647	0.000062	1.2
162	-0.363830	69.622162	25015.732714	0.000107	0.8
163	-0.340624	70.622152	24742.703977	0.000057	1.2
164	-0.332506	71.622152	24475.568059	0.000073	0.8
165	-0.350007	71.567935	24489.903369	0.000045	0.8
166	-0.335254	72.567625	24228.249876	0.000154	0.8
167	-0.353849	72.476039	24251.988191	0.000072	0.8
168	-0.359973	73.474422	23995.698830	0.000096	0.8
169	-0.340384	73.382943	24018.956287	0.000071	0.6
170	-0.333240	73.300364	24039.989751	0.000071	0.9
171	-0.338406	73.208772	24063.362116	0.000150	0.8
172	-0.353783	74.208772	23810.618995	0.000083	0.8
173	-0.347716	74.117177	23833.547781	0.000158	0.7
174	-0.359566	75.116941	23585.642273	0.000094	0.7
175	-0.345351	75.025538	23608.092675	0.000147	0.8
176	-0.356517	76.025536	23364.774608	0.000070	0.7
177	-0.350687	77.025536	23126.420650	0.000057	0.8
178	-0.329365	76.933942	23148.050008	0.000042	0.8
179	-0.361791	77.929225	22915.167684	0.000076	0.8
180	-0.352282	77.918276	22917.704244	0.000047	0.9
181	-0.348276	78.085273	22879.078904	0.000094	0.7
182	-0.344074	77.993695	22900.244101	0.000110	0.7
183	-0.325603	77.902101	22921.452307	0.000067	0.8
184	-0.348035	77.810506	22942.699832	0.000037	0.6
185	-0.338301	78.795666	22716.214878	0.000032	0.7
186	-0.345166	78.969390	22676.739270	0.000015	0.9
187	-0.349063	78.930496	22685.565370	0.000053	0.8
188	-0.336160	78.914991	22689.085581	0.000166	0.9
189	-0.338777	79.914987	22464.252802	0.000064	0.8
190	-0.337431	79.823393	22484.660782	0.000074	0.7
191	-0.328627	80.823313	22263.858110	0.000087	0.7
192	-0.333909	81.725609	22068.302238	0.000150	0.8
193	-0.340508	81.726497	22068.111506	0.000021	0.8
194	-0.334884	82.721880	21856.331499	0.000101	0.8
195	-0.351150	83.017348	21794.247090	0.000164	0.8
196	-0.341758	84.017342	21586.718405	0.000099	0.7
197	-0.337243	83.925747	21605.562439	0.000090	0.9
198	-0.328180	83.834153	21624.439402	0.000097	0.7
199	-0.352056	84.834153	21420.115573	0.000085	0.6
