1:ItNr	2:Metric	3a:Time	3b:StepSize	4:||Gradient||	Time[ms]
0	-0.871409	0.000000	17682.886542	0.002431	323.4
1	-0.882971	0.000000	17682.886542	0.002306	7.3
2	-0.888710	1.000000	16879.118972	0.002257	8.8
3	-0.890514	2.000000	16145.244234	0.002298	9.9
4	-0.890221	3.000000	15472.525724	0.002237	8.0
5	-0.894460	4.000000	14853.624695	0.002287	9.3
6	-0.897857	5.000000	14282.331438	0.002323	7.7
7	-0.887114	6.000000	13753.356199	0.002241	7.6
8	-0.886364	7.000000	13262.164907	0.002184	8.2
9	-0.897107	8.000000	12804.848875	0.002235	8.1
10	-0.889358	9.000000	12378.020580	0.002167	8.1
11	-0.892359	10.000000	11978.729593	0.002278	7.7
12	-0.887373	11.000000	11604.394293	0.002183	8.1
13	-0.897687	12.000000	11252.745981	0.002262	8.4
14	-0.887371	13.000000	10921.782864	0.002273	8.0
15	-0.897434	14.000000	10609.731925	0.002332	8.3
16	-0.891730	15.000000	10315.017150	0.002225	7.7
17	-0.892498	16.000000	10036.232902	0.002098	7.6
18	-0.893851	17.000000	9772.121510	0.002248	8.3
19	-0.891463	18.000000	9521.554292	0.002207	7.2
20	-0.893293	19.000000	9283.515435	0.002287	8.1
21	-0.901166	20.000000	9057.088229	0.002203	8.7
22	-0.900262	21.000000	8841.443271	0.002251	7.8
23	-0.889469	22.000000	8635.828311	0.002226	8.2
24	-0.898382	23.000000	8439.559486	0.002215	7.8
25	-0.912846	24.000000	8252.013720	0.002227	8.6
26	-0.899031	25.000000	8072.622117	0.002169	8.7
27	-0.897232	26.000000	7900.864200	0.002120	8.1
28	-0.909158	27.000000	7736.262862	0.002206	8.1
29	-0.903841	28.000000	7578.379947	0.002190	7.9
30	-0.896818	29.000000	7426.812348	0.002152	7.9
31	-0.895061	30.000000	7281.188576	0.002166	9.1
32	-0.898493	31.000000	7141.165719	0.002180	7.4
33	-0.898642	32.000000	7006.426743	0.002175	7.5
34	-0.899272	33.000000	6876.678100	0.002261	9.0
35	-0.899230	34.000000	6751.647589	0.002265	7.9
36	-0.907999	35.000000	6631.082453	0.002199	8.8
37	-0.905310	36.000000	6514.747674	0.002137	7.2
38	-0.904946	37.000000	6402.424438	0.002267	8.7
39	-0.899924	38.000000	6293.908769	0.002142	8.4
40	-0.903513	39.000000	6189.010290	0.002257	8.2
41	-0.897793	40.000000	6087.551107	0.002076	9.2
42	-0.891641	41.000000	5989.364799	0.002205	8.8
43	-0.902488	42.000000	5894.295516	0.002212	8.2
44	-0.902015	43.000000	5802.197149	0.002141	9.3
45	-0.906521	44.000000	5712.932577	0.002264	8.5
46	-0.899024	45.000000	5626.372993	0.002183	8.0
47	-0.901559	46.000000	5542.397276	0.002218	8.9
48	-0.904883	47.000000	5460.891434	0.002208	8.1
49	-0.900667	47.999972	5381.750250	0.002134	7.9
50	-0.895061	48.999972	5304.868073	0.002138	8.6
51	-0.915828	49.999972	5230.151592	0.002115	8.4
52	-0.903610	50.999972	5157.510569	0.002275	7.7
53	-0.901589	51.999972	5086.859713	0.002188	7.2
54	-0.898002	52.999972	5018.118339	0.002167	7.8
55	-0.906560	53.999972	4951.210070	0.002270	6.8
56	-0.901609	54.999972	4886.062545	0.002230	7.2
57	-0.904512	55.999972	4822.607165	0.002161	7.8
58	-0.907593	56.999972	4760.778846	0.002159	8.5
59	-0.907786	57.999972	4700.515801	0.002114	7.9
60	-0.906128	58.999972	4641.759333	0.002237	7.1
61	-0.911736	59.999972	4584.453643	0.002202	8.6
62	-0.909951	60.999972	4528.545652	0.002239	9.4
63	-0.904861	61.999972	4473.984843	0.002153	8.4
64	-0.897186	62.999972	4420.723101	0.002136	7.6
65	-0.915663	63.999972	4368.714577	0.002193	7.5
66	-0.906630	64.999972	4317.915554	0.002174	7.2
67	-0.910566	65.999972	4268.284325	0.002332	8.4
68	-0.906779	66.999972	4219.781078	0.002279	7.7
69	-0.899889	67.999972	4172.367793	0.002219	8.9
70	-0.904840	68.999972	4126.008137	0.002182	8.4
71	-0.905763	69.999972	4080.667374	0.002223	8.5
72	-0.915029	70.999972	4036.312280	0.002312	7.1
73	-0.905111	71.999972	3992.911060	0.002150	6.8
74	-0.904246	72.999972	3950.433270	0.002210	7.7
75	-0.906778	73.999972	3908.849750	0.002242	8.6
76	-0.911635	74.999948	3868.133541	0.002106	7.9
77	-0.910598	75.999948	3828.255854	0.002193	8.6
78	-0.896204	76.999947	3789.192040	0.002156	8.9
79	-0.912445	77.999947	3750.917352	0.002187	8.0
80	-0.902630	78.999947	3713.408159	0.002206	8.8
81	-0.911614	79.999947	3676.641722	0.002202	8.1
82	-0.907034	80.999947	3640.596196	0.002197	7.5
83	-0.892127	81.999840	3605.254312	0.002188	8.9
84	-0.901926	82.999840	3570.588352	0.002150	7.9
85	-0.913647	83.921327	3539.229146	0.002191	9.0
86	-0.906845	84.921327	3505.815392	0.002191	8.8
87	-0.907927	85.921327	3473.026654	0.002186	8.8
88	-0.904076	85.303335	3493.217011	0.002154	8.9
89	-0.910261	86.303335	3460.662413	0.002176	8.1
90	-0.911583	87.303335	3428.708989	0.002186	8.4
91	-0.901381	88.303335	3397.340239	0.002129	9.0
92	-0.910068	89.303335	3366.540261	0.002152	8.2
93	-0.908575	90.303190	3336.298056	0.002191	8.4
94	-0.914025	91.302971	3306.596550	0.002126	8.9
95	-0.910354	92.302971	3277.412880	0.002160	7.5
96	-0.909373	93.302971	3248.739847	0.002155	8.8
97	-0.917000	94.302971	3220.564165	0.002257	9.3
98	-0.906841	94.531486	3214.194063	0.002175	9.7
99	-0.906292	95.531486	3186.611869	0.002170	9.2
100	-0.909902	96.531486	3159.499034	0.002197	9.5
101	-0.903481	97.531486	3132.843677	0.002148	6.9
102	-0.916112	98.531486	3106.634320	0.002222	7.3
103	-0.903360	99.531486	3080.859857	0.002194	8.3
104	-0.910363	100.531486	3055.509555	0.002202	8.1
105	-0.914948	101.531478	3030.573222	0.002180	7.3
106	-0.897230	102.531398	3006.042373	0.002071	7.8
107	-0.916352	103.531398	2981.903542	0.002199	7.4
108	-0.908385	104.531398	2958.149300	0.002072	7.7
109	-0.905767	105.531398	2934.770532	0.002146	7.4
110	-0.911762	106.531396	2911.758419	0.002194	8.0
111	-0.905894	107.531396	2889.104355	0.002063	8.2
112	-0.900893	108.531159	2866.805336	0.002116	7.7
113	-0.911715	109.531157	2844.842771	0.002153	7.7
114	-0.910898	110.531157	2823.214110	0.002184	7.5
115	-0.914287	111.531157	2801.911843	0.002219	8.5
116	-0.902890	112.531157	2780.928637	0.002211	8.2
117	-0.905857	111.902769	2794.077349	0.002144	8.5
118	-0.906540	112.902769	2773.210885	0.002098	7.7
119	-0.905888	113.902769	2752.653776	0.002176	10.8
120	-0.913967	114.902769	2732.399194	0.002210	10.5
121	-0.905075	115.902769	2712.440510	0.002179	10.5
122	-0.914218	116.902769	2692.771285	0.002181	8.0
123	-0.910379	117.902763	2673.385395	0.002115	10.1
124	-0.900335	118.902763	2654.276513	0.002108	11.0
125	-0.903132	119.902763	2635.438865	0.002165	8.5
126	-0.902910	120.902763	2616.866719	0.002107	7.2
127	-0.919797	121.891372	2598.761650	0.002190	9.5
128	-0.905111	122.891372	2580.701070	0.002193	9.4
129	-0.904056	123.891372	2562.889789	0.002087	9.7
130	-0.905999	124.889931	2545.347823	0.002154	9.8
131	-0.911714	125.882413	2528.148949	0.002072	8.5
132	-0.914495	126.882412	2511.053284	0.002108	9.7
133	-0.908262	127.882412	2494.187267	0.002200	9.3
134	-0.898912	128.882384	2477.546769	0.002147	8.6
135	-0.909245	129.882384	2461.126385	0.002186	10.1
136	-0.900223	130.882384	2444.922225	0.002115	9.9
137	-0.920397	131.882384	2428.930048	0.002181	9.9
138	-0.910170	132.882209	2413.148476	0.002200	8.9
139	-0.909257	133.882209	2397.567936	0.002153	10.1
140	-0.913370	134.882203	2382.187389	0.002083	11.3
141	-0.904682	135.795053	2368.318452	0.002118	8.0
142	-0.910819	136.795053	2353.309626	0.002104	7.4
143	-0.904746	137.625871	2340.983948	0.002204	8.1
144	-0.899393	138.625871	2326.318506	0.002137	8.4
145	-0.905999	139.625871	2311.835668	0.002036	8.2
146	-0.909536	140.625869	2297.532075	0.002261	7.0
147	-0.912436	141.623447	2283.438364	0.002220	8.7
148	-0.902739	142.622428	2269.497047	0.002174	10.1
149	-0.916156	141.994680	2278.237655	0.002196	10.4
150	-0.907690	142.994680	2264.345511	0.002161	8.4
151	-0.913385	143.993706	2250.635048	0.002138	9.3
152	-0.911497	143.583205	2256.248544	0.002151	10.8
153	-0.907098	144.440068	2244.562767	0.002118	10.3
154	-0.910558	145.432963	2231.172305	0.002109	9.7
155	-0.908239	146.432819	2217.848452	0.002128	9.2
156	-0.914157	147.432818	2204.680898	0.002180	7.2
157	-0.914976	148.423090	2191.794627	0.002164	8.2
158	-0.897317	149.423090	2178.933725	0.002151	9.0
159	-0.907311	150.423090	2166.222872	0.002207	9.7
160	-0.916205	151.423015	2153.660389	0.002126	7.1
161	-0.910880	152.423015	2141.241852	0.002176	9.2
162	-0.912194	153.423015	2128.965709	0.002191	9.2
163	-0.913496	154.422953	2116.830269	0.002259	10.4
164	-0.906719	155.407531	2105.015667	0.002164	9.7
165	-0.913571	156.402950	2093.204301	0.002199	9.8
166	-0.897671	157.402923	2081.471596	0.002153	8.7
167	-0.912600	158.233160	2071.829882	0.002131	9.7
168	-0.916940	157.605144	2079.114906	0.002203	9.9
169	-0.912734	157.321819	2082.418284	0.002200	11.8
170	-0.910554	158.321819	2070.805541	0.002181	10.4
171	-0.909861	157.693358	2078.088533	0.002185	10.2
172	-0.914194	158.693358	2066.523896	0.002162	10.6
173	-0.915093	159.693358	2055.087261	0.002165	8.8
174	-0.918326	160.693358	2043.776516	0.002086	8.6
175	-0.902112	161.693357	2032.589595	0.002063	8.0
176	-0.914204	162.693357	2021.524472	0.002153	8.3
177	-0.912406	162.105792	2028.011310	0.002125	8.4
178	-0.904499	163.105792	2016.995843	0.002144	6.1
179	-0.910114	162.820098	2020.130672	0.002170	7.8
180	-0.917037	163.820098	2009.200417	0.002159	8.0
181	-0.913221	164.814954	1998.443129	0.002088	8.4
182	-0.905253	165.814954	1987.745682	0.002089	9.3
183	-0.912677	166.814922	1977.162486	0.002159	8.2
184	-0.908279	167.814921	1966.691057	0.002184	9.3
185	-0.909166	168.814921	1956.329959	0.002123	8.1
186	-0.907444	169.814911	1946.077561	0.002140	9.3
187	-0.907058	170.814911	1935.931960	0.002194	8.9
188	-0.914027	171.814907	1925.891635	0.002114	8.4
189	-0.902311	172.814907	1915.954878	0.002086	7.3
190	-0.915397	173.811902	1906.149544	0.002107	8.7
191	-0.919441	174.811902	1896.414949	0.002241	8.3
192	-0.919924	175.811902	1886.779277	0.002183	7.6
193	-0.915521	176.811895	1877.241091	0.002039	8.4
194	-0.902124	177.811895	1867.798794	0.002192	6.8
195	-0.916495	178.811895	1858.451008	0.002117	8.5
196	-0.903530	179.811752	1849.197635	0.002185	7.1
197	-0.905636	179.183290	1855.003068	0.002179	8.7
198	-0.904450	180.183290	1845.782605	0.002237	8.5
199	-0.902437	181.183290	1836.653351	0.002139	7.6
