1:ItNr	2:Metric	3a:Time	3b:StepSize	4:||Gradient||	Time[ms]
0	-0.054439	0.000000	293.411136	0.000108	69.1
1	-0.046739	0.000000	293.411136	0.002315	1.2
2	-0.042360	0.255735	289.881002	0.001615	0.9
3	-0.044060	0.000000	293.411136	0.001105	1.0
4	-0.047284	0.000000	293.411136	0.002804	1.0
5	-0.046214	0.000000	293.411136	0.001031	1.2
6	-0.045555	0.000000	293.411136	0.001737	1.1
7	-0.042976	0.945624	280.768221	0.002564	1.2
8	-0.046525	1.945613	268.532107	0.001053	1.1
9	-0.052444	1.042472	279.534611	0.001563	1.4
10	-0.040071	1.985654	268.064322	0.001254	1.1
11	-0.043233	1.083080	279.020587	0.000663	1.0
12	-0.042369	1.928762	268.729457	0.002163	1.2
13	-0.044322	1.133845	278.380632	0.002077	1.0
14	-0.044380	2.099682	266.741068	0.000948	1.0
15	-0.046454	1.433875	274.657578	0.000286	1.0
16	-0.041885	1.887251	269.216858	0.002913	0.9
17	-0.039679	1.232189	277.149225	0.002720	1.0
18	-0.046931	0.328803	288.887929	0.000797	1.3
19	-0.049188	1.328070	275.959091	0.002234	1.2
20	-0.042623	1.001602	280.053867	0.001728	1.3
21	-0.042625	1.982328	268.103121	0.001294	1.4
22	-0.042306	1.082661	279.025874	0.001080	1.0
23	-0.038264	2.064636	267.146378	0.001327	1.0
24	-0.048390	2.293360	264.523185	0.001802	1.4
25	-0.048244	1.390022	275.195526	0.001522	1.1
26	-0.045402	0.489482	286.727892	0.001601	1.0
27	-0.044858	0.000000	293.411136	0.001895	1.0
28	-0.044370	0.000000	293.411136	0.000955	1.0
29	-0.040874	0.998694	280.090887	0.002921	1.0
30	-0.041126	1.994647	267.959490	0.001300	1.2
31	-0.047849	1.091301	278.916750	0.000858	1.2
32	-0.045321	1.117875	278.581645	0.000135	1.3
33	-0.045143	1.110546	278.673984	0.000510	1.3
34	-0.050434	0.984767	280.268332	0.000612	1.3
35	-0.050116	0.986205	280.249992	0.000766	1.2
36	-0.044909	0.441627	287.367832	0.001862	1.5
37	-0.040787	1.068658	279.202919	0.001500	1.2
38	-0.049243	0.696686	283.989637	0.001665	1.5
39	-0.042252	0.000000	293.411136	0.000759	1.4
40	-0.047190	0.836559	282.170553	0.001327	1.5
41	-0.042270	0.606398	285.176355	0.000967	1.5
42	-0.039380	1.175332	277.859824	0.001520	1.6
43	-0.051158	0.783128	282.862672	0.002342	1.2
44	-0.056896	1.593415	272.718126	0.000331	1.2
45	-0.044882	2.099486	266.743327	0.000607	1.6
46	-0.034456	1.959529	268.369351	0.001592	2.0
47	-0.047304	2.504704	262.144712	0.002290	1.1
48	-0.049211	1.601338	272.622520	0.003535	1.2
49	-0.046234	0.697953	283.973044	0.002534	1.4
50	-0.051573	1.697953	271.462091	0.001019	1.4
51	-0.050575	1.501200	273.835789	0.001300	1.5
52	-0.045940	2.474383	262.483312	0.000757	1.4
53	-0.046238	3.415665	252.363963	0.001219	1.3
54	-0.043666	3.545133	251.032820	0.002271	1.0
55	-0.043154	2.642157	260.620626	0.001407	1.3
56	-0.039353	1.792098	270.340788	0.001797	1.3
57	-0.044778	1.897079	269.101309	0.001739	2.4
58	-0.052607	0.993728	280.154137	0.001691	1.5
59	-0.044494	0.090566	292.151192	0.001689	1.7
60	-0.047455	1.088478	278.952400	0.001195	1.7
61	-0.048548	0.781370	282.885504	0.001797	1.1
62	-0.043947	1.781028	270.472154	0.001839	1.2
63	-0.046435	2.780976	259.099283	0.000644	1.2
64	-0.045241	1.898170	269.088479	0.001200	1.1
65	-0.048334	1.997943	267.921084	0.002066	1.1
66	-0.045844	2.996227	256.775113	0.001194	1.3
67	-0.049400	2.092990	266.818367	0.000893	1.2
68	-0.041874	2.253470	264.976959	0.002344	1.3
69	-0.051482	3.251141	254.076044	0.001303	1.0
70	-0.044996	4.163970	244.859372	0.001589	1.1
71	-0.040419	3.260762	253.975284	0.002319	1.1
72	-0.045547	4.260636	243.922357	0.001853	0.9
73	-0.044466	5.260636	234.633841	0.000321	0.9
74	-0.045147	4.690939	239.836845	0.001460	1.0
75	-0.034900	4.328128	243.272380	0.001063	1.0
76	-0.038447	3.448092	252.029229	0.001789	0.9
77	-0.045587	4.394015	242.641182	0.001130	0.9
78	-0.040618	4.934455	237.584864	0.002104	1.0
79	-0.046818	4.037735	246.093902	0.001390	1.0
80	-0.049627	3.134382	255.305231	0.002103	0.9
81	-0.041595	4.134341	245.148017	0.001934	0.9
82	-0.043204	3.230956	254.287689	0.001705	1.0
83	-0.043753	4.204496	244.465660	0.001431	1.1
84	-0.045113	3.301549	253.549013	0.001582	1.3
85	-0.040564	4.286050	243.677200	0.001016	1.1
86	-0.041972	3.386035	252.670591	0.000881	0.8
87	-0.041601	4.008012	246.386395	0.001908	0.9
88	-0.040266	5.005781	236.933232	0.001850	0.9
89	-0.049857	6.005769	228.159913	0.002029	0.9
90	-0.052503	5.144284	235.678045	0.000728	0.9
91	-0.040382	4.320556	243.345125	0.001010	0.9
92	-0.039232	3.475704	251.744911	0.000461	0.8
93	-0.042859	4.006028	246.405936	0.002781	0.9
94	-0.048750	4.969495	237.264291	0.001901	0.9
95	-0.046239	5.966622	228.491125	0.001053	1.1
96	-0.046452	6.962248	220.355455	0.001351	1.1
97	-0.044609	6.183849	226.665248	0.002149	1.1
98	-0.041295	6.161956	226.847944	0.001859	1.2
99	-0.044152	7.161537	218.796079	0.000694	1.0
100	-0.047272	8.145689	211.408071	0.002276	1.0
101	-0.042272	9.100556	204.701660	0.000224	0.9
102	-0.048368	9.865191	199.630509	0.001753	1.2
103	-0.041891	9.777112	200.201824	0.001461	0.9
104	-0.039433	8.873748	206.255801	0.001996	0.9
105	-0.038102	7.970366	212.687472	0.001781	0.9
106	-0.041227	7.547345	215.839120	0.001437	0.8
107	-0.046532	6.643996	222.892304	0.002102	1.0
108	-0.038209	5.740612	230.422318	0.001114	1.0
109	-0.046553	5.326031	234.050996	0.000756	1.0
110	-0.049397	5.395948	233.431049	0.001825	1.1
111	-0.049021	6.390800	224.952679	0.001165	1.1
112	-0.045790	6.279953	225.866734	0.001234	1.0
113	-0.042119	7.275772	217.912134	0.001518	0.9
114	-0.037109	6.373669	225.093462	0.002014	0.8
115	-0.040925	7.373632	217.160560	0.001067	1.1
116	-0.046641	6.790084	221.720588	0.001368	0.8
117	-0.041088	7.383057	217.088453	0.002170	0.8
118	-0.045399	6.487368	224.162379	0.001728	0.8
119	-0.044259	7.487368	216.293549	0.000775	0.9
120	-0.045517	6.617990	223.102183	0.002667	0.9
121	-0.043018	5.714827	230.644721	0.000760	0.9
122	-0.048789	4.815256	238.681877	0.001354	1.0
123	-0.048082	3.940050	247.057794	0.000542	1.1
124	-0.051766	3.977845	246.683968	0.001679	1.2
125	-0.046757	3.523461	251.254656	0.002131	1.3
126	-0.047044	4.494172	241.687942	0.001086	0.9
127	-0.043842	5.491312	232.590737	0.003067	1.0
128	-0.044600	4.589261	240.789830	0.001514	1.1
129	-0.046035	5.578534	231.827454	0.001498	0.8
130	-0.048486	5.578066	231.831532	0.002180	1.0
131	-0.048458	6.578066	223.425166	0.001466	1.0
132	-0.048867	5.674872	230.990194	0.001119	1.1
133	-0.051046	4.808540	238.743990	0.000791	1.1
134	-0.041928	5.188904	235.276510	0.001162	1.1
135	-0.045772	4.315066	243.397900	0.003084	1.2
136	-0.056389	3.812491	248.327907	0.001162	1.2
137	-0.038992	3.398659	252.539861	0.001452	1.1
138	-0.047374	3.090848	255.766586	0.001332	1.0
139	-0.047382	2.192874	265.669266	0.000861	0.9
140	-0.040579	1.302550	276.274861	0.001011	1.0
141	-0.044702	1.504822	273.791720	0.002535	1.2
142	-0.043596	0.689549	284.083073	0.001451	1.4
143	-0.047216	0.000000	293.411136	0.000825	1.2
144	-0.048467	0.000000	293.411136	0.001262	1.2
145	-0.045579	0.972686	280.422417	0.001467	1.1
146	-0.044253	0.394390	288.002322	0.002381	1.2
147	-0.045514	0.000000	293.411136	0.001983	1.1
148	-0.049737	0.999995	280.074335	0.001211	1.3
149	-0.042183	0.097231	292.058893	0.002182	1.0
150	-0.048775	0.000000	293.411136	0.000914	1.1
151	-0.041197	0.009810	293.274133	0.001837	1.2
152	-0.047899	0.000000	293.411136	0.000909	1.2
153	-0.041550	0.923115	281.056500	0.001771	1.1
154	-0.049149	1.921369	268.816133	0.000924	1.1
155	-0.046731	1.505696	273.781085	0.002440	1.2
156	-0.047413	2.128134	266.412927	0.000525	1.2
157	-0.048743	2.963599	257.124725	0.001822	1.1
158	-0.039068	2.095148	266.793435	0.002593	1.0
159	-0.042526	1.191879	277.652646	0.001921	1.2
160	-0.047855	2.191879	265.680671	0.001010	1.4
161	-0.041822	1.309095	276.193811	0.000944	1.2
162	-0.044176	0.431822	287.499298	0.001111	1.2
163	-0.041945	0.000000	293.411136	0.002277	1.6
164	-0.048490	0.000000	293.411136	0.000698	1.1
165	-0.041432	0.000000	293.411136	0.002114	1.1
166	-0.043159	0.000000	293.411136	0.001303	0.8
167	-0.051024	0.998293	280.095997	0.002625	0.7
168	-0.044146	1.998288	267.917062	0.000163	0.8
169	-0.047894	2.413191	263.169331	0.000552	0.8
170	-0.047534	2.410039	263.204769	0.003186	1.0
171	-0.040713	2.837199	258.488168	0.000811	0.9
172	-0.048995	3.735032	249.105557	0.001340	1.2
173	-0.046472	2.843906	258.415453	0.001717	1.2
174	-0.040696	3.843841	248.014544	0.000718	1.1
175	-0.042855	4.835400	238.495775	0.000889	1.0
176	-0.048639	5.016453	236.836044	0.002781	1.1
177	-0.043037	6.015741	228.075697	0.001324	1.0
178	-0.043555	5.417486	233.240732	0.001562	0.9
179	-0.040106	4.514291	241.497353	0.000377	0.9
180	-0.040270	3.872439	247.729381	0.001636	0.9
181	-0.047102	3.380207	252.730990	0.001176	1.0
182	-0.051696	2.727713	259.680900	0.001580	1.0
183	-0.039761	1.844077	269.725667	0.000711	1.1
184	-0.042947	2.807325	258.812527	0.001892	1.0
185	-0.048310	3.298455	253.581301	0.001592	1.0
186	-0.046357	4.298212	243.560049	0.002025	1.1
187	-0.046468	4.789303	238.922079	0.001484	1.1
188	-0.044814	5.743549	230.397014	0.001281	1.1
189	-0.045777	5.208166	235.103585	0.002252	1.3
190	-0.044898	6.202813	226.507233	0.002145	1.0
191	-0.041836	7.201496	218.486062	0.000600	1.0
192	-0.043870	6.989544	220.140557	0.001244	0.9
193	-0.041499	7.403152	216.934859	0.000335	1.0
194	-0.043236	6.929877	220.610845	0.003120	1.0
195	-0.050274	7.121662	219.106323	0.001869	1.1
196	-0.046837	8.121661	211.582497	0.000841	1.1
197	-0.036196	9.116678	204.592083	0.001110	1.1
198	-0.051476	9.120086	204.568936	0.001934	1.0
199	-0.048826	10.072834	198.296491	0.001455	0.9
