1:ItNr	2:Metric	3a:Time	3b:StepSize	4:||Gradient||	Time[ms]
0	-0.697119	0.000000	538631.268983	0.000180	88.9
1	-0.711500	0.000000	538631.268983	0.000145	4.3
2	-0.711759	0.000000	538631.268983	0.000182	4.3
3	-0.713138	0.000000	538631.268983	0.000033	4.9
4	-0.723619	0.061379	537061.528769	0.000039	5.0
5	-0.719620	0.037688	537666.345951	0.000059	4.1
6	-0.712261	0.014002	538272.374323	0.000055	4.3
7	-0.719533	1.014002	513821.010240	0.000072	4.8
8	-0.727755	0.990310	514374.587939	0.000118	4.8
9	-0.734276	0.966618	514929.359746	0.000119	6.6
10	-0.732567	0.942926	515485.329529	0.000087	5.8
11	-0.731813	1.942926	493017.170043	0.000123	4.7
12	-0.737604	2.942926	472425.820360	0.000112	4.4
13	-0.726077	3.942926	453485.547968	0.000069	4.9
14	-0.731134	4.942926	436005.424836	0.000081	5.1
15	-0.731665	5.942926	419822.868484	0.000090	5.5
16	-0.736321	6.942926	404798.569940	0.000068	5.5
17	-0.731197	7.942926	390812.473155	0.000061	4.6
18	-0.736928	8.942926	377760.560063	0.000072	4.1
19	-0.730848	9.942926	365552.259041	0.000060	4.4
20	-0.744804	10.942926	354108.340146	0.000054	4.3
21	-0.731153	11.942926	343359.193710	0.000068	4.8
22	-0.730171	12.942926	333243.413190	0.000101	4.0
23	-0.733080	13.942926	323706.621413	0.000077	4.2
24	-0.749114	14.942926	314700.492703	0.000061	3.6
25	-0.734666	15.942926	306181.933852	0.000048	4.1
26	-0.742112	16.012423	305607.032677	0.000052	4.5
27	-0.730341	16.772945	299453.924318	0.000073	5.0
28	-0.742124	17.772945	291730.654306	0.000042	4.4
29	-0.727512	18.772834	284396.546368	0.000044	4.3
30	-0.746810	18.749142	284566.056100	0.000047	4.0
31	-0.736149	18.725450	284735.768019	0.000040	4.1
32	-0.737042	18.701759	284905.682487	0.000042	3.8
33	-0.737911	18.678067	285075.799867	0.000034	4.1
34	-0.741512	18.654375	285246.120523	0.000043	5.2
35	-0.742415	18.630683	285416.644819	0.000039	4.7
36	-0.738471	18.606991	285587.373121	0.000044	3.9
37	-0.738675	18.583300	285758.305796	0.000057	3.5
38	-0.734491	19.582840	278720.186932	0.000050	4.3
39	-0.743810	19.559148	278882.995659	0.000056	4.8
40	-0.747346	20.461981	272810.327936	0.000036	6.9
41	-0.736857	20.438361	272965.830165	0.000048	5.8
42	-0.742253	20.414673	273121.959583	0.000038	7.2
43	-0.749702	20.391000	273278.168353	0.000053	4.7
44	-0.734039	20.367308	273434.679673	0.000035	5.8
45	-0.745219	20.343624	273591.321726	0.000039	4.6
46	-0.739015	20.319932	273748.192052	0.000037	4.3
47	-0.739411	20.296240	273905.242373	0.000037	4.6
48	-0.743384	20.272548	274062.472997	0.000033	3.4
49	-0.737177	20.248856	274219.884236	0.000039	4.0
50	-0.740071	20.225165	274377.476375	0.000037	4.7
51	-0.745509	20.201473	274535.249779	0.000052	4.3
52	-0.750262	20.177875	274692.575049	0.000032	4.1
53	-0.751682	20.154184	274850.711114	0.000035	4.6
54	-0.752895	20.130492	275009.029386	0.000031	4.3
55	-0.744653	20.106800	275167.530150	0.000048	4.5
56	-0.743097	20.083108	275326.213723	0.000053	4.8
57	-0.742441	21.083103	268783.809378	0.000037	4.1
58	-0.748567	21.059431	268935.086236	0.000058	4.1
59	-0.738413	21.035739	269086.660985	0.000032	5.0
60	-0.743995	21.012047	269238.406689	0.000064	4.4
61	-0.748617	20.988364	269390.268064	0.000047	4.0
62	-0.749459	20.967455	269524.486047	0.000038	4.9
63	-0.752080	20.943763	269676.726096	0.000034	4.4
64	-0.753233	20.920071	269829.138151	0.000032	4.3
65	-0.743622	20.896379	269981.722656	0.000045	5.0
66	-0.747375	20.872687	270134.479822	0.000069	4.5
67	-0.754664	21.872687	263833.627328	0.000032	4.6
68	-0.746900	21.849068	263979.059118	0.000030	5.0
69	-0.742087	21.825376	264125.097284	0.000030	4.5
70	-0.757292	21.801684	264271.297121	0.000037	4.8
71	-0.755734	21.777993	264417.658899	0.000029	4.8
72	-0.755950	21.754301	264564.182886	0.000029	4.2
73	-0.751747	21.730609	264710.869348	0.000031	4.3
74	-0.748457	21.706917	264857.718563	0.000041	4.3
75	-0.753258	21.683225	265004.730799	0.000054	4.2
76	-0.750481	22.683146	258938.693795	0.000041	4.1
77	-0.751638	23.683145	253143.697169	0.000029	4.4
78	-0.758410	23.659456	253277.979206	0.000046	4.1
79	-0.750235	23.637934	253400.094395	0.000107	4.1
80	-0.749712	24.637934	247847.693726	0.000094	4.2
81	-0.754231	25.637934	242533.399688	0.000037	4.1
82	-0.755289	25.614337	242656.171704	0.000037	4.1
83	-0.749568	25.590646	242779.564752	0.000066	4.9
84	-0.755377	26.589942	237681.663648	0.000079	4.2
85	-0.749783	27.589942	232790.082127	0.000083	4.0
86	-0.747338	28.589942	228095.781800	0.000039	4.8
87	-0.758597	29.589940	223587.074879	0.000035	4.2
88	-0.750628	29.566248	223691.832118	0.000029	4.2
89	-0.758993	29.542556	223796.687528	0.000043	4.6
90	-0.746346	29.518864	223901.641325	0.000061	4.0
91	-0.750039	30.518864	219555.628576	0.000064	5.2
92	-0.749233	30.495173	219656.641312	0.000037	5.0
93	-0.759082	30.471481	219757.747039	0.000039	4.6
94	-0.748020	30.452512	219838.763168	0.000040	4.5
95	-0.755001	30.428820	219940.036661	0.000109	5.0
96	-0.751881	30.405129	220041.403504	0.000099	4.5
97	-0.757242	31.405129	215842.551039	0.000046	4.3
98	-0.752174	32.405129	211800.943863	0.000028	4.7
99	-0.750022	32.381437	211894.945564	0.000047	4.1
100	-0.755764	32.357746	211989.028622	0.000039	4.4
101	-0.760404	32.334054	212083.197386	0.000059	4.5
102	-0.767969	33.334054	208179.877460	0.000029	4.1
103	-0.756318	33.310362	208270.691737	0.000029	4.2
104	-0.760089	33.286670	208361.585280	0.000048	4.4
105	-0.762354	33.262978	208452.558194	0.000086	4.3
106	-0.760517	34.262978	204680.547266	0.000054	4.3
107	-0.766689	35.262978	201042.621345	0.000042	4.3
108	-0.763467	35.239287	201127.314130	0.000043	4.2
109	-0.754160	36.231872	197639.116327	0.000044	4.0
110	-0.756613	36.208180	197720.965228	0.000040	4.8
111	-0.754437	37.208152	194324.271134	0.000039	4.5
112	-0.762944	38.181335	191128.785808	0.000041	4.6
113	-0.752395	39.153600	188039.562026	0.000030	4.0
114	-0.757837	39.129969	188113.462561	0.000031	4.6
115	-0.762089	39.106278	188187.608770	0.000060	4.3
116	-0.751297	39.082586	188261.815020	0.000055	4.8
117	-0.768197	40.082586	185179.728487	0.000037	4.0
118	-0.762863	41.082580	182196.948816	0.000037	3.9
119	-0.759705	41.058888	182266.504910	0.000045	4.6
120	-0.763554	41.115790	182099.536336	0.000029	4.5
121	-0.765596	41.092180	182168.778483	0.000033	3.9
122	-0.773969	41.068489	182238.312911	0.000037	5.0
123	-0.757373	41.044797	182307.900598	0.000039	4.2
124	-0.759098	41.021243	182377.135921	0.000038	4.0
125	-0.756494	40.997551	182446.829688	0.000035	4.2
126	-0.766803	40.973872	182516.539525	0.000030	4.2
127	-0.772353	40.950180	182586.339881	0.000041	4.1
128	-0.762617	40.926488	182656.193661	0.000042	3.7
129	-0.755332	41.099015	182148.728564	0.000041	4.3
130	-0.757364	41.075323	182218.247798	0.000059	4.2
131	-0.756036	41.051632	182287.820158	0.000050	3.7
132	-0.764372	42.051632	179396.732081	0.000028	4.0
133	-0.762709	42.027940	179464.165823	0.000030	3.6
134	-0.766135	42.004248	179531.650627	0.000053	4.3
135	-0.761383	42.018333	179491.524920	0.000055	4.7
136	-0.769042	43.018333	176687.773292	0.000042	4.2
137	-0.756470	42.994641	176753.185826	0.000055	4.4
138	-0.770532	42.970951	176818.642615	0.000028	4.8
139	-0.765919	42.947259	176884.152051	0.000060	4.0
140	-0.761365	42.923567	176949.710097	0.000059	3.8
141	-0.763747	43.923567	174224.201961	0.000036	4.8
142	-0.775198	43.899875	174287.802775	0.000029	4.1
143	-0.765465	43.876188	174351.436737	0.000028	3.7
144	-0.759603	43.852497	174415.130501	0.000045	4.1
145	-0.764409	43.828805	174478.870818	0.000051	4.5
146	-0.764449	43.984707	174060.286324	0.000058	4.0
147	-0.771047	44.984707	171422.398015	0.000057	4.0
148	-0.767668	45.101552	171119.380431	0.000027	4.7
149	-0.757213	45.077860	171180.734206	0.000050	4.1
150	-0.767553	45.054169	171242.131995	0.000036	4.2
151	-0.774084	46.026761	168757.321749	0.000040	4.5
152	-0.760991	46.003070	168816.990695	0.000029	4.1
153	-0.771019	45.979378	168876.704271	0.000042	4.4
154	-0.768387	45.955696	168936.435304	0.000025	4.4
155	-0.771229	45.932004	168996.233362	0.000058	4.5
156	-0.762531	45.908313	169056.073836	0.000045	4.2
157	-0.778327	45.884621	169115.956703	0.000043	4.6
158	-0.775635	45.860929	169175.881795	0.000043	3.6
159	-0.769881	45.837237	169235.849584	0.000056	4.1
160	-0.776244	46.837232	166741.128122	0.000036	4.8
161	-0.766613	46.813541	166799.381940	0.000050	4.9
162	-0.768094	46.789849	166857.676476	0.000043	4.1
163	-0.773200	46.766157	166916.011615	0.000045	4.7
164	-0.767338	46.758969	166933.718146	0.000048	4.2
165	-0.759571	47.756741	164511.238713	0.000041	4.2
166	-0.766998	47.733049	164567.944586	0.000036	4.5
167	-0.769287	47.709643	164624.006034	0.000054	4.1
168	-0.767117	47.685951	164680.789687	0.000032	4.2
169	-0.778558	47.669286	164720.754775	0.000028	4.7
170	-0.771445	47.645594	164777.605202	0.000045	4.2
171	-0.762122	47.621903	164834.494884	0.000045	4.2
172	-0.778491	48.620426	162470.372968	0.000037	3.8
173	-0.764574	48.596735	162525.680388	0.000033	4.6
174	-0.777223	48.573043	162581.025474	0.000039	4.1
175	-0.768354	48.549351	162636.408267	0.000039	4.5
176	-0.769861	49.016896	161550.387529	0.000031	4.3
177	-0.771462	48.993204	161605.070262	0.000046	4.0
178	-0.775743	48.969512	161659.790002	0.000030	4.8
179	-0.762636	48.948452	161708.462746	0.000038	4.0
180	-0.765614	48.924760	161763.252562	0.000038	3.9
181	-0.766075	48.901544	161816.978603	0.000044	3.9
182	-0.770193	48.904236	161810.747062	0.000029	4.4
183	-0.776404	48.880544	161865.606224	0.000055	4.1
184	-0.773298	48.856855	161920.495795	0.000027	4.1
185	-0.771131	48.833164	161975.429411	0.000039	4.7
186	-0.773930	48.809472	162030.400313	0.000046	5.0
187	-0.776501	48.785780	162085.408540	0.000029	4.7
188	-0.778817	48.762088	162140.454130	0.000038	4.7
189	-0.768989	48.738397	162195.535481	0.000054	4.1
190	-0.779751	49.597451	160221.885239	0.000061	4.5
191	-0.771288	50.597451	157984.069735	0.000034	4.1
192	-0.770782	51.075127	156937.034310	0.000041	4.0
193	-0.782484	51.051435	156988.638014	0.000030	3.9
194	-0.772968	51.027743	157040.275667	0.000044	4.2
195	-0.784808	51.004051	157091.947301	0.000048	3.3
196	-0.762559	50.981291	157141.619112	0.000050	4.0
197	-0.771125	51.981291	154988.442475	0.000026	4.1
198	-0.766833	51.957599	155038.772464	0.000041	4.0
199	-0.770295	51.933908	155089.135154	0.000056	4.2
