1:ItNr	2:Metric	3a:Time	3b:StepSize	4:||Gradient||	Time[ms]
0	-1.130359	0.000000	852437.809118	0.000099	82.8
1	-1.139384	0.000000	852437.809118	0.000128	4.6
2	-1.149449	0.000000	852437.809118	0.000097	4.6
3	-1.142076	0.000000	852437.809118	0.000071	4.8
4	-1.150462	0.000000	852437.809118	0.000023	4.2
5	-1.144977	0.000000	852437.809118	0.000040	4.6
6	-1.149748	1.000000	813690.635977	0.000037	4.1
7	-1.152129	2.000000	778312.782238	0.000018	4.4
8	-1.152374	3.000000	745883.082982	0.000014	4.8
9	-1.138095	2.979614	746517.172257	0.000020	4.2
10	-1.153614	2.962252	747058.089642	0.000022	4.3
11	-1.159263	3.442925	732367.109641	0.000024	4.6
12	-1.152567	4.442922	703582.469387	0.000026	4.3
13	-1.147368	5.442922	676974.877961	0.000023	3.9
14	-1.150058	6.442921	652306.427288	0.000017	4.7
15	-1.141732	6.422590	652790.053727	0.000012	4.2
16	-1.147267	6.402205	653275.676332	0.000019	5.0
17	-1.144765	6.381820	653762.027088	0.000013	4.7
18	-1.150307	6.361434	654249.110213	0.000024	4.3
19	-1.144362	6.343911	654668.383782	0.000019	4.2
20	-1.150232	7.138923	636171.973451	0.000022	4.7
21	-1.147648	7.126683	636448.816228	0.000026	4.0
22	-1.148610	8.126646	614598.534107	0.000017	4.1
23	-1.151833	8.106261	615028.988865	0.000027	4.6
24	-1.151382	8.969252	597318.684187	0.000022	3.9
25	-1.156479	8.948866	597725.265369	0.000017	4.4
26	-1.144037	8.928481	598132.397016	0.000019	5.0
27	-1.147452	9.368930	589457.510084	0.000035	4.3
28	-1.147286	10.367269	570696.599681	0.000036	4.0
29	-1.142091	11.367269	553064.695287	0.000023	3.9
30	-1.144356	11.346884	553413.239341	0.000028	4.4
31	-1.140459	12.346881	536817.646501	0.000021	4.1
32	-1.147422	12.326497	537145.986602	0.000028	4.7
33	-1.151035	13.326497	521497.843656	0.000015	4.9
34	-1.149877	14.323755	506774.946301	0.000032	4.5
35	-1.150666	15.323677	492824.386241	0.000029	4.7
36	-1.145397	16.323677	479620.317903	0.000018	4.5
37	-1.146873	17.228029	468274.055709	0.000030	5.0
38	-1.144489	18.228029	456336.824373	0.000022	5.2
39	-1.151178	19.228013	444993.246891	0.000017	4.5
40	-1.153138	19.207786	445217.106517	0.000018	4.1
41	-1.148016	19.187400	445442.947562	0.000018	4.8
42	-1.141318	19.189400	445420.783810	0.000016	4.4
43	-1.140887	19.169014	445646.832318	0.000020	4.2
44	-1.151264	19.782063	438947.734068	0.000019	4.6
45	-1.150763	19.761677	439167.258657	0.000032	4.0
46	-1.148632	20.761677	428651.223699	0.000023	4.6
47	-1.156457	21.761677	418627.032582	0.000015	4.6
48	-1.153921	21.741292	418826.697624	0.000020	4.1
49	-1.141294	21.757575	418667.193418	0.000027	4.5
50	-1.164038	21.737190	418866.896446	0.000012	4.6
51	-1.148737	21.716804	419066.790207	0.000017	4.4
52	-1.161761	21.696470	419266.371001	0.000019	4.5
53	-1.163724	21.676084	419466.646521	0.000023	4.8
54	-1.156866	22.676064	409862.803971	0.000029	4.5
55	-1.156699	23.676064	400688.701135	0.000019	4.3
56	-1.155589	24.676062	391916.315927	0.000020	5.0
57	-1.148713	25.202572	387450.165272	0.000026	4.5
58	-1.153863	26.202560	379242.012076	0.000011	4.4
59	-1.144775	26.182178	379405.845121	0.000013	4.8
60	-1.153308	26.161798	379569.798690	0.000021	4.8
61	-1.155921	26.880371	373873.335351	0.000018	4.1
62	-1.148004	26.859986	374032.582650	0.000034	4.1
63	-1.158541	27.859986	366377.390409	0.000028	4.1
64	-1.148980	28.859986	359029.265724	0.000010	4.4
65	-1.147341	28.839602	359176.103729	0.000013	4.1
66	-1.149448	28.819267	359322.707593	0.000019	4.7
67	-1.156382	28.798882	359469.799037	0.000024	4.1
68	-1.144923	29.798866	352393.576273	0.000012	4.3
69	-1.154696	29.943643	351392.106271	0.000011	4.0
70	-1.154601	29.923291	351532.542963	0.000016	3.8
71	-1.145669	29.902907	351673.312359	0.000020	3.8
72	-1.140354	30.789522	345652.810843	0.000024	4.3
73	-1.149229	31.789520	339105.073510	0.000011	4.2
74	-1.162145	31.812070	338960.280234	0.000017	4.1
75	-1.145092	31.794606	339072.403754	0.000013	5.3
76	-1.141023	31.828882	338852.408458	0.000014	3.6
77	-1.155963	31.808497	338983.212964	0.000013	3.6
78	-1.147415	31.788112	339114.119787	0.000019	4.4
79	-1.158013	31.987518	337837.940798	0.000023	3.8
80	-1.148425	32.983219	331606.644737	0.000019	3.8
81	-1.158520	33.983214	325575.617914	0.000015	4.9
82	-1.156630	34.803421	320790.261205	0.000015	4.2
83	-1.147009	34.783036	320907.486158	0.000024	4.1
84	-1.152244	35.780621	315269.427865	0.000010	4.8
85	-1.144440	35.760236	315382.656236	0.000026	4.1
86	-1.158105	35.761427	315376.036622	0.000013	4.5
87	-1.151460	35.741429	315487.190704	0.000012	5.1
88	-1.153261	35.721312	315599.081945	0.000013	3.7
89	-1.144113	35.700931	315712.525525	0.000017	4.3
90	-1.151538	35.680545	315826.073637	0.000013	4.5
91	-1.154410	35.660159	315939.703501	0.000036	4.3
92	-1.150571	36.001004	314050.505515	0.000026	4.0
93	-1.156941	37.001004	308635.935317	0.000012	4.1
94	-1.147344	36.980618	308744.449381	0.000022	3.9
95	-1.145215	36.976125	308768.378692	0.000015	4.1
96	-1.157685	37.559306	305693.409964	0.000017	4.2
97	-1.161935	37.538921	305799.864389	0.000017	4.4
98	-1.154474	38.317337	301786.877256	0.000019	4.1
99	-1.148063	39.311004	296814.723785	0.000022	4.1
100	-1.148576	39.290618	296915.083197	0.000018	4.6
101	-1.156280	40.287989	292083.231569	0.000014	4.2
102	-1.150309	40.268182	292177.657910	0.000013	4.3
103	-1.146621	40.247823	292274.779480	0.000012	4.5
104	-1.157907	40.227439	292372.084869	0.000026	4.3
105	-1.154698	40.766231	289821.696467	0.000024	4.5
106	-1.152079	40.774116	289784.705874	0.000012	4.9
107	-1.151391	40.757531	289862.525947	0.000011	4.5
108	-1.152214	40.737175	289958.101522	0.000016	3.9
109	-1.150683	40.716826	290053.702000	0.000011	4.8
110	-1.161451	40.696450	290149.498632	0.000024	4.2
111	-1.141092	40.676065	290245.399202	0.000014	4.2
112	-1.149380	41.487010	286478.643769	0.000014	4.5
113	-1.160383	41.466625	286572.133452	0.000016	4.4
114	-1.157455	41.446480	286664.582341	0.000021	4.3
115	-1.156263	41.426095	286758.190876	0.000018	4.5
116	-1.154557	42.424825	282242.703798	0.000019	4.3
117	-1.157691	42.404439	282333.449374	0.000015	3.9
118	-1.149551	42.678639	281117.722627	0.000019	4.4
119	-1.145380	42.658254	281207.746129	0.000019	4.0
120	-1.165275	42.637906	281297.658521	0.000016	4.4
121	-1.143226	42.617521	281387.796589	0.000013	4.6
122	-1.157428	42.607461	281432.298168	0.000016	4.0
123	-1.155676	42.648306	281251.694500	0.000015	4.6
124	-1.152180	43.097872	279279.068236	0.000021	4.7
125	-1.151025	43.077556	279367.613521	0.000028	4.2
126	-1.146860	43.057171	279456.519448	0.000023	4.2
127	-1.151996	44.057171	275160.966535	0.000018	4.7
128	-1.154729	44.036808	275247.117804	0.000012	4.4
129	-1.144835	44.046065	275207.947062	0.000022	4.2
130	-1.149431	44.025680	275294.221985	0.000038	4.7
131	-1.146264	45.025680	271124.719726	0.000028	4.6
132	-1.153605	46.025680	267079.632535	0.000022	4.2
133	-1.159302	46.005294	267160.888277	0.000013	4.8
134	-1.153402	46.298984	265995.010065	0.000011	4.0
135	-1.143174	46.278630	266075.481985	0.000013	4.3
136	-1.147106	46.258260	266156.069307	0.000011	4.9
137	-1.150800	46.237886	266236.718111	0.000033	4.7
138	-1.152009	46.217504	266317.446681	0.000015	4.5
139	-1.150693	47.217503	262413.502074	0.000018	4.8
140	-1.155858	47.197118	262491.942973	0.000016	4.2
141	-1.147324	47.176732	262570.430700	0.000023	4.0
142	-1.149459	47.156347	262648.965460	0.000017	3.9
143	-1.143455	47.138106	262719.278410	0.000012	4.0
144	-1.148870	47.117720	262797.902044	0.000017	3.9
145	-1.146473	47.097335	262876.572884	0.000016	4.5
146	-1.156113	47.076949	262955.290911	0.000036	4.0
147	-1.154442	48.064210	259196.391522	0.000023	4.2
148	-1.149108	48.526464	257473.095475	0.000014	3.9
149	-1.147044	48.705334	256812.397056	0.000023	4.1
150	-1.152479	49.593848	253580.085217	0.000009	4.0
151	-1.164604	49.573610	253652.803672	0.000041	3.4
152	-1.156081	49.553227	253726.083125	0.000016	3.9
153	-1.162527	49.532842	253799.415505	0.000025	3.7
154	-1.146548	49.899336	252487.471319	0.000015	4.3
155	-1.158039	50.893225	248996.953077	0.000029	3.8
156	-1.151894	51.867007	245669.400941	0.000030	4.3
157	-1.152492	52.867007	242343.566980	0.000019	3.9
158	-1.155070	53.867007	239106.581143	0.000017	4.2
159	-1.153985	53.846621	239171.705243	0.000010	4.3
160	-1.156543	53.826272	239236.748257	0.000022	3.8
161	-1.145477	53.806181	239300.999634	0.000015	4.6
162	-1.148971	53.785796	239366.229694	0.000018	3.8
163	-1.149987	54.509966	237070.615136	0.000013	3.8
164	-1.156659	54.490161	237132.810433	0.000015	4.1
165	-1.155519	54.469775	237196.863503	0.000012	3.9
166	-1.149608	54.461927	237221.534222	0.000018	4.4
167	-1.150542	54.459333	237229.687430	0.000019	4.2
168	-1.148035	54.886412	235894.589715	0.000010	4.2
169	-1.155741	54.866030	235957.965462	0.000024	4.2
170	-1.156621	54.845653	236021.358827	0.000031	4.3
171	-1.161740	55.845653	232949.989780	0.000012	4.3
172	-1.153873	55.954858	232619.415251	0.000011	3.9
173	-1.155659	55.934530	232680.876540	0.000016	3.9
174	-1.153245	55.914147	232742.540843	0.000020	3.8
175	-1.158529	55.894376	232802.384506	0.000029	4.3
176	-1.151158	56.894375	229813.692832	0.000015	4.0
177	-1.150449	56.873990	229873.852562	0.000022	4.3
178	-1.149736	57.841500	227052.934281	0.000015	4.6
179	-1.155535	57.821115	227111.657107	0.000016	4.6
180	-1.153212	57.800734	227170.396193	0.000025	4.6
181	-1.152490	57.845891	227040.289223	0.000018	4.9
182	-1.157764	57.825506	227099.005508	0.000025	5.5
183	-1.153991	58.825505	224254.064881	0.000027	5.0
184	-1.152881	58.805120	224311.347087	0.000018	4.5
185	-1.154599	59.684474	221866.651771	0.000018	4.1
186	-1.149410	59.677641	221885.442754	0.000026	4.9
187	-1.157191	59.657355	221941.247085	0.000017	4.3
188	-1.151452	60.657346	219223.314499	0.000012	4.2
189	-1.147835	60.700443	219107.674100	0.000021	4.9
190	-1.154193	60.695524	219120.865359	0.000026	4.0
191	-1.138912	60.675162	219175.493309	0.000014	4.2
192	-1.159325	60.678574	219166.337216	0.000013	4.8
193	-1.149869	60.658599	219219.950149	0.000012	4.3
194	-1.148581	60.638686	219273.420062	0.000014	4.4
195	-1.152670	60.618302	219328.185659	0.000010	5.1
196	-1.160334	60.598961	219380.170086	0.000020	4.2
197	-1.151443	60.578576	219434.989032	0.000016	4.2
198	-1.148134	61.576460	216783.258532	0.000017	5.0
199	-1.146635	62.457304	214495.234509	0.000029	4.7
