1:ItNr	2:Metric	3a:Time	3b:StepSize	4:||Gradient||	Time[ms]
0	-0.065107	0.000000	3415.296586	0.000692	48.9
1	-0.065630	0.000000	3415.296586	0.000274	0.9
2	-0.068473	0.999336	3260.154217	0.001786	1.1
3	-0.059148	0.711502	3303.374844	0.000966	1.0
4	-0.057256	1.711502	3157.925419	0.000549	1.0
5	-0.056081	1.423651	3198.463457	0.000813	0.9
6	-0.066030	2.423646	3061.915586	0.000579	1.0
7	-0.061810	3.423646	2936.548738	0.000433	1.0
8	-0.058433	3.174202	2966.849852	0.001025	1.1
9	-0.063736	4.174202	2848.997067	0.000737	0.9
10	-0.061597	5.174202	2740.149544	0.000676	1.2
11	-0.066236	4.886352	2770.619414	0.000818	1.2
12	-0.061884	5.886352	2667.570125	0.000150	1.0
13	-0.061572	6.873340	2573.112097	0.000705	1.1
14	-0.059051	6.640243	2594.811805	0.001244	1.0
15	-0.058862	6.352392	2622.119039	0.000944	1.2
16	-0.060580	7.352392	2529.635871	0.000504	1.2
17	-0.069087	8.352392	2443.454285	0.000796	1.3
18	-0.070620	9.300958	2366.962389	0.000684	1.0
19	-0.066887	9.013108	2389.663524	0.000811	1.1
20	-0.059940	10.013108	2312.610184	0.000569	1.2
21	-0.068541	10.946409	2245.048177	0.000838	1.2
22	-0.058745	11.945213	2176.984799	0.000687	1.0
23	-0.062434	12.945076	2112.861011	0.000806	1.0
24	-0.059452	12.682066	2129.359559	0.000284	0.9
25	-0.057786	12.468082	2142.973980	0.000453	1.0
26	-0.059806	13.355977	2087.591002	0.000404	1.0
27	-0.063954	13.728439	2065.201617	0.000532	1.1
28	-0.053571	14.708600	2008.514121	0.000388	1.0
29	-0.061692	15.628417	1958.076100	0.000171	1.0
30	-0.063527	15.359751	1972.544561	0.000794	1.0
31	-0.058464	15.091940	1987.181320	0.000658	0.9
32	-0.059108	16.091901	1933.608876	0.000588	1.4
33	-0.063254	17.091884	1882.848018	0.000754	1.1
34	-0.054606	18.091863	1834.684302	0.000431	0.9
35	-0.061099	19.091861	1788.922404	0.000473	0.9
36	-0.064839	20.078058	1745.974177	0.000683	1.2
37	-0.053505	19.790210	1758.295139	0.000596	0.9
38	-0.064313	20.790209	1716.220844	0.001055	1.1
39	-0.058697	20.534586	1726.783284	0.000456	0.9
40	-0.058193	21.534586	1686.186126	0.000506	0.9
41	-0.057329	21.246737	1697.674994	0.000467	0.8
42	-0.062284	20.978820	1708.509867	0.000864	0.9
43	-0.056118	20.691741	1720.274257	0.000669	1.1
44	-0.065273	21.690303	1680.035592	0.000867	1.2
45	-0.062657	21.402452	1691.440576	0.001100	1.2
46	-0.059940	22.402452	1652.469493	0.000682	1.0
47	-0.068961	23.402452	1615.253781	0.000410	1.0
48	-0.069943	24.399905	1579.766040	0.000683	1.0
49	-0.070700	25.397220	1545.808758	0.000866	1.1
50	-0.058943	26.397219	1513.194855	0.000145	0.9
51	-0.075590	27.285154	1485.368121	0.000825	0.8
52	-0.061546	28.141383	1459.487368	0.000775	0.8
53	-0.069012	29.141369	1430.380323	0.000917	0.8
54	-0.066773	30.141369	1402.411179	0.001923	0.8
55	-0.069509	31.141369	1375.514855	0.000174	0.7
56	-0.059167	31.679302	1361.468846	0.000860	1.0
57	-0.058106	31.499501	1366.131623	0.000257	0.8
58	-0.059339	32.499352	1340.599940	0.000737	1.0
59	-0.067882	33.481284	1316.437931	0.000643	1.4
60	-0.059876	33.193433	1323.430244	0.000339	0.8
61	-0.065266	33.884227	1306.773045	0.000287	0.9
62	-0.058872	33.600909	1313.553732	0.000578	1.0
63	-0.061715	33.313356	1320.508120	0.000308	0.8
64	-0.056153	34.310597	1296.699592	0.000808	1.0
65	-0.060276	34.023467	1303.466175	0.001087	1.0
66	-0.064707	35.023467	1280.199743	0.001386	0.9
67	-0.070216	36.023467	1257.749342	0.000628	1.0
68	-0.059694	37.023467	1236.072779	0.000676	0.9
69	-0.064267	38.023467	1215.130725	0.001170	1.0
70	-0.057511	39.023464	1194.886518	0.000576	1.1
71	-0.061281	40.023464	1175.305746	0.000715	1.2
72	-0.063819	39.735614	1180.875988	0.000631	1.3
73	-0.061701	39.447763	1186.499288	0.000339	1.0
74	-0.058434	39.174207	1191.893194	0.000806	1.1
75	-0.053626	40.174184	1172.410062	0.000340	1.0
76	-0.057121	41.174153	1153.553766	0.001032	1.3
77	-0.056858	40.886302	1158.919270	0.001013	1.1
78	-0.057998	41.886302	1140.490467	0.000570	1.0
79	-0.060395	42.886302	1122.638589	0.000634	1.1
80	-0.056122	43.866912	1105.667368	0.000506	1.1
81	-0.063950	44.862959	1088.946343	0.000640	1.1
82	-0.063290	44.717914	1091.349736	0.000087	1.3
83	-0.059285	44.479861	1095.317362	0.000453	1.5
84	-0.065033	44.228381	1099.540222	0.000636	1.4
85	-0.061711	44.193125	1100.134843	0.000251	1.2
86	-0.055000	45.192048	1083.532387	0.000506	1.2
87	-0.061235	45.272436	1082.218081	0.000127	1.1
88	-0.063623	45.335597	1081.187653	0.000995	1.1
89	-0.066056	45.267601	1082.297044	0.000948	1.1
90	-0.066443	46.267586	1066.207858	0.000111	1.0
91	-0.064455	46.027833	1070.021589	0.000632	1.1
92	-0.053924	46.476670	1062.904090	0.001259	2.0
93	-0.061838	47.476670	1047.381955	0.000702	1.5
94	-0.069325	47.550429	1046.254990	0.000429	1.5
95	-0.058816	47.265818	1050.616992	0.000383	1.1
96	-0.060227	47.932241	1040.459844	0.000260	1.1
97	-0.060464	47.649285	1044.748361	0.000470	1.7
98	-0.062482	47.889246	1041.109213	0.000615	1.1
99	-0.071019	48.762324	1028.079686	0.000591	1.3
100	-0.058279	49.640980	1015.292087	0.000510	1.0
101	-0.061287	50.640972	1001.120252	0.000220	1.2
102	-0.057341	51.634393	987.427929	0.000219	1.6
103	-0.064968	52.153802	980.416963	0.000509	1.5
104	-0.058588	51.872843	984.196929	0.000405	1.2
105	-0.053089	52.872777	970.874938	0.000769	0.9
106	-0.061532	52.584927	974.672821	0.000331	0.9
107	-0.055818	53.582192	961.640122	0.000861	0.8
108	-0.068920	53.294341	965.365960	0.000428	0.9
109	-0.056507	53.006493	969.120753	0.000431	0.8
110	-0.059993	52.720219	972.884092	0.000681	0.8
111	-0.067416	53.720215	959.863789	0.001043	0.8
112	-0.063473	53.432364	963.575849	0.000351	0.7
113	-0.057695	53.144849	967.312351	0.000539	0.8
114	-0.053912	54.143947	954.451178	0.000568	0.7
115	-0.059591	55.143935	941.916492	0.000242	0.9
116	-0.058229	56.029238	931.090980	0.000459	0.9
117	-0.065447	57.013575	919.342924	0.000385	1.1
118	-0.064788	56.729156	922.706893	0.000133	1.2
119	-0.067928	57.201344	917.135495	0.000225	0.9
120	-0.054991	57.045246	918.969850	0.000786	0.9
121	-0.061395	56.761594	922.321993	0.000669	0.9
122	-0.056907	57.761594	910.611692	0.000522	0.8
123	-0.062490	57.473743	913.951919	0.000609	1.0
124	-0.073893	58.466554	902.533512	0.000687	0.8
125	-0.062632	59.466554	891.317255	0.000549	0.7
126	-0.065199	60.466554	880.376358	0.000749	0.7
127	-0.064980	60.179087	883.493899	0.000717	0.7
128	-0.056298	61.179087	872.743063	0.000317	0.9
129	-0.057094	60.908669	875.624390	0.001199	0.8
130	-0.066567	61.566966	868.643132	0.000517	0.8
131	-0.063773	62.566966	858.248557	0.000460	1.1
132	-0.060172	63.566717	848.102314	0.000623	0.9
133	-0.063136	64.566547	838.192384	0.000753	1.1
134	-0.062506	65.566542	828.509801	0.000563	0.8
135	-0.063114	65.278691	831.273946	0.000284	0.8
136	-0.063300	65.182185	832.204799	0.000392	0.8
137	-0.062414	65.611252	828.082105	0.000324	0.8
138	-0.053682	66.529621	819.393797	0.000649	0.9
139	-0.063055	66.256690	821.956785	0.000844	0.9
140	-0.068824	67.216347	813.015171	0.000435	0.7
141	-0.057199	66.947574	815.499788	0.000679	0.8
142	-0.053605	66.659739	818.177524	0.000735	0.7
143	-0.072419	67.659739	808.949237	0.000397	1.0
144	-0.064694	68.652584	799.990640	0.001011	1.1
145	-0.066849	69.376562	793.582170	0.000856	1.2
146	-0.077824	69.088712	796.117816	0.001383	1.1
147	-0.056893	70.088712	787.377789	0.000820	1.5
148	-0.066910	71.088712	778.827579	0.000184	1.5
149	-0.066785	70.809699	781.194457	0.000182	1.2
150	-0.055198	71.090783	778.810060	0.000503	2.0
151	-0.066640	70.812019	781.174724	0.000413	1.2
152	-0.063650	70.524171	783.631558	0.000560	1.1
153	-0.066244	70.261414	785.887762	0.000550	0.9
154	-0.062966	70.137727	786.954322	0.000394	0.8
155	-0.064626	69.850335	789.443744	0.000208	0.8
156	-0.061448	69.608022	791.554951	0.000538	1.0
157	-0.063715	69.431278	793.102010	0.000185	1.0
158	-0.057301	69.319052	794.087481	0.000786	0.9
159	-0.059084	70.316703	785.411934	0.000513	1.0
160	-0.055880	70.726607	781.902121	0.000530	0.9
161	-0.056746	71.726605	773.469799	0.000465	0.7
162	-0.063866	71.443309	775.840120	0.000715	0.8
163	-0.063136	72.443230	767.537982	0.000222	0.9
164	-0.061316	73.442538	759.416566	0.000462	0.8
165	-0.069962	73.158058	761.710994	0.000360	0.9
166	-0.058085	72.896411	763.833546	0.000378	0.8
167	-0.068486	73.894321	755.801058	0.000599	0.8
168	-0.064231	74.781983	748.796652	0.000507	0.8
169	-0.061558	74.494137	751.053736	0.000240	0.7
170	-0.061618	74.226807	753.162168	0.000388	0.9
171	-0.061107	74.100852	754.159679	0.000345	0.9
172	-0.053733	73.813449	756.445729	0.000582	1.0
173	-0.057962	74.799755	748.657745	0.000412	0.9
174	-0.067612	75.799750	740.923697	0.000797	1.1
175	-0.060595	75.530130	742.993181	0.000128	0.9
176	-0.071550	75.673614	741.890422	0.000443	0.8
177	-0.065098	75.731173	741.448965	0.000969	0.7
178	-0.062523	76.731173	733.862348	0.000310	0.8
179	-0.066396	76.443438	736.029330	0.000471	0.9
180	-0.060059	77.341461	729.308145	0.000451	0.8
181	-0.062478	78.335267	722.011737	0.000386	0.8
182	-0.065303	79.312417	714.978566	0.000341	0.8
183	-0.069455	79.026980	717.018834	0.000305	0.8
184	-0.067209	80.013499	710.016275	0.000882	0.7
185	-0.070446	80.958233	703.437344	0.000182	0.8
186	-0.060621	81.902801	696.980329	0.000730	0.9
187	-0.059271	82.897829	690.305363	0.000566	0.9
188	-0.060271	83.897763	683.725048	0.000193	0.9
189	-0.062243	84.450924	680.138455	0.000720	1.2
190	-0.070225	84.163218	681.999176	0.000518	1.0
191	-0.060596	83.875368	683.871054	0.000954	0.8
192	-0.065636	84.875226	677.412750	0.000783	1.0
193	-0.061803	85.875226	671.074398	0.000850	0.8
194	-0.064155	85.587376	672.886707	0.000415	0.9
195	-0.061444	85.299526	674.708828	0.000953	0.9
196	-0.058807	86.299503	668.420880	0.000460	0.7
197	-0.062238	87.299503	662.248916	0.000440	0.8
198	-0.060094	87.587960	660.489694	0.000494	0.8
199	-0.069551	88.276252	656.329504	0.000664	0.9
