(BSplineTransformSplineOrder 3)
(Direction 1 0 0 1)
(FixedImageDimension 2)
(FixedInternalImagePixelType "float")
(GridDirection 1 0 0 1)
(GridIndex 0 0)
(GridOrigin -4525.175208895771 -4618.128463104333)
(GridSize 12 10)
(GridSpacing 1601.8265842905294 1603.8769824237668)
(HowToCombineTransforms "Compose")
(Index 0 0)
(InitialTransformParameterFileName "results/IF_vs_XeniumR1/my_reg_project-modality_fluo_to_modality_brightfield_reg_output/TransformParameters.0.txt")
(MovingImageDimension 2)
(MovingInternalImagePixelType "float")
(NumberOfParameters 240)
(Origin 0 0)
(Size 14239 9777)
(Spacing 1 1)
(Transform "BSplineTransform")
(TransformParameters 1129.7192300942147 841.0413388786367 733.3410107042565 567.4838079394741 389.96567256878336 203.58881895828495 18.092784143060193 -170.14656771390554 -351.2433072629011 -523.2767590340696 -636.8431674019993 -939.834843074217 1290.472139947453 963.0546402003623 835.7543701177709 641.5912221902713 435.33310669880075 223.92703376624632 17.456341802610748 -194.82368383367486 -403.309257931033 -603.7633724843806 -738.4036985316443 -1078.1145538105156 1304.1048816603818 972.3918521012977 850.8510945686154 650.2128696852985 437.74683599537883 224.7048407990498 18.55241187658339 -193.4018711974386 -402.2507473153647 -613.6207685404445 -754.3195588711158 -1095.4211107045783 1327.776725454623 986.6548254792467 858.13649720514 637.1514077619476 430.3890444279044 221.36001665959648 11.998832523559065 -199.3082647298292 -406.34233853762356 -624.6010362670934 -777.7778587091642 -1122.821015621889 1338.7860156980878 987.864102097754 843.9643402235382 631.943459954615 423.77986174311377 213.89572008280166 5.247407943549475 -204.81736218990434 -414.57751136101854 -628.6314563747652 -790.972914490864 -1140.1639308973745 1338.7636093782905 982.9739807480204 839.8226498544894 624.1736416920193 416.1693497400297 206.56348303640843 -0.4471955037090947 -211.45901256914877 -419.3642625436814 -637.9413896026299 -801.4560765051366 -1149.0615053048955 1327.6339233065423 971.4607504989857 830.2382373345445 615.2328286384337 408.038588496559 196.0531190679511 -11.267167234916245 -220.47691048839997 -430.8275982589956 -643.9925462254816 -807.7962669532168 -1148.4274045844802 1305.6395777422865 951.8831348271669 825.0724850038964 608.7704090066633 398.9219768687633 191.0999173615264 -18.453720048860873 -230.20363666796095 -436.587065647948 -657.1218163364929 -802.8271132584797 -1132.8895338884276 1292.021371910605 937.3483334203296 804.8042797917983 600.8700854765715 390.6358507502459 180.17263967511565 -28.006476888891143 -240.6705126619414 -453.278774931045 -663.582559807461 -800.0042930455995 -1123.390158915418 1162.4826062126099 842.8250781512191 725.982602657765 549.0791141811576 364.04911342532165 173.01320083903317 -15.004864132031766 -207.5677497155729 -394.63334547671906 -568.6396744434912 -681.5789062963283 -968.1809402122949 747.019969089299 920.4306089601807 932.3107379570857 961.5760630979838 985.6850913412181 1005.3592301853787 1016.6269938133712 1019.9849619121034 1016.8320742356441 1005.205001229037 997.9056811334088 908.6952048441161 483.40060214993986 631.5028530534398 643.0811405201265 666.2646356615647 682.0567748374763 695.9090802508529 705.7090820624301 711.587662015912 713.235585083719 704.5881249294598 694.9415716120235 633.2450838871513 375.3132765912966 505.0717291114953 525.0528274078822 549.0688243215069 549.6222800970074 558.6324712214367 567.2590309879455 574.4708627205189 586.6980524255198 584.1654466665223 566.7634591176069 524.1474046120873 215.6613909478718 316.59697984380756 325.8406671837649 327.6649931116965 336.06443189555864 344.6607238294319 350.775182048592 357.9986351445497 362.06435508376165 376.75434901924746 375.07418738415305 362.04091532571255 48.75249200537122 115.93923796417792 113.06547128320842 121.53836646846644 128.3033528978213 134.27167751974633 142.02800548754283 149.19471832283818 156.50679348930692 165.31918446818912 172.25535141917524 192.29848849680684 -127.29173606738732 -94.70373444572776 -94.99436039725605 -87.55726317563811 -81.8543147121088 -72.9272978490297 -67.54896038216465 -61.05108771489123 -54.293684912592475 -43.37350365956448 -40.900960586222084 11.827864829587682 -297.0076193228293 -297.82878325285844 -302.7316576594695 -297.3823885491416 -290.23729056214455 -282.6044839023288 -276.8804071893507 -269.2763833989212 -264.1495917414927 -250.11595045266498 -248.42814690459247 -163.4800370495188 -463.4301204676238 -500.6501869571001 -528.4924493048284 -507.12842274288704 -501.72393782166125 -493.21933735099 -486.1347294135292 -479.3702940013112 -469.24863311035233 -468.9431082747889 -457.08836213653626 -333.3989642847389 -576.2929446560631 -642.8055138173713 -675.7242714556498 -701.2439245266222 -703.8963913177361 -676.4489528556995 -670.3825121873434 -678.5170669445843 -674.8639452557105 -640.5838373916793 -608.2566389923596 -449.8667368964585 -880.8329630189288 -978.5261846728034 -994.2958776361656 -1011.7107812366746 -1016.0591617689912 -1014.1172114778032 -1006.1142494110339 -991.8097633047897 -972.8634373080841 -940.2269606179694 -919.7245941517906 -726.4203029774943)
(UseCyclicTransform "false")
(UseDirectionCosines "true")

// ResampleInterpolator specific
(ResampleInterpolator "FinalNearestNeighborInterpolator")

// Resampler specific
(CompressResultImage "true")
(DefaultPixelValue 0)
(Resampler "DefaultResampler")
(ResultImageFormat "mha")
(ResultImagePixelType "float")
