(BSplineTransformSplineOrder 3)
(Direction 1 0 0 1)
(FixedImageDimension 2)
(FixedInternalImagePixelType "float")
(GridDirection 1 0 0 1)
(GridIndex 0 0)
(GridOrigin -6927.915085331565 -7023.943936739983)
(GridSize 8 7)
(GridSpacing 3203.6531685810587 3207.7539648475336)
(HowToCombineTransforms "Compose")
(Index 0 0)
(InitialTransformParameterFileName "results/IF_vs_XeniumR1/my_reg_project-modality_fluo_to_modality_brightfield_reg_output/TransformParameters.0.txt")
(MovingImageDimension 2)
(MovingInternalImagePixelType "float")
(NumberOfParameters 112)
(Origin 0 0)
(Size 14239 9777)
(Spacing 1 1)
(Transform "BSplineTransform")
(TransformParameters 1155.125323755992 804.8909368969198 577.5926739183132 260.60463900814017 -63.83916445338167 -390.3403820767568 -630.831280891621 -999.538468952364 1480.0471782988325 1047.133437440914 747.1571033669525 329.7955759628803 -85.58474687551018 -507.96174864491746 -825.8707786230701 -1274.0829212145893 1534.4026902612713 1092.754801497278 761.970277812386 314.8503683158047 -82.69344516798526 -531.4974840930748 -883.1418978376646 -1325.7137886345831 1562.559177154956 1112.558272082192 733.8407539440079 307.2703241240707 -108.37668371213137 -534.2922073686797 -924.1443466229149 -1357.3136962267583 1545.7305182762939 1079.8859282051362 728.966187658297 285.6646802027575 -118.06612737257277 -557.6581987104145 -930.4605883326152 -1345.314299349146 1504.8575575264708 1028.9262415109617 702.5756935156411 276.47319103793706 -135.64432518282996 -579.5025158404662 -892.3911001566623 -1303.9433114861836 1240.2586388999653 846.2893721148463 596.3963023304752 257.59129433575663 -78.05441864405955 -407.38202234995924 -645.8850673696398 -994.5757026322226 739.7607182826245 1075.4257341992081 1118.4353002784546 1175.9434103957906 1199.6515882086467 1191.2092049064433 1175.6921816497618 987.7154983159476 421.88308977505636 711.6887406129915 758.9797574949035 805.3948168012392 826.7795325850316 821.1615989590501 782.9077996247123 658.687728605727 196.87954634196922 411.10735248947725 445.53427762455914 453.83997199815536 470.618849758875 493.94383834654104 479.3823155993283 428.5870274383261 -86.28561827548756 7.186362035704812 16.815807474151907 30.987203320591767 44.08720388779214 61.16084290760165 71.2651395742655 138.6204161245509 -373.76534732541836 -404.1939280005551 -410.4506762092686 -385.3223151557129 -368.34153688297334 -355.8805519695003 -355.95459964121017 -154.0477389751192 -608.0463447057417 -732.6722772199093 -802.8700420234084 -806.3924473785819 -797.2465273218293 -778.3950279628795 -695.0175526926234 -387.6684712654365 -985.0404169575047 -1172.748077724605 -1194.5988688292987 -1205.6659899805254 -1180.923668570276 -1118.941102125377 -1070.8052092441396 -712.571427196333)
(UseCyclicTransform "false")
(UseDirectionCosines "true")

// ResampleInterpolator specific
(ResampleInterpolator "FinalNearestNeighborInterpolator")

// Resampler specific
(CompressResultImage "true")
(DefaultPixelValue 0)
(Resampler "DefaultResampler")
(ResultImageFormat "mha")
(ResultImagePixelType "float")
