(BSplineTransformSplineOrder 3)
(Direction 1 0 0 1)
(FixedImageDimension 2)
(FixedInternalImagePixelType "float")
(GridDirection 1 0 0 1)
(GridIndex 0 0)
(GridOrigin -3323.805270677874 -2813.7668578775947)
(GridSize 39 28)
(GridSpacing 400.45664607263234 400.9692456059417)
(HowToCombineTransforms "Compose")
(Index 0 0)
(InitialTransformParameterFileName "results/IF_vs_XeniumR1/my_reg_project-modality_fluo_to_modality_brightfield_reg_output/TransformParameters.0.txt")
(MovingImageDimension 2)
(MovingInternalImagePixelType "float")
(NumberOfParameters 2184)
(Origin 0 0)
(Size 14239 9777)
(Spacing 1 1)
(Transform "BSplineTransform")
(TransformParameters 1073.4626590352725 966.5899101924464 929.1946209472654 884.7624724830065 848.5317152817198 811.1555729783651 769.8748072974804 725.177933333747 678.0264301371183 629.2550464476814 579.7324882897077 529.5655146956083 478.8633227210999 427.73445615552805 376.28763383043156 324.6739816754709 273.04463818774343 221.55073849700034 170.34341863494626 119.26771272378099 68.16865494563677 16.89127948338578 -34.71937954299144 -86.51400873768462 -138.34329564529853 -190.05792429960465 -241.50859183729352 -292.65610672276597 -343.4614599209092 -393.8849612954995 -443.88946261427935 -492.55154989948835 -538.9832133284123 -582.1643129729134 -621.5678251715001 -659.9190845086301 -706.8116491467634 -746.2065178975214 -857.7267033978653 1095.8244016264891 986.9491335734384 948.9856933954934 903.879267056683 867.0753814244509 828.9662225291405 786.6569988460913 740.7075766211921 692.1597954269616 641.9263504722786 590.954541093966 539.3762575647171 487.32587462183443 434.93710129233244 382.3438249797587 329.6855368226082 277.1017407662105 224.73193732440066 172.71562793015198 120.87495677971275 69.03206813040535 17.009106240310707 -35.37178469659758 -87.96533379630004 -140.62627113335054 -193.20932320367905 -245.56922985914036 -297.70718907890756 -349.62458486656305 -401.32210697313286 -452.80303613545505 -503.0561571359009 -551.1063425337876 -595.8437834713301 -636.6613089822187 -676.3051981999168 -724.5225729616837 -764.933054438409 -878.6654237626634 1099.610801980486 990.4304689900204 952.4562324251239 907.3423972636202 870.526193121265 832.3157906932496 789.7526717190885 743.4464118110338 694.4900165638749 643.8469568989793 592.5154124488525 540.6261666711616 488.3124949969135 435.7070051348733 382.94248370943967 330.1493623000279 277.4580853315955 224.99909378723356 172.9028295719494 120.99039410936395 69.0828888843542 17.001415382566382 -35.432924974687324 -88.07788214723061 -140.7912070568258 -193.43064703404946 -245.85396281228276 -298.091333842685 -350.17312625376036 -402.1290094846644 -453.9912530546058 -504.7069478218636 -553.2593990881057 -598.4967580123209 -639.7715778808125 -679.8228211021279 -728.4148654237539 -769.0928816039982 -883.2534530189337 1104.3556602672704 994.7207439706416 956.6869096081832 911.4982648921155 874.593548398526 836.1721234321817 793.1962235192655 746.3527252457975 696.8140574337573 645.6225455756202 593.8553762459327 541.6271350386118 489.05491046065754 436.25512036552817 383.344362307757 330.43973036193194 277.65833150457047 225.11726925521845 172.9336480593822 120.93348309610512 68.94278960595463 16.787582830275227 -35.70612205422219 -88.40099152341915 -141.15969301959504 -193.84489037719516 -246.31926089560517 -298.65144018789863 -350.910251409938 -403.16381779836286 -455.4828747239121 -506.76543287233113 -555.9458852639822 -601.8228441979244 -643.7016625238233 -684.3037725778414 -733.4085920700699 -774.4547786960103 -889.1860448356027 1107.6797263144374 997.5825834043538 959.4341930116972 914.0840144211944 876.9831375746262 838.2342218765514 794.7320182233708 747.2637264468194 697.104196607715 645.3976132812815 593.3231727356767 540.9488800694077 488.3452548008685 435.5821426709524 382.7295720922912 329.88866741040664 277.1605327694809 224.64630465881558 172.4471122601863 120.40732382985226 68.37119788587985 16.183024831614272 -36.3128793127472 -88.98560690624142 -141.70435619907863 -194.33840939687423 -246.7571014475605 -299.06802061255183 -351.3783455347893 -403.7946842916021 -456.42858261611974 -508.13905291789956 -557.8257381072044 -604.2518196490527 -646.6875450356971 -687.8207229124088 -737.4242394875699 -778.8285973673054 -894.0487114712607 1111.7251135083322 1000.9299848848755 962.5228695215102 916.8180705144741 879.3276331535478 840.1374346060071 796.1090419639136 746.7132653161227 696.5772441521558 644.5602105701656 591.9726517053432 539.6341469960091 486.83581692861765 434.6572784001046 381.7770265903868 329.66967218431637 277.0010779185887 224.0753261329938 171.03427936580627 119.66316222804234 67.77402234014275 15.287019071309505 -37.27989496857338 -90.3393702191575 -142.99794291257024 -194.99304926836587 -247.3648916011818 -300.1058975751029 -352.85553844238893 -404.39931484630813 -458.6176816576281 -509.85281852547126 -560.1189090682869 -607.3353969453524 -650.0877137395003 -691.8236457827337 -742.0166841178541 -783.8544475419573 -899.695103384751 1115.6027024220666 1003.963324582596 965.1903173085615 918.9948431567108 880.9954219427137 842.2766517189082 801.4090351915269 746.1680199072638 695.1304025842559 642.207444216139 588.8094213318045 539.4661989725043 483.89283378954974 431.52925604644577 378.80871532299375 328.43382265372736 275.69343568040966 223.75598680742493 169.6960375912322 120.17705228901876 65.67847539555163 14.066319965877847 -40.22580464757679 -90.57667515723057 -145.18763774541912 -196.8287738716471 -249.87187159454086 -302.63434060974924 -355.52499075002044 -405.8673454562637 -459.05012158828185 -511.34434169991727 -566.1775957405765 -611.7673268896119 -653.3707654314715 -695.7170805617026 -746.5250534241667 -788.8218552407345 -905.3249003535622 1119.1681124022798 1006.5537584124821 967.3168936399319 920.5153696137442 881.9249866880201 843.064715016038 802.2789586102328 745.3312289443603 693.437679161168 640.5514355584137 588.209087697786 535.4622945229647 482.4303012471332 431.0576511938914 378.3425135530747 326.14197513848006 273.8338740792906 222.43513947658812 168.36631338735572 116.55174495353532 62.95590731984832 12.209729290241414 -42.350620151816884 -92.43692911155598 -146.914550187982 -198.6704989220423 -251.60813118037825 -304.895325129575 -357.27315545890895 -408.3146595786194 -462.12310195347754 -514.7133048517007 -567.4427812436509 -614.2924196601084 -656.4754415520935 -699.4146306316763 -750.8393124186582 -793.603945359086 -910.7943673896317 1122.0310305616829 1008.3406693760738 968.5533030285028 921.0560991733258 881.8404483970635 840.7564629745774 793.456727052456 742.8581591259901 691.4277783265212 638.6117643854675 586.4719407758821 533.8793965858969 481.20182530913445 427.7738606137537 375.90723247527296 324.50963274858566 271.06352711487466 220.16920571257307 166.14286634507184 114.96395211387129 60.90996872423225 10.145689693209292 -43.70857666303858 -95.58371778877859 -148.7400855880342 -200.50976952483146 -253.65647582160938 -305.09614244727516 -358.1364080038814 -410.2677098521664 -461.91319635522575 -514.9916121443092 -568.3414176594017 -616.2764291560057 -659.177321914981 -702.652322431778 -754.6584436566491 -797.8731408288813 -915.7399575401819 1124.0892189616054 1009.2748913105124 968.8867136904232 920.6510495328248 880.8187072033076 839.2606503318782 795.1808971421731 741.2138200567836 689.926872364945 636.3988731097635 584.0660164599465 531.4274265213073 480.77154034930555 425.16911454862867 374.543563285888 321.0658535244328 271.3342591480855 217.5608999535314 165.19010576917077 113.26629694214851 58.83870599618815 7.647651694821275 -44.836588027011885 -97.45594371814747 -149.06825823604223 -203.4915030952244 -255.72651529428163 -307.2152624412569 -359.29474998988786 -412.89900492307686 -464.1640231810256 -517.1955450278535 -573.07639617954 -618.9789055068437 -661.4739424603633 -705.4110899721766 -757.9405043050276 -801.5680300671106 -920.0672363285632 1125.4630221911937 1009.5614229326598 968.5872227832515 919.6429596307262 879.2447550312436 837.0361798599344 788.0704113962662 738.4216401201036 688.0000445025673 634.6947411170319 582.0279450772715 531.2055912787813 478.04760614388556 425.01109310291594 373.3646589327497 321.2801872731126 267.2575787758012 215.53537595565598 161.39288952661906 112.53878828902698 56.277542201198536 6.622206041835052 -47.78408404922418 -97.9636972562557 -153.09585523175377 -203.39610367451624 -257.4106466483714 -308.552367574933 -361.44325890912506 -413.5677147265978 -466.52818321891704 -517.9098406181017 -573.5353111879103 -620.1948114099854 -663.5456243064643 -707.8740814961048 -760.855829203616 -804.8432411395179 -923.8934779279426 1126.2233298680635 1009.3453479135729 967.8558789959372 918.2965219329361 877.4232840715916 835.0593174296337 784.3149970467981 739.0043806639482 685.5165624554567 634.7530266978594 581.3599786760598 528.6358765049335 475.84143080234145 423.99253360185395 371.31679778793415 317.8099224572912 265.87503225311644 214.2292432316651 161.66018567205 108.65781926955452 55.66864793532166 3.902757567836987 -48.35766817768923 -100.79749583388009 -154.0676039826811 -205.48769921667466 -260.17421224481666 -310.0032366900654 -364.3135380050287 -415.8025759671158 -467.5631893619016 -521.6505240091394 -574.145393141877 -622.4056439773168 -665.5270397905283 -710.1749483174918 -763.5241615513297 -807.803077657382 -927.2883560257076 1126.465353754604 1008.8123841542855 966.947827733053 916.9457373329082 875.7375217702544 834.7935029147783 791.936648298802 734.5057305342469 683.7839894585528 631.4918490568194 579.7726231330606 525.431120864283 474.642930949207 420.65082165886395 369.8086908241788 317.59364585852063 263.9568994594402 211.14598414345852 158.5674779350596 107.37594544752594 53.59851687606486 2.7982284687004544 -50.3695747019424 -101.81127888248561 -155.04752966554727 -207.71662761708632 -259.4203915178712 -312.75479503373003 -365.84590754570075 -417.1884340526276 -470.7074358239928 -520.716125067316 -577.4902978413829 -626.6169073736131 -667.5921254590796 -712.4867790419886 -766.1013157709289 -810.5840579065432 -930.3466874542789 1126.224767739407 1008.0196092982401 965.9331778405023 915.6741449907287 874.276427204357 832.6826159867436 787.2285309925431 734.2008755402151 682.9178818383052 628.7672074543842 577.3822251986028 524.7622794055621 472.8749779058608 420.9258402009372 367.94539691941577 316.88454842377683 261.5528719091006 210.84085087960435 156.57564799698264 106.60053826825235 51.379449676458194 -0.34841955710156924 -51.15747181776886 -101.84864772067797 -157.2096813253326 -206.83606449488167 -261.3850449940357 -312.3766212641773 -367.40262487548375 -418.9305930591135 -472.20425877556823 -526.3897297997174 -578.0505233152487 -627.4289181322563 -669.7747497584082 -714.846683128308 -768.6255938029541 -813.224381515746 -933.0972672978829 1125.4818769387489 1006.8996049690552 964.701029892766 914.3185091704248 872.8376747886844 830.7096758713805 786.0769248570763 732.0471364370183 680.2488263211011 628.8583288258844 574.675469602236 523.1154330319731 470.48045753580834 416.9265835422637 365.82080295249693 313.0198884634068 260.03481595054274 207.2710781035354 155.5222304671205 103.0914294227769 51.001602938387116 -0.5501665446997441 -53.90886773460787 -103.42220083522666 -158.25153045784077 -211.1680955591779 -263.61391096975876 -315.7612429869747 -369.1768800976593 -421.31998728740706 -472.88558447603964 -526.8307446151773 -578.5913175920357 -628.9978209013206 -671.9706083119452 -717.1585304160742 -771.0214340550621 -815.6682665611039 -935.5076924504183 1124.2288013091718 1005.4131543070174 963.1824963182196 912.7738420516537 871.2885230739097 828.7764848451875 783.3786700943735 729.5843689635678 680.0946895095743 626.4119515471365 573.5832472636274 520.4289933795419 470.40453144461253 415.2767603316534 363.2246398684647 311.87736757244926 259.1502509425403 206.8617569965363 152.80679155080043 102.6083810288223 48.25301068159981 -3.4873922227710095 -56.2436981156477 -106.20742103876994 -161.5182573568054 -212.27122348053553 -264.8267879517586 -317.1990085250271 -372.10689424322925 -421.72958849527834 -476.01602506128546 -529.4378433507824 -582.03612054762 -633.4331833132476 -674.1089751202705 -719.3574094530948 -773.2383993107287 -817.8791344798931 -937.5562322772203 1122.454065952303 1003.5067120220938 961.2839522362634 910.8976645518518 869.4487516476681 826.6539521018045 779.4269337576901 728.4367422564353 676.5113563287584 623.594370744345 570.5950263076402 518.6707231161004 465.4180714857105 414.1293058681493 360.29970345906315 309.7301822490201 255.26167939171287 205.7558147333997 151.7083023847604 98.0787853103927 47.81951120482899 -5.475932229629638 -57.58306039451325 -110.19681400464503 -159.88378244313606 -213.05180276207489 -266.6399469775435 -320.5061809749689 -372.92498199847984 -424.34861666924127 -478.87944740019054 -528.3865105274423 -584.5305964922067 -636.7860235451024 -676.0943234541244 -721.3590466641743 -775.2155991553 -819.8177904040592 -939.2266147943616 1120.1490744568819 1001.1629380165091 958.9829588840365 908.6624285854971 867.2891039127711 825.0481400071941 779.7874799060284 727.0235228371473 674.4100890745023 622.2106743878066 570.0221619403668 517.1828568945508 465.1794681512849 412.4134280140323 358.9424308474849 308.41961965722874 255.3035265929002 202.8066422028085 148.85194608245467 98.16743278717685 43.874846506621324 -4.525619054725639 -61.489309919692644 -109.92800142582864 -166.61970400873807 -216.14211979984233 -270.5570309331367 -320.74992551727746 -374.8140497437862 -426.86282065636885 -481.1377440979588 -533.331763920626 -586.5367827043854 -637.8125614632894 -677.9135356467846 -723.1370439560393 -776.9127069871801 -821.4335034529066 -940.4610650073131 1117.3045311966096 998.3971385699291 956.3247912580513 906.152272207957 864.9284852495698 823.0906043386067 777.8730598396511 724.0219939709322 672.256872367889 619.4475217199057 566.6078613135641 512.8006281888853 462.24840082951306 409.3069129186329 358.55201663955324 303.39228101965864 251.53127416072323 200.60441743418045 148.73696455848938 94.75164884114088 42.74335566987462 -9.507841763938975 -62.064791591055126 -114.18394286821574 -167.5698390499367 -219.0758347204205 -272.77657149577965 -323.5569630319632 -377.410481263786 -429.52507315261613 -482.44124061896446 -533.2601573305739 -589.2885252343617 -639.4108234017926 -679.634702478662 -724.7207144869559 -778.3067282667467 -822.6599520275603 -941.1554547800818 1113.9182787966754 995.220967976148 953.3404041209502 903.42357678083 862.4467275882807 820.2309982907902 772.5624361194543 723.582400639476 669.7244936681083 618.6694140047455 565.6632438658497 513.0700043583792 460.61528298150523 407.6751042512615 353.65704032335253 303.2856853969472 251.64002230046026 197.47097890354306 145.7532150801661 94.0911092033933 39.025986866243784 -11.161968717432448 -65.18233753790233 -116.09621709927067 -169.709066714601 -222.61826890904143 -274.04717142261507 -327.88262082528325 -380.3320168690578 -431.9336213543694 -483.48189363474575 -537.548045850151 -591.8707323852839 -642.3248740133135 -681.304715846551 -726.1265019833161 -779.3739105095032 -823.4403623404203 -941.2256650199832 1109.9606199991172 991.6351350826716 950.0645681471923 900.5552781636811 859.9624267810452 817.8645674137236 771.9007265478594 719.8320225523853 667.4439837741412 616.0219408536898 562.3288780698427 511.41606096448953 458.6557987630874 405.85708265566694 354.4537881201894 300.6819111879031 247.9072604316934 197.02373994793757 143.89894648171702 91.50301161380611 39.53596882437217 -12.137467542786084 -65.796835588273 -118.16982749392761 -172.47903512542067 -223.49381158503897 -276.455789299748 -328.55390860980015 -382.23096074188174 -434.00326282862704 -487.75465964179693 -535.8451991388622 -593.1373512331961 -645.3380453001331 -682.9908392549065 -727.378262345568 -780.0800763448397 -823.6925622041659 -940.5448976663519 1105.5349533982594 987.7029948870603 946.5335646128378 897.5500833161201 857.4503074764006 815.7652562954486 771.9254232402142 719.4087067164386 666.6526688157331 615.3712748947526 561.7407673615512 508.2705550503461 457.583494958334 403.5037342638322 351.44873682942716 298.43633262770953 248.53154179161834 194.09326971817762 141.69493862727097 90.21730600220144 35.66900985492972 -15.973154429863701 -67.61516268928693 -121.18215416616988 -172.20606258958054 -225.75265819588031 -279.4914611862047 -330.14908224457 -384.3302540063078 -436.28048417957774 -488.00098897493774 -542.0540671593271 -595.3593533560336 -646.6451085737181 -684.6868022819764 -728.481397610633 -780.4475221720334 -823.4535648149741 -939.1799536807542 1100.931549199188 983.5981479510893 942.8302588203604 894.3764054571858 854.7803689964279 813.1624444623922 761.5180888091355 718.7198327363321 665.1591340418488 611.0530228383581 559.0961801677653 506.9618327969755 455.0159849107901 401.5726555074278 350.67994899571613 299.54344973317114 243.58708474147946 195.23769799568217 139.21250283774842 87.60262227024567 36.04239071003401 -15.410744125826037 -70.88003601544818 -119.59591213864508 -175.8595464505007 -227.83750191641371 -280.9741188926462 -332.7794324484775 -383.98184589708177 -438.711373196136 -491.0352862797103 -541.5866382229533 -594.3367883140195 -648.9034204091189 -686.3554318820117 -729.4691973144021 -780.6054486500065 -822.9332509397682 -937.452437357148 1096.251810448391 979.3404511477338 938.9061117096211 890.8994068257092 851.7439369536879 811.1240592209971 767.4322357732334 715.5299729456556 662.9502102591478 609.5966841175672 557.1902568889178 504.1850902165832 453.62455122546254 401.2082342743555 346.6229331901846 296.6096626115583 243.8270817275195 190.20361697759066 135.94078865344625 85.54095529651745 32.77378372633394 -23.787165252762406 -70.52500891278689 -124.93848180123986 -177.53351239791849 -228.92466970192177 -283.2725073175088 -334.87409856266254 -388.3164552717389 -439.4831810961775 -493.3664870345847 -545.4818094715588 -598.8456277394562 -653.2394571341888 -687.8520327103028 -730.2433390793459 -780.5213400822953 -822.1550563840328 -935.4576610910572 1092.1958117871839 975.4697029200012 935.1940716595014 887.4177797200789 848.5238681592414 808.2553642922942 766.0803229873079 712.0103511585978 658.0568471397415 607.3408714892746 556.0439634432505 501.5385795971415 448.51550237750973 398.6466365120051 346.36911998736423 293.7371399477468 241.9526683564526 188.3631646404391 148.67388735811164 96.95932960671027 34.71674771029055 -24.413323753029093 -74.01518619804179 -124.1558957418826 -179.25946044641438 -231.87651233059262 -285.17165842425806 -336.25501092068095 -389.0530903721302 -442.70848797819053 -495.5539616925476 -544.9886263300773 -599.200294224553 -650.4128620415808 -689.4796548628024 -731.202386083461 -780.7166582148972 -821.7424688241261 -933.9841937329512 1087.0331985039604 970.4206214416874 930.1795909443614 882.4785833292087 843.7216802811545 803.4868690806381 759.0551025426868 714.1089648014347 665.19477690004 606.9090169044777 553.0272627346459 502.03966819800024 451.30220147449376 393.6678466254633 342.8631431758277 291.76409031058006 239.75366960555425 188.71173403249497 138.54321667284626 85.93804378505979 31.265794454617993 -22.647486051303257 -77.58570322177438 -128.46558038344804 -179.14640805426453 -232.01186404864492 -285.1926012434222 -339.74970190671803 -391.84621591063615 -442.7095568575866 -495.9217215275789 -553.4384960944839 -602.1152156797967 -647.1478985234934 -689.6663233918691 -730.6800407698772 -779.4271608101571 -819.854742041224 -930.9867635826779 1082.9906286637627 966.409977801996 926.1387524632117 878.4243106369089 839.7132910150286 799.6039544239881 754.8904213421034 706.5164576760552 655.6098919620928 603.1984368267402 550.8356066819629 498.56448950902495 446.3069040776812 393.77879966091416 341.4829594484961 289.28746282036656 237.06081094414887 184.8732380456194 132.69961095354228 80.51326078280543 28.246004289268487 -24.18308856424036 -76.89855632254728 -129.65579618910368 -182.37336982442423 -235.09040976079388 -287.6428702886945 -340.2913261117302 -392.9498019429942 -445.6838825535845 -498.7396411075613 -550.8979695305142 -600.831278957708 -647.3105817829812 -689.4864097458243 -729.9671631634351 -778.1527010309553 -818.1471719444169 -928.458752214087 1063.7311055377565 948.513085106317 908.6147463665719 861.389783973451 823.1989317433631 783.8740673044066 740.3554538764545 693.2934033893715 643.8485868964679 593.0449251360707 541.9429809829782 490.603012807906 439.087909768607 387.4598561055725 335.78122494130326 284.09312441876267 232.43667624200765 180.85299848149606 129.38321018099322 77.93363024341606 26.41057763691964 -25.279628671659598 -77.230669775448 -129.35117713946315 -181.5497831334392 -233.73511674941395 -285.81581958549435 -337.7919944191414 -389.6639196080833 -441.4312182355622 -493.0959589024953 -543.551242585164 -591.7242319270248 -636.4149696990482 -676.8979164949769 -715.7854438947685 -762.2977113300667 -800.9942782443761 -908.4693161820751 599.0866980315274 642.285930341737 653.3228771530829 664.4568172726272 669.9805040255521 674.3597905793262 679.3346562141579 684.7338783525037 690.1905254770438 695.3901061228196 700.0040775551928 704.1661178608977 708.0088962909012 711.6653524128907 715.2683533634176 718.7653381167664 722.1037404469112 725.2309955212515 728.0945381337663 730.6946138372653 733.0314681569059 735.1053466281754 736.9164947729014 738.4794379973566 739.8087015442586 740.9188112662421 741.8242907398201 742.4093011146249 742.5579718381164 742.1545506718705 741.0828438231586 739.4782652349213 737.4700787919272 735.2105007085224 732.7660879389116 729.5934310453281 723.9560410061636 718.5700624241998 699.534184988483 525.1104242337894 566.16051049609 576.9713578665013 588.0336811857519 593.8301013236182 598.4915788503741 603.5638095052448 608.8417730501629 613.9348355833071 618.5020982341659 622.1893356707494 625.2549436595656 627.956361170232 630.5512835453225 633.2973374324808 636.1164684796894 638.9306174028424 641.6617262394014 644.2317366726656 646.6354049850476 648.8674874327993 650.9227402817385 652.7959197855841 654.5269141993433 656.1556116348391 657.7219007378014 659.2656681615242 660.6044221322592 661.5556431253449 661.9369151839333 661.5654358308379 660.5236181011202 658.8884914959755 656.7571771385184 654.1518131980503 650.7581744167791 645.217657717373 640.0693311073172 623.3059560743865 497.85676148602613 537.934743526369 548.6435623305512 559.6702197619649 565.579515654651 570.3472155128212 575.4274241893655 580.6095937720208 585.5021292594199 589.7619470715094 593.0329650320757 595.623616828881 597.841402892479 599.9940737189346 602.3893127994652 604.9352145618565 607.5398686231647 610.1113658894886 612.5577969214818 614.8730387390124 617.0509683364628 619.0854627174281 620.9703988741272 622.7574947424656 624.4984681245083 626.2450373213793 628.0489187718073 629.7076705137921 631.0188246456611 631.7800100739036 631.7884944120391 631.0900673983876 629.725486609412 627.7542899052897 625.1659261731924 621.7471695568693 616.3085807398406 611.303998638225 595.59036269797 460.9465665826626 499.5918245625136 510.071498622276 520.9209062867351 526.8418471604157 531.6017846516777 536.5390448737928 541.457682079989 545.9873463124865 549.8044190810049 552.5727602362837 554.6374235109255 556.342563622861 558.0325761802828 560.0517922450236 562.2957488594315 564.6599784316213 567.0400146114621 569.3313907160511 571.529435718625 573.6294785679067 575.6268482213353 577.5168736260092 579.3591332058105 581.2132052644089 583.138668553692 585.1951001528803 587.1752729068243 588.8719363632296 590.0779270159269 590.5857568713984 590.3850634060409 589.4609645705735 587.8154454151579 585.3875421178744 582.0825366736846 576.9289463941528 572.2274189355539 558.0668452587208 424.77936908289576 461.7755689024692 471.8548939366276 482.28270147773634 487.9446583306045 492.4025432173509 496.8933776784094 501.2807788712708 505.26145389734194 508.5768332740399 510.9563639568846 512.7206422380617 514.1894037957192 515.6826140147232 517.5201825074518 519.5965962754032 521.806353461609 524.0439522848254 526.2038464734712 528.2883666884021 530.2997942908291 532.2406856781186 534.1130605370425 535.9676788907806 537.857043539643 539.832794425555 541.9467624855574 544.0299994724083 545.9184298649448 547.4456293256095 548.4398728758638 548.820936281753 548.4895206762216 547.387165387938 545.3958657203394 542.4973753781529 537.9164425071839 533.7286982627867 521.3717875741522 384.2139092003673 419.1995562627354 428.67775536287405 438.4165113799748 443.5523062390078 447.42732875864556 451.35149691675326 455.3451683911684 457.765602010761 460.6837344465492 462.4840230640377 464.13573044884646 465.7641252597158 467.0043033475283 469.3202141709933 471.60481263471314 473.1217863801585 474.899316122872 476.4117148351194 478.18549324587383 480.51866519759756 483.170326753196 486.14008477130557 487.8758297685708 488.51935281358004 490.23258939019564 492.1729355745748 493.4753279454373 496.49921662669345 501.2207555365053 505.09735583448384 507.7687093115911 505.08639703850525 501.29378830894484 499.700250127267 497.47999741860804 493.76466573536004 490.3179531343845 480.15309379406574 341.44420741037527 374.1714833670864 382.9084988627512 391.7806667334207 396.2313047580275 399.4072396229394 401.20418245532375 403.4492275385315 404.82473377994825 407.0890492113491 408.724252017545 410.83020214798563 412.7332204160154 412.79698275757903 415.7774647662586 419.68827748436513 418.9655119994138 422.21889293539783 424.4357803174144 426.95468441212586 428.44316913436205 429.87377235659983 432.0536498996503 432.42347146335146 435.2228149584658 436.55119056160464 439.2706275687026 440.64756142029955 443.17989968210765 442.9146172841178 446.07007282603445 447.4410624873983 449.86080396216045 452.0090541377749 451.1011021440563 449.69603912415727 447.010125641108 444.43728343680306 436.6973864744133 296.8147481313355 327.0866093411511 334.9828725814253 342.8755476073476 346.56654346443673 348.94691208459085 350.16917798856673 351.29591327888755 354.14415209972304 354.7573285367886 357.95838072340104 359.7589763393211 360.88976129793525 363.6055493457931 365.590042829205 366.82775402366286 369.44537120620254 369.749447983408 373.6208704662825 374.9001305409096 377.38601193251515 378.07628527448395 380.5360683124503 383.1160864318355 385.09687129916335 386.6507984163544 388.758847614844 390.09192832155395 390.13620990966234 392.04666195210973 391.6307024105279 396.63667601634194 397.9163307585983 400.196608471355 400.31620240996034 399.75577889663447 398.16587106379586 396.5316220382978 391.3666373675755 251.25247955815792 278.94077429801257 285.9432891260342 292.8183335126177 295.7743739486148 297.32465920738656 298.1602759218996 297.9977789852647 299.55121290074976 302.9427712925652 304.7899282895548 306.57642166662345 308.167768141879 309.82515697272873 312.06914678988585 313.878080410927 314.32150322176926 317.4133186920304 318.75507521583734 321.0788659697989 322.26751928550567 324.7146979350544 326.44365393207613 327.55640067788755 329.19303218239276 332.90386862570966 333.6279146683925 334.73824319362603 337.3396210926721 337.50069569376757 341.16560361742444 342.6059577254928 344.9158681604735 347.87261636529956 348.7554667843252 348.940087158948 348.39605907818196 347.6830985392648 345.1323440407417 205.1120421811725 230.1466697477343 236.24426389600993 242.11956498083728 244.4207896746526 245.5310642593847 243.31792464818045 245.69033344929926 247.49217563524593 250.2729836765402 253.0488623080445 254.0707879733633 255.9653220702438 258.65978625429426 258.9447153528841 262.28555602986006 263.8722075668175 264.75311250608553 267.47381364374365 269.8120609915237 271.45200477336294 272.90262554316354 274.00341316226906 276.8312890531136 279.6123467811416 280.0698387490755 282.56514327713336 284.4847793399422 284.6224193425589 286.18930811257553 286.57178105344985 290.0729350925951 292.6277606048457 295.4711812841108 297.00113491588246 297.7760859685122 298.16865704654697 298.3142278197217 298.3532230110001 158.33910445641504 180.70396884393412 185.92537160272923 190.85952569630248 192.60066414608525 193.52384848677832 194.55163696152962 193.70382369127603 196.4745589420287 198.17802154468944 199.5900706385019 202.64370764434668 204.50910641033468 205.9564897003214 207.1566025543476 210.21409978680336 210.34400743386536 212.98461043270427 214.74404210986881 217.16928027353205 218.3364626898251 220.78128315128458 222.9082435528545 225.60851895656432 226.51053338848683 228.50465554921757 229.77580691679987 231.19195363983872 233.8127028473268 233.4096523756404 238.0549842405088 238.0710033897386 241.5640249232832 242.9402340141558 244.99350165886008 246.22032002887806 247.43528058426497 248.36490627864563 250.94503150899044 110.97179160555719 130.70253498796484 135.11398186059023 139.20615238906583 140.50261838284342 140.9788983128146 138.93370723204202 143.49404891033964 145.59068423334566 147.45445845607227 149.2913408536583 150.63603547314077 152.9102819563129 154.67069825187048 156.09195231796656 157.87300164153916 160.04238442633027 160.47131251757807 162.9893050162589 164.0843135800736 166.19105061503342 168.56770722150682 171.3683125950381 171.94562079952502 175.06265689326912 174.26911779877574 178.81588374219882 179.8729038718431 180.60714179534264 181.22762704415814 182.96092508023042 186.69157784245488 188.36102511891158 191.01172221605648 192.80780283924537 194.35041302978271 196.25913964538614 197.88123832913402 202.92358728921303 62.995385166535335 80.19122669533078 83.90731818357135 87.30963456986424 88.30526893235269 88.74884580342874 88.23888532486892 90.34943082221817 92.98470574733166 94.86334203874256 96.03864975344058 97.88377362963462 100.22259974340886 102.22554059256387 104.74028964595163 106.18083647174875 106.26685944864872 109.22214985544697 110.46582941693066 112.15997681499296 114.07848758534531 117.21989233920236 117.67777253683717 119.82419264030781 121.47339687852408 123.14763063561558 126.01447076942036 127.1284026278198 128.09033938459078 128.59596022813818 131.16256732012934 134.65335513101263 136.79516475884824 138.30967275397404 140.47969369410893 142.20351186160846 144.65820108218662 146.8591199988336 154.24809670273103 14.543973041798312 29.31074933014087 32.44259968102702 35.29761840290581 36.1176877057876 36.654401221751 36.589772603408576 38.214434532688315 40.801696757141194 41.92570597535456 45.246729200087834 47.517115024846895 49.59318875622813 50.857902110344995 52.50139150637886 53.47053182979867 55.14008238519131 56.58859419429805 59.346871706652614 62.82346011694068 62.89866387402853 65.1850029025645 66.56206047435047 67.45843244525729 70.48381649455617 69.18461956026646 71.03022937177835 74.38264072485607 75.79919034767659 77.18448520885806 80.82437116120606 82.47574228962212 85.3210788548202 86.56882390567435 88.0719824744057 89.86625852917362 92.73621716113566 95.41226345979572 105.03584554511592 -34.103305550880364 -21.710170534408295 -19.1070505943462 -16.72955043701763 -16.026615595313018 -15.47493423220583 -16.127054720112305 -13.512934522637376 -10.85135321967081 -8.701032486012714 -8.248531795888187 -6.036709605979064 -3.423846747735412 -1.9062835437039944 0.8315377093126385 1.7867736846186153 2.752962678266167 5.329535242446787 6.458308569790335 9.093991784740858 10.946614483303666 12.614047921970625 13.045157581829626 15.062817134141573 17.685554842296657 19.21735851712521 19.07102845875174 21.754639218735534 25.10760005863198 25.228945858669324 28.177125974791434 31.377883017435575 33.482305904533845 34.56680297831288 35.66519345393354 37.46713015242386 40.67641054641126 43.76670887659403 55.55738339350621 -82.70888992989408 -72.6723342924125 -70.586380734163 -68.67500206576415 -68.0860830217569 -67.62119677886382 -68.19463176344252 -65.98764914499861 -64.65944241419187 -62.555492747554595 -60.33278446059098 -59.126781679836 -56.90800242320913 -54.58297963467804 -52.928812467952355 -51.520202553716345 -49.61153137342161 -47.556116750553684 -45.80727702160484 -42.642625244693555 -42.97194704505748 -39.26410638892174 -38.07675607815192 -37.34804968098989 -33.83376844786647 -33.917567440859905 -32.0135176521065 -31.041535885165843 -28.100814106262987 -26.512759557982022 -23.00161260518273 -22.248285880223413 -18.622230357069707 -17.559813174799995 -16.671418709299523 -14.88289295011704 -11.364294150131615 -7.885247515995413 6.041095410422773 -130.9840681890905 -123.32843512494352 -121.79735209942106 -120.40654212521277 -119.99160241520558 -119.64613240202435 -120.4296119605309 -118.92394237346777 -116.77198588021011 -116.05374560036557 -113.77012418018863 -111.38046525398953 -109.91345646628412 -107.50068325357242 -105.99481888316514 -103.1769002422741 -102.96451955963084 -99.81016444611716 -98.48817915883694 -97.1050239673552 -92.91264195457111 -93.2246098445906 -90.56277470815724 -89.00923891393157 -88.81559769433805 -86.25471064620592 -84.16622690510978 -81.59629201309359 -80.70386140595554 -78.80866820571426 -76.89263482760614 -73.13915872387824 -71.66268412255168 -70.37277080143568 -68.8374652869908 -67.03601146616882 -63.186843159280414 -59.30547113980453 -43.237545010090216 -178.84602434264315 -173.63724411366908 -172.73612764175502 -171.96699643327366 -171.8246188805717 -171.61024264319312 -172.99208818896565 -170.5571765676572 -167.96055351241094 -167.16459876865605 -164.5705735348558 -163.24457651125638 -161.81276208725268 -160.3784900667528 -156.79769210541104 -155.94935485824885 -153.1776242142889 -152.89453973949395 -149.34008006991277 -148.15934909312088 -145.95898703367448 -145.07288713441892 -141.8416324311967 -140.39139804042333 -139.35661309917793 -138.37230170841835 -136.0299380135334 -133.3659264247141 -131.7025674779039 -131.42291179017838 -127.55887537140337 -126.55564868287048 -124.04402728208399 -122.43670697807993 -120.87614925560645 -119.00879709221176 -114.7721014267801 -110.44492691094928 -92.18762078688468 -226.42550978907065 -223.77430831410572 -223.60614436791928 -223.5899902052977 -223.83462279620528 -223.84741726668747 -226.54959307520113 -222.82895325601194 -221.85799644034682 -221.3851799931049 -219.11871998690287 -217.87111435899962 -214.7830740453016 -212.2132964796956 -211.0118232859704 -209.21406502023237 -207.59707623072956 -205.92679904974398 -203.26063012490025 -202.0045571505798 -198.47901601661368 -198.7254009033044 -195.58473432645437 -194.42441482699385 -192.2844427175993 -190.33649397680531 -188.48030110460172 -187.37068626316676 -183.92869708898905 -184.24341256489214 -182.16136512380095 -179.06378292216897 -178.34142870568925 -174.85466187745376 -172.98491674854108 -170.99276869205698 -166.29049136640148 -161.45229127363095 -140.9095372513876 -273.77911031028265 -273.834972348992 -274.52883516059984 -275.4264865184279 -276.1910863007502 -276.4195736095275 -278.96620912953966 -276.76603909738583 -274.04257332240013 -272.73282353670476 -271.979160242629 -268.4609329604119 -268.4865075324056 -265.07135126913573 -263.82613320927135 -260.1940253219167 -259.59271428258324 -257.1138228784656 -256.09592059575965 -252.22894465342821 -251.9626100414269 -248.58567718098587 -248.60758138749517 -244.4772848111587 -244.2333908047292 -242.02631890227875 -240.2656109731956 -238.4618844454685 -237.2836027092115 -235.74757809141096 -234.48724705673217 -232.35911392112604 -229.79060844649533 -227.05799257974672 -225.29812547241778 -223.11089766004287 -217.84138997535499 -212.40456622725236 -189.43631320446653 -321.089376328598 -324.0617876141177 -325.7873011561214 -327.8044956759637 -329.24780139725067 -330.02921631119625 -330.9860571361816 -327.58390226646924 -326.7559421119614 -325.44539102217743 -323.36689399996703 -322.3479717093402 -320.5803057796519 -318.03551547295507 -316.11443543240534 -313.7529778337007 -311.68310669759956 -311.39054419494823 -308.7388934258269 -307.10161185639555 -304.7009891808424 -302.4745944759101 -301.609133921561 -299.2998828751684 -297.9705829102099 -294.46260518407723 -293.3842929354718 -291.53164648979083 -290.1047548819815 -288.08350376521093 -284.8534559586747 -283.9605484712384 -280.55202205212566 -279.91884196117024 -278.0785687233975 -275.6199899362309 -269.6564985869152 -263.5072300728436 -237.91755895807114 -367.98650902243537 -374.04489714410283 -376.94130752023017 -380.25167194632286 -382.5180296607684 -383.8515274450106 -384.3161660326712 -383.2307242640486 -379.1319751558338 -375.9180453057899 -375.1098695098295 -374.0427418614859 -371.177991742204 -370.283546077242 -368.0887405184112 -366.00930920561734 -362.76583689782774 -362.5929935663978 -360.06235365236404 -357.2247569823333 -355.5433422498158 -353.83800173228406 -352.2847255857573 -349.99342787195707 -347.86076878842795 -346.9817556612012 -343.661481507888 -342.57402099467095 -340.5435284754595 -339.25775294417997 -337.28321403980374 -335.63262508300886 -334.65630020783004 -332.44254881814146 -331.0101207940476 -328.1775936203591 -321.379144713135 -314.39772237400695 -285.9898167106929 -413.36304703143435 -422.5298455051125 -426.632952205309 -431.2989733366926 -434.4776426818492 -436.1779842411856 -432.10833980496443 -426.52338447522544 -432.9797422256286 -431.0840468521508 -428.4523918941826 -427.08803610796093 -423.9612620278663 -421.81491898645686 -421.56417057589726 -419.14370359623814 -417.9948665506175 -414.0514797111906 -413.31933419359825 -411.03867992663356 -410.26668700268635 -407.28245821927504 -406.27575101159584 -402.9948829039449 -402.3567088418617 -399.80388967375944 -398.1772161543138 -395.2954773553172 -394.7059539715692 -393.8838836460994 -390.8076136194191 -387.65431857078164 -387.4375219502751 -384.4450979399932 -383.0137997409698 -379.6577097091032 -371.8810232638352 -363.9635779010643 -332.6012718107148 -456.7934335203008 -468.98595435820624 -474.2489951457326 -480.24342575945104 -484.37741058503826 -486.84574470493885 -484.88808389616975 -481.84011725862626 -484.3767721095384 -480.23109850844065 -481.9809309474229 -478.504632025713 -476.37568385082807 -474.7021229310806 -472.436229482822 -469.1908946934585 -465.24912939141325 -466.97348313524486 -463.4599416238808 -464.1884689298052 -461.6953280999902 -458.5424382701899 -457.19416025422987 -455.1988115231554 -451.88427764096514 -450.57218522650066 -448.1636453767346 -446.9837508087441 -445.3343246444875 -443.7949330264887 -441.7802511605654 -441.409418014934 -436.84857457104835 -435.78012624802307 -433.6908709074037 -429.62104153306774 -420.71592982793084 -411.7664058935111 -377.3425673275559 -495.73949979336925 -510.68825175158526 -516.9565484811804 -524.1396504989846 -529.2226301333137 -532.8136504553103 -539.8586036980793 -544.1016687123146 -533.6897986316568 -537.9271297994467 -528.0414184316535 -532.2013253873171 -526.3967561120381 -527.8520126411233 -523.7897208268397 -522.5021144975271 -526.1936069741663 -515.6845868156744 -514.9341958751576 -513.4121542031862 -499.3891179055886 -490.8650749106674 -506.6818313215488 -509.7868090105939 -502.83358485821816 -505.154550211041 -503.0245452606797 -499.1479994529555 -499.5956927437484 -496.87632269211355 -496.3636216904365 -490.73608907502927 -494.12550550437226 -484.84018959494296 -480.55620165379844 -475.53256306330746 -465.3507679866686 -455.2956145317213 -417.8087836969111 -536.0322390055919 -553.5851136548447 -560.687755389074 -568.8848062892838 -574.8584615396987 -579.3692335915038 -584.5865939242115 -583.8172402698151 -575.2292263775437 -585.0131362913183 -582.0206543867733 -587.9530134836289 -583.8958409554637 -581.1140921923477 -584.411748635901 -576.432016211508 -562.5967596520745 -545.4904244258029 -556.3717982641738 -558.9231591503915 -557.3755545179712 -556.7863095638264 -564.1526881399619 -561.598073121278 -561.9234228173035 -556.4787193489531 -553.782362318272 -550.7799123034504 -548.5548925561496 -546.6900996289563 -547.4990671015939 -550.4571235418005 -542.7947175612801 -534.0299605006327 -529.2554949563175 -523.0473903115425 -511.43040977810716 -500.1777349889511 -459.4610901344544 -565.9528442558001 -585.384680956688 -593.0496250323665 -601.9450040789433 -608.5720609474283 -613.8537947378046 -617.5783407923592 -619.8965725516183 -621.0255932113312 -622.1272737737359 -622.6206522596619 -622.724520828571 -621.9834133311317 -620.2306494136398 -617.3206795946932 -613.2171803899772 -608.8698318820653 -605.1326051314234 -602.5006723260428 -600.480108239884 -599.0723710609241 -598.1970671434595 -597.9232713226945 -597.8659873456318 -597.7478008628805 -596.9576537615603 -596.1152570007546 -594.6305187078556 -592.4302241213124 -589.5175823436516 -585.827248185567 -581.5016215634016 -576.5420736710711 -571.2912200771862 -565.7038016483357 -558.5161200234522 -545.7622708410372 -533.5780517141525 -490.3966705904578 -649.4267825027116 -672.3415499398028 -680.7000139359586 -690.3647058935597 -697.5987136976714 -703.9167802959237 -709.4264719030077 -714.1465504219178 -717.9947470117975 -720.9158639380114 -722.8474497848773 -723.6848097144014 -723.3227280977229 -721.6561288514724 -718.579898501181 -714.6690211903549 -710.4984783779339 -706.6432522422211 -703.6783247686271 -701.5220558686734 -700.092805437922 -699.308933383562 -699.0887995822388 -699.1432273294624 -699.1830395091233 -698.9190605410455 -698.0621091129436 -696.4130698604622 -693.7727475813676 -689.9422450324429 -684.7215529722732 -678.4865084743393 -671.5974604751447 -664.4725604253223 -657.3142378559592 -648.6776035052698 -634.1131493748263 -620.3847572487113 -572.407368517606)
(UseCyclicTransform "false")
(UseDirectionCosines "true")

// ResampleInterpolator specific
(ResampleInterpolator "FinalNearestNeighborInterpolator")

// Resampler specific
(CompressResultImage "true")
(DefaultPixelValue 0)
(Resampler "DefaultResampler")
(ResultImageFormat "mha")
(ResultImagePixelType "float")
