1:ItNr	2:Metric	3a:Time	3b:StepSize	4:||Gradient||	Time[ms]
0	-0.336902	0.000000	170559.384886	0.000386	28.4
1	-0.320014	0.000000	170559.384886	0.000720	3.8
2	-0.298137	1.000000	162806.685573	0.000692	5.0
3	-0.316957	2.000000	155728.134026	0.000785	3.4
4	-0.287299	3.000000	149239.461775	0.000724	3.6
5	-0.318430	4.000000	143269.883304	0.000795	3.4
6	-0.297110	5.000000	137759.503177	0.000748	3.8
7	-0.321935	6.000000	132657.299355	0.000866	3.5
8	-0.291126	7.000000	127919.538664	0.000728	3.3
9	-0.324626	8.000000	123508.520090	0.000768	3.8
10	-0.303867	9.000000	119391.569420	0.000727	3.7
11	-0.325905	10.000000	115540.228471	0.000839	3.8
12	-0.303936	11.000000	111929.596331	0.000818	3.8
13	-0.325005	12.000000	108537.790382	0.000837	4.0
14	-0.304173	13.000000	105345.502429	0.000829	4.2
15	-0.322584	14.000000	102335.630931	0.000871	3.5
16	-0.306431	15.000000	99492.974517	0.000807	4.5
17	-0.328179	16.000000	96803.975205	0.000853	3.9
18	-0.311308	17.000000	94256.502174	0.000833	4.1
19	-0.330599	18.000000	91839.668785	0.000816	4.2
20	-0.316714	19.000000	89543.677065	0.000933	4.1
21	-0.317019	20.000000	87359.684941	0.000886	3.9
22	-0.322366	21.000000	85279.692443	0.000839	3.8
23	-0.326315	22.000000	83296.443781	0.000931	3.9
24	-0.317519	23.000000	81403.342786	0.000911	3.8
25	-0.326181	24.000000	79594.379613	0.000798	3.9
26	-0.326220	25.000000	77864.067013	0.000839	4.2
27	-0.321286	26.000000	76207.384736	0.000841	3.5
28	-0.329057	27.000000	74619.730887	0.000789	3.9
29	-0.329359	28.000000	73096.879237	0.000841	3.9
30	-0.326786	29.000000	71634.941652	0.000830	4.1
31	-0.332395	30.000000	70230.334953	0.000856	3.7
32	-0.327151	31.000000	68879.751588	0.000843	3.7
33	-0.326881	32.000000	67580.133634	0.000792	4.3
34	-0.333154	33.000000	66328.649678	0.000810	3.9
35	-0.330003	34.000000	65122.674229	0.000784	3.7
36	-0.336029	35.000000	63959.769332	0.000795	4.2
37	-0.333747	36.000000	62837.668116	0.000845	3.8
38	-0.331602	37.000000	61754.260045	0.000828	3.7
39	-0.333971	38.000000	60707.577671	0.000781	3.7
40	-0.335418	39.000000	59695.784710	0.000815	4.2
41	-0.333382	40.000000	58717.165288	0.000791	4.0
42	-0.331831	41.000000	57770.114235	0.000769	4.0
43	-0.334431	42.000000	56853.128295	0.000814	4.4
44	-0.333775	43.000000	55964.798166	0.000756	3.9
45	-0.334596	44.000000	55103.801271	0.000803	3.5
46	-0.333596	45.000000	54268.895191	0.000786	4.4
47	-0.330532	46.000000	53458.911681	0.000725	3.8
48	-0.339761	47.000000	52672.751215	0.000717	4.0
49	-0.334222	48.000000	51909.378009	0.000679	3.8
50	-0.335735	49.000000	51167.815466	0.000645	4.1
51	-0.337525	50.000000	50447.142008	0.000609	3.8
52	-0.337032	51.000000	49746.487258	0.000632	3.9
53	-0.334605	52.000000	49065.028529	0.000651	4.4
54	-0.338399	53.000000	48401.987603	0.000661	3.6
55	-0.339970	54.000000	47756.627768	0.000606	4.3
56	-0.345058	55.000000	47128.251087	0.000566	4.3
57	-0.339100	56.000000	46516.195878	0.000573	4.0
58	-0.340200	57.000000	45919.834392	0.000581	3.7
59	-0.339367	58.000000	45338.570666	0.000595	3.7
60	-0.342087	59.000000	44771.838532	0.000547	4.1
61	-0.341926	60.000000	44219.099785	0.000529	3.8
62	-0.344275	61.000000	43679.842471	0.000468	3.4
63	-0.341314	62.000000	43153.579308	0.000476	4.0
64	-0.339737	63.000000	42639.846221	0.000528	3.8
65	-0.338449	64.000000	42138.200972	0.000552	3.8
66	-0.341602	65.000000	41648.221891	0.000588	3.7
67	-0.339119	66.000000	41169.506697	0.000609	4.1
68	-0.339014	67.000000	40701.671393	0.000502	3.9
69	-0.344355	68.000000	40244.349243	0.000481	3.4
70	-0.340248	69.000000	39797.189807	0.000461	4.2
71	-0.341489	70.000000	39359.858051	0.000415	3.4
72	-0.343185	71.000000	38932.033507	0.000402	3.5
73	-0.343182	72.000000	38513.409490	0.000353	3.6
74	-0.350086	73.000000	38103.692368	0.000315	4.0
75	-0.346734	74.000000	37702.600869	0.000281	3.9
76	-0.343162	75.000000	37309.865444	0.000325	4.4
77	-0.343551	76.000000	36925.227656	0.000351	3.5
78	-0.338990	77.000000	36548.439618	0.000388	4.1
79	-0.341116	78.000000	36179.263461	0.000327	3.6
80	-0.338672	79.000000	35817.470826	0.000343	4.1
81	-0.340683	80.000000	35462.842402	0.000383	4.2
82	-0.342674	81.000000	35115.167476	0.000281	3.6
83	-0.346194	82.000000	34774.243520	0.000277	4.3
84	-0.344970	83.000000	34439.875794	0.000329	3.7
85	-0.345752	84.000000	34111.876977	0.000306	3.7
86	-0.345242	85.000000	33790.066817	0.000300	3.9
87	-0.344197	86.000000	33474.271800	0.000289	3.8
88	-0.346360	87.000000	33164.324839	0.000345	3.7
89	-0.339987	88.000000	32860.064978	0.000322	3.7
90	-0.340751	89.000000	32561.337115	0.000287	4.1
91	-0.339599	90.000000	32267.991735	0.000282	3.8
92	-0.346060	91.000000	31979.884666	0.000318	3.6
93	-0.346436	92.000000	31696.876837	0.000299	4.2
94	-0.343690	93.000000	31418.834058	0.000308	3.9
95	-0.339478	94.000000	31145.626805	0.000311	3.8
96	-0.346953	95.000000	30877.130022	0.000332	3.8
97	-0.339897	96.000000	30613.222928	0.000324	4.1
98	-0.340743	97.000000	30353.788836	0.000300	3.8
99	-0.343864	98.000000	30098.714980	0.000269	3.6
100	-0.351799	99.000000	29847.892355	0.000330	4.4
101	-0.344872	100.000000	29601.215559	0.000319	3.5
102	-0.347015	101.000000	29358.582644	0.000326	3.8
103	-0.345666	102.000000	29119.894980	0.000328	3.7
104	-0.344414	103.000000	28885.057118	0.000330	4.1
105	-0.341116	104.000000	28653.976661	0.000294	4.0
106	-0.350104	105.000000	28426.564148	0.000292	3.8
107	-0.343862	106.000000	28202.732934	0.000283	4.9
108	-0.336889	107.000000	27982.399083	0.000256	3.7
109	-0.346085	108.000000	27765.481260	0.000264	3.5
110	-0.344241	109.000000	27551.900635	0.000290	4.3
111	-0.347746	110.000000	27341.580783	0.000289	4.0
112	-0.343935	111.000000	27134.447596	0.000294	3.8
113	-0.347587	112.000000	26930.429193	0.000292	3.7
114	-0.347424	113.000000	26729.455840	0.000254	3.9
115	-0.344664	114.000000	26531.459871	0.000286	3.7
116	-0.339295	115.000000	26336.375607	0.000288	3.6
117	-0.343768	116.000000	26144.139289	0.000286	4.2
118	-0.345408	117.000000	25954.689004	0.000307	3.6
119	-0.341786	118.000000	25767.964623	0.000264	3.6
120	-0.343752	119.000000	25583.907733	0.000252	3.7
121	-0.342881	120.000000	25402.461579	0.000290	4.0
122	-0.348384	121.000000	25223.571004	0.000360	3.6
123	-0.344200	122.000000	25047.182396	0.000302	3.8
124	-0.340469	123.000000	24873.243629	0.000283	4.2
125	-0.337674	124.000000	24701.704018	0.000278	3.5
126	-0.339255	125.000000	24532.514264	0.000273	3.9
127	-0.340795	126.000000	24365.626412	0.000292	4.1
128	-0.341392	127.000000	24200.993801	0.000270	3.8
129	-0.345896	128.000000	24038.571024	0.000262	4.1
130	-0.341937	129.000000	23878.313884	0.000267	4.3
131	-0.345760	130.000000	23720.179355	0.000285	4.0
132	-0.343496	131.000000	23564.125543	0.000293	3.8
133	-0.339138	132.000000	23410.111651	0.000266	3.6
134	-0.343010	133.000000	23258.097939	0.000307	4.4
135	-0.344625	134.000000	23108.045694	0.000350	3.5
136	-0.342721	135.000000	22959.917196	0.000283	3.7
137	-0.344442	136.000000	22813.675685	0.000266	3.7
138	-0.345529	137.000000	22669.285333	0.000264	4.0
139	-0.345662	138.000000	22526.711211	0.000256	3.8
140	-0.342254	139.000000	22385.919266	0.000296	3.5
141	-0.342554	140.000000	22246.876289	0.000306	4.3
142	-0.343286	141.000000	22109.549893	0.000279	3.6
143	-0.344739	142.000000	21973.908482	0.000279	3.7
144	-0.341501	143.000000	21839.921235	0.000234	4.0
145	-0.342342	144.000000	21707.558076	0.000240	3.7
146	-0.352270	145.000000	21576.789654	0.000268	3.4
147	-0.341807	146.000000	21447.587321	0.000240	3.3
148	-0.341368	147.000000	21319.923111	0.000248	3.9
149	-0.343531	148.000000	21193.769720	0.000268	3.6
150	-0.347003	149.000000	21069.100486	0.000287	3.4
151	-0.346742	150.000000	20945.889372	0.000264	3.4
152	-0.345633	151.000000	20824.110945	0.000250	4.1
153	-0.343860	152.000000	20703.740362	0.000237	3.8
154	-0.344393	151.910379	20714.471307	0.000251	3.7
155	-0.345803	152.910379	20595.361272	0.000292	3.6
156	-0.345148	153.910379	20477.613192	0.000247	3.8
157	-0.341766	154.910379	20361.203840	0.000276	3.6
158	-0.345144	155.910379	20246.110515	0.000283	3.8
159	-0.348215	156.910379	20132.311024	0.000283	4.2
160	-0.344405	157.910379	20019.783673	0.000285	3.4
161	-0.343121	158.910379	19908.507249	0.000298	3.6
162	-0.345455	159.910379	19798.461007	0.000262	3.5
163	-0.341233	160.910379	19689.624661	0.000238	3.8
164	-0.345686	161.910379	19581.978407	0.000274	3.6
165	-0.342539	162.910379	19475.502750	0.000251	3.3
166	-0.351304	163.910379	19370.178739	0.000282	3.7
167	-0.341801	164.910379	19265.987790	0.000250	3.5
168	-0.347443	165.910379	19162.911717	0.000267	3.5
169	-0.343659	166.910378	19060.932730	0.000247	3.4
170	-0.347310	167.910378	18960.033388	0.000252	4.0
171	-0.339466	168.910378	18860.196647	0.000289	3.3
172	-0.343859	169.910378	18761.405807	0.000254	3.5
173	-0.343692	170.910378	18663.644519	0.000238	3.7
174	-0.346905	171.910378	18566.896775	0.000284	3.4
175	-0.338837	172.910378	18471.146888	0.000256	3.6
176	-0.347469	173.910378	18376.379503	0.000228	3.8
177	-0.341651	174.910378	18282.579575	0.000265	3.2
178	-0.345464	175.910378	18189.732363	0.000273	3.4
179	-0.344401	176.910378	18097.823427	0.000294	3.4
180	-0.342003	177.910378	18006.838614	0.000244	3.9
181	-0.346186	178.910378	17916.764058	0.000267	3.4
182	-0.348604	179.910378	17827.586166	0.000267	3.9
183	-0.343197	180.910378	17739.291615	0.000294	3.8
184	-0.346660	181.910378	17651.867346	0.000293	3.6
185	-0.342442	182.910378	17565.300554	0.000277	3.5
186	-0.345569	183.910378	17479.578685	0.000264	3.4
187	-0.341030	184.910378	17394.689430	0.000288	4.0
188	-0.348949	185.910378	17310.620716	0.000275	3.3
189	-0.340738	186.910378	17227.360703	0.000324	3.4
190	-0.347460	187.910378	17144.897779	0.000245	3.7
191	-0.339849	188.910378	17063.220551	0.000247	3.8
192	-0.346566	189.910378	16982.317844	0.000269	3.4
193	-0.341591	190.910378	16902.178693	0.000314	3.3
194	-0.348814	191.910378	16822.792339	0.000249	3.6
195	-0.348463	192.910378	16744.148224	0.000257	3.7
196	-0.343940	193.910378	16666.235988	0.000260	3.4
197	-0.344958	194.910378	16589.045460	0.000234	3.2
198	-0.346332	195.910378	16512.566660	0.000254	3.8
199	-0.346373	195.815589	16519.785775	0.000305	3.3
