1:ItNr	2:Metric	3a:Time	3b:StepSize	4:||Gradient||	Time[ms]
0	-0.654431	0.000000	229268.212961	0.000469	77.6
1	-0.684503	0.000000	229268.212961	0.000269	3.5
2	-0.706677	0.000000	229268.212961	0.000212	3.8
3	-0.710242	0.000000	229268.212961	0.000172	3.7
4	-0.714494	1.000000	218846.930554	0.000272	3.6
5	-0.702288	2.000000	209331.846617	0.000394	3.9
6	-0.705599	3.000000	200609.686341	0.000410	3.6
7	-0.708211	4.000000	192585.298888	0.000377	3.7
8	-0.714139	5.000000	185178.172007	0.000347	3.5
9	-0.713755	6.000000	178319.721192	0.000408	3.7
10	-0.710353	7.000000	171951.159721	0.000422	3.5
11	-0.717587	8.000000	166021.809386	0.000290	3.4
12	-0.722572	9.000000	160487.749073	0.000218	3.7
13	-0.724741	10.000000	155310.724909	0.000294	3.7
14	-0.718922	11.000000	150457.264756	0.000446	3.7
15	-0.722103	12.000000	145897.953703	0.000242	3.7
16	-0.726113	13.000000	141606.837417	0.000104	3.7
17	-0.722959	12.980592	141687.716876	0.000104	3.4
18	-0.733270	12.961184	141768.688777	0.000218	3.7
19	-0.727711	13.961184	137713.657624	0.000318	3.8
20	-0.722305	14.961184	133884.149144	0.000319	3.7
21	-0.728910	15.961184	130261.858514	0.000244	3.7
22	-0.728385	16.961184	126830.409701	0.000264	3.7
23	-0.722079	17.961184	123575.107939	0.000302	3.8
24	-0.726420	18.961184	120482.729367	0.000273	3.5
25	-0.728547	19.961184	117541.341480	0.000190	3.7
26	-0.732243	20.961184	114740.149252	0.000075	3.9
27	-0.732920	21.961184	112069.362752	0.000132	3.6
28	-0.731708	22.961184	109520.082830	0.000199	3.7
29	-0.733363	23.961184	107084.202055	0.000130	3.4
30	-0.730908	24.961184	104754.318584	0.000076	4.1
31	-0.738482	24.941775	104798.572235	0.000074	3.6
32	-0.734271	25.204836	104201.915812	0.000058	3.6
33	-0.734692	25.185428	104245.703850	0.000057	3.6
34	-0.734370	25.166020	104289.528724	0.000071	3.8
35	-0.739084	25.146612	104333.390462	0.000075	3.5
36	-0.735949	25.127521	104376.570690	0.000093	3.4
37	-0.736976	26.127409	102162.044910	0.000064	3.9
38	-0.731310	26.119216	102179.807792	0.000058	3.4
39	-0.737047	26.099808	102221.912523	0.000092	3.7
40	-0.733027	26.080400	102264.051781	0.000109	3.3
41	-0.732438	27.080400	100137.113328	0.000088	3.9
42	-0.738862	28.080400	98096.846477	0.000063	3.5
43	-0.738908	28.060992	98135.652905	0.000073	3.7
44	-0.737323	28.041584	98174.490049	0.000064	4.0
45	-0.737211	28.022176	98213.357794	0.000055	3.7
46	-0.739986	28.002767	98252.256477	0.000055	3.7
47	-0.736388	27.983359	98291.185986	0.000054	3.7
48	-0.742680	27.963951	98330.146356	0.000065	3.8
49	-0.739210	27.944543	98369.137624	0.000057	3.5
50	-0.743120	27.925135	98408.159827	0.000056	3.7
51	-0.739910	27.905726	98447.213002	0.000065	4.5
52	-0.739920	27.886318	98486.297186	0.000055	3.4
53	-0.738033	27.866910	98525.412415	0.000080	3.5
54	-0.751132	27.847502	98564.558727	0.000063	3.4
55	-0.740484	27.828094	98603.736159	0.000082	4.1
56	-0.740936	27.808686	98642.944748	0.000063	3.3
57	-0.740300	27.789277	98682.184531	0.000063	3.4
58	-0.741248	27.769869	98721.455545	0.000071	3.6
59	-0.742195	27.750461	98760.757827	0.000064	3.7
60	-0.743208	27.731053	98800.091416	0.000073	3.3
61	-0.742333	27.711645	98839.456348	0.000085	3.2
62	-0.742436	27.692236	98878.852661	0.000067	3.5
63	-0.749492	27.672828	98918.280392	0.000086	3.4
64	-0.741908	27.653420	98957.739579	0.000088	3.5
65	-0.744722	27.634012	98997.230260	0.000083	3.5
66	-0.744212	27.614604	99036.752472	0.000072	3.7
67	-0.742432	27.595196	99076.306254	0.000082	3.6
68	-0.749340	27.575788	99115.890940	0.000060	3.6
69	-0.745730	27.556379	99155.507972	0.000086	3.8
70	-0.747943	27.536971	99195.156688	0.000076	4.1
71	-0.744014	27.517563	99234.837124	0.000120	3.8
72	-0.744830	27.498155	99274.549320	0.000103	4.1
73	-0.750203	27.478747	99314.293312	0.000146	4.2
74	-0.752508	27.459339	99354.069140	0.000140	3.8
75	-0.746900	27.439930	99393.876841	0.000149	3.7
76	-0.750049	28.439930	97383.480060	0.000101	3.8
77	-0.749402	28.421777	97419.250141	0.000098	3.7
78	-0.752681	28.402369	97457.522211	0.000097	3.5
79	-0.751882	28.382961	97495.824365	0.000095	3.8
80	-0.755161	28.363553	97534.156637	0.000080	3.9
81	-0.756024	28.344144	97572.519062	0.000084	3.4
82	-0.761718	28.324736	97610.911678	0.000085	3.7
83	-0.754575	28.305328	97649.334518	0.000095	3.5
84	-0.754194	28.285920	97687.787620	0.000109	4.1
85	-0.755650	28.266512	97726.271018	0.000089	3.7
86	-0.759241	28.247103	97764.784748	0.000102	3.6
87	-0.757529	28.227695	97803.328847	0.000108	3.8
88	-0.760015	28.208287	97841.903350	0.000089	3.6
89	-0.759438	28.188879	97880.508294	0.000094	3.6
90	-0.755735	28.169471	97919.143713	0.000117	3.5
91	-0.764014	28.150063	97957.809645	0.000087	4.0
92	-0.766454	28.130654	97996.506126	0.000117	3.5
93	-0.759326	28.111246	98035.233191	0.000090	4.0
94	-0.767236	28.091838	98073.990878	0.000091	3.5
95	-0.765107	28.072430	98112.779222	0.000099	3.5
96	-0.767530	28.053022	98151.598259	0.000095	3.5
97	-0.760210	28.033613	98190.448027	0.000088	3.8
98	-0.771110	28.014205	98229.328562	0.000097	3.7
99	-0.764365	27.994797	98268.239900	0.000101	3.4
100	-0.765765	27.975389	98307.182078	0.000087	3.5
101	-0.764731	27.955981	98346.155132	0.000095	3.4
102	-0.769288	27.936573	98385.159100	0.000092	3.8
103	-0.776264	27.917164	98424.194018	0.000082	3.3
104	-0.769886	27.897756	98463.259923	0.000113	3.7
105	-0.768029	27.878348	98502.356852	0.000082	3.3
106	-0.769698	27.858940	98541.484841	0.000097	3.7
107	-0.770488	27.839532	98580.643929	0.000088	3.7
108	-0.772328	27.820123	98619.834151	0.000087	3.5
109	-0.777889	27.800715	98659.055546	0.000115	3.8
110	-0.779182	27.781307	98698.308150	0.000098	3.5
111	-0.770595	27.761899	98737.592001	0.000097	3.6
112	-0.773449	27.742491	98776.907135	0.000105	3.4
113	-0.774870	27.723082	98816.253591	0.000104	3.8
114	-0.777689	27.703674	98855.631317	0.000116	3.4
115	-0.779442	27.684270	98895.032020	0.000104	3.4
116	-0.776141	27.677713	98908.354043	0.000076	3.3
117	-0.774913	27.658305	98947.805310	0.000098	3.8
118	-0.782729	27.638897	98987.288061	0.000087	3.4
119	-0.781458	27.619488	99026.802333	0.000088	3.5
120	-0.780302	27.600080	99066.348166	0.000087	3.4
121	-0.781679	27.580672	99105.925596	0.000080	3.6
122	-0.782630	27.561264	99145.534661	0.000089	3.3
123	-0.780673	27.541856	99185.175399	0.000096	3.5
124	-0.784905	27.522448	99224.847849	0.000084	3.4
125	-0.786206	27.503039	99264.552048	0.000087	3.5
126	-0.792195	27.483631	99304.288035	0.000084	3.2
127	-0.782159	27.464223	99344.055847	0.000085	3.7
128	-0.783690	27.444815	99383.855523	0.000097	3.7
129	-0.790871	27.425407	99423.687101	0.000107	3.6
130	-0.786551	27.405998	99463.550620	0.000100	3.6
131	-0.787250	27.386590	99503.446119	0.000098	3.4
132	-0.791979	27.367182	99543.373634	0.000144	3.8
133	-0.789018	27.347774	99583.333206	0.000247	3.5
134	-0.790406	27.328366	99623.324872	0.000159	3.5
135	-0.801010	27.308957	99663.348672	0.000166	3.4
136	-0.802523	27.289549	99703.404644	0.000105	3.6
137	-0.805711	27.270141	99743.492827	0.000150	3.3
138	-0.808559	27.250733	99783.613260	0.000137	3.3
139	-0.808321	27.231325	99823.765982	0.000110	3.5
140	-0.804291	27.211917	99863.951031	0.000114	3.5
141	-0.810319	27.192508	99904.168447	0.000132	3.4
142	-0.807116	27.173100	99944.418269	0.000127	3.3
143	-0.815233	27.153692	99984.700536	0.000127	3.5
144	-0.821822	27.134284	100025.015288	0.000131	3.4
145	-0.825703	27.114876	100065.362563	0.000129	3.6
146	-0.831583	27.095467	100105.742401	0.000145	3.3
147	-0.825884	27.076059	100146.154842	0.000135	3.5
148	-0.833169	27.056651	100186.599925	0.000150	3.3
149	-0.836122	27.037243	100227.077689	0.000178	3.3
150	-0.832642	27.017835	100267.588175	0.000170	3.4
151	-0.833185	26.998426	100308.131421	0.000146	3.6
152	-0.835847	26.979018	100348.707468	0.000131	3.6
153	-0.839507	26.959610	100389.316355	0.000128	3.4
154	-0.842449	26.940202	100429.958123	0.000136	3.4
155	-0.840159	26.920794	100470.632811	0.000142	3.8
156	-0.842665	26.901386	100511.340459	0.000148	3.4
157	-0.843115	26.881977	100552.081108	0.000138	3.5
158	-0.848541	26.862569	100592.854797	0.000125	3.5
159	-0.849642	26.843161	100633.661567	0.000126	3.7
160	-0.851217	26.823753	100674.501458	0.000128	3.5
161	-0.854953	26.804345	100715.374510	0.000146	3.4
162	-0.854469	26.784936	100756.280764	0.000121	3.3
163	-0.853345	26.765528	100797.220261	0.000144	3.6
164	-0.857966	26.746120	100838.193040	0.000163	3.4
165	-0.857339	26.726712	100879.199142	0.000183	3.3
166	-0.861572	27.726696	98808.926322	0.000191	3.6
167	-0.860015	28.726696	96821.886460	0.000217	3.4
168	-0.857043	29.726696	94913.189562	0.000229	3.3
169	-0.861522	30.726696	93078.291962	0.000251	3.3
170	-0.863709	31.726696	91312.994688	0.000226	3.5
171	-0.867929	32.726696	89613.411385	0.000205	3.6
172	-0.864205	33.726696	87975.939755	0.000237	3.4
173	-0.866566	34.726696	86397.236068	0.000226	3.3
174	-0.870472	35.726696	84874.192372	0.000227	3.7
175	-0.867056	36.726696	83403.916072	0.000243	3.3
176	-0.870161	37.726696	81983.711593	0.000176	3.5
177	-0.866212	38.726696	80611.063888	0.000122	3.5
178	-0.874002	38.707287	80637.266964	0.000134	3.6
179	-0.870663	38.687879	80663.487079	0.000131	3.4
180	-0.877212	38.668471	80689.724252	0.000109	3.4
181	-0.876558	38.649063	80715.978499	0.000154	3.4
182	-0.879568	38.629655	80742.249836	0.000165	3.8
183	-0.874916	39.629655	79410.521211	0.000172	3.6
184	-0.877460	40.629655	78122.009670	0.000142	3.9
185	-0.875494	41.629655	76874.645162	0.000118	3.7
186	-0.877334	41.610246	76898.475087	0.000105	4.1
187	-0.882026	41.590838	76922.319789	0.000105	3.4
188	-0.882165	41.571430	76946.179284	0.000105	3.3
189	-0.881356	41.552022	76970.053585	0.000106	3.7
190	-0.882650	41.532614	76993.942705	0.000117	3.4
191	-0.882033	41.513205	77017.846659	0.000137	3.6
192	-0.885170	41.493797	77041.765461	0.000206	3.4
193	-0.888195	42.493797	75828.390788	0.000130	3.7
194	-0.887503	43.493797	74652.643755	0.000110	3.5
195	-0.886523	43.474389	74675.115816	0.000111	3.4
196	-0.885971	43.454981	74697.601411	0.000111	3.5
197	-0.886978	43.435573	74720.100551	0.000106	3.6
198	-0.891555	43.416165	74742.613248	0.000118	3.4
199	-0.890641	43.396756	74765.139516	0.000112	3.6
