1:ItNr	2:Metric	3a:Time	3b:StepSize	4:||Gradient||	Time[ms]
0	-0.073646	0.000000	10742.922066	0.000592	74.2
1	-0.076337	0.000000	10742.922066	0.000349	1.0
2	-0.076875	0.000000	10742.922066	0.000221	0.9
3	-0.077942	0.000000	10742.922066	0.000237	1.0
4	-0.081769	0.000000	10742.922066	0.000284	1.1
5	-0.080439	0.000000	10742.922066	0.000283	0.9
6	-0.078116	1.000000	10254.607459	0.000075	0.9
7	-0.076936	0.910205	10296.633907	0.000363	0.8
8	-0.080148	0.839827	10329.814592	0.000236	1.0
9	-0.087060	1.839827	9877.542576	0.000156	0.8
10	-0.084870	2.839506	9463.340682	0.000156	0.8
11	-0.083251	3.839453	9082.380468	0.000105	0.9
12	-0.082755	3.754445	9113.569714	0.000271	0.9
13	-0.078819	4.747535	8762.056621	0.000264	1.0
14	-0.080203	5.747535	8434.472921	0.000158	1.2
15	-0.077878	6.747530	8130.502686	0.000175	1.0
16	-0.080735	6.657561	8156.950674	0.000155	1.0
17	-0.077129	6.814580	8110.903012	0.000077	0.8
18	-0.079563	6.726052	8136.800973	0.000246	0.9
19	-0.079333	6.636151	8163.269902	0.000170	1.1
20	-0.082104	7.090642	8031.192956	0.000149	1.0
21	-0.081622	7.623754	7881.613367	0.000114	1.1
22	-0.081851	8.597332	7622.354771	0.000161	0.7
23	-0.080525	8.519014	7642.577860	0.000084	0.9
24	-0.081366	9.517985	7392.406908	0.000262	1.0
25	-0.077613	10.516869	7158.114621	0.000218	1.1
26	-0.083521	11.516869	6937.979204	0.000152	1.1
27	-0.080236	11.426882	6957.232679	0.000065	1.2
28	-0.079516	11.338007	6976.353397	0.000220	1.1
29	-0.077232	12.333536	6767.999712	0.000157	1.2
30	-0.079726	12.243620	6786.305482	0.000222	1.0
31	-0.081459	13.243620	6588.128382	0.000074	1.0
32	-0.082631	13.796988	6483.358906	0.000110	0.9
33	-0.082058	13.726455	6496.527369	0.000118	0.8
34	-0.072934	13.640581	6512.632164	0.000227	0.9
35	-0.080081	14.634588	6330.965884	0.000105	0.9
36	-0.077589	14.544601	6346.993820	0.000126	0.8
37	-0.081423	15.540538	6174.002173	0.000240	1.0
38	-0.076342	16.540523	6009.542358	0.000428	1.0
39	-0.080217	17.540523	5853.614470	0.000189	0.8
40	-0.080537	18.540523	5705.573574	0.000242	0.9
41	-0.080759	18.450536	5718.588082	0.000162	1.0
42	-0.080979	19.450536	5577.215712	0.000221	1.0
43	-0.074298	20.450536	5442.664606	0.000056	0.9
44	-0.084083	20.360730	5454.482167	0.000175	0.7
45	-0.080021	20.490634	5437.404548	0.000181	0.9
46	-0.082020	20.400647	5449.223143	0.000201	0.9
47	-0.085041	20.591065	5424.274728	0.000172	0.9
48	-0.078596	20.501088	5436.034885	0.000207	0.9
49	-0.079701	21.501088	5308.131464	0.000154	0.8
50	-0.075255	22.501088	5186.108509	0.000330	0.8
51	-0.083232	23.501088	5069.569594	0.000278	0.7
52	-0.080417	23.411147	5079.836454	0.000230	0.8
53	-0.081179	24.411147	4967.973249	0.000190	1.2
54	-0.080539	24.321160	4977.837388	0.000099	0.8
55	-0.079023	24.231177	4987.740330	0.000124	1.0
56	-0.080518	24.207755	4990.324389	0.000165	1.0
57	-0.079009	24.169009	4994.605069	0.000376	0.9
58	-0.079738	25.169009	4886.424168	0.000080	0.8
59	-0.083186	25.079030	4895.965954	0.000162	0.8
60	-0.082249	24.989165	4905.532919	0.000094	0.8
61	-0.081704	25.960589	4804.057331	0.000138	0.9
62	-0.076192	26.936071	4706.296470	0.000131	0.9
63	-0.083746	26.956532	4704.288566	0.000050	0.8
64	-0.078481	26.968450	4703.119772	0.000115	0.9
65	-0.080281	26.896192	4710.215000	0.000132	0.9
66	-0.081988	26.813982	4718.313598	0.000083	1.0
67	-0.079731	27.024997	4697.582048	0.000128	0.8
68	-0.081456	27.206713	4679.874436	0.000170	0.9
69	-0.078455	28.205376	4584.892543	0.000268	1.1
70	-0.080876	28.115474	4593.284861	0.000251	1.0
71	-0.076494	29.115474	4501.630837	0.000138	1.0
72	-0.078111	30.115470	4413.563323	0.000142	0.9
73	-0.084628	30.025510	4421.344640	0.000107	0.9
74	-0.080180	31.025179	4336.388000	0.000067	1.0
75	-0.079273	30.935950	4343.838159	0.000242	0.9
76	-0.078588	30.846235	4351.354806	0.000104	1.1
77	-0.078853	31.799013	4272.832954	0.000102	0.9
78	-0.081912	31.710987	4279.968506	0.000135	0.8
79	-0.079164	31.671019	4283.216257	0.000238	0.9
80	-0.081114	32.671017	4203.411342	0.000180	0.9
81	-0.082244	32.581030	4210.470813	0.000132	0.8
82	-0.080128	33.482413	4140.810812	0.000102	1.1
83	-0.081880	33.395759	4147.407187	0.000134	0.8
84	-0.078455	33.307990	4154.109960	0.000197	1.1
85	-0.078899	34.307990	4079.001298	0.000160	1.1
86	-0.083968	35.307990	4006.560402	0.000064	1.0
87	-0.075989	35.221696	4012.710017	0.000162	0.9
88	-0.079268	35.398387	4000.138606	0.000184	0.7
89	-0.080549	36.398386	3930.447835	0.000099	0.8
90	-0.080517	36.308410	3936.618752	0.000202	0.8
91	-0.079415	37.300899	3869.603507	0.000097	0.9
92	-0.082012	38.299764	3804.422588	0.000195	0.8
93	-0.076279	39.298344	3741.418892	0.000176	0.8
94	-0.079438	39.452495	3731.878468	0.000219	0.8
95	-0.077436	40.439489	3671.927743	0.000141	0.7
96	-0.076824	41.439489	3613.119964	0.000189	0.8
97	-0.081341	42.439230	3556.180649	0.000068	0.9
98	-0.077090	42.349620	3561.211016	0.000204	1.0
99	-0.080626	43.331076	3506.879983	0.000197	0.8
100	-0.081476	44.331076	3453.201395	0.000250	0.8
101	-0.076778	45.331076	3401.141311	0.000141	0.9
102	-0.081168	46.076829	3363.327800	0.000140	0.8
103	-0.082274	46.698469	3332.444118	0.000345	0.7
104	-0.082988	47.698469	3283.935844	0.000182	0.8
105	-0.081333	47.628792	3287.269932	0.000236	0.8
106	-0.081139	48.627245	3240.130562	0.000111	0.7
107	-0.079803	48.537271	3244.322949	0.000072	0.8
108	-0.077938	49.435225	3202.962197	0.000217	0.8
109	-0.081099	49.412520	3203.995025	0.000199	0.8
110	-0.076347	50.409535	3159.261076	0.000336	0.8
111	-0.083228	51.409535	3115.630619	0.000069	0.9
112	-0.082992	51.319551	3119.507245	0.000134	0.7
113	-0.082521	51.282376	3121.111604	0.000148	0.7
114	-0.075432	52.282359	3078.522113	0.000114	0.8
115	-0.081187	52.198501	3082.048974	0.000126	0.8
116	-0.078426	52.108628	3085.837731	0.000185	0.9
117	-0.080295	53.108367	3044.209095	0.000103	0.9
118	-0.076264	53.273952	3037.422353	0.000121	0.7
119	-0.084107	53.201930	3040.370567	0.000123	0.8
120	-0.079237	53.155393	3042.278590	0.000118	0.8
121	-0.079891	54.153973	3001.855451	0.000145	0.7
122	-0.082544	55.147602	2962.685068	0.000064	0.8
123	-0.076844	55.106261	2964.294388	0.000095	0.6
124	-0.080609	55.022693	2967.552894	0.000089	0.8
125	-0.085703	55.923073	2932.817863	0.000115	0.9
126	-0.078547	55.833925	2936.220736	0.000224	0.7
127	-0.075835	56.833924	2898.496574	0.000137	0.8
128	-0.081269	56.748520	2901.680478	0.000241	0.8
129	-0.082759	57.644308	2868.629271	0.000166	0.7
130	-0.077189	58.643575	2832.637338	0.000149	0.9
131	-0.079440	58.553592	2835.841334	0.000106	0.8
132	-0.081260	58.465411	2838.988176	0.000258	1.0
133	-0.079895	59.465064	2803.718171	0.000082	0.8
134	-0.077336	60.446756	2769.924496	0.000104	0.7
135	-0.085510	60.359344	2772.900465	0.000221	0.8
136	-0.079178	60.269358	2775.970786	0.000035	0.7
137	-0.080237	60.970193	2752.236564	0.000140	0.8
138	-0.079256	60.897576	2754.676942	0.000215	0.7
139	-0.082796	60.807589	2757.707043	0.000234	0.8
140	-0.079995	61.807567	2724.405161	0.000153	0.8
141	-0.080435	61.742458	2726.548979	0.000108	0.7
142	-0.081853	61.652726	2729.509038	0.000164	0.8
143	-0.078235	61.563307	2732.465189	0.000064	0.8
144	-0.083215	62.545167	2700.352058	0.000318	0.8
145	-0.078777	62.478977	2702.493135	0.000041	0.8
146	-0.081257	62.389011	2705.408787	0.000171	0.8
147	-0.083910	62.348016	2706.739459	0.000237	0.8
148	-0.076996	63.345100	2674.741793	0.000153	0.7
149	-0.081820	64.344608	2643.416706	0.000131	0.9
150	-0.081719	65.344076	2612.818082	0.000136	0.8
151	-0.083987	65.584868	2605.551857	0.000196	0.7
152	-0.083553	66.584864	2575.803091	0.000150	0.6
153	-0.082382	67.584369	2546.740073	0.000150	0.8
154	-0.081304	68.584366	2518.311765	0.000053	0.9
155	-0.082148	68.502013	2520.628926	0.000099	0.8
156	-0.077973	68.428949	2522.688290	0.000156	0.7
157	-0.083195	69.424756	2494.907073	0.000042	0.7
158	-0.080808	69.338177	2497.298161	0.000134	0.7
159	-0.081095	69.752383	2485.900172	0.000149	0.7
160	-0.077515	70.752158	2458.812616	0.000141	0.8
161	-0.082346	70.662229	2461.224934	0.000082	0.7
162	-0.078201	70.702509	2460.143837	0.000145	0.9
163	-0.079875	71.342848	2443.084321	0.000117	0.9
164	-0.081288	71.442444	2440.452172	0.000110	0.9
165	-0.082210	71.674725	2434.335405	0.000275	0.8
166	-0.086974	72.674719	2408.348430	0.000178	0.9
167	-0.081136	73.582512	2385.233361	0.000166	0.8
168	-0.081516	74.582374	2360.282060	0.000197	0.8
169	-0.077280	74.997425	2350.077237	0.000117	0.7
170	-0.079329	74.907438	2352.282239	0.000187	0.7
171	-0.077513	75.907389	2328.009919	0.000120	0.7
172	-0.084682	75.944239	2327.125010	0.000159	0.7
173	-0.082162	75.949464	2326.999586	0.000118	0.8
174	-0.076373	76.888325	2304.680997	0.000196	0.7
175	-0.081680	76.798338	2306.801603	0.000159	0.9
176	-0.081376	76.709162	2308.906952	0.000166	0.7
177	-0.079663	76.622975	2310.945390	0.000168	0.7
178	-0.075633	77.622961	2287.513588	0.000064	0.8
179	-0.080408	77.809647	2283.191668	0.000188	0.9
180	-0.080231	78.789463	2260.773395	0.000164	0.8
181	-0.081049	79.789458	2238.342857	0.000155	0.9
182	-0.080168	79.699471	2240.343083	0.000109	0.7
183	-0.078497	79.609973	2242.335993	0.000220	0.9
184	-0.077683	80.609965	2220.268099	0.000230	0.9
185	-0.075511	81.609965	2198.630161	0.000126	0.9
186	-0.077618	82.537455	2178.934786	0.000268	0.8
187	-0.079210	83.524823	2158.352019	0.000109	0.7
188	-0.078892	83.434836	2160.211784	0.000175	0.8
189	-0.081784	84.434778	2139.724370	0.000132	0.8
190	-0.083347	84.344805	2141.551871	0.000155	0.9
191	-0.081643	84.260598	2143.265078	0.000086	0.8
192	-0.077434	84.177091	2144.966746	0.000231	0.8
193	-0.082256	85.171618	2124.874498	0.000207	0.8
194	-0.084434	86.171618	2105.047659	0.000041	0.7
195	-0.081778	86.082428	2106.800973	0.000137	0.9
196	-0.081414	86.065019	2107.143543	0.000182	0.7
197	-0.083063	85.975032	2108.916071	0.000240	0.8
198	-0.080524	86.975032	2089.384555	0.000218	0.9
199	-0.079526	86.885044	2091.127318	0.000165	0.9
