1:ItNr	2:Metric	3a:Time	3b:StepSize	4:||Gradient||	Time[ms]
0	-0.037947	0.000000	2377.989774	0.000751	65.5
1	-0.039819	0.000000	2377.989774	0.000258	1.0
2	-0.039962	0.000000	2377.989774	0.000201	1.0
3	-0.041207	0.000000	2377.989774	0.000458	1.0
4	-0.040562	0.000000	2377.989774	0.000128	1.0
5	-0.038100	0.956256	2274.421695	0.000390	1.1
6	-0.039574	1.951344	2175.810921	0.000219	1.0
7	-0.041361	1.375362	2231.820189	0.000544	1.0
8	-0.039083	0.616144	2310.207855	0.000182	0.9
9	-0.036505	0.000000	2377.989774	0.000905	0.9
10	-0.033647	0.000000	2377.989774	0.000243	1.1
11	-0.036198	1.000000	2269.899330	0.000258	1.0
12	-0.041549	1.996136	2171.572898	0.000259	1.1
13	-0.040141	2.970882	2083.268576	0.000119	1.0
14	-0.042150	2.818639	2096.584331	0.000087	0.9
15	-0.035848	2.357249	2137.999439	0.000336	1.1
16	-0.041744	1.872365	2183.324066	0.000398	1.2
17	-0.041966	2.872233	2091.877467	0.000187	1.0
18	-0.035644	2.115109	2160.395804	0.000434	1.1
19	-0.039518	2.849043	2093.911494	0.000328	0.9
20	-0.036145	3.849043	2009.646249	0.000317	0.9
21	-0.040478	3.090363	2072.936162	0.000474	0.9
22	-0.037397	2.981765	2082.323163	0.000181	1.1
23	-0.038764	3.981587	1998.983669	0.000235	1.0
24	-0.039002	3.229287	2061.050519	0.000559	1.0
25	-0.035757	2.470115	2127.718006	0.000159	1.2
26	-0.036672	3.469784	2040.793857	0.000110	1.1
27	-0.039441	4.238530	1978.632914	0.000282	1.0
28	-0.042209	3.545030	2034.537544	0.000330	1.0
29	-0.036455	4.052380	1993.335004	0.000528	1.1
30	-0.040658	5.052380	1916.822421	0.000500	1.0
31	-0.036695	6.052380	1845.966458	0.000344	1.0
32	-0.039834	6.806468	1795.905388	0.000341	0.9
33	-0.038553	7.806292	1733.572132	0.000346	1.0
34	-0.038612	7.051064	1780.245664	0.000240	1.0
35	-0.039361	7.835564	1731.812354	0.000366	1.2
36	-0.039856	7.076401	1778.639101	0.000378	1.1
37	-0.040501	8.076397	1717.468162	0.000292	1.2
38	-0.043386	7.317179	1763.515522	0.000584	1.1
39	-0.039702	8.317179	1703.362548	0.000416	1.0
40	-0.039596	9.316815	1647.197618	0.000571	1.0
41	-0.039995	8.557596	1689.507664	0.000695	1.0
42	-0.037613	7.798378	1734.048568	0.000251	1.0
43	-0.042619	7.437767	1756.037490	0.000409	1.1
44	-0.042623	8.429073	1696.886106	0.000573	0.9
45	-0.036701	7.669854	1741.822076	0.000394	1.1
46	-0.038553	6.910636	1789.202720	0.000051	1.2
47	-0.038624	7.709062	1739.443305	0.000245	1.2
48	-0.040698	7.499916	1752.208177	0.000500	1.0
49	-0.042642	8.499915	1692.811145	0.000360	1.1
50	-0.037370	9.026448	1663.126642	0.000321	0.9
51	-0.039594	8.267636	1706.245940	0.000557	1.3
52	-0.040258	7.508417	1751.685636	0.000257	1.0
53	-0.041125	8.508258	1692.332565	0.000141	1.0
54	-0.040154	8.247146	1707.441325	0.000392	1.1
55	-0.038821	8.737912	1679.263339	0.000260	1.0
56	-0.038064	9.453641	1639.796876	0.000304	1.1
57	-0.039345	8.730831	1679.663267	0.000332	1.2
58	-0.038719	8.059892	1718.443607	0.000866	1.3
59	-0.040516	9.059501	1661.297882	0.000620	1.3
60	-0.037191	8.300282	1704.344854	0.000145	1.0
61	-0.038104	9.300257	1648.097756	0.000408	1.2
62	-0.036851	8.584794	1687.954485	0.000240	1.2
63	-0.039061	7.831027	1732.084867	0.000283	1.1
64	-0.041140	8.803528	1675.566218	0.000808	1.0
65	-0.040261	9.803528	1621.170948	0.000286	1.0
66	-0.037953	10.156890	1602.784671	0.000530	1.3
67	-0.036566	11.156212	1552.974752	0.000621	1.1
68	-0.040349	12.156212	1506.136628	0.000305	1.3
69	-0.043628	13.156212	1462.041089	0.000440	1.2
70	-0.039972	14.155785	1420.471329	0.000173	1.2
71	-0.033127	13.397532	1451.783962	0.000473	1.2
72	-0.037558	14.394452	1410.893021	0.000218	1.3
73	-0.036528	13.635806	1441.796532	0.000388	1.2
74	-0.040555	13.078175	1465.389085	0.000441	1.1
75	-0.037844	12.465447	1492.219270	0.000224	1.1
76	-0.039868	13.448027	1449.655903	0.000333	1.2
77	-0.038169	12.688981	1482.318077	0.000510	1.1
78	-0.040337	13.687583	1439.644408	0.000725	1.0
79	-0.038618	12.928365	1471.859488	0.000307	1.2
80	-0.036015	13.916950	1430.187481	0.000165	1.3
81	-0.039311	14.860054	1392.574195	0.000374	1.4
82	-0.039292	15.193344	1379.750516	0.000247	1.1
83	-0.038406	14.434163	1409.311822	0.000396	1.1
84	-0.039262	13.675114	1440.162119	0.000384	1.0
85	-0.039930	12.915895	1472.400631	0.000487	1.3
86	-0.039296	12.157452	1506.080312	0.000267	1.2
87	-0.036911	11.410396	1540.795262	0.000493	1.0
88	-0.039727	12.410378	1494.678847	0.000235	1.0
89	-0.040062	13.130322	1463.150119	0.000353	0.9
90	-0.041816	12.930589	1471.763015	0.000248	1.0
91	-0.037512	13.834962	1433.553607	0.000147	0.9
92	-0.038697	14.679173	1399.634049	0.000309	0.9
93	-0.039076	15.625218	1363.480883	0.000350	1.1
94	-0.039236	15.030617	1385.981958	0.000401	1.0
95	-0.037082	16.030218	1348.568492	0.000516	0.9
96	-0.038160	16.976856	1314.953131	0.000313	0.9
97	-0.040700	16.976045	1314.981197	0.000396	0.9
98	-0.039330	17.970220	1281.434517	0.000202	1.0
99	-0.039253	17.215227	1306.750978	0.000366	0.9
100	-0.039671	18.119086	1276.558086	0.000254	1.0
101	-0.038851	17.364968	1301.650642	0.000471	1.0
102	-0.040042	18.364439	1268.601479	0.000253	0.9
103	-0.039715	17.605252	1293.548999	0.000473	1.0
104	-0.038389	18.605244	1260.888211	0.000351	1.0
105	-0.037594	17.846179	1285.526320	0.000059	1.0
106	-0.039177	18.188828	1274.286281	0.000403	1.1
107	-0.037586	19.059868	1246.578867	0.000611	1.1
108	-0.043320	20.048961	1216.542007	0.000266	0.9
109	-0.038693	19.289750	1239.466243	0.000430	0.9
110	-0.038533	20.289643	1209.450642	0.000508	1.0
111	-0.037335	19.530424	1232.106150	0.000025	1.0
112	-0.037407	19.836166	1222.881348	0.000598	1.0
113	-0.039673	19.937339	1219.859090	0.000281	0.9
114	-0.037552	19.185901	1242.669299	0.000504	0.9
115	-0.038227	18.426682	1266.598722	0.000359	0.9
116	-0.037700	19.420991	1235.441892	0.000426	0.9
117	-0.038664	20.420987	1205.615544	0.000523	0.9
118	-0.037385	19.661768	1228.126270	0.000314	1.0
119	-0.037378	18.902558	1251.493327	0.000428	1.0
120	-0.040626	18.336262	1269.510186	0.000264	1.0
121	-0.037324	17.577119	1294.492337	0.000528	0.9
122	-0.041079	16.818016	1320.476058	0.000160	1.0
123	-0.038612	16.829366	1320.079886	0.000316	1.0
124	-0.036927	17.805015	1286.889986	0.000369	1.0
125	-0.040722	17.046197	1312.556544	0.000491	1.0
126	-0.038271	18.046197	1278.941067	0.000326	1.1
127	-0.041442	19.046177	1247.005050	0.000332	1.0
128	-0.041814	18.705065	1257.718275	0.000321	1.1
129	-0.042254	19.700102	1226.969526	0.000196	0.9
130	-0.039758	20.658530	1198.740944	0.000289	0.8
131	-0.037825	19.900999	1220.942923	0.000455	1.0
132	-0.036066	20.852981	1193.171534	0.000324	1.1
133	-0.039708	20.093765	1215.215620	0.000144	0.9
134	-0.037195	19.470948	1233.916870	0.000569	1.1
135	-0.040541	20.461203	1204.446129	0.000601	1.0
136	-0.038267	21.461203	1176.080325	0.000393	1.1
137	-0.040824	22.461203	1149.019861	0.000298	1.0
138	-0.038166	21.707623	1169.294426	0.000235	1.0
139	-0.038674	21.032865	1188.065224	0.000090	1.0
140	-0.040187	20.809691	1194.406950	0.000301	0.9
141	-0.036123	21.740664	1168.390500	0.000324	1.0
142	-0.039398	22.054479	1159.874339	0.000382	0.9
143	-0.039642	23.052225	1133.604157	0.000226	0.9
144	-0.040533	22.619778	1144.842717	0.000405	1.0
145	-0.040694	21.921761	1163.460786	0.000209	1.0
146	-0.036468	21.588925	1172.553321	0.000271	1.0
147	-0.041794	22.582048	1145.833848	0.000392	1.0
148	-0.038264	21.822867	1166.147633	0.000273	0.8
149	-0.039901	22.046828	1160.080501	0.000099	1.0
150	-0.039472	22.881532	1138.013707	0.000276	0.9
151	-0.037726	22.205936	1155.808424	0.000316	1.0
152	-0.038538	23.201737	1129.769753	0.000204	0.9
153	-0.037441	22.800253	1140.125488	0.000424	0.9
154	-0.036824	22.043110	1160.180705	0.000514	0.9
155	-0.035646	23.043110	1133.838771	0.000110	0.9
156	-0.043660	24.038461	1108.780908	0.000360	0.9
157	-0.041515	23.330628	1126.484942	0.000568	1.0
158	-0.041715	22.571410	1146.113603	0.000434	1.0
159	-0.038501	21.816206	1166.329047	0.000383	1.0
160	-0.041886	22.816206	1139.710390	0.000502	1.1
161	-0.039136	22.059721	1159.733126	0.000249	1.0
162	-0.041265	22.694521	1142.884368	0.000626	0.9
163	-0.042912	23.690502	1117.413838	0.000608	0.9
164	-0.041124	24.690502	1092.957686	0.000462	0.9
165	-0.040691	25.690502	1069.549120	0.000322	1.1
166	-0.038973	26.690498	1047.122324	0.000231	1.0
167	-0.037308	27.588663	1027.766190	0.000362	1.1
168	-0.041347	28.335025	1012.217693	0.000122	0.9
169	-0.037567	29.234991	994.083701	0.000079	0.9
170	-0.039482	29.570015	987.497931	0.000115	0.8
171	-0.039103	29.161804	995.534086	0.000146	0.9
172	-0.039936	29.689213	985.175796	0.000445	1.0
173	-0.038669	29.043413	997.889272	0.000144	1.0
174	-0.038364	28.284743	1013.250400	0.000243	1.0
175	-0.039332	27.546861	1028.651162	0.000350	1.1
176	-0.035950	28.546809	1007.891054	0.000396	1.0
177	-0.040506	29.546787	987.951727	0.000378	1.0
178	-0.043011	28.787603	1003.016459	0.000495	0.9
179	-0.040479	29.786694	983.284828	0.000334	0.9
180	-0.037630	29.031399	998.128904	0.000285	1.0
181	-0.043441	29.989248	979.378739	0.000201	1.0
182	-0.036970	29.238878	994.006786	0.000127	1.0
183	-0.036960	28.588449	1007.044716	0.000528	0.8
184	-0.041142	27.831064	1022.664282	0.000372	0.9
185	-0.042148	28.827234	1002.218694	0.000476	0.9
186	-0.041818	28.068106	1017.723914	0.000366	0.9
187	-0.038508	29.068106	997.397127	0.000295	0.9
188	-0.040810	29.528062	988.317853	0.000338	1.2
189	-0.040629	30.525841	969.179432	0.000508	1.0
190	-0.040539	29.766622	983.673585	0.000101	0.9
191	-0.038186	30.541345	968.887893	0.000175	1.0
192	-0.039798	30.066472	977.897704	0.000161	0.9
193	-0.036512	30.685725	966.181379	0.000595	1.0
194	-0.040209	31.680081	947.944354	0.000235	1.0
195	-0.039273	30.923248	961.761586	0.000126	0.9
196	-0.039230	30.266648	974.079391	0.000650	0.9
197	-0.038850	29.507470	988.720789	0.000315	0.8
198	-0.038927	30.506389	969.545461	0.000352	0.9
199	-0.039655	29.887331	981.340236	0.000307	1.0
