1:ItNr	2:Metric	3a:Time	3b:StepSize	4:||Gradient||	Time[ms]
0	-0.639943	0.000000	28148.372541	0.000609	71.3
1	-0.643427	0.000000	28148.372541	0.000582	3.2
2	-0.641445	1.000000	26868.901062	0.000626	3.7
3	-0.640095	2.000000	25700.687973	0.000606	3.1
4	-0.640028	3.000000	24629.825974	0.000503	3.3
5	-0.646782	4.000000	23644.632935	0.000500	3.1
6	-0.644890	5.000000	22735.223976	0.000523	3.8
7	-0.643784	6.000000	21893.178643	0.000452	3.6
8	-0.650532	7.000000	21111.279406	0.000320	3.1
9	-0.645332	8.000000	20383.304254	0.000223	3.4
10	-0.645589	9.000000	19703.860779	0.000099	3.5
11	-0.644043	10.000000	19068.252367	0.000089	3.3
12	-0.645192	9.988650	19075.236525	0.000162	3.2
13	-0.640679	10.988650	18478.923874	0.000090	3.7
14	-0.645162	11.988650	17918.763819	0.000083	3.5
15	-0.645728	11.977299	17924.931182	0.000152	3.4
16	-0.645585	12.977299	17397.375094	0.000145	3.2
17	-0.647226	13.977299	16899.984634	0.000131	3.6
18	-0.650272	14.977299	16430.244412	0.000048	3.4
19	-0.646498	15.977103	15985.995861	0.000088	3.3
20	-0.651079	15.965757	15990.902627	0.000117	3.3
21	-0.646655	16.965757	15569.709852	0.000077	3.5
22	-0.647557	17.965757	15170.135688	0.000142	3.3
23	-0.644039	18.965757	14790.557349	0.000152	3.8
24	-0.647825	19.965757	14429.510505	0.000083	3.9
25	-0.645228	20.965757	14085.670396	0.000055	3.1
26	-0.642181	21.901123	13778.562853	0.000071	3.3
27	-0.648573	21.990781	13749.827652	0.000049	3.2
28	-0.644077	22.029029	13737.605360	0.000018	3.6
29	-0.646179	22.023451	13739.386379	0.000070	3.2
30	-0.649501	22.029220	13737.544534	0.000042	3.3
31	-0.647304	22.967050	13444.518732	0.000057	3.4
32	-0.641421	23.042303	13421.546716	0.000095	3.8
33	-0.642381	23.887792	13168.743549	0.000058	3.3
34	-0.642052	24.887564	12881.830466	0.000122	3.3
35	-0.647279	24.876214	12885.017573	0.000114	3.2
36	-0.644946	25.876214	12610.144317	0.000063	3.7
37	-0.640626	26.827616	12359.299236	0.000044	3.3
38	-0.645168	26.816729	12362.113332	0.000125	3.4
39	-0.644765	27.816714	12108.881784	0.000074	3.5
40	-0.650609	28.816714	11865.813128	0.000084	4.1
41	-0.643969	28.805364	11868.517261	0.000056	4.3
42	-0.643851	29.804980	11634.997637	0.000059	3.6
43	-0.648175	29.793632	11637.597026	0.000095	4.1
44	-0.648080	30.793629	11412.905975	0.000068	3.6
45	-0.646582	31.793628	11196.726619	0.000052	3.6
46	-0.644603	31.782299	11199.129838	0.000048	3.4
47	-0.645139	32.478022	11053.434736	0.000078	3.6
48	-0.644972	32.466689	11055.777705	0.000094	3.7
49	-0.646719	33.466689	10852.795337	0.000046	3.5
50	-0.649255	33.455338	10855.057415	0.000134	3.4
51	-0.645362	34.455338	10659.313309	0.000114	3.6
52	-0.645669	35.455337	10470.503816	0.000034	3.3
53	-0.646452	36.426893	10293.362388	0.000127	3.2
54	-0.644950	36.415557	10295.394775	0.000101	3.6
55	-0.643821	37.415557	10119.150717	0.000104	3.3
56	-0.643923	38.415510	9948.847091	0.000112	3.1
57	-0.643272	39.415510	9784.173366	0.000052	3.7
58	-0.646163	40.324387	9639.164040	0.000077	3.4
59	-0.641230	40.313831	9640.823587	0.000047	3.1
60	-0.648481	40.302487	9642.607525	0.000145	3.3
61	-0.646151	40.852981	9556.788011	0.000099	3.4
62	-0.651552	41.852981	9404.738133	0.000055	3.5
63	-0.648430	42.826974	9261.222756	0.000054	3.2
64	-0.642158	43.370733	9182.990474	0.000076	3.6
65	-0.646617	43.359476	9184.596527	0.000076	3.3
66	-0.645108	44.358296	9044.235539	0.000034	3.5
67	-0.646397	45.106876	8941.820532	0.000080	3.4
68	-0.643112	46.078891	8812.247985	0.000082	3.7
69	-0.648600	46.067550	8813.738106	0.000077	3.1
70	-0.646255	47.067541	8684.254057	0.000084	3.5
71	-0.652428	47.056208	8685.700266	0.000095	3.6
72	-0.646712	48.056208	8559.923011	0.000052	3.2
73	-0.644047	48.044858	8561.330169	0.000098	3.2
74	-0.643420	49.044734	8439.118721	0.000125	3.7
75	-0.647111	50.044734	8320.332736	0.000052	3.4
76	-0.644996	51.044660	8204.852674	0.000173	3.4
77	-0.648135	51.033310	8206.145512	0.000120	3.5
78	-0.642624	52.033310	8093.783830	0.000028	3.3
79	-0.647895	52.030049	8094.145231	0.000026	3.3
80	-0.644435	52.025933	8094.601438	0.000065	3.3
81	-0.641626	52.021604	8095.081292	0.000111	3.7
82	-0.639914	53.021604	7985.720285	0.000160	3.4
83	-0.641458	54.021604	7879.274676	0.000084	3.1
84	-0.644396	55.021604	7775.629472	0.000037	3.3
85	-0.646815	55.992264	7677.600234	0.000129	3.7
86	-0.644623	56.992226	7579.163347	0.000095	3.4
87	-0.648569	57.431325	7536.731343	0.000042	3.2
88	-0.646366	57.537504	7526.542038	0.000101	3.5
89	-0.647301	58.499148	7435.498868	0.000030	3.6
90	-0.646297	58.487805	7436.559947	0.000057	3.4
91	-0.648665	58.478431	7437.436980	0.000057	3.3
92	-0.645850	59.175354	7372.787215	0.000094	3.6
93	-0.641962	59.164004	7373.831115	0.000135	3.4
94	-0.646707	60.164004	7282.980113	0.000113	3.3
95	-0.645305	61.164004	7194.340565	0.000054	3.4
96	-0.647600	62.161384	7108.056591	0.000073	3.4
97	-0.649030	62.150101	7109.021090	0.000121	3.5
98	-0.649339	63.150101	7024.540845	0.000128	3.3
99	-0.647945	63.138751	7025.488453	0.000232	3.2
100	-0.643206	64.138751	6942.970347	0.000107	3.7
101	-0.646987	65.138751	6862.368176	0.000040	3.4
102	-0.648681	65.127479	6863.266267	0.000089	3.4
103	-0.648900	66.056860	6789.997091	0.000027	3.2
104	-0.645603	66.989570	6718.021516	0.000080	3.8
105	-0.647453	66.986820	6718.231502	0.000097	3.1
106	-0.645347	67.986820	6642.734574	0.000075	3.5
107	-0.646992	68.986820	6568.915601	0.000093	3.6
108	-0.647208	69.986437	6496.746564	0.000061	3.6
109	-0.646673	70.986426	6426.120136	0.000041	3.5
110	-0.644573	71.306851	6403.813146	0.000029	3.3
111	-0.645712	71.489301	6391.180556	0.000059	3.4
112	-0.645481	71.478061	6391.957339	0.000060	3.6
113	-0.647123	72.477465	6323.618447	0.000102	3.3
114	-0.646205	73.413889	6260.898991	0.000107	3.3
115	-0.641033	74.413889	6195.280672	0.000069	3.4
116	-0.650355	74.402547	6196.017228	0.000038	3.5
117	-0.643838	74.395712	6196.461164	0.000079	3.2
118	-0.645727	74.384615	6197.182012	0.000016	3.3
119	-0.648404	74.606163	6182.821333	0.000115	3.4
120	-0.646905	75.204018	6144.398480	0.000118	3.3
121	-0.647772	76.204018	6081.187117	0.000047	3.5
122	-0.641961	77.203803	6019.276308	0.000061	3.2
123	-0.649227	77.192456	6019.971854	0.000087	3.6
124	-0.647227	77.204305	6019.245550	0.000067	3.3
125	-0.644214	78.204289	5958.571216	0.000075	3.5
126	-0.651236	78.192953	5959.252217	0.000101	3.2
127	-0.643803	79.192953	5899.774459	0.000218	3.8
128	-0.646039	80.192953	5841.472232	0.000073	3.5
129	-0.644507	81.192953	5784.311028	0.000061	3.4
130	-0.643542	81.181602	5784.953544	0.000051	3.0
131	-0.644810	81.170289	5785.594117	0.000011	3.5
132	-0.645369	81.189653	5784.497829	0.000022	3.6
133	-0.644639	81.198113	5784.018981	0.000040	3.5
134	-0.643292	81.189271	5784.519434	0.000114	3.6
135	-0.646366	82.188064	5728.529040	0.000045	3.3
136	-0.643487	83.188011	5673.549377	0.000059	3.2
137	-0.647419	83.176784	5674.160789	0.000024	3.2
138	-0.649961	83.166267	5674.733697	0.000079	3.7
139	-0.647818	83.155451	5675.322946	0.000070	3.4
140	-0.642040	84.155449	5621.352300	0.000109	3.2
141	-0.648150	84.144098	5621.959124	0.000116	3.2
142	-0.644209	85.144098	5568.993776	0.000041	3.7
143	-0.645246	85.134756	5569.483961	0.000109	3.4
144	-0.647424	85.420101	5554.550503	0.000072	3.4
145	-0.645526	86.358619	5505.993183	0.000096	3.4
146	-0.648193	86.347472	5506.564918	0.000111	3.8
147	-0.642917	86.336122	5507.147211	0.000058	3.1
148	-0.647961	87.336121	5456.313353	0.000065	3.5
149	-0.645804	87.324778	5456.884675	0.000090	3.3
150	-0.646060	87.313428	5457.456508	0.000034	3.4
151	-0.646238	87.310642	5457.596909	0.000047	3.2
152	-0.647218	87.307632	5457.748542	0.000051	3.5
153	-0.647069	88.275569	5409.405132	0.000050	3.3
154	-0.646591	88.432074	5401.668809	0.000068	3.5
155	-0.648689	89.426943	5353.003611	0.000065	3.4
156	-0.644141	89.415593	5353.553871	0.000045	3.1
157	-0.639803	89.404259	5354.103432	0.000050	3.5
158	-0.644552	89.412760	5353.691222	0.000100	3.5
159	-0.646118	90.177094	5316.884998	0.000098	3.4
160	-0.650241	91.176588	5269.511533	0.000126	3.4
161	-0.648956	92.176588	5222.951448	0.000063	3.6
162	-0.646263	93.167522	5177.618038	0.000057	3.4
163	-0.647927	94.157959	5133.087005	0.000041	3.3
164	-0.645308	94.147915	5133.534773	0.000047	3.7
165	-0.644852	94.136676	5134.035842	0.000064	4.0
166	-0.648206	94.857681	5102.085750	0.000052	3.4
167	-0.646742	94.918240	5099.420290	0.000080	3.3
168	-0.644964	94.907820	5099.878710	0.000039	3.5
169	-0.643093	94.911578	5099.713384	0.000065	3.8
170	-0.644165	94.900840	5100.185857	0.000039	3.2
171	-0.646443	95.023009	5094.815499	0.000069	3.4
172	-0.647489	95.018527	5095.012292	0.000087	3.3
173	-0.644432	96.017851	5051.501271	0.000071	3.6
174	-0.650408	97.017851	5008.698419	0.000052	3.2
175	-0.648466	97.980264	4968.183811	0.000108	3.3
176	-0.649775	97.968916	4968.657726	0.000061	3.2
177	-0.644652	98.968916	4927.241525	0.000099	3.5
178	-0.643822	98.979406	4926.810707	0.000116	3.3
179	-0.642378	99.979406	4886.086336	0.000100	3.3
180	-0.643084	100.869983	4850.380766	0.000055	3.1
181	-0.649435	101.869982	4810.905106	0.000062	3.6
182	-0.645995	101.860260	4811.285777	0.000078	3.4
183	-0.643617	101.851329	4811.635550	0.000133	3.4
184	-0.645141	102.851329	4772.785458	0.000038	3.3
185	-0.645345	103.851317	4734.558161	0.000110	3.6
186	-0.647010	104.844750	4697.183015	0.000113	3.5
187	-0.642690	105.844750	4660.152054	0.000103	3.2
188	-0.647111	106.844750	4623.700405	0.000049	3.4
189	-0.646645	107.844740	4587.814927	0.000069	3.5
190	-0.642069	107.833391	4588.219102	0.000073	3.9
191	-0.646960	108.761224	4555.411899	0.000080	3.9
192	-0.643309	108.749874	4555.810398	0.000035	3.4
193	-0.647773	109.033810	4545.862535	0.000105	3.3
194	-0.642323	109.180840	4540.728306	0.000074	3.4
195	-0.642024	110.174950	4506.316358	0.000124	3.6
196	-0.641033	111.174830	4472.226843	0.000046	3.4
197	-0.650462	112.174814	4438.645752	0.000083	3.3
198	-0.646155	113.170154	4405.717700	0.000096	3.4
199	-0.645956	114.170102	4373.125534	0.000063	3.6
