1:ItNr	2:Metric	3a:Time	3b:StepSize	4:||Gradient||	Time[ms]
0	-0.289605	0.000000	33715.277460	0.001039	18.4
1	-0.320435	0.000000	33715.277460	0.000040	0.8
2	-0.319871	0.000000	33715.277460	0.000185	0.8
3	-0.316171	0.722774	32593.481411	0.000142	1.0
4	-0.326047	1.722774	31159.084291	0.000115	0.8
5	-0.319144	2.714772	29855.687428	0.000208	0.8
6	-0.308424	3.714772	28647.677612	0.000063	0.7
7	-0.306365	4.606983	27649.521722	0.000125	0.8
8	-0.312212	5.483379	26734.534960	0.000098	0.7
9	-0.310284	5.448126	26770.169587	0.000087	0.7
10	-0.313009	6.442603	25800.061151	0.000090	0.8
11	-0.319156	7.441531	24893.906702	0.000014	0.9
12	-0.311101	7.444424	24891.375137	0.000141	0.9
13	-0.321179	7.496040	24846.288076	0.000302	0.8
14	-0.307855	8.496040	24003.927956	0.000155	0.8
15	-0.307566	9.496040	23216.811737	0.000163	0.8
16	-0.307667	10.496040	22479.677433	0.000084	0.9
17	-0.317351	10.460758	22504.888044	0.000157	0.8
18	-0.303147	11.460758	21811.592860	0.000101	0.8
19	-0.307363	11.461207	21811.290688	0.000115	1.0
20	-0.321607	11.426121	21834.891241	0.000018	1.0
21	-0.314225	11.398074	21853.793423	0.000197	0.8
22	-0.322005	12.296717	21263.982945	0.000087	0.7
23	-0.319020	12.263675	21285.105390	0.000183	1.0
24	-0.311545	12.237452	21301.898418	0.000051	0.8
25	-0.325325	12.202198	21324.516472	0.000069	0.8
26	-0.321941	12.179968	21338.803772	0.000112	1.0
27	-0.321114	13.024030	20809.434377	0.000084	1.0
28	-0.308679	12.993214	20828.299248	0.000093	0.9
29	-0.310124	13.993100	20233.155028	0.000136	0.9
30	-0.315840	13.957818	20253.576251	0.000100	0.9
31	-0.315160	14.957815	19690.318436	0.000073	0.8
32	-0.314242	15.957518	19157.693981	0.000095	0.9
33	-0.313916	15.922473	19175.877618	0.000139	0.9
34	-0.308233	15.889304	19193.119572	0.000098	0.8
35	-0.307705	15.857550	19209.655180	0.000193	0.8
36	-0.317788	16.857550	18702.235784	0.000222	0.9
37	-0.313096	17.857550	18220.933289	0.000098	0.7
38	-0.321990	17.822267	18237.492978	0.000102	0.8
39	-0.320727	18.822250	17779.528535	0.000146	0.8
40	-0.312198	18.786967	17795.295274	0.000074	0.8
41	-0.309245	19.786966	17358.997342	0.000113	0.9
42	-0.322471	19.769325	17366.508525	0.000098	0.8
43	-0.313940	19.734042	17381.550885	0.000101	0.8
44	-0.316177	20.734039	16965.068258	0.000140	0.7
45	-0.307869	20.699537	16979.105191	0.000076	0.9
46	-0.316791	21.649108	16601.070053	0.000213	0.8
47	-0.311525	22.648622	16220.920573	0.000054	0.8
48	-0.319066	23.648622	15857.618880	0.000214	0.9
49	-0.309547	23.614515	15869.741721	0.000117	1.0
50	-0.320075	24.614515	15521.831813	0.000089	1.0
51	-0.309351	25.614482	15188.859551	0.000081	0.8
52	-0.316813	26.613870	14870.054177	0.000108	0.9
53	-0.314470	26.578587	14881.081325	0.000131	0.9
54	-0.312065	27.370571	14637.429564	0.000072	0.8
55	-0.315658	28.245166	14377.468622	0.000088	0.9
56	-0.318644	29.237263	14093.539072	0.000050	1.0
57	-0.314328	30.224005	13822.051387	0.000031	0.9
58	-0.318284	30.198565	13828.919413	0.000095	0.8
59	-0.308800	30.163736	13838.333073	0.000073	0.9
60	-0.308621	31.162152	13573.459020	0.000087	1.1
61	-0.314800	31.126918	13582.633547	0.000135	0.7
62	-0.306222	32.125127	13327.418970	0.000162	0.9
63	-0.313137	32.089844	13336.276183	0.000102	0.9
64	-0.306531	33.089844	13089.718324	0.000131	0.9
65	-0.321768	33.054590	13098.255318	0.000060	1.0
66	-0.307926	33.019308	13106.810418	0.000179	0.9
67	-0.307729	32.984025	13115.376678	0.000177	1.0
68	-0.311213	33.984025	12876.846003	0.000125	0.8
69	-0.309299	34.984025	12646.836712	0.000136	0.8
70	-0.308670	34.948894	12654.777898	0.000125	1.0
71	-0.318688	35.948894	12432.565016	0.000093	0.9
72	-0.324084	36.948893	12218.021544	0.000083	1.0
73	-0.310705	37.947786	12010.982519	0.000141	1.0
74	-0.315526	38.919117	11816.276093	0.000085	0.9
75	-0.315618	38.883834	11823.238074	0.000061	1.0
76	-0.318808	38.970438	11806.164021	0.000119	0.9
77	-0.309328	39.258798	11749.667288	0.000081	1.2
78	-0.319345	40.207359	11567.576747	0.000041	0.9
79	-0.313507	41.039370	11412.443938	0.000115	0.9
80	-0.314608	41.055662	11409.447671	0.000162	0.8
81	-0.312038	41.415067	11343.748647	0.000042	0.8
82	-0.304290	42.414254	11165.010761	0.000142	0.8
83	-0.311480	42.388445	11169.556677	0.000135	0.9
84	-0.323185	43.388445	10996.085230	0.000069	0.7
85	-0.315655	43.359541	11001.023573	0.000116	1.0
86	-0.303713	43.908211	10908.031700	0.000069	0.9
87	-0.305301	44.896782	10744.391475	0.000075	0.8
88	-0.311671	45.070618	10716.122282	0.000163	0.7
89	-0.315843	45.282704	10681.833766	0.000239	0.8
90	-0.303559	46.282133	10523.162592	0.000067	0.7
91	-0.313556	46.277146	10523.942723	0.000089	0.8
92	-0.312994	46.241871	10529.463483	0.000083	0.9
93	-0.321903	46.206633	10534.984336	0.000122	0.9
94	-0.314538	47.206633	10380.527524	0.000091	1.0
95	-0.306483	47.690475	10307.409146	0.000140	0.9
96	-0.307303	47.655192	10312.706247	0.000093	0.9
97	-0.312579	48.651268	10165.225179	0.000045	0.9
98	-0.313336	49.623217	10025.326791	0.000106	0.7
99	-0.310004	50.287937	9931.846233	0.000065	0.9
100	-0.305981	51.279837	9795.550946	0.000041	0.9
101	-0.309644	51.836726	9720.656969	0.000104	1.0
102	-0.305939	52.221851	9669.529181	0.000045	1.1
103	-0.311171	52.189576	9673.793256	0.000144	1.0
104	-0.302506	53.189179	9543.451459	0.000136	1.0
105	-0.298486	53.185190	9543.964593	0.000034	0.8
106	-0.315927	54.177639	9417.970993	0.000043	1.0
107	-0.320329	54.149365	9421.514454	0.000194	1.0
108	-0.305163	54.114129	9425.934031	0.000089	1.0
109	-0.311529	55.114129	9302.094553	0.000091	1.0
110	-0.310169	55.078903	9306.401621	0.000088	1.0
111	-0.307978	55.043632	9310.718138	0.000075	0.8
112	-0.314638	55.559881	9247.935282	0.000044	0.9
113	-0.317131	55.525145	9252.133061	0.000045	0.9
114	-0.309098	55.491100	9256.251022	0.000076	1.0
115	-0.326593	55.461578	9259.824930	0.000030	0.9
116	-0.305656	55.500070	9255.165753	0.000127	0.9
117	-0.317320	55.465012	9259.409056	0.000064	0.9
118	-0.314372	55.429730	9263.683493	0.000091	0.9
119	-0.318598	56.428445	9144.195387	0.000172	1.1
120	-0.316129	56.393189	9148.360876	0.000160	0.9
121	-0.312049	56.364093	9151.801589	0.000099	1.1
122	-0.306434	57.364093	9035.015938	0.000011	0.9
123	-0.305587	57.402867	9030.547617	0.000105	0.9
124	-0.316052	57.591073	9008.921723	0.000117	0.9
125	-0.307729	57.555851	9012.961117	0.000040	0.9
126	-0.303455	57.595671	9008.394664	0.000048	0.9
127	-0.318007	57.981215	8964.420497	0.000098	1.0
128	-0.320316	58.841460	8867.834186	0.000093	0.8
129	-0.306121	58.806197	8871.752444	0.000203	1.0
130	-0.319102	59.806185	8761.963344	0.000178	0.9
131	-0.314774	59.770902	8765.790789	0.000144	0.9
132	-0.310376	60.770902	8658.591399	0.000080	0.8
133	-0.315124	61.770825	8553.990220	0.000132	0.9
134	-0.309583	61.735542	8557.638065	0.000178	0.8
135	-0.310729	62.735542	8455.439677	0.000071	1.1
136	-0.310969	63.735542	8355.653514	0.000101	1.2
137	-0.313989	64.297648	8300.590249	0.000177	1.3
138	-0.327097	65.297643	8204.405139	0.000094	1.5
139	-0.309999	66.285952	8111.509498	0.000123	1.1
140	-0.313510	66.250669	8114.789660	0.000179	1.2
141	-0.321111	66.215386	8118.072477	0.000132	1.0
142	-0.307529	67.215385	8026.046976	0.000066	1.0
143	-0.315137	68.215361	7936.086567	0.000123	1.2
144	-0.317977	68.180088	7939.225513	0.000012	1.0
145	-0.310254	68.408816	7918.915168	0.000090	1.1
146	-0.307628	68.381253	7921.357154	0.000037	1.3
147	-0.318592	68.583900	7903.438324	0.000149	1.3
148	-0.313632	69.562551	7818.030923	0.000063	1.1
149	-0.312807	70.562396	7732.659480	0.000094	1.0
150	-0.302868	70.532700	7735.168178	0.000133	1.1
151	-0.306688	71.532700	7651.574291	0.000102	1.1
152	-0.309527	72.532700	7569.767895	0.000114	1.0
153	-0.322033	73.532698	7489.692384	0.000141	1.0
154	-0.311229	73.497415	7492.488830	0.000150	0.9
155	-0.314030	73.462132	7495.287366	0.000078	0.8
156	-0.308677	74.462132	7416.771558	0.000127	0.9
157	-0.310811	74.426859	7419.513025	0.000100	0.8
158	-0.315234	75.426853	7342.569061	0.000084	0.7
159	-0.300986	76.426847	7267.204552	0.000078	1.0
160	-0.314742	77.426452	7193.399846	0.000109	0.9
161	-0.315444	78.277521	7131.733571	0.000108	1.1
162	-0.325688	79.277521	7060.613609	0.000077	0.8
163	-0.308957	79.242241	7063.098570	0.000131	0.8
164	-0.317359	79.206964	7065.585045	0.000075	0.8
165	-0.318950	80.206959	6995.772147	0.000063	0.9
166	-0.321133	81.067262	6936.806304	0.000165	0.8
167	-0.308953	81.031979	6939.205058	0.000133	1.0
168	-0.314851	82.019068	6872.716256	0.000077	0.8
169	-0.323064	83.006729	6807.452095	0.000072	0.9
170	-0.308480	83.717966	6761.216405	0.000096	0.8
171	-0.312292	84.657138	6701.116867	0.000115	0.8
172	-0.313091	84.621921	6703.351133	0.000102	1.0
173	-0.309802	84.587289	6705.549828	0.000053	0.8
174	-0.317508	84.552008	6707.791137	0.000153	0.8
175	-0.319645	84.516860	6710.025557	0.000072	1.0
176	-0.316338	85.507769	6647.597926	0.000072	1.1
177	-0.317813	85.644835	6639.054062	0.000132	1.0
178	-0.313504	86.643479	6577.461392	0.000094	0.9
179	-0.318967	87.643479	6516.919690	0.000058	0.8
180	-0.313996	87.608198	6519.036698	0.000052	0.8
181	-0.316849	87.573629	6521.112294	0.000119	0.9
182	-0.306131	87.977494	6496.945392	0.000110	0.9
183	-0.308108	87.942211	6499.049537	0.000078	0.9
184	-0.321363	88.925513	6440.914437	0.000051	0.8
185	-0.316516	89.248286	6422.057479	0.000124	0.8
186	-0.323112	90.246846	6364.412595	0.000091	0.8
187	-0.315196	91.246846	6307.712451	0.000033	0.9
188	-0.313779	91.223915	6309.001320	0.000049	0.8
189	-0.316636	91.196080	6310.566543	0.000036	0.8
190	-0.318934	91.235020	6308.377093	0.000033	1.1
191	-0.313299	91.204229	6310.108219	0.000054	1.0
192	-0.317820	91.452095	6296.199545	0.000006	0.9
193	-0.311873	91.444123	6296.645904	0.000121	0.8
194	-0.313445	91.466383	6295.399610	0.000127	0.8
195	-0.319672	92.466165	6239.929119	0.000095	0.8
196	-0.316251	93.420677	6187.874823	0.000083	0.7
197	-0.318386	93.385394	6189.783499	0.000088	0.8
198	-0.309540	93.350123	6191.692719	0.000166	0.9
199	-0.308332	93.314841	6193.603757	0.000097	0.8
