1:ItNr	2:Metric	3a:Time	3b:StepSize	4:||Gradient||	Time[ms]
0	-0.411964	0.000000	34799.930807	0.000995	75.4
1	-0.440392	0.000000	34799.930807	0.000797	3.5
2	-0.449727	0.000000	34799.930807	0.001018	3.6
3	-0.431669	1.000000	33218.115771	0.001880	3.4
4	-0.400882	2.000000	31773.849868	0.001986	4.0
5	-0.431382	3.000000	30449.939456	0.001914	3.3
6	-0.410184	4.000000	29231.941878	0.001943	3.3
7	-0.429522	5.000000	28107.636421	0.001906	3.1
8	-0.416702	6.000000	27066.612850	0.002096	3.9
9	-0.422217	7.000000	26099.948106	0.002118	3.1
10	-0.415469	8.000000	25199.949895	0.002173	3.4
11	-0.424263	9.000000	24359.951565	0.002265	3.1
12	-0.414672	10.000000	23574.146676	0.002275	3.5
13	-0.424252	11.000000	22837.454592	0.002128	3.3
14	-0.427272	12.000000	22145.410514	0.002071	3.2
15	-0.430621	13.000000	21494.074910	0.002025	3.0
16	-0.433371	14.000000	20879.958484	0.002013	3.7
17	-0.439582	15.000000	20299.959638	0.001926	3.4
18	-0.436110	16.000000	19751.312080	0.001761	3.2
19	-0.442607	17.000000	19231.540709	0.001626	3.2
20	-0.440623	18.000000	18738.424281	0.001673	3.6
21	-0.442524	19.000000	18269.963674	0.001712	3.2
22	-0.443374	20.000000	17824.354804	0.001636	3.3
23	-0.446465	21.000000	17399.965404	0.001550	3.4
24	-0.441452	22.000000	16995.315045	0.001572	3.4
25	-0.442662	23.000000	16609.057885	0.001385	3.4
26	-0.450614	24.000000	16239.967710	0.001148	3.1
27	-0.452108	25.000000	15886.924934	0.000913	3.4
28	-0.456710	26.000000	15548.905254	0.000702	3.7
29	-0.456558	27.000000	15224.969728	0.000498	3.4
30	-0.455738	28.000000	14914.256060	0.000395	3.6
31	-0.457518	29.000000	14615.970939	0.000422	3.2
32	-0.455288	30.000000	14329.383274	0.000376	3.3
33	-0.455349	31.000000	14053.818211	0.000280	3.1
34	-0.456937	32.000000	13788.651829	0.000166	3.3
35	-0.458502	33.000000	13533.306425	0.000110	3.5
36	-0.460559	34.000000	13287.246308	0.000092	3.3
37	-0.454887	33.985673	13290.708507	0.000162	3.0
38	-0.454147	34.985673	13053.313696	0.000154	3.5
39	-0.459153	35.985673	12824.250615	0.000182	3.8
40	-0.455881	36.985673	12603.088214	0.000205	3.2
41	-0.456459	37.985673	12389.424664	0.000227	3.5
42	-0.456963	38.985673	12182.884933	0.000232	3.4
43	-0.457176	39.985673	11983.118588	0.000256	3.3
44	-0.455052	40.985673	11789.797808	0.000218	3.1
45	-0.457395	41.985673	11602.615591	0.000105	3.5
46	-0.458796	42.985673	11421.284129	0.000120	3.4
47	-0.451677	43.093082	11402.144032	0.000108	3.5
48	-0.457477	44.093082	11226.977274	0.000128	3.1
49	-0.458655	45.093081	11057.111134	0.000086	3.8
50	-0.455070	46.068119	10896.362704	0.000195	3.3
51	-0.453603	47.068119	10736.282446	0.000215	3.4
52	-0.454720	48.068119	10580.837609	0.000225	3.3
53	-0.458876	49.068119	10429.829735	0.000197	3.7
54	-0.459148	50.068119	10283.071527	0.000150	3.1
55	-0.459060	51.068119	10140.386083	0.000091	3.5
56	-0.458362	52.068119	10001.606185	0.000072	3.5
57	-0.453791	53.063827	9867.145367	0.000061	3.7
58	-0.456067	53.049546	9869.048317	0.000140	3.3
59	-0.454768	53.040643	9870.235045	0.000171	3.2
60	-0.459441	54.040553	9738.714800	0.000153	3.2
61	-0.455134	55.040553	9610.642155	0.000074	3.9
62	-0.458165	55.033378	9611.549171	0.000126	3.0
63	-0.456279	56.033267	9486.791603	0.000177	3.3
64	-0.456376	57.033267	9365.217920	0.000121	3.2
65	-0.456931	58.033267	9246.720756	0.000134	3.7
66	-0.459575	59.033266	9131.184857	0.000169	3.3
67	-0.457062	60.033266	9018.500459	0.000117	3.1
68	-0.451852	61.033266	8908.563345	0.000081	3.0
69	-0.458291	62.033257	8801.275176	0.000192	3.8
70	-0.452013	63.019862	8697.926055	0.000106	3.2
71	-0.458355	63.034804	8696.379546	0.000096	3.2
72	-0.457005	63.020438	8697.866432	0.000093	3.2
73	-0.455550	63.006072	8699.353862	0.000086	4.2
74	-0.458730	62.996286	8700.367414	0.000076	3.7
75	-0.460745	63.775911	8620.356196	0.000167	3.4
76	-0.457044	64.775911	8519.857629	0.000086	3.5
77	-0.458829	65.775911	8421.675339	0.000096	3.8
78	-0.455650	65.761561	8423.068218	0.000060	3.4
79	-0.455283	65.748036	8424.381488	0.000104	3.2
80	-0.458156	65.733795	8425.764669	0.000073	3.7
81	-0.461462	66.451371	8356.627717	0.000115	3.2
82	-0.460056	66.437006	8358.000546	0.000144	3.2
83	-0.452145	67.437006	8263.492596	0.000168	3.3
84	-0.456018	68.437006	8171.098039	0.000145	3.6
85	-0.454052	69.437006	8080.746772	0.000122	3.1
86	-0.451362	70.437006	7992.371758	0.000096	3.4
87	-0.459934	70.422684	7993.623806	0.000162	3.3
88	-0.457048	70.699995	7969.450243	0.000163	3.5
89	-0.459535	71.699995	7883.479901	0.000078	3.3
90	-0.461554	72.699995	7799.344572	0.000087	3.2
91	-0.455564	72.685629	7800.540538	0.000164	3.0
92	-0.457444	73.685627	7718.157143	0.000108	3.4
93	-0.455558	74.685627	7637.495529	0.000105	3.2
94	-0.456551	74.671261	7638.642372	0.000157	3.1
95	-0.455292	75.671261	7559.625689	0.000162	3.1
96	-0.458583	76.671261	7482.227019	0.000117	3.3
97	-0.455786	77.671261	7406.397168	0.000100	3.2
98	-0.457791	78.671259	7332.089039	0.000082	3.0
99	-0.455713	79.670394	7259.319418	0.000076	3.1
100	-0.454947	79.657382	7260.257847	0.000135	3.3
101	-0.456511	80.657378	7188.839259	0.000080	3.5
102	-0.457196	80.644822	7189.727267	0.000058	3.2
103	-0.458244	80.683670	7186.980420	0.000096	3.4
104	-0.457784	80.669306	7187.995835	0.000071	3.8
105	-0.457933	80.654945	7189.011275	0.000100	3.4
106	-0.456581	80.858462	7174.647393	0.000172	3.8
107	-0.453941	80.844096	7175.659437	0.000095	4.2
108	-0.462982	81.844096	7105.887231	0.000140	3.4
109	-0.459657	81.829730	7106.879968	0.000130	3.5
110	-0.457441	82.829703	7038.434333	0.000106	3.0
111	-0.452234	83.473927	6995.032801	0.000067	3.7
112	-0.459255	84.328547	6938.276183	0.000193	3.4
113	-0.456240	84.314181	6939.222637	0.000132	3.6
114	-0.457078	85.314181	6873.951734	0.000124	3.4
115	-0.461811	86.314181	6809.897275	0.000063	3.5
116	-0.458769	86.300451	6810.768642	0.000118	3.2
117	-0.462713	86.286085	6811.680602	0.000055	3.0
118	-0.457666	86.271770	6812.589594	0.000091	3.1
119	-0.455901	86.552995	6794.776335	0.000060	3.5
120	-0.460751	86.538655	6795.682396	0.000131	3.1
121	-0.459058	87.534134	6733.352161	0.000057	3.3
122	-0.456767	87.525432	6733.892103	0.000078	3.0
123	-0.459378	87.673044	6724.745338	0.000076	3.6
124	-0.461663	87.895912	6710.982394	0.000058	3.0
125	-0.457943	87.944620	6707.981954	0.000068	3.1
126	-0.462259	87.931863	6708.767559	0.000187	3.1
127	-0.451541	88.509272	6673.394231	0.000117	3.2
128	-0.458397	89.509272	6613.006591	0.000192	3.2
129	-0.462059	89.495009	6613.860268	0.000095	3.1
130	-0.456839	90.495009	6554.540480	0.000137	3.0
131	-0.455619	90.480643	6555.385132	0.000177	3.1
132	-0.458196	91.480643	6497.105013	0.000068	3.1
133	-0.454062	91.774176	6480.194084	0.000063	3.1
134	-0.456999	91.760074	6481.004517	0.000087	3.0
135	-0.462923	92.217251	6454.833885	0.000159	3.1
136	-0.461577	93.217251	6398.320234	0.000121	3.4
137	-0.458187	94.217251	6342.787576	0.000082	3.0
138	-0.457046	94.202885	6343.578527	0.000102	3.0
139	-0.459180	95.176212	6290.431855	0.000083	3.0
140	-0.455943	96.175172	6236.803710	0.000112	3.6
141	-0.458356	96.164704	6237.360939	0.000175	3.3
142	-0.456019	96.150687	6238.107199	0.000172	3.1
143	-0.457171	97.150687	6185.309355	0.000226	3.1
144	-0.455051	98.150687	6133.397700	0.000158	3.4
145	-0.457448	99.150687	6082.350154	0.000054	3.1
146	-0.453745	99.136492	6083.068809	0.000133	3.3
147	-0.449157	99.798931	6049.710360	0.000144	3.3
148	-0.458986	100.798931	6000.040709	0.000141	3.5
149	-0.461602	101.798931	5951.180018	0.000083	3.2
150	-0.455830	101.784565	5951.876314	0.000098	3.0
151	-0.454076	101.787893	5951.715033	0.000155	3.0
152	-0.455048	102.257437	5929.042225	0.000073	3.3
153	-0.458424	102.243071	5929.733335	0.000124	3.2
154	-0.457951	102.230032	5930.360782	0.000152	3.0
155	-0.458206	103.152167	5886.313238	0.000148	3.0
156	-0.458228	103.809204	5855.325744	0.000145	3.3
157	-0.458319	104.809204	5808.784430	0.000081	3.3
158	-0.455986	105.799033	5763.439435	0.000072	3.2
159	-0.459847	105.822207	5762.386309	0.000116	3.0
160	-0.457937	106.821946	5717.316724	0.000120	3.1
161	-0.457621	107.818065	5673.106082	0.000082	3.2
162	-0.458144	108.817932	5629.411404	0.000172	3.0
163	-0.457842	108.804955	5629.974214	0.000105	3.2
164	-0.457501	109.804955	5586.933228	0.000075	3.1
165	-0.458987	110.804949	5544.545585	0.000125	3.5
166	-0.457245	111.804551	5502.812539	0.000172	3.0
167	-0.459756	112.306495	5482.092586	0.000158	3.2
168	-0.460425	112.313263	5481.814260	0.000159	3.0
169	-0.454855	113.313257	5441.000869	0.000080	3.2
170	-0.459833	113.298891	5441.582894	0.000066	3.2
171	-0.457380	113.284526	5442.165001	0.000153	3.0
172	-0.456474	114.284520	5401.937688	0.000102	3.1
173	-0.456779	115.284520	5362.300482	0.000060	3.2
174	-0.456331	115.543379	5352.134639	0.000112	3.1
175	-0.459919	115.536389	5352.408616	0.000106	3.1
176	-0.459432	115.522023	5352.971840	0.000075	3.1
177	-0.459466	115.507678	5353.534368	0.000181	3.2
178	-0.454911	116.507586	5314.605322	0.000123	3.4
179	-0.459540	117.507585	5276.234847	0.000110	3.0
180	-0.453503	118.507585	5238.414432	0.000079	3.3
181	-0.456392	118.493219	5238.953910	0.000111	3.1
182	-0.458415	119.491822	5201.715905	0.000113	3.4
183	-0.458328	120.491822	5164.952544	0.000100	3.1
184	-0.454614	121.491808	5128.705705	0.000092	3.1
185	-0.461225	121.492669	5128.674714	0.000209	3.1
186	-0.457833	122.492669	5092.932995	0.000142	3.4
187	-0.452978	123.492669	5057.685996	0.000192	3.2
188	-0.461731	123.478303	5058.188898	0.000127	3.2
189	-0.459591	124.478303	5023.419528	0.000133	3.0
190	-0.456792	125.478303	4989.124896	0.000100	3.4
191	-0.458928	125.464621	4989.590949	0.000158	3.1
192	-0.461122	125.450255	4990.080400	0.000126	3.1
193	-0.459908	126.450255	4956.237933	0.000114	3.0
194	-0.460888	126.435889	4956.720862	0.000083	3.3
195	-0.457905	126.571580	4952.163188	0.000046	3.1
196	-0.456851	126.565862	4952.355078	0.000182	3.1
197	-0.453679	126.551497	4952.837212	0.000081	3.0
198	-0.456167	127.539914	4919.879952	0.000062	3.2
199	-0.460243	127.662095	4915.836451	0.000085	3.2
