1:ItNr	2:Metric	3a:Time	3b:StepSize	4:||Gradient||	Time[ms]
0	-0.741333	0.000000	40169.165930	0.000616	15.1
1	-0.772630	0.000000	40169.165930	0.000864	0.8
2	-0.799739	0.000000	40169.165930	0.000581	1.0
3	-0.813978	0.000000	40169.165930	0.000348	0.9
4	-0.808708	0.000000	40169.165930	0.000304	0.8
5	-0.804215	0.000000	40169.165930	0.000116	0.8
6	-0.805192	0.000000	40169.165930	0.000142	0.9
7	-0.819580	0.000000	40169.165930	0.000085	0.8
8	-0.816906	0.000000	40169.165930	0.000117	0.9
9	-0.826136	0.000000	40169.165930	0.000103	1.0
10	-0.825803	0.000000	40169.165930	0.000081	1.1
11	-0.818610	0.000000	40169.165930	0.000099	0.8
12	-0.816398	0.000000	40169.165930	0.000056	0.8
13	-0.817185	0.000000	40169.165930	0.000040	0.8
14	-0.808726	0.000000	40169.165930	0.000062	0.8
15	-0.818257	0.000000	40169.165930	0.000085	0.8
16	-0.820283	0.000000	40169.165930	0.000023	1.1
17	-0.816831	0.000000	40169.165930	0.000064	0.9
18	-0.811364	0.165898	39854.319680	0.000045	0.8
19	-0.820888	0.150357	39883.604265	0.000064	0.8
20	-0.812506	0.311164	39582.657113	0.000050	0.8
21	-0.816492	1.310094	37810.350703	0.000084	0.9
22	-0.813390	2.310089	36188.299763	0.000053	0.9
23	-0.821170	3.305957	34705.586533	0.000073	0.9
24	-0.806529	3.407073	34561.804529	0.000082	1.1
25	-0.813098	3.391530	34583.828764	0.000066	1.0
26	-0.820792	3.421605	34541.238246	0.000048	1.0
27	-0.819436	3.406061	34563.236949	0.000086	0.8
28	-0.810380	3.926818	33841.161418	0.000133	0.7
29	-0.820375	3.911275	33862.277219	0.000099	0.7
30	-0.818851	4.911275	32555.422276	0.000055	0.9
31	-0.808308	4.895731	32574.963031	0.000115	1.0
32	-0.805531	5.895731	31363.805672	0.000069	0.8
33	-0.818704	6.895731	30239.482903	0.000060	0.8
34	-0.832882	6.934431	30197.590176	0.000086	0.8
35	-0.822076	6.918921	30214.365240	0.000058	0.8
36	-0.802901	7.918457	29170.037975	0.000091	0.8
37	-0.822805	7.902913	29185.725471	0.000040	0.9
38	-0.813674	7.887369	29201.429843	0.000091	0.7
39	-0.813172	8.887362	28224.387827	0.000064	0.8
40	-0.822234	9.887360	27310.605034	0.000033	0.8
41	-0.811742	10.698544	26611.710846	0.000068	0.8
42	-0.810012	10.686081	26622.177569	0.000079	0.8
43	-0.819469	10.670544	26635.238608	0.000091	0.8
44	-0.824375	11.670447	25820.047387	0.000068	0.7
45	-0.824413	12.670422	25053.219653	0.000120	0.8
46	-0.818665	13.670422	24330.608908	0.000045	1.0
47	-0.814827	14.670345	23648.565193	0.000047	1.0
48	-0.818443	14.654803	23658.874093	0.000088	1.0
49	-0.807708	14.639259	23669.192761	0.000039	0.9
50	-0.815570	15.608499	23042.531342	0.000074	0.8
51	-0.819447	15.592955	23052.319168	0.000091	0.9
52	-0.825436	16.592955	22439.110683	0.000067	0.8
53	-0.829520	17.592955	21857.680534	0.000086	1.0
54	-0.826342	17.577411	21866.487559	0.000049	1.1
55	-0.812932	17.561867	21875.301684	0.000044	1.0
56	-0.822467	18.559613	21323.577642	0.000099	0.9
57	-0.808985	18.544069	21331.959436	0.000096	1.0
58	-0.814013	19.544069	20805.816902	0.000030	0.9
59	-0.822086	19.544503	20805.594383	0.000030	1.0
60	-0.827351	19.544108	20805.797233	0.000065	0.9
61	-0.804893	20.538368	20307.790793	0.000062	1.1
62	-0.813505	20.556860	20298.754182	0.000050	0.8
63	-0.816315	20.541319	20306.347873	0.000071	0.9
64	-0.817641	20.525776	20313.948899	0.000110	0.8
65	-0.821343	21.525776	19836.263340	0.000014	0.9
66	-0.827191	22.427895	19424.208331	0.000109	0.8
67	-0.816972	23.381341	19006.917651	0.000045	1.0
68	-0.818086	24.381332	18588.094613	0.000037	0.9
69	-0.805765	24.366375	18594.222724	0.000074	0.9
70	-0.812009	24.351442	18600.345192	0.000085	0.9
71	-0.825159	25.351442	18199.055735	0.000062	0.7
72	-0.813745	25.335899	18205.160789	0.000106	0.8
73	-0.815467	25.365365	18193.590755	0.000074	0.8
74	-0.819910	26.365365	17809.479062	0.000069	0.9
75	-0.808736	27.353043	17445.696004	0.000048	0.8
76	-0.822633	27.907602	17247.880733	0.000097	0.8
77	-0.814185	28.907389	16902.356477	0.000131	0.9
78	-0.807757	28.891846	16907.622345	0.000045	0.9
79	-0.820170	29.891846	16575.395794	0.000100	0.9
80	-0.811356	29.876302	16580.459943	0.000036	0.9
81	-0.820549	29.860758	16585.527186	0.000059	0.9
82	-0.822539	30.811685	16281.124417	0.000069	0.7
83	-0.819086	30.796141	16286.010323	0.000059	0.9
84	-0.819595	31.079218	16197.487646	0.000136	0.8
85	-0.810656	31.063674	16202.323460	0.000087	0.7
86	-0.805170	31.048130	16207.162179	0.000072	0.8
87	-0.817174	31.032586	16212.003747	0.000051	0.7
88	-0.819673	31.017055	16216.844484	0.000070	0.7
89	-0.826228	31.002006	16221.537345	0.000076	0.7
90	-0.817752	32.002006	15915.482190	0.000094	0.8
91	-0.818628	33.002006	15620.761987	0.000050	0.7
92	-0.819403	32.986462	15625.259532	0.000086	0.7
93	-0.810503	32.972919	15629.180300	0.000039	0.7
94	-0.821280	33.971592	15345.243963	0.000091	0.8
95	-0.820922	34.971066	15071.224333	0.000076	0.7
96	-0.810697	34.955522	15075.410955	0.000091	0.8
97	-0.814797	34.939978	15079.599905	0.000099	1.0
98	-0.822906	35.689612	14880.195187	0.000078	1.2
99	-0.811990	36.689612	14622.259750	0.000036	0.9
100	-0.824031	37.683831	14374.529918	0.000073	1.0
101	-0.820564	38.683386	14133.790773	0.000085	0.8
102	-0.827661	38.800064	14106.213811	0.000077	0.8
103	-0.814638	39.800063	13874.204080	0.000080	0.7
104	-0.815535	39.784519	13877.751996	0.000036	0.8
105	-0.819483	40.784421	13653.158448	0.000037	0.8
106	-0.819553	41.019695	13601.364712	0.000047	0.8
107	-0.810345	41.004237	13604.755477	0.000083	0.9
108	-0.823913	40.990336	13607.806396	0.000028	0.9
109	-0.816850	41.006501	13604.258776	0.000096	1.0
110	-0.815022	41.706001	13452.500007	0.000083	0.9
111	-0.806952	42.706001	13241.334658	0.000088	0.9
112	-0.821759	43.706001	13036.696227	0.000013	0.8
113	-0.819230	43.690729	13039.773883	0.000062	0.8
114	-0.820833	43.675556	13042.833086	0.000128	0.8
115	-0.820984	44.627619	12853.620159	0.000068	0.9
116	-0.816926	44.612075	12856.665248	0.000088	0.9
117	-0.808050	44.596566	12859.704876	0.000055	1.0
118	-0.809444	44.581049	12862.747710	0.000036	0.8
119	-0.817843	44.568770	12865.156384	0.000048	0.7
120	-0.813365	44.553235	12868.205268	0.000110	0.7
121	-0.816954	44.823674	12815.335807	0.000064	0.7
122	-0.813302	44.983465	12784.301111	0.000069	0.8
123	-0.825865	44.967930	12787.311715	0.000022	0.8
124	-0.825312	45.931953	12603.135585	0.000058	0.9
125	-0.822067	45.919231	12605.531624	0.000039	0.8
126	-0.818167	46.203673	12552.178225	0.000048	1.3
127	-0.813630	46.188136	12555.080963	0.000071	1.1
128	-0.820580	46.172592	12557.986226	0.000101	0.9
129	-0.816954	47.172459	12373.801667	0.000030	0.9
130	-0.814232	47.247467	12360.202151	0.000080	1.1
131	-0.818709	47.233652	12362.704654	0.000049	1.1
132	-0.822649	48.233651	12184.139792	0.000113	0.9
133	-0.816171	48.218107	12186.875901	0.000043	0.9
134	-0.823393	48.202587	12189.609056	0.000093	0.9
135	-0.818186	48.845788	12077.356600	0.000024	1.0
136	-0.814336	49.699003	11931.603761	0.000032	0.8
137	-0.821324	49.687836	11933.488664	0.000035	0.8
138	-0.827669	49.673374	11935.930614	0.000121	1.2
139	-0.828968	50.332486	11825.642605	0.000051	1.0
140	-0.822118	51.332481	11662.153393	0.000054	0.8
141	-0.819900	51.318025	11664.484499	0.000050	0.8
142	-0.804527	52.206070	11522.985480	0.000062	0.9
143	-0.813637	52.190526	11525.432662	0.000052	0.8
144	-0.823352	52.176380	11527.660835	0.000044	0.8
145	-0.818154	52.943398	11408.083870	0.000028	0.8
146	-0.819987	52.944473	11407.917939	0.000035	1.0
147	-0.813482	53.602535	11307.289811	0.000049	0.9
148	-0.821287	53.586996	11309.645438	0.000068	1.0
149	-0.827434	53.571453	11312.002840	0.000045	1.0
150	-0.823623	54.497129	11173.305405	0.000013	0.9
151	-0.820591	54.497277	11173.283520	0.000082	0.9
152	-0.813600	55.111243	11083.152062	0.000087	1.2
153	-0.820598	56.111243	10939.422672	0.000083	1.1
154	-0.823678	56.096101	10941.571308	0.000059	1.1
155	-0.819437	57.096070	10801.471690	0.000066	1.0
156	-0.826626	58.096069	10664.910411	0.000050	0.9
157	-0.818297	58.945722	10551.565093	0.000064	0.7
158	-0.813986	59.945696	10421.214808	0.000075	0.7
159	-0.806662	60.945662	10294.046913	0.000042	0.8
160	-0.819234	60.930118	10295.999905	0.000094	0.9
161	-0.816471	60.914574	10297.953619	0.000047	0.9
162	-0.826773	60.899438	10299.856864	0.000077	0.7
163	-0.818034	60.884050	10301.792372	0.000130	0.8
164	-0.826632	61.884050	10177.500758	0.000020	0.8
165	-0.812368	62.813564	10064.629679	0.000054	0.8
166	-0.814134	62.798195	10066.475649	0.000057	0.8
167	-0.820886	62.782664	10068.341672	0.000037	0.9
168	-0.825222	63.566284	9975.044996	0.000040	0.9
169	-0.804962	64.426274	9874.625714	0.000031	1.0
170	-0.821636	64.767688	9835.317970	0.000106	0.9
171	-0.816381	64.752144	9837.100763	0.000029	0.9
172	-0.829828	65.747389	9724.240615	0.000062	0.7
173	-0.818147	65.888493	9708.448770	0.000127	0.8
174	-0.813916	65.872949	9710.185865	0.000042	0.8
175	-0.825040	65.857408	9711.923343	0.000072	0.8
176	-0.814788	65.841864	9713.661631	0.000119	0.9
177	-0.816492	66.841864	9603.080398	0.000073	0.8
178	-0.809705	66.826320	9604.779988	0.000099	0.7
179	-0.811581	66.810783	9606.479475	0.000061	0.8
180	-0.822289	67.810783	9498.311534	0.000045	0.8
181	-0.811183	68.774541	9396.344184	0.000045	0.7
182	-0.817213	69.771759	9293.116009	0.000052	0.7
183	-0.819638	70.757665	9193.264539	0.000066	0.8
184	-0.821535	71.675766	9102.190618	0.000058	0.9
185	-0.814207	72.675740	9005.026104	0.000100	0.8
186	-0.820559	72.660196	9006.520577	0.000024	0.8
187	-0.820185	72.851903	8988.123435	0.000025	0.8
188	-0.823615	72.838157	8989.440023	0.000088	0.8
189	-0.819867	72.930289	8980.622642	0.000028	0.8
190	-0.816291	73.928473	8886.190379	0.000035	0.8
191	-0.828336	73.913202	8887.620129	0.000031	0.8
192	-0.821336	74.393093	8842.909504	0.000096	0.9
193	-0.812423	74.377549	8844.350647	0.000039	0.9
194	-0.819288	74.362064	8845.786815	0.000102	0.8
195	-0.808617	74.421933	8840.236821	0.000074	0.9
196	-0.813630	74.406389	8841.677094	0.000023	0.9
197	-0.820549	74.392860	8842.931073	0.000027	0.8
198	-0.808807	74.446425	8837.968387	0.000108	0.8
199	-0.819675	74.432876	8839.223172	0.000022	0.9
