1:ItNr	2:Metric	3a:Time	3b:StepSize	4:||Gradient||	Time[ms]
0	-0.324818	0.000000	30670.351017	0.000333	37.7
1	-0.322853	0.000000	30670.351017	0.000338	4.7
2	-0.318071	0.999999	29276.244978	0.000305	4.4
3	-0.322342	1.999999	28003.364769	0.000326	4.3
4	-0.320496	2.999999	26836.557871	0.000330	4.2
5	-0.319293	3.999999	25763.095529	0.000331	4.0
6	-0.318965	4.999999	24772.207214	0.000339	4.5
7	-0.323956	5.999999	23854.718036	0.000325	4.2
8	-0.319805	6.999999	23002.763800	0.000323	4.6
9	-0.317482	6.356184	23544.123299	0.000308	4.7
10	-0.322626	7.356184	22713.823876	0.000322	4.8
11	-0.318574	8.356181	21940.094213	0.000330	4.7
12	-0.320993	8.068377	22157.321682	0.000332	5.9
13	-0.323587	9.068360	21420.435922	0.000322	7.4
14	-0.324306	10.068358	20730.975768	0.000356	5.0
15	-0.322072	11.068116	20084.665297	0.000298	4.2
16	-0.324786	12.068116	19477.292761	0.000318	4.5
17	-0.320293	13.068116	18905.576588	0.000310	4.1
18	-0.324767	14.068116	18366.466454	0.000325	4.0
19	-0.323174	15.068062	17857.276967	0.000333	4.4
20	-0.327751	16.068062	17375.534039	0.000320	4.0
21	-0.327435	17.061060	16922.213038	0.000324	3.9
22	-0.323853	16.418952	17212.598020	0.000310	4.4
23	-0.323437	17.393930	16775.499841	0.000315	4.3
24	-0.320226	18.393910	16349.668579	0.000298	4.4
25	-0.321122	19.393682	15945.002784	0.000322	4.5
26	-0.326843	20.366364	15570.074397	0.000338	4.5
27	-0.318348	21.366348	15202.570044	0.000325	4.0
28	-0.329024	22.366348	14852.008671	0.000332	3.9
29	-0.326043	23.366344	14517.251430	0.000317	4.5
30	-0.321131	23.135086	14593.318587	0.000306	4.6
31	-0.325508	24.062213	14293.070056	0.000324	5.3
32	-0.323112	25.062193	13982.776890	0.000310	4.9
33	-0.317328	26.057894	13686.914502	0.000320	4.6
34	-0.323331	27.057894	13402.113955	0.000324	4.4
35	-0.318205	28.057894	13128.924318	0.000313	5.1
36	-0.322044	29.057894	12866.649514	0.000334	4.4
37	-0.321046	30.057892	12614.648793	0.000340	4.5
38	-0.326536	31.057892	12372.329167	0.000313	3.8
39	-0.320146	32.057892	12139.143713	0.000299	3.8
40	-0.315504	33.054569	11915.317884	0.000317	4.0
41	-0.320363	32.410752	12058.945931	0.000334	4.2
42	-0.325410	33.034851	11919.665930	0.000309	3.7
43	-0.327718	34.034299	11703.199313	0.000318	3.8
44	-0.319232	35.034299	11494.341551	0.000329	4.2
45	-0.320149	35.890627	11321.326634	0.000303	4.1
46	-0.322354	36.890627	11125.762564	0.000313	4.2
47	-0.323545	37.889480	10937.053078	0.000312	4.2
48	-0.323805	37.266312	11054.026811	0.000287	3.8
49	-0.326210	38.266191	10867.534356	0.000329	3.8
50	-0.316602	39.266191	10687.208802	0.000322	4.1
51	-0.326902	40.261751	10513.531819	0.000325	4.0
52	-0.325273	41.261751	10344.671618	0.000310	3.9
53	-0.320120	40.624763	10451.600044	0.000316	3.6
54	-0.320360	41.624763	10284.707595	0.000283	4.2
55	-0.322004	42.624762	10123.061307	0.000329	3.9
56	-0.325253	43.624761	9966.417778	0.000308	3.7
57	-0.320816	44.616807	9815.737845	0.000297	4.3
58	-0.325375	44.145613	9886.734326	0.000311	3.8
59	-0.322667	43.511625	9983.896298	0.000307	4.1
60	-0.327029	43.270118	10021.412543	0.000308	4.0
61	-0.322085	44.255800	9870.040222	0.000332	3.8
62	-0.323594	45.255800	9721.071525	0.000346	3.9
63	-0.324400	44.612197	9816.427393	0.000329	3.6
64	-0.322612	45.612197	9669.060578	0.000312	4.3
65	-0.327025	46.612197	9526.053009	0.000306	3.8
66	-0.324443	47.474209	9406.130866	0.000333	3.7
67	-0.319503	48.474206	9270.741079	0.000279	4.1
68	-0.322844	49.474206	9139.193075	0.000308	3.7
69	-0.322573	50.471572	9011.658051	0.000308	3.9
70	-0.323497	49.827911	9093.553127	0.000330	4.2
71	-0.321319	49.184094	9176.970633	0.000313	4.2
72	-0.321472	50.183984	9048.065747	0.000298	4.4
73	-0.317524	51.183984	8922.718481	0.000284	4.2
74	-0.322269	52.183980	8800.797278	0.000315	4.1
75	-0.323670	53.182926	8682.285922	0.000334	3.9
76	-0.322156	54.182926	8566.803773	0.000304	3.6
77	-0.321553	55.182919	8454.354041	0.000322	4.2
78	-0.323689	54.539434	8526.372741	0.000306	3.8
79	-0.324027	55.539432	8414.974494	0.000316	3.7
80	-0.318950	55.007827	8473.829553	0.000326	3.9
81	-0.321589	54.369013	8545.652151	0.000306	4.1
82	-0.323098	55.369013	8433.752681	0.000297	3.9
83	-0.321281	56.369013	8324.745828	0.000332	3.7
84	-0.320039	57.366736	8218.759674	0.000327	4.3
85	-0.322209	58.366664	8115.212809	0.000309	3.8
86	-0.324177	57.722848	8181.581220	0.000313	3.8
87	-0.315660	58.722841	8078.956631	0.000301	4.1
88	-0.319156	59.722781	7978.879852	0.000308	4.0
89	-0.322888	59.544866	7996.504321	0.000306	3.8
90	-0.322460	60.541696	7898.748796	0.000344	3.9
91	-0.319383	61.541420	7803.080780	0.000322	4.0
92	-0.323421	62.541420	7709.677085	0.000322	3.8
93	-0.316598	61.897830	7769.532324	0.000320	3.6
94	-0.323731	62.897830	7676.925253	0.000293	4.2
95	-0.325781	63.897830	7586.499842	0.000332	3.9
96	-0.327272	64.894106	7498.504899	0.000315	4.3
97	-0.319956	65.894106	7412.210151	0.000315	4.2
98	-0.323001	66.881715	7328.912151	0.000306	3.8
99	-0.321393	66.237899	7382.999618	0.000335	3.8
100	-0.320990	67.196592	7302.746741	0.000359	3.9
101	-0.324109	68.196592	7220.874254	0.000301	4.2
102	-0.323743	69.196044	7140.860540	0.000312	3.7
103	-0.321856	68.564273	7191.230931	0.000298	3.6
104	-0.322890	69.556748	7112.417203	0.000342	4.3
105	-0.328835	70.556702	7034.737583	0.000285	3.8
106	-0.325663	71.540860	6959.924224	0.000318	3.7
107	-0.329136	72.401082	6895.823450	0.000329	4.1
108	-0.320971	71.807232	6939.948087	0.000318	4.0
109	-0.328215	71.171109	6987.844405	0.000311	3.8
110	-0.326455	71.667247	6950.431692	0.000330	3.7
111	-0.327763	72.667247	6876.228255	0.000327	4.1
112	-0.322589	73.667228	6803.593849	0.000309	3.9
113	-0.321477	73.216206	6836.163320	0.000327	3.7
114	-0.326106	74.216204	6764.367277	0.000305	4.1
115	-0.324620	75.216203	6694.063490	0.000323	3.7
116	-0.321928	75.816081	6652.586671	0.000331	4.2
117	-0.324093	76.812741	6584.800341	0.000305	3.9
118	-0.321539	77.812729	6518.161954	0.000315	3.9
119	-0.319587	78.812729	6452.858052	0.000314	4.2
120	-0.320054	79.812243	6388.880459	0.000310	3.8
121	-0.319327	80.812243	6326.128869	0.000314	4.1
122	-0.323706	81.812075	6264.608222	0.000311	4.0
123	-0.319801	82.811880	6204.274206	0.000293	4.0
124	-0.321529	83.811879	6145.079887	0.000300	4.2
125	-0.328538	84.811788	6087.009628	0.000309	3.8
126	-0.326034	84.181557	6123.481991	0.000308	3.7
127	-0.320449	84.060105	6130.560914	0.000307	3.9
128	-0.318819	84.924055	6080.558098	0.000321	4.1
129	-0.324024	85.282007	6060.079103	0.000300	3.8
130	-0.329329	86.175049	6009.583152	0.000335	3.8
131	-0.324989	85.531491	6045.887150	0.000306	4.2
132	-0.322128	84.888245	6082.614458	0.000311	3.8
133	-0.325746	85.888237	6025.708598	0.000299	3.7
134	-0.324101	85.244422	6062.222949	0.000296	4.1
135	-0.319061	84.709679	6092.889271	0.000295	4.3
136	-0.322910	85.709167	6035.820452	0.000291	3.8
137	-0.321270	86.708959	5979.793841	0.000321	3.9
138	-0.319328	86.065180	6015.750150	0.000304	4.0
139	-0.324834	85.421953	6052.110036	0.000313	3.8
140	-0.323356	86.421953	5995.770441	0.000287	3.7
141	-0.322978	86.498320	5991.511057	0.000308	4.2
142	-0.327247	87.491560	5936.658764	0.000323	3.9
143	-0.328336	88.491560	5882.438523	0.000302	3.8
144	-0.320164	88.911842	5859.945196	0.000320	4.0
145	-0.324077	89.911842	5807.110935	0.000313	4.1
146	-0.325399	90.901772	5755.738793	0.000323	3.8
147	-0.323590	91.880336	5705.842062	0.000312	3.9
148	-0.327950	92.880185	5655.745756	0.000309	4.0
149	-0.323996	93.194745	5640.166466	0.000307	4.0
150	-0.323353	92.577954	5670.795689	0.000317	4.4
151	-0.324776	93.577954	5621.302785	0.000320	4.3
152	-0.320588	94.577954	5572.666323	0.000303	3.9
153	-0.317815	95.565748	5525.442781	0.000300	3.7
154	-0.324436	96.565691	5478.446697	0.000303	4.4
155	-0.322949	95.940459	5507.737685	0.000322	3.7
156	-0.325269	95.298962	5538.117955	0.000310	3.7
157	-0.321820	94.688023	5567.364325	0.000303	3.9
158	-0.320273	95.687855	5519.660715	0.000289	4.0
159	-0.326754	95.045315	5550.222979	0.000317	3.7
160	-0.327549	94.401814	5581.171998	0.000320	3.8
161	-0.316439	95.083690	5548.388182	0.000307	4.3
162	-0.321942	96.083679	5501.000476	0.000314	3.8
163	-0.317628	97.083677	5454.414915	0.000301	3.6
164	-0.327705	98.083677	5408.611705	0.000323	4.0
165	-0.326631	97.440004	5438.005302	0.000340	3.8
166	-0.327683	98.437896	5392.571311	0.000330	3.8
167	-0.326598	99.437784	5347.801568	0.000302	3.7
168	-0.323568	98.793967	5376.542619	0.000325	4.1
169	-0.322043	99.793965	5332.032695	0.000294	3.9
170	-0.321980	99.150200	5360.601750	0.000317	3.6
171	-0.322858	100.150159	5316.355972	0.000315	4.1
172	-0.325907	101.150024	5272.838663	0.000310	3.8
173	-0.324473	101.614712	5252.855547	0.000308	4.2
174	-0.322261	102.614528	5210.369537	0.000335	4.0
175	-0.322177	101.987482	5236.934386	0.000325	4.0
176	-0.323992	101.343686	5264.492137	0.000312	3.7
177	-0.324608	102.343670	5221.811311	0.000312	3.7
178	-0.326617	101.699854	5249.210558	0.000310	4.3
179	-0.319876	102.699853	5206.775569	0.000295	3.8
180	-0.323985	102.056036	5234.016878	0.000331	3.7
181	-0.320888	103.048244	5192.152269	0.000300	3.9
182	-0.321435	102.404438	5219.239953	0.000296	3.8
183	-0.325186	101.909777	5240.245225	0.000304	4.0
184	-0.334316	102.909777	5197.954414	0.000302	3.9
185	-0.327840	103.905006	5156.537709	0.000320	4.2
186	-0.322183	103.261407	5183.245441	0.000295	3.8
187	-0.321896	102.625402	5209.911221	0.000310	3.8
188	-0.322223	101.981586	5237.185441	0.000316	4.2
189	-0.322708	102.239430	5226.228113	0.000314	3.7
190	-0.319642	101.608945	5253.102629	0.000295	3.8
191	-0.323733	102.608945	5210.604874	0.000329	3.9
192	-0.324122	101.989732	5236.838564	0.000321	4.1
193	-0.327283	102.989732	5194.602497	0.000297	4.5
194	-0.324346	102.388287	5219.923106	0.000333	3.9
195	-0.327389	103.388287	5177.958376	0.000340	4.2
196	-0.324684	103.972548	5153.750812	0.000315	3.8
197	-0.316096	104.732486	5122.601106	0.000292	3.8
198	-0.322739	105.634331	5086.119733	0.000314	4.5
199	-0.319140	105.233698	5102.261775	0.000291	3.8
