1:ItNr	2:Metric	3a:Time	3b:StepSize	4:||Gradient||	Time[ms]
0	-0.039890	0.000000	290.502162	0.000139	74.1
1	-0.040468	0.000000	290.502162	0.000390	1.1
2	-0.043597	0.907489	278.468487	0.000083	0.8
3	-0.036265	0.154684	288.377996	0.000312	1.1
4	-0.042889	0.421178	284.790380	0.000235	1.0
5	-0.040390	1.086488	276.211660	0.000191	1.0
6	-0.037448	2.002782	265.209024	0.000117	1.1
7	-0.044417	2.632696	258.140048	0.000243	1.2
8	-0.043329	2.975642	254.447633	0.000704	1.2
9	-0.042621	2.962693	254.585138	0.000900	1.0
10	-0.038307	3.962693	244.386514	0.000587	1.1
11	-0.041552	4.962693	234.973526	0.000236	1.0
12	-0.038426	4.491804	239.313995	0.000287	1.1
13	-0.040615	4.799836	236.456755	0.000329	0.9
14	-0.037338	3.921062	244.794764	0.000576	1.1
15	-0.040424	3.042160	253.743653	0.000422	0.9
16	-0.037471	3.864260	245.353987	0.000659	1.1
17	-0.043148	2.984935	254.349046	0.000524	1.1
18	-0.037989	2.107566	264.006403	0.000589	1.1
19	-0.040095	1.228241	274.450210	0.000336	1.3
20	-0.036469	2.228241	262.634844	0.000333	1.2
21	-0.040248	3.227025	251.807455	0.000302	1.0
22	-0.041630	4.035862	243.672273	0.000883	1.0
23	-0.038059	3.156548	252.542103	0.000682	1.2
24	-0.039478	2.277223	262.082185	0.000364	1.0
25	-0.040561	1.397985	272.370282	0.000566	1.0
26	-0.038631	0.518660	283.500250	0.000427	1.1
27	-0.038742	1.518660	270.910680	0.000692	0.9
28	-0.038652	2.516743	259.412853	0.000235	1.1
29	-0.037221	1.637426	269.489361	0.000448	1.1
30	-0.038613	2.595236	258.549877	0.000297	1.0
31	-0.039066	3.554478	248.449407	0.000542	1.2
32	-0.039051	4.552470	238.745822	0.000341	1.1
33	-0.039569	3.673581	247.250105	0.000629	1.1
34	-0.038181	4.673581	237.619579	0.000666	1.0
35	-0.043414	5.554938	229.732994	0.000361	1.1
36	-0.038443	5.462013	230.539733	0.000314	1.0
37	-0.036877	4.660495	237.740753	0.000228	1.1
38	-0.043762	5.421558	230.892716	0.000398	1.2
39	-0.038340	4.592910	238.368572	0.000322	1.3
40	-0.039596	3.719313	246.792677	0.000104	1.1
41	-0.037907	3.019150	253.986728	0.000440	1.0
42	-0.043030	3.852861	245.466527	0.000583	0.9
43	-0.041272	2.993892	254.254104	0.000541	1.2
44	-0.039646	2.115100	263.920353	0.000387	1.0
45	-0.040173	1.236230	274.351603	0.000328	1.0
46	-0.039323	2.236149	262.545462	0.000343	1.0
47	-0.038556	3.230814	251.768070	0.000696	1.2
48	-0.038743	2.351489	261.248663	0.000192	1.0
49	-0.040781	2.922170	255.016384	0.000418	1.2
50	-0.039913	3.111721	253.011616	0.000348	1.2
51	-0.037009	2.233439	262.576080	0.000160	1.2
52	-0.039091	3.157083	252.536505	0.000592	1.2
53	-0.039890	4.149664	242.569655	0.000416	1.2
54	-0.037653	3.290341	251.151081	0.000272	1.2
55	-0.037457	2.437719	260.287502	0.000618	1.2
56	-0.044655	3.226907	251.808674	0.000218	1.5
57	-0.038047	3.726869	246.717263	0.000509	1.3
58	-0.036415	2.850978	255.777577	0.000415	1.3
59	-0.039247	3.840943	245.584292	0.000476	1.1
60	-0.039343	2.961779	254.594844	0.000405	1.1
61	-0.037675	2.094457	264.156265	0.000794	1.2
62	-0.037264	1.215132	274.612166	0.000407	1.4
63	-0.042010	0.530083	283.349833	0.000823	1.3
64	-0.036628	0.000000	290.502162	0.000650	1.2
65	-0.037860	0.000000	290.502162	0.000471	1.1
66	-0.041986	0.000000	290.502162	0.000962	1.5
67	-0.039660	0.000000	290.502162	0.000219	1.4
68	-0.041741	0.000000	290.502162	0.000303	1.2
69	-0.042574	0.000000	290.502162	0.000564	1.1
70	-0.039908	0.994611	277.365456	0.000199	1.2
71	-0.036086	0.171524	288.148616	0.000140	1.2
72	-0.040491	0.000000	290.502162	0.000394	1.4
73	-0.038481	0.000000	290.502162	0.000210	1.2
74	-0.036612	0.000000	290.502162	0.000327	1.1
75	-0.039607	0.964985	277.739566	0.000466	1.0
76	-0.036285	1.962645	265.672587	0.000768	1.0
77	-0.037902	2.962645	254.585640	0.000324	1.4
78	-0.036106	2.083321	264.283697	0.000343	1.2
79	-0.035620	3.079797	253.347040	0.000519	1.0
80	-0.040034	4.079779	243.245576	0.000466	0.9
81	-0.039975	3.200531	252.083127	0.000271	1.0
82	-0.041621	2.321255	261.587351	0.000406	1.0
83	-0.038495	1.443397	271.819167	0.000716	1.0
84	-0.039241	0.570889	282.813818	0.000700	1.1
85	-0.038806	1.570889	270.283792	0.000322	1.1
86	-0.038562	2.570877	258.817069	0.000475	1.0
87	-0.034070	1.691556	268.846494	0.000164	1.0
88	-0.036955	2.683540	257.585880	0.000472	1.0
89	-0.036011	3.572832	248.263829	0.000457	0.9
90	-0.037115	3.654057	247.445903	0.000450	0.9
91	-0.038368	4.647854	237.857928	0.000380	0.9
92	-0.035218	3.768552	246.302057	0.000751	0.9
93	-0.041368	2.889227	255.368050	0.000566	1.0
94	-0.037057	2.009902	265.126958	0.000652	0.9
95	-0.039611	1.130577	275.661377	0.000342	0.9
96	-0.036580	0.304740	286.346865	0.000369	0.9
97	-0.040880	0.000000	290.502162	0.000322	0.9
98	-0.039867	0.000000	290.502162	0.000112	1.1
99	-0.040174	0.000000	290.502162	0.000395	1.0
100	-0.040457	0.123501	288.803714	0.000344	0.9
101	-0.041356	1.123282	275.752284	0.000483	0.9
102	-0.038544	0.319488	286.148780	0.000264	0.9
103	-0.038486	1.318563	273.339525	0.000244	0.9
104	-0.039549	2.281725	262.031502	0.000338	0.9
105	-0.038352	3.279560	251.262601	0.000292	1.0
106	-0.036260	2.401685	260.688299	0.000812	0.9
107	-0.039528	1.522360	270.866174	0.000523	1.0
108	-0.040436	2.522360	259.350910	0.000309	0.9
109	-0.044484	1.643053	269.422388	0.000389	0.9
110	-0.040505	2.642364	258.034487	0.000730	1.0
111	-0.039524	3.642364	247.563313	0.000256	0.9
112	-0.040030	4.642341	237.909065	0.000305	1.1
113	-0.041268	4.377259	240.394178	0.000407	1.2
114	-0.038315	3.498633	249.015749	0.000613	0.9
115	-0.041044	4.498633	239.249902	0.000490	1.0
116	-0.042505	5.498633	230.221138	0.001106	1.0
117	-0.038523	4.619308	238.122960	0.000350	1.1
118	-0.039015	5.598660	229.355370	0.000397	0.9
119	-0.039402	6.598441	221.046737	0.000300	0.9
120	-0.040585	5.719358	228.319309	0.000706	0.9
121	-0.035490	4.846719	236.027849	0.000193	0.9
122	-0.038634	3.967433	244.340115	0.000312	0.9
123	-0.037972	4.694104	237.429778	0.000458	1.0
124	-0.042033	5.693390	228.541423	0.000333	0.9
125	-0.038089	6.692840	220.293238	0.000288	1.1
126	-0.040863	6.141215	224.770531	0.000585	1.2
127	-0.039246	5.348260	231.535037	0.000399	0.9
128	-0.037326	4.468935	239.528876	0.000394	1.0
129	-0.039570	5.468514	230.483111	0.000304	1.1
130	-0.039762	6.468026	222.096241	0.000230	0.9
131	-0.040224	7.462373	214.337206	0.000201	1.0
132	-0.038641	8.416966	207.381869	0.000283	1.0
133	-0.037217	7.655918	212.889544	0.000633	1.0
134	-0.037696	8.655887	205.711111	0.000075	1.0
135	-0.038478	8.204728	208.888962	0.000535	0.9
136	-0.037572	8.386658	207.595757	0.000255	1.0
137	-0.036690	9.381789	200.796120	0.000273	1.1
138	-0.038506	9.140147	202.405960	0.000186	1.0
139	-0.037833	8.969769	203.556636	0.000072	1.1
140	-0.037640	8.710236	205.334799	0.000270	0.9
141	-0.040794	8.507828	206.743285	0.000334	0.9
142	-0.037218	7.745883	212.223274	0.000429	1.0
143	-0.037404	6.868205	218.907011	0.000366	1.1
144	-0.042352	7.867094	211.332159	0.000397	1.0
145	-0.039276	8.864186	204.276300	0.000508	0.9
146	-0.039095	9.864184	197.657755	0.000761	1.0
147	-0.039292	9.005665	203.313124	0.000523	1.1
148	-0.037791	9.344384	201.043640	0.000246	0.9
149	-0.038429	10.338785	194.664390	0.000733	1.0
150	-0.037355	9.459462	200.284084	0.000186	1.1
151	-0.040109	8.635612	205.851846	0.000635	1.0
152	-0.042487	8.458470	207.089690	0.000408	1.1
153	-0.037242	7.580355	213.452400	0.000286	1.0
154	-0.040114	8.579517	206.242228	0.000211	1.0
155	-0.041007	7.718727	212.423948	0.000598	1.0
156	-0.041302	8.717612	205.283835	0.000457	0.9
157	-0.038219	7.838287	211.543264	0.000374	1.0
158	-0.040943	6.959493	218.192278	0.000548	0.9
159	-0.040314	6.113533	225.000019	0.000327	1.0
160	-0.040063	5.234231	232.541423	0.000597	1.0
161	-0.036149	4.354907	240.606103	0.000943	0.9
162	-0.042405	5.354907	231.476641	0.000741	1.1
163	-0.037263	6.354907	223.014663	0.000309	1.0
164	-0.040614	7.354845	215.150016	0.000495	1.0
165	-0.041234	7.969652	210.584007	0.000785	1.1
166	-0.041167	8.969652	203.557432	0.000437	1.1
167	-0.039567	9.969652	196.984632	0.000266	0.9
168	-0.041095	10.969055	190.826578	0.000429	0.9
169	-0.039174	10.096049	196.183940	0.000721	1.0
170	-0.040557	11.096047	190.071551	0.000309	1.1
171	-0.039887	12.096038	184.328570	0.000615	1.0
172	-0.039482	13.096038	178.922414	0.000460	1.0
173	-0.040384	14.096038	173.824335	0.000620	0.9
174	-0.039026	13.216718	178.291368	0.000279	1.0
175	-0.038414	12.337396	182.994059	0.000323	1.2
176	-0.041764	13.328568	177.710452	0.000309	1.0
177	-0.038100	14.326928	172.688252	0.000292	1.0
178	-0.039468	15.303874	168.041170	0.000319	1.0
179	-0.043306	16.244425	163.797545	0.000571	1.0
180	-0.040475	17.244295	159.515175	0.000264	1.0
181	-0.037605	16.365963	163.264772	0.000422	1.1
182	-0.039275	15.579372	166.775566	0.000194	1.0
183	-0.036003	15.429603	167.461209	0.000216	1.0
184	-0.037415	14.634887	171.195868	0.000726	1.2
185	-0.036907	13.759081	175.509399	0.000584	1.2
186	-0.041426	14.759081	170.601292	0.000340	1.0
187	-0.037915	14.295682	172.841126	0.000456	1.0
188	-0.039239	15.250926	168.286608	0.000430	1.1
189	-0.037890	16.166733	164.139942	0.000195	1.1
190	-0.041531	15.596663	166.696766	0.000818	1.2
191	-0.040067	14.717685	170.799016	0.000400	1.0
192	-0.035267	15.717685	166.147333	0.000514	1.2
193	-0.039589	14.848243	170.176973	0.000527	1.0
194	-0.038442	15.729126	166.095579	0.000702	1.0
195	-0.039070	14.912277	169.873534	0.000283	1.0
196	-0.039458	15.909287	165.284834	0.000270	1.0
197	-0.039726	15.372114	167.725897	0.000655	1.0
198	-0.037320	15.887067	165.384397	0.000798	1.0
199	-0.037210	15.681724	166.310217	0.000477	1.2
