1:ItNr	2:Metric	3a:Time	3b:StepSize	4:||Gradient||	Time[ms]
0	-0.055253	0.000000	9977.171007	0.000841	72.3
1	-0.053550	0.000000	9977.171007	0.000366	0.8
2	-0.052402	0.000000	9977.171007	0.000719	0.8
3	-0.049847	1.000000	9523.663234	0.000544	0.8
4	-0.059731	2.000000	9109.590919	0.000502	0.8
5	-0.055458	3.000000	8730.024631	0.000521	0.9
6	-0.054310	4.000000	8380.823646	0.000562	0.9
7	-0.058384	5.000000	8058.484275	0.000349	1.1
8	-0.048707	6.000000	7760.021894	0.000352	0.8
9	-0.057176	7.000000	7482.878255	0.000206	0.8
10	-0.053941	8.000000	7224.847971	0.000332	0.9
11	-0.055536	8.991327	6986.039333	0.000283	0.7
12	-0.050392	9.991327	6760.620162	0.000355	0.9
13	-0.054438	10.991327	6549.293507	0.000088	1.0
14	-0.055785	11.990702	6350.898166	0.000522	0.9
15	-0.055035	12.072456	6335.199040	0.000459	0.9
16	-0.053008	13.072456	6149.265890	0.000237	0.8
17	-0.055219	14.072456	5973.935543	0.000193	0.9
18	-0.051766	15.064406	5809.622698	0.000151	0.8
19	-0.047849	16.063831	5652.966368	0.000170	0.8
20	-0.053049	15.773176	5697.647392	0.000216	1.1
21	-0.052465	16.748208	5550.477830	0.000137	0.9
22	-0.049537	17.739057	5408.510429	0.000262	1.0
23	-0.055017	18.725228	5274.245194	0.000275	0.9
24	-0.058615	19.725228	5144.737135	0.000229	0.8
25	-0.053339	20.725228	5021.436739	0.000291	0.9
26	-0.055487	21.725227	4903.908183	0.000166	0.8
27	-0.053619	22.725184	4791.760095	0.000123	0.9
28	-0.055641	23.262317	4733.611011	0.000208	0.9
29	-0.056948	24.259006	4629.367936	0.000196	0.9
30	-0.054082	23.957736	4660.390185	0.000149	0.9
31	-0.057984	23.656007	4691.879258	0.000272	1.0
32	-0.054302	24.655405	4589.173817	0.000223	0.9
33	-0.055519	25.655405	4490.810642	0.000367	0.9
34	-0.056225	26.654613	4396.648675	0.000286	0.9
35	-0.055253	27.654613	4306.284198	0.000089	1.1
36	-0.055200	27.353179	4333.129610	0.000212	1.0
37	-0.054366	27.103330	4355.635903	0.000282	0.9
38	-0.056188	28.103330	4266.932430	0.000287	1.0
39	-0.051996	29.103330	4181.769778	0.000208	0.8
40	-0.055861	30.103330	4099.940086	0.000046	0.7
41	-0.053192	30.900854	4036.939169	0.000074	0.7
42	-0.053708	30.742730	4049.275916	0.000184	0.9
43	-0.052270	30.444026	4072.787604	0.000195	0.8
44	-0.056174	31.443181	3995.192266	0.000272	0.8
45	-0.056950	32.441615	3920.551235	0.000180	0.9
46	-0.056217	33.441406	3848.552139	0.000372	1.0
47	-0.055670	33.139516	3870.012297	0.000314	0.7
48	-0.055702	34.139516	3799.826474	0.000327	0.8
49	-0.057619	33.837625	3820.745184	0.000197	0.9
50	-0.057458	34.837625	3752.319187	0.000229	1.0
51	-0.053755	35.829715	3686.814049	0.000173	1.0
52	-0.054494	36.829715	3623.061123	0.000309	1.3
53	-0.054214	36.527824	3642.073975	0.000434	1.1
54	-0.054655	37.527824	3579.845897	0.000218	1.2
55	-0.057920	38.527824	3519.708542	0.000274	1.1
56	-0.055743	39.527824	3461.558285	0.000091	1.0
57	-0.054619	40.527769	3405.301282	0.000291	1.0
58	-0.054228	41.504175	3352.105531	0.000259	1.0
59	-0.055281	41.202322	3368.372530	0.000196	1.0
60	-0.055164	41.527804	3350.838817	0.000234	1.0
61	-0.050342	42.352535	3307.217159	0.000312	1.0
62	-0.054205	43.196684	3263.729173	0.000156	1.0
63	-0.054089	42.894793	3279.149674	0.000103	0.9
64	-0.058342	43.874488	3229.629987	0.000228	1.1
65	-0.054821	43.582455	3244.233897	0.000221	0.9
66	-0.054689	44.582364	3194.770317	0.000208	1.0
67	-0.053835	44.281881	3209.475413	0.000197	0.9
68	-0.053524	43.979992	3224.386225	0.000486	1.0
69	-0.059481	44.979991	3175.517135	0.000188	1.0
70	-0.054532	44.678100	3190.113469	0.000232	0.9
71	-0.054800	45.635814	3144.263981	0.000170	1.1
72	-0.053948	46.635814	3097.775837	0.000305	1.0
73	-0.050921	47.635812	3052.642415	0.000180	1.1
74	-0.053319	48.635812	3008.805174	0.000224	1.0
75	-0.052626	48.333924	3021.905863	0.000217	1.0
76	-0.055549	48.032033	3035.121258	0.000239	1.3
77	-0.050509	49.032033	2991.782216	0.000216	1.1
78	-0.054701	50.032013	2949.664283	0.000207	1.1
79	-0.054645	51.032013	2908.714930	0.000079	0.8
80	-0.051975	50.737312	2920.664078	0.000176	0.9
81	-0.053094	51.703287	2881.858570	0.000199	1.1
82	-0.055735	51.426774	2892.861026	0.000173	1.1
83	-0.059888	52.426772	2853.463199	0.000286	1.5
84	-0.052385	53.392645	2816.415416	0.000083	0.9
85	-0.057150	54.372103	2779.816167	0.000124	1.0
86	-0.049413	54.131806	2788.706953	0.000097	0.8
87	-0.056706	55.118460	2752.559519	0.000173	0.8
88	-0.056056	56.095052	2717.691812	0.000205	0.9
89	-0.057827	57.092876	2682.966772	0.000325	0.9
90	-0.051977	58.092876	2649.045047	0.000203	1.0
91	-0.056560	59.092875	2615.970408	0.000069	0.9
92	-0.051394	60.079283	2584.144607	0.000317	0.7
93	-0.054234	60.306973	2576.908031	0.000141	0.8
94	-0.054089	61.288182	2546.180821	0.000251	0.8
95	-0.052286	62.288176	2515.610263	0.000367	0.8
96	-0.053734	63.287977	2485.770794	0.000256	0.8
97	-0.055058	64.287977	2456.625176	0.000269	0.7
98	-0.052957	63.986086	2465.351693	0.000254	0.8
99	-0.055516	63.684195	2474.140430	0.000347	0.8
100	-0.052703	64.684194	2445.265356	0.000546	0.9
101	-0.052740	65.684194	2417.056460	0.000273	0.8
102	-0.055342	66.684194	2389.490985	0.000186	0.9
103	-0.051777	66.382303	2397.746265	0.000207	0.8
104	-0.051628	67.382301	2370.617065	0.000063	0.7
105	-0.052992	68.230425	2348.084643	0.000374	0.9
106	-0.053271	69.188658	2323.136798	0.000397	0.9
107	-0.055364	70.188658	2297.660639	0.000302	0.9
108	-0.053837	69.888232	2305.255433	0.000111	0.8
109	-0.053617	69.597356	2312.656794	0.000206	0.8
110	-0.056018	69.295905	2320.377559	0.000184	0.8
111	-0.054875	68.994029	2328.161026	0.000195	0.8
112	-0.056987	69.987468	2302.741207	0.000246	0.9
113	-0.055729	69.685588	2310.406722	0.000204	0.8
114	-0.052420	70.685587	2285.207494	0.000221	0.8
115	-0.055107	70.394349	2292.489555	0.000090	0.7
116	-0.054733	70.095047	2300.021779	0.000141	0.9
117	-0.056717	71.074032	2275.566598	0.000041	0.8
118	-0.056662	70.851405	2281.082039	0.000205	0.8
119	-0.055328	70.566006	2288.191871	0.000121	0.8
120	-0.054474	71.555986	2263.717342	0.000150	0.8
121	-0.053290	72.555170	2239.540482	0.000200	0.9
122	-0.054347	72.311853	2245.380241	0.000277	1.0
123	-0.052094	73.311846	2221.572365	0.000127	0.8
124	-0.056694	74.311842	2198.263995	0.000078	0.8
125	-0.053455	75.264936	2176.499553	0.000283	1.0
126	-0.051373	76.264477	2154.132703	0.000255	0.8
127	-0.056573	75.962586	2160.839546	0.000072	0.9
128	-0.057023	75.777052	2164.982154	0.000179	0.9
129	-0.052205	75.614501	2168.624672	0.000203	0.9
130	-0.056966	76.516758	2148.559851	0.000230	0.8
131	-0.054624	77.516758	2126.750771	0.000453	0.8
132	-0.051604	78.516758	2105.379991	0.000057	0.8
133	-0.055624	79.332485	2088.262748	0.000161	0.8
134	-0.056070	79.101229	2093.087104	0.000095	0.8
135	-0.054308	80.098585	2072.438409	0.000326	0.8
136	-0.060222	80.659711	2060.999282	0.000123	0.9
137	-0.052329	80.367471	2066.941098	0.000148	0.9
138	-0.057356	81.365780	2046.783525	0.000231	0.8
139	-0.051812	81.063902	2052.837352	0.000234	0.8
140	-0.054512	82.063902	2032.919250	0.000073	0.8
141	-0.054178	82.257362	2029.110449	0.000116	0.7
142	-0.054886	83.125266	2012.197422	0.000225	1.0
143	-0.056429	84.124238	1993.075962	0.000178	0.9
144	-0.055894	83.992815	1995.570751	0.000136	0.8
145	-0.056537	83.690939	2001.324982	0.000275	0.8
146	-0.048727	84.690939	1982.389350	0.000324	0.9
147	-0.052034	85.690939	1963.808678	0.000351	0.8
148	-0.052878	86.685879	1945.664486	0.000610	0.8
149	-0.054705	87.685879	1927.762764	0.000264	0.8
150	-0.056354	88.685479	1910.194424	0.000305	0.9
151	-0.058717	89.685440	1892.937235	0.000210	0.8
152	-0.055451	89.383549	1898.114278	0.000412	1.0
153	-0.053075	90.383549	1881.073033	0.000208	1.0
154	-0.051945	91.383549	1864.335059	0.000299	0.9
155	-0.054528	91.081663	1869.356554	0.000151	0.8
156	-0.056603	92.076804	1852.905137	0.000319	0.8
157	-0.052944	91.774913	1857.865238	0.000197	0.8
158	-0.052662	92.774913	1841.535934	0.000276	0.9
159	-0.054637	92.475388	1846.396782	0.000145	0.9
160	-0.053826	92.199673	1850.893968	0.000135	0.7
161	-0.050766	91.897890	1855.841518	0.000141	0.8
162	-0.057207	91.608976	1860.602930	0.000080	0.7
163	-0.052719	91.604415	1860.678299	0.000123	0.8
164	-0.055405	92.254166	1850.003388	0.000360	0.7
165	-0.057195	93.253913	1833.815459	0.000256	0.7
166	-0.055926	94.253913	1817.904368	0.000138	0.7
167	-0.055346	93.952022	1822.678606	0.000259	0.7
168	-0.057844	93.650315	1827.475059	0.000286	0.8
169	-0.053571	94.650315	1811.673329	0.000184	0.9
170	-0.053289	95.650315	1796.142524	0.000201	0.8
171	-0.055235	96.650293	1780.876070	0.000185	0.8
172	-0.051651	97.650204	1765.867944	0.000143	0.7
173	-0.056375	97.354810	1770.275250	0.000223	0.7
174	-0.053026	98.354770	1755.443806	0.000253	0.9
175	-0.053403	98.052879	1759.895209	0.000161	0.8
176	-0.058439	97.751082	1764.367843	0.000043	0.7
177	-0.050188	97.744322	1764.468287	0.000069	0.7
178	-0.055366	98.145868	1758.521680	0.000282	0.7
179	-0.053220	99.140432	1743.964022	0.000309	0.8
180	-0.054979	100.140432	1729.567804	0.000074	0.8
181	-0.054191	99.938433	1732.456637	0.000235	0.8
182	-0.058310	99.641249	1736.724315	0.000250	0.8
183	-0.057895	99.340453	1741.065341	0.000232	0.6
184	-0.057695	100.340453	1726.716744	0.000211	0.8
185	-0.051789	100.038607	1731.022822	0.000174	0.7
186	-0.051611	99.736716	1735.351082	0.000188	0.8
187	-0.054958	100.736716	1721.096139	0.000221	0.7
188	-0.054842	100.441523	1725.279667	0.000383	0.7
189	-0.054815	101.441523	1711.189025	0.000216	0.7
190	-0.051926	102.441523	1697.326680	0.000207	0.8
191	-0.056146	102.139660	1701.487494	0.000228	0.8
192	-0.056488	103.139459	1687.783984	0.000169	0.9
193	-0.051582	104.139448	1674.296913	0.000232	0.9
194	-0.053910	105.020848	1662.586745	0.000227	0.9
195	-0.054738	106.020848	1649.497659	0.000213	0.8
196	-0.054969	107.020847	1636.613072	0.000175	0.8
197	-0.055354	106.816636	1639.227866	0.000293	0.9
198	-0.057674	107.816636	1626.502585	0.000266	0.8
199	-0.056542	107.514795	1630.322728	0.000283	0.8
