1:ItNr	2:Metric	3a:Time	3b:StepSize	4:||Gradient||	Time[ms]
0	-0.510547	0.000000	37498.260151	0.000890	15.5
1	-0.530463	0.000000	37498.260151	0.000269	0.8
2	-0.536050	0.000000	37498.260151	0.000135	0.8
3	-0.528139	0.000000	37498.260151	0.000167	0.8
4	-0.543570	0.000000	37498.260151	0.000189	0.7
5	-0.548143	1.000000	35793.793780	0.000106	0.8
6	-0.543350	0.972198	35839.083872	0.000138	0.8
7	-0.536215	1.972198	34278.977035	0.000114	0.8
8	-0.532925	1.944397	34320.512485	0.000111	0.9
9	-0.531967	1.916595	34362.148833	0.000164	1.0
10	-0.537194	2.916595	32925.399658	0.000131	0.8
11	-0.530585	3.916595	31603.975158	0.000165	0.8
12	-0.535475	4.916595	30384.525820	0.000082	0.9
13	-0.541314	5.916595	29255.686212	0.000079	0.9
14	-0.531566	5.888799	29285.929670	0.000080	1.0
15	-0.534117	5.862132	29315.001923	0.000117	0.9
16	-0.529603	6.862116	28262.873354	0.000060	0.9
17	-0.535895	6.835975	28289.415860	0.000088	1.0
18	-0.533504	6.815750	28309.984642	0.000134	0.8
19	-0.539579	7.813356	27329.807165	0.000070	0.8
20	-0.533490	8.813333	26413.130477	0.000102	0.8
21	-0.537547	9.812422	25556.688117	0.000078	0.8
22	-0.536355	9.792298	25573.390837	0.000077	0.8
23	-0.530617	10.784711	24774.913155	0.000100	0.7
24	-0.544758	10.756910	24796.602236	0.000094	0.8
25	-0.544306	10.940730	24653.896760	0.000049	0.9
26	-0.528441	11.634775	24129.581178	0.000076	0.9
27	-0.528756	12.551733	23470.127845	0.000060	0.9
28	-0.534903	12.740116	23339.086119	0.000060	0.8
29	-0.529866	12.717166	23354.972061	0.000039	0.9
30	-0.532208	12.689983	23373.815953	0.000076	0.9
31	-0.535657	12.662609	23392.823066	0.000057	0.8
32	-0.530970	12.634827	23412.145664	0.000121	1.0
33	-0.541148	13.634064	22736.675141	0.000107	1.0
34	-0.538697	13.606263	22754.940979	0.000080	1.2
35	-0.539508	13.603870	22756.514336	0.000037	0.9
36	-0.542768	13.576723	22774.380967	0.000091	0.9
37	-0.537835	14.130477	22415.393366	0.000095	1.0
38	-0.534492	14.102676	22433.146344	0.000082	0.9
39	-0.524548	14.082803	22445.853928	0.000039	0.8
40	-0.534171	14.200702	22370.674696	0.000146	1.1
41	-0.534874	14.209699	22364.958832	0.000038	0.8
42	-0.531760	15.157629	21778.625714	0.000072	0.9
43	-0.551829	15.904651	21337.783558	0.000124	0.9
44	-0.536614	16.904604	20774.876441	0.000034	1.0
45	-0.532255	16.898558	20778.190404	0.000091	0.9
46	-0.537272	16.871614	20792.973539	0.000096	0.9
47	-0.550756	17.871580	20258.076811	0.000067	0.8
48	-0.536193	18.871202	19750.181036	0.000061	1.0
49	-0.535756	19.803891	19298.734407	0.000107	1.1
50	-0.529811	19.779490	19310.282057	0.000085	0.9
51	-0.540641	20.779488	18848.088003	0.000111	1.0
52	-0.531624	21.779485	18407.502242	0.000109	0.9
53	-0.538240	21.751685	18419.472051	0.000096	1.0
54	-0.541506	21.723919	18431.442535	0.000082	1.1
55	-0.549846	21.846845	18378.563381	0.000051	1.0
56	-0.546035	21.832095	18384.892418	0.000122	0.7
57	-0.547699	22.831439	17965.722217	0.000131	1.2
58	-0.540248	22.803638	17977.124806	0.000027	1.0
59	-0.531177	22.785517	17984.564498	0.000040	0.9
60	-0.536252	22.810272	17974.402576	0.000089	1.1
61	-0.538392	22.783074	17985.568107	0.000056	1.1
62	-0.532249	22.762830	17993.887853	0.000100	1.0
63	-0.548404	22.735038	18005.322637	0.000062	0.9
64	-0.532624	23.722462	17607.784133	0.000040	0.9
65	-0.537894	24.135494	17446.656597	0.000089	0.9
66	-0.542856	24.147721	17441.931709	0.000108	0.9
67	-0.540866	25.147629	17064.006968	0.000024	1.0
68	-0.532662	25.140851	17066.513622	0.000127	0.9
69	-0.529690	25.128097	17071.232468	0.000025	0.9
70	-0.534136	25.130391	17070.383526	0.000153	1.4
71	-0.536930	25.861453	16804.076892	0.000147	4.5
72	-0.548593	26.861452	16452.979077	0.000120	12.6
73	-0.541189	26.833650	16462.541765	0.000064	9.7
74	-0.542221	27.832830	16125.697728	0.000101	0.9
75	-0.549463	27.805032	16134.882738	0.000123	0.9
76	-0.534801	28.805032	15810.921849	0.000041	1.1
77	-0.537850	28.900223	15780.760259	0.000050	1.1
78	-0.535186	28.949500	15765.192242	0.000089	6.0
79	-0.533262	28.922048	15773.861219	0.000091	1.3
80	-0.536344	28.918903	15774.855204	0.000088	0.9
81	-0.538420	29.708002	15529.372742	0.000054	0.9
82	-0.537003	30.305689	15348.462792	0.000046	0.9
83	-0.547492	30.958951	15155.491936	0.000062	0.8
84	-0.531719	31.077814	15120.900919	0.000107	0.8
85	-0.539854	32.077293	14836.164660	0.000067	1.0
86	-0.534182	32.072826	14837.413547	0.000125	1.1
87	-0.538639	32.956210	14594.491660	0.000044	1.2
88	-0.533123	32.928469	14601.999354	0.000055	1.0
89	-0.538080	33.353044	14487.936838	0.000090	1.2
90	-0.535484	33.325300	14495.335861	0.000106	1.1
91	-0.539502	34.325272	14233.341014	0.000106	0.9
92	-0.532549	35.315013	13983.188771	0.000033	0.9
93	-0.540417	35.424384	13956.084478	0.000085	1.0
94	-0.541725	35.411756	13959.208567	0.000014	0.9
95	-0.540997	35.402703	13961.449139	0.000077	0.9
96	-0.540273	35.378945	13967.332298	0.000073	1.0
97	-0.543857	35.351148	13974.222079	0.000095	0.9
98	-0.544229	36.331681	13735.223703	0.000066	0.7
99	-0.532042	36.303888	13741.885477	0.000025	0.9
100	-0.543038	36.287246	13745.877375	0.000083	0.9
101	-0.532928	36.274344	13748.973834	0.000024	1.0
102	-0.536917	36.572339	13677.809107	0.000077	0.7
103	-0.539190	36.699002	13647.783129	0.000139	1.2
104	-0.536389	36.671213	13654.359266	0.000057	1.1
105	-0.527580	37.671053	13421.669211	0.000120	1.0
106	-0.530784	38.155682	13311.713071	0.000095	0.8
107	-0.531931	39.155681	13090.425610	0.000039	0.8
108	-0.532707	39.238975	13072.324996	0.000052	0.9
109	-0.531582	39.442091	13028.395428	0.000016	0.8
110	-0.535182	39.473368	13021.657046	0.000036	1.1
111	-0.546889	39.477363	13020.796850	0.000051	0.9
112	-0.529820	39.476348	13021.015567	0.000150	0.9
113	-0.538703	40.475252	12809.438656	0.000128	0.8
114	-0.542845	40.447450	12815.234214	0.000085	0.8
115	-0.535287	41.447447	12610.018425	0.000036	0.6
116	-0.533314	41.420219	12615.519034	0.000116	0.8
117	-0.536109	41.475915	12604.272640	0.000046	0.9
118	-0.530971	41.448116	12609.883440	0.000090	0.8
119	-0.538503	41.738837	12551.451385	0.000057	0.9
120	-0.541738	41.711203	12556.982291	0.000082	0.7
121	-0.542607	41.687182	12561.793959	0.000066	0.8
122	-0.545460	41.882246	12522.826675	0.000045	0.8
123	-0.538345	41.855167	12528.221729	0.000055	0.9
124	-0.534968	41.934618	12512.405450	0.000021	0.8
125	-0.533404	41.913695	12516.566772	0.000074	0.8
126	-0.533948	41.924735	12514.370663	0.000055	0.8
127	-0.542505	41.897038	12519.881581	0.000130	0.7
128	-0.537996	42.896530	12324.041111	0.000099	0.7
129	-0.540219	43.896530	12134.138183	0.000058	0.7
130	-0.544106	43.898276	12133.811743	0.000090	0.7
131	-0.545579	43.870614	12138.985842	0.000099	0.9
132	-0.529993	43.851451	12142.572849	0.000070	0.9
133	-0.539595	43.823975	12147.719500	0.000109	0.8
134	-0.538176	44.823730	11963.215450	0.000132	0.9
135	-0.543310	44.796223	11968.216890	0.000071	0.9
136	-0.534181	45.795887	11789.101115	0.000108	0.8
137	-0.540056	46.004437	11752.407684	0.000100	0.8
138	-0.537333	45.976636	11757.286029	0.000066	0.9
139	-0.539386	46.971949	11585.124158	0.000053	0.8
140	-0.538157	46.945921	11589.562072	0.000081	0.8
141	-0.543394	46.921543	11593.721654	0.000076	0.8
142	-0.542849	47.069575	11568.508664	0.000087	1.0
143	-0.539772	48.068585	11401.181269	0.000122	0.8
144	-0.537028	49.068584	11238.466960	0.000130	0.8
145	-0.535361	50.068584	11080.331453	0.000095	0.8
146	-0.545415	51.067905	10926.687291	0.000053	0.9
147	-0.543265	51.051190	10929.222230	0.000128	0.8
148	-0.533304	51.023424	10933.435568	0.000103	0.8
149	-0.535704	50.995631	10937.656213	0.000119	0.8
150	-0.546154	51.371393	10880.866506	0.000053	1.0
151	-0.546119	52.368722	10732.958659	0.000110	0.9
152	-0.530341	52.340976	10737.019085	0.000087	0.8
153	-0.535467	52.313175	10741.090689	0.000061	0.8
154	-0.532937	52.285375	10745.165167	0.000047	0.8
155	-0.535526	52.789016	10671.824941	0.000082	0.7
156	-0.531906	53.471195	10574.067765	0.000055	0.8
157	-0.523233	54.427287	10440.034304	0.000045	0.8
158	-0.531475	54.401051	10443.666962	0.000076	0.8
159	-0.536875	54.373773	10447.446526	0.000043	0.8
160	-0.537655	54.434920	10438.977921	0.000067	0.8
161	-0.541458	54.407388	10442.789286	0.000029	0.9
162	-0.532466	54.396209	10444.337634	0.000089	0.7
163	-0.534963	54.637883	10410.966506	0.000077	0.8
164	-0.540329	54.944322	10368.957681	0.000125	0.8
165	-0.536081	54.920098	10372.266098	0.000052	0.8
166	-0.538198	55.861260	10245.258307	0.000090	0.9
167	-0.541461	56.814623	10119.736223	0.000151	0.8
168	-0.540861	56.793332	10122.505940	0.000053	0.9
169	-0.534014	56.765531	10126.124651	0.000059	1.0
170	-0.542221	56.738313	10129.670114	0.000065	0.8
171	-0.548516	56.764049	10126.317704	0.000068	0.7
172	-0.538126	56.740505	10129.384405	0.000050	0.8
173	-0.539787	56.717809	10132.342564	0.000133	0.8
174	-0.538711	56.690014	10135.967526	0.000029	0.7
175	-0.534431	57.270880	10060.746304	0.000051	0.8
176	-0.538915	57.248962	10063.564289	0.000070	0.9
177	-0.538300	57.803938	9992.691826	0.000059	0.7
178	-0.539124	57.810534	9991.855487	0.000138	1.0
179	-0.537325	57.782988	9995.349019	0.000059	0.7
180	-0.536986	58.638510	9887.973283	0.000159	0.9
181	-0.536298	59.584931	9771.845135	0.000173	0.9
182	-0.539522	60.584668	9652.101127	0.000068	0.8
183	-0.536928	61.027236	9600.024409	0.000109	0.9
184	-0.536614	60.999437	9603.278904	0.000053	0.9
185	-0.534569	60.971637	9606.535791	0.000068	0.8
186	-0.528931	61.094030	9592.213491	0.000117	0.8
187	-0.528509	62.075605	9478.877286	0.000053	0.7
188	-0.531238	62.295733	9453.827217	0.000079	0.8
189	-0.522591	62.556443	9424.329668	0.000050	0.8
190	-0.532773	62.570477	9422.747003	0.000045	0.8
191	-0.531470	62.908354	9384.804082	0.000064	0.8
192	-0.542183	63.597036	9308.404903	0.000033	0.7
193	-0.521336	63.604365	9307.598523	0.000033	0.7
194	-0.537325	63.614860	9306.444128	0.000046	0.8
195	-0.540701	63.601890	9307.870778	0.000187	0.7
196	-0.538623	64.440930	9216.466451	0.000049	0.8
197	-0.540101	64.413129	9219.466318	0.000052	0.7
198	-0.538703	64.396430	9221.269137	0.000055	0.9
199	-0.542267	64.503746	9209.695493	0.000037	0.9
