1:ItNr	2:Metric	3a:Time	3b:StepSize	4:||Gradient||	Time[ms]
0	-0.145983	0.000000	14966.996923	0.000730	28.6
1	-0.145810	0.000000	14966.996923	0.000125	0.7
2	-0.158431	0.000000	14966.996923	0.000276	0.8
3	-0.147892	0.000000	14966.996923	0.000151	0.9
4	-0.150221	0.000000	14966.996923	0.000084	0.9
5	-0.147373	0.999945	14286.714896	0.000084	0.9
6	-0.153281	1.662223	13869.201476	0.000096	0.8
7	-0.148097	1.617500	13896.625616	0.000130	0.8
8	-0.153795	1.592574	13911.957896	0.000218	0.8
9	-0.157956	2.592573	13322.282786	0.000124	0.8
10	-0.157800	3.592573	12780.563038	0.000064	0.8
11	-0.157113	4.348112	12399.619269	0.000133	0.7
12	-0.157441	4.315626	12415.530690	0.000171	1.0
13	-0.151356	4.270851	12437.528714	0.000130	0.8
14	-0.159359	5.270799	11964.117989	0.000164	0.9
15	-0.150720	5.226023	11984.544118	0.000124	1.0
16	-0.150148	5.193265	11999.532554	0.000095	1.0
17	-0.154855	5.171992	12009.285995	0.000267	0.8
18	-0.149887	5.127217	12029.866797	0.000318	0.8
19	-0.151559	5.082441	12050.518261	0.000224	0.7
20	-0.157184	5.037666	12071.240751	0.000128	0.8
21	-0.153076	6.037558	11624.826847	0.000237	0.9
22	-0.156204	7.027258	11214.330457	0.000093	0.9
23	-0.149026	8.022953	10829.598720	0.000144	0.8
24	-0.157097	9.022451	10469.063275	0.000094	0.9
25	-0.154648	10.022177	10131.685448	0.000119	0.8
26	-0.153199	11.021216	9815.584086	0.000106	1.0
27	-0.151717	12.021086	9518.370544	0.000104	0.9
28	-0.155537	13.017990	9239.432977	0.000184	1.0
29	-0.158367	13.882559	9010.432168	0.000085	0.9
30	-0.161148	13.837784	9022.012826	0.000137	0.9
31	-0.156785	14.837297	8770.386159	0.000079	1.0
32	-0.150495	15.809421	8538.763432	0.000183	0.9
33	-0.153632	15.767761	8548.438305	0.000168	0.9
34	-0.158379	15.722987	8558.860867	0.000141	0.9
35	-0.155414	16.722955	8331.980805	0.000099	0.9
36	-0.148722	16.772536	8321.044068	0.000090	0.8
37	-0.159262	17.699326	8121.767585	0.000151	0.8
38	-0.160972	18.698009	7917.448256	0.000029	0.7
39	-0.151972	18.655608	7925.913924	0.000029	0.8
40	-0.154030	18.698509	7917.348674	0.000079	1.0
41	-0.154137	18.838446	7889.538001	0.000094	0.8
42	-0.154788	18.810357	7895.104685	0.000102	0.7
43	-0.156356	18.790320	7899.080319	0.000142	0.8
44	-0.158415	19.067054	7844.523146	0.000138	0.8
45	-0.151142	20.067054	7653.505720	0.000093	1.0
46	-0.151077	21.066939	7471.590332	0.000144	0.9
47	-0.164783	22.066907	7298.107873	0.000090	0.9
48	-0.148419	22.872677	7164.070211	0.000161	0.8
49	-0.151421	23.617418	7044.489581	0.000124	0.8
50	-0.151966	24.617418	6890.064153	0.000123	0.7
51	-0.156290	25.462576	6764.733352	0.000116	0.8
52	-0.152140	26.444545	6624.722301	0.000100	0.9
53	-0.159767	27.401776	6493.706712	0.000179	0.7
54	-0.155368	27.388288	6495.516740	0.000236	0.8
55	-0.155862	28.388288	6363.997366	0.000098	0.8
56	-0.153358	29.388284	6237.698685	0.000143	0.8
57	-0.156205	30.359703	6119.718668	0.000096	0.7
58	-0.160351	31.350393	6003.907847	0.000078	0.7
59	-0.157077	32.254867	5901.938220	0.000163	0.8
60	-0.156539	32.210093	5906.904413	0.000189	1.0
61	-0.147222	33.124593	5807.100259	0.000113	0.8
62	-0.157760	33.079817	5811.908231	0.000230	0.9
63	-0.156755	34.079817	5706.390303	0.000085	0.8
64	-0.156178	34.299496	5683.721484	0.000122	0.8
65	-0.161090	35.298175	5582.897410	0.000171	0.7
66	-0.157671	35.253400	5587.341155	0.000072	0.7
67	-0.150000	36.249846	5490.092269	0.000098	0.9
68	-0.150935	36.205199	5494.377108	0.000068	0.8
69	-0.160278	36.953273	5423.454436	0.000084	0.8
70	-0.154880	37.806087	5344.802748	0.000045	0.9
71	-0.155370	37.769802	5348.102657	0.000017	0.8
72	-0.155199	37.761443	5348.863494	0.000148	0.8
73	-0.158798	37.721729	5352.480938	0.000074	0.8
74	-0.155334	38.034649	5324.109487	0.000109	0.9
75	-0.151729	37.989883	5328.149861	0.000253	0.8
76	-0.153093	37.945117	5332.196340	0.000074	0.8
77	-0.152297	38.611156	5272.619382	0.000136	1.0
78	-0.153733	38.566659	5276.558038	0.000044	0.8
79	-0.156934	38.522376	5280.483647	0.000190	0.7
80	-0.154989	39.471728	5197.584835	0.000113	0.8
81	-0.155972	40.471728	5113.032392	0.000058	0.8
82	-0.159523	40.493377	5111.232321	0.000121	0.8
83	-0.156979	40.453962	5114.510547	0.000109	0.7
84	-0.149641	40.409223	5118.236650	0.000085	0.8
85	-0.152702	40.368021	5121.673000	0.000174	0.8
86	-0.155975	40.323246	5125.412598	0.000109	0.8
87	-0.157170	41.318748	5043.537405	0.000176	0.8
88	-0.150924	41.274286	5047.138325	0.000023	0.8
89	-0.151903	41.641877	5017.521013	0.000108	0.8
90	-0.153355	41.731480	5010.354244	0.000151	0.8
91	-0.154244	41.716318	5011.565487	0.000146	0.8
92	-0.153144	42.716305	4932.912169	0.000071	0.8
93	-0.145408	42.671561	4936.378672	0.000137	0.8
94	-0.152875	42.665486	4936.849690	0.000076	0.8
95	-0.157984	42.620745	4940.321549	0.000012	0.7
96	-0.156928	42.599191	4941.995779	0.000172	0.8
97	-0.150231	42.851748	4922.448444	0.000179	0.6
98	-0.156026	43.851748	4846.545348	0.000226	0.9
99	-0.156194	44.851742	4772.947910	0.000156	0.9
100	-0.151890	45.851267	4701.585345	0.000152	0.8
101	-0.152584	45.806491	4704.736457	0.000109	0.7
102	-0.151128	45.761716	4707.891794	0.000093	0.7
103	-0.153643	45.718324	4710.953707	0.000038	0.7
104	-0.155238	45.675293	4713.994047	0.000107	0.9
105	-0.158242	45.704417	4711.935867	0.000135	0.9
106	-0.157910	46.249083	4673.772803	0.000009	0.9
107	-0.155991	46.280328	4671.602306	0.000128	0.8
108	-0.153872	46.301119	4670.159129	0.000111	0.9
109	-0.157012	47.301108	4601.783876	0.000127	0.9
110	-0.153998	48.300872	4535.396544	0.000093	0.8
111	-0.156975	48.256441	4538.306169	0.000080	0.7
112	-0.155477	48.546305	4519.390875	0.000146	0.9
113	-0.152618	48.501531	4522.302333	0.000024	0.8
114	-0.158094	48.459017	4525.070313	0.000126	0.7
115	-0.150237	48.558991	4518.566630	0.000117	0.8
116	-0.157376	48.514433	4521.463012	0.000039	0.7
117	-0.156418	48.472776	4524.174127	0.000105	0.8
118	-0.155508	48.432757	4526.781703	0.000105	0.8
119	-0.161403	48.387991	4529.702219	0.000090	0.7
120	-0.154620	48.360306	4531.510189	0.000161	0.8
121	-0.155091	49.360287	4467.107090	0.000085	0.8
122	-0.152298	49.971856	4428.613696	0.000098	0.8
123	-0.152207	50.190609	4415.005558	0.000124	0.8
124	-0.151062	51.187910	4354.010762	0.000112	0.8
125	-0.156684	52.187883	4294.521492	0.000110	0.8
126	-0.151745	52.986824	4248.147424	0.000031	0.8
127	-0.152248	52.999168	4247.438778	0.000122	0.7
128	-0.153066	52.965002	4249.400780	0.000099	0.8
129	-0.156554	53.943762	4193.903876	0.000131	0.8
130	-0.152931	54.943496	4138.694580	0.000043	0.9
131	-0.157021	55.645321	4100.797412	0.000194	0.8
132	-0.154265	56.634231	4048.561213	0.000146	0.8
133	-0.154539	57.634231	3997.075223	0.000114	0.9
134	-0.156950	58.634146	3946.886499	0.000133	0.8
135	-0.157386	59.634110	3897.940151	0.000223	0.8
136	-0.159291	59.589335	3900.105839	0.000119	0.8
137	-0.157730	60.589335	3852.304176	0.000143	0.7
138	-0.153350	60.544694	3854.413094	0.000255	0.8
139	-0.161619	60.901680	3837.612786	0.000074	0.8
140	-0.152145	60.856905	3839.711932	0.000116	0.8
141	-0.152455	61.812790	3795.391226	0.000164	0.8
142	-0.151637	61.768014	3797.444431	0.000064	0.6
143	-0.155480	62.386407	3769.282635	0.000130	0.7
144	-0.155627	62.360743	3770.443058	0.000066	0.8
145	-0.149701	62.316549	3772.443033	0.000051	0.7
146	-0.153975	62.741008	3753.321628	0.000031	0.8
147	-0.150080	62.713759	3754.543320	0.000125	0.8
148	-0.152981	62.724067	3754.081073	0.000107	0.8
149	-0.148516	62.679304	3756.089269	0.000121	0.7
150	-0.156201	63.677360	3711.817834	0.000038	0.7
151	-0.161055	63.633176	3713.755649	0.000226	0.9
152	-0.159076	64.379060	3681.311748	0.000042	0.8
153	-0.156890	64.334299	3683.242712	0.000094	1.0
154	-0.153000	64.552703	3673.839909	0.000218	1.1
155	-0.151877	64.508510	3675.738643	0.000221	1.0
156	-0.155395	65.508510	3633.248735	0.000071	0.9
157	-0.155947	66.487552	3592.590349	0.000073	0.9
158	-0.156518	67.113121	3567.084354	0.000119	0.8
159	-0.162352	67.068360	3568.897323	0.000132	0.8
160	-0.155525	67.193596	3563.829459	0.000067	0.8
161	-0.155761	67.216844	3562.890270	0.000090	0.9
162	-0.146796	68.072869	3528.649501	0.000139	0.8
163	-0.146435	68.028094	3530.424172	0.000083	0.9
164	-0.157749	69.024928	3491.332267	0.000080	0.8
165	-0.150472	69.851378	3459.572560	0.000094	0.9
166	-0.152302	70.824939	3422.892950	0.000117	0.8
167	-0.153937	70.931474	3418.926309	0.000121	0.7
168	-0.151684	71.931464	3382.136919	0.000111	0.8
169	-0.158291	72.551201	3359.731713	0.000089	0.8
170	-0.154817	72.513889	3361.072219	0.000126	0.7
171	-0.145014	73.192582	3336.854446	0.000037	1.0
172	-0.153833	73.786764	3315.936984	0.000168	0.8
173	-0.155947	74.499262	3291.197540	0.000171	1.0
174	-0.157336	74.454486	3292.741357	0.000122	0.9
175	-0.159232	75.422592	3259.681449	0.000053	0.7
176	-0.153327	75.411390	3260.060191	0.000044	0.8
177	-0.153474	75.734445	3249.172874	0.000142	0.8
178	-0.158534	75.718092	3249.722245	0.000148	0.8
179	-0.157713	76.025611	3239.422372	0.000031	0.9
180	-0.151346	75.982841	3240.850997	0.000085	0.9
181	-0.154750	76.013573	3239.824358	0.000175	0.9
182	-0.158952	76.974087	3208.061911	0.000218	0.9
183	-0.151616	76.929311	3209.528702	0.000027	0.8
184	-0.153428	76.884668	3210.992505	0.000206	0.8
185	-0.148720	77.119268	3203.315133	0.000110	0.8
186	-0.152053	77.074502	3204.777275	0.000068	0.9
187	-0.160397	77.046967	3205.677298	0.000172	0.8
188	-0.156432	77.002196	3207.141757	0.000091	0.8
189	-0.150012	77.938908	3176.777875	0.000076	0.9
190	-0.151922	77.894509	3178.204124	0.000072	0.8
191	-0.152953	77.849902	3179.638317	0.000091	0.8
192	-0.157990	77.806428	3181.037332	0.000042	0.8
193	-0.151679	77.762929	3182.438362	0.000035	0.8
194	-0.151592	77.790091	3181.563378	0.000169	0.8
195	-0.159900	78.087495	3172.014126	0.000184	1.0
196	-0.149199	78.042853	3173.443865	0.000109	0.9
197	-0.154431	79.042849	3141.723146	0.000089	0.8
198	-0.150529	79.004770	3142.919446	0.000134	0.8
199	-0.155385	78.960006	3144.326880	0.000210	0.7
