1:ItNr	2:Metric	3a:Time	3b:StepSize	4:||Gradient||	Time[ms]
0	-1.526687	0.000000	336811.425336	0.000095	71.7
1	-1.520700	0.000000	336811.425336	0.000230	3.6
2	-1.520198	0.000000	336811.425336	0.000335	4.0
3	-1.525995	0.000000	336811.425336	0.000065	3.7
4	-1.521533	1.000000	321501.815094	0.000235	3.8
5	-1.523922	2.000000	307523.475307	0.000749	3.7
6	-1.524196	3.000000	294709.997169	0.000368	3.8
7	-1.527592	4.000000	282921.597283	0.000271	3.8
8	-1.531762	3.987798	283059.747514	0.000201	3.6
9	-1.529635	4.987798	272167.722643	0.000179	4.2
10	-1.526837	5.987798	262082.879201	0.000073	3.6
11	-1.532150	5.975597	262201.423615	0.000153	4.0
12	-1.531655	5.963395	262320.075318	0.000118	3.9
13	-1.542543	5.951194	262438.834454	0.000135	3.8
14	-1.553050	5.938992	262557.701169	0.000182	3.8
15	-1.542700	6.938992	253160.164678	0.000167	3.7
16	-1.552997	7.938992	244412.100452	0.000215	4.0
17	-1.538614	8.938992	236248.428919	0.000254	3.7
18	-1.555843	9.938992	228612.484432	0.000259	3.6
19	-1.537026	10.938992	221454.698077	0.000209	3.9
20	-1.559876	11.938992	214731.520422	0.000235	3.9
21	-1.541325	12.938992	208404.534708	0.000224	3.8
22	-1.561357	13.938992	202439.722330	0.000094	3.9
23	-1.550775	14.938992	196806.850942	0.000057	4.2
24	-1.553523	15.938992	191478.961960	0.000033	4.2
25	-1.557811	16.938992	186431.939107	0.000034	3.5
26	-1.560688	16.926793	186491.906037	0.000028	3.9
27	-1.559766	16.914592	186551.922046	0.000031	3.8
28	-1.560898	16.902390	186611.976696	0.000027	3.6
29	-1.563258	16.890189	186672.070025	0.000025	3.4
30	-1.558052	16.877987	186732.202068	0.000030	3.6
31	-1.558764	16.865786	186792.372864	0.000024	3.6
32	-1.563427	16.853584	186852.582451	0.000028	3.5
33	-1.558678	16.841383	186912.830865	0.000023	3.5
34	-1.562001	16.829181	186973.118144	0.000025	3.7
35	-1.563444	16.816980	187033.444326	0.000024	4.2
36	-1.556485	16.804778	187093.809449	0.000036	4.0
37	-1.556532	16.792576	187154.213551	0.000036	4.0
38	-1.563208	17.792557	182329.818407	0.000035	3.8
39	-1.558575	18.792476	177748.175579	0.000041	3.6
40	-1.561746	19.792475	173390.801787	0.000026	3.9
41	-1.558236	19.780274	173442.679945	0.000026	3.8
42	-1.560616	19.768072	173494.589740	0.000025	3.7
43	-1.561033	19.755871	173546.530617	0.000027	3.9
44	-1.560473	19.743669	173598.502602	0.000032	3.5
45	-1.556536	19.731469	173650.497362	0.000025	3.8
46	-1.559345	19.719268	173702.531639	0.000031	3.5
47	-1.558874	19.707066	173754.597116	0.000035	3.9
48	-1.559925	19.694867	173806.684695	0.000039	3.6
49	-1.563456	20.694867	169638.145842	0.000028	3.7
50	-1.564645	20.834434	169072.204200	0.000024	4.0
51	-1.559738	20.822232	169121.530458	0.000023	3.6
52	-1.555363	20.810031	169170.885545	0.000027	3.8
53	-1.557022	20.797829	169220.269447	0.000028	3.6
54	-1.561345	20.785631	169269.667163	0.000026	3.9
55	-1.556208	20.773430	169319.108747	0.000030	3.8
56	-1.554219	20.761228	169368.579237	0.000023	3.6
57	-1.552328	20.749027	169418.078643	0.000034	3.6
58	-1.557075	20.736825	169467.606992	0.000031	3.6
59	-1.558589	21.117993	167933.926798	0.000035	3.7
60	-1.558742	22.084647	164166.132993	0.000030	3.5
61	-1.558053	22.971400	160855.462747	0.000030	3.9
62	-1.561616	22.963850	160883.086443	0.000035	3.7
63	-1.552952	23.252168	159834.880736	0.000032	4.2
64	-1.559408	24.223395	156402.232381	0.000024	3.9
65	-1.558868	24.211196	156444.434314	0.000020	3.8
66	-1.556687	24.198994	156486.666626	0.000026	3.9
67	-1.563612	24.186793	156528.921745	0.000031	3.6
68	-1.559322	24.174591	156571.199688	0.000030	4.0
69	-1.560497	24.162390	156613.500102	0.000030	3.8
70	-1.564506	24.309671	156104.419905	0.000045	3.7
71	-1.557510	25.309671	152733.538273	0.000030	3.8
72	-1.555873	26.309273	149506.416805	0.000033	3.7
73	-1.558274	26.312592	149495.930704	0.000035	3.8
74	-1.562699	26.816328	147921.018614	0.000026	3.7
75	-1.557814	27.649335	145388.215244	0.000021	3.9
76	-1.561179	27.637133	145424.688517	0.000020	3.8
77	-1.561209	27.624932	145461.180096	0.000032	3.6
78	-1.556968	27.612730	145497.689980	0.000025	3.8
79	-1.559764	27.600529	145534.218129	0.000020	3.9
80	-1.555251	27.588327	145570.764704	0.000022	3.7
81	-1.559917	27.576126	145607.329637	0.000028	3.7
82	-1.558769	27.563924	145643.912713	0.000023	4.1
83	-1.560596	27.551723	145680.514123	0.000023	3.5
84	-1.555500	27.539521	145717.134220	0.000024	3.7
85	-1.558384	27.527321	145753.770181	0.000023	3.9
86	-1.557517	27.515167	145790.282330	0.000029	4.2
87	-1.561970	27.502966	145826.957640	0.000027	4.4
88	-1.558891	27.490866	145863.346067	0.000038	3.8
89	-1.561079	28.488744	142922.193961	0.000036	3.9
90	-1.554382	29.488744	140091.420577	0.000027	4.2
91	-1.557159	30.479939	137394.101277	0.000019	3.7
92	-1.561005	30.467737	137426.673404	0.000032	3.7
93	-1.561554	30.455536	137459.261008	0.000030	3.5
94	-1.563224	31.455072	134839.962942	0.000023	3.4
95	-1.557590	31.442873	134871.328534	0.000029	3.6
96	-1.560158	31.430671	134902.714999	0.000033	3.5
97	-1.562263	32.422900	132397.155069	0.000022	3.5
98	-1.555601	32.410698	132427.400788	0.000026	3.5
99	-1.558320	32.398498	132457.657848	0.000018	3.7
100	-1.563351	32.386296	132487.931101	0.000021	3.9
101	-1.560695	32.374095	132518.218294	0.000019	3.9
102	-1.558985	32.361893	132548.519346	0.000020	3.8
103	-1.559445	32.349692	132578.834267	0.000027	3.6
104	-1.563543	32.337490	132609.162986	0.000027	3.4
105	-1.559668	33.113634	130707.169810	0.000019	3.4
106	-1.563631	33.101432	130736.648145	0.000028	3.6
107	-1.559692	33.089238	130766.121680	0.000023	3.6
108	-1.559912	33.231501	130423.089285	0.000022	3.6
109	-1.555426	33.219349	130452.320455	0.000022	3.5
110	-1.562217	33.207148	130481.683916	0.000021	3.7
111	-1.561737	33.194946	130511.060700	0.000020	3.6
112	-1.561568	33.182745	130540.450695	0.000017	3.8
113	-1.563200	33.170543	130569.853834	0.000019	3.6
114	-1.562272	33.158342	130599.270314	0.000029	4.1
115	-1.562017	33.146140	130628.700077	0.000034	4.3
116	-1.557333	34.146140	128259.926936	0.000020	4.4
117	-1.561049	34.143805	128265.357853	0.000018	4.2
118	-1.559295	34.131604	128293.745032	0.000019	3.9
119	-1.565656	34.119402	128322.144677	0.000024	3.9
120	-1.561185	34.107201	128350.557002	0.000045	3.7
121	-1.559417	35.107201	126062.961921	0.000037	3.7
122	-1.560101	36.107201	123855.482656	0.000025	3.5
123	-1.563416	37.106304	121725.862241	0.000018	3.6
124	-1.555441	37.094214	121751.193455	0.000022	3.8
125	-1.559776	37.082014	121776.768231	0.000022	4.0
126	-1.561501	37.070414	121801.093105	0.000018	3.6
127	-1.553523	37.058978	121825.085751	0.000026	3.6
128	-1.561121	37.046776	121850.693539	0.000018	3.8
129	-1.556470	37.034893	121875.642698	0.000021	3.5
130	-1.560841	37.022692	121901.271751	0.000026	3.5
131	-1.561742	37.010591	121926.699139	0.000027	3.9
132	-1.558522	37.989163	119904.057426	0.000016	3.5
133	-1.564638	37.976962	119928.862023	0.000021	3.6
134	-1.564150	37.964761	119953.676915	0.000021	3.5
135	-1.567661	37.959594	119964.190618	0.000016	4.0
136	-1.564065	37.947392	119989.021726	0.000024	3.7
137	-1.559914	37.935192	120013.861449	0.000027	3.5
138	-1.557386	38.906597	118067.797088	0.000021	3.7
139	-1.559588	39.693011	116537.963293	0.000022	3.7
140	-1.557672	39.681847	116559.404344	0.000022	3.5
141	-1.561879	39.669646	116582.844958	0.000018	3.7
142	-1.555703	39.657513	116606.163874	0.000019	4.0
143	-1.556716	39.645312	116629.624399	0.000021	3.6
144	-1.562051	39.633228	116652.867844	0.000014	3.6
145	-1.559876	39.621027	116676.346196	0.000017	3.6
146	-1.559034	39.608826	116699.833936	0.000017	3.9
147	-1.556471	39.596629	116723.323413	0.000017	3.7
148	-1.559756	39.584432	116746.823487	0.000021	3.6
149	-1.560659	39.572333	116770.141949	0.000016	3.7
150	-1.560004	39.560132	116793.668506	0.000018	3.7
151	-1.555085	39.547938	116817.189374	0.000020	3.8
152	-1.564156	39.535738	116840.732032	0.000020	3.5
153	-1.563352	39.523614	116864.137722	0.000024	3.7
154	-1.560500	39.637728	116644.211509	0.000030	3.6
155	-1.553847	40.637722	114751.806115	0.000039	3.5
156	-1.559991	41.637722	112919.814109	0.000027	3.7
157	-1.559125	42.637722	111145.397765	0.000019	3.9
158	-1.556936	42.629455	111159.838951	0.000018	3.6
159	-1.557203	42.617311	111181.058516	0.000017	3.5
160	-1.559136	42.606664	111199.668616	0.000018	3.9
161	-1.561139	42.594519	111220.905026	0.000019	3.5
162	-1.559810	42.582317	111242.248424	0.000028	3.5
163	-1.561758	43.541229	109589.483768	0.000016	3.6
164	-1.560638	43.529027	109610.205555	0.000022	3.8
165	-1.558579	43.518905	109627.402233	0.000025	3.5
166	-1.561823	43.542797	109586.821602	0.000023	3.6
167	-1.556862	43.531924	109605.284753	0.000014	3.7
168	-1.560798	43.519788	109625.902020	0.000017	3.7
169	-1.557502	43.507588	109646.634310	0.000015	3.7
170	-1.559905	43.495399	109667.356974	0.000028	3.7
171	-1.561253	43.483286	109687.957847	0.000023	4.2
172	-1.557978	43.471087	109708.712961	0.000017	3.5
173	-1.557446	43.458894	109729.465431	0.000034	3.6
174	-1.560159	43.446692	109750.240197	0.000036	3.8
175	-1.555039	44.446692	108073.299213	0.000021	3.4
176	-1.559537	44.434504	108093.428519	0.000024	3.6
177	-1.558326	45.005853	107157.768824	0.000016	3.6
178	-1.560617	44.995611	107174.398566	0.000015	3.7
179	-1.559827	44.983577	107193.945820	0.000015	3.6
180	-1.559370	44.971434	107213.676215	0.000028	3.6
181	-1.559317	44.959663	107232.808255	0.000021	3.6
182	-1.561978	45.863173	105783.790723	0.000020	3.8
183	-1.556441	46.057220	105477.679366	0.000024	3.7
184	-1.558670	46.265182	105151.575989	0.000018	3.4
185	-1.559926	46.348641	105021.272452	0.000018	3.7
186	-1.554692	46.336473	105040.249252	0.000020	3.6
187	-1.561248	46.324272	105059.286196	0.000016	3.5
188	-1.560073	46.317279	105070.199456	0.000019	3.4
189	-1.560110	46.305530	105088.540331	0.000012	3.7
190	-1.558768	46.293340	105107.577513	0.000021	3.8
191	-1.557910	46.281145	105126.628035	0.000016	3.6
192	-1.562793	46.268944	105145.696275	0.000016	3.5
193	-1.557385	46.256742	105164.771349	0.000020	3.7
194	-1.554640	46.244590	105183.775904	0.000012	3.4
195	-1.564384	46.232398	105202.850760	0.000022	3.6
196	-1.559588	46.220212	105221.922122	0.000021	3.6
197	-1.561531	46.300927	105095.728964	0.000022	3.7
198	-1.553383	46.788014	104340.568221	0.000016	3.6
199	-1.560303	46.775813	104359.352389	0.000033	3.7
