1:ItNr	2:Metric	3a:Time	3b:StepSize	4:||Gradient||	Time[ms]
0	-0.571911	0.000000	150984.774071	0.000236	73.2
1	-0.580388	0.000000	150984.774071	0.000219	3.4
2	-0.588595	0.000000	150984.774071	0.000240	3.4
3	-0.592307	0.000000	150984.774071	0.000236	3.7
4	-0.601273	0.000000	150984.774071	0.000246	3.3
5	-0.606190	0.000000	150984.774071	0.000255	3.6
6	-0.616925	0.000000	150984.774071	0.000256	3.4
7	-0.623711	0.000000	150984.774071	0.000247	3.6
8	-0.642679	0.000000	150984.774071	0.000256	3.4
9	-0.645580	0.000000	150984.774071	0.000251	3.4
10	-0.652289	0.000000	150984.774071	0.000254	3.4
11	-0.669428	0.000000	150984.774071	0.000241	3.7
12	-0.672469	0.000000	150984.774071	0.000254	3.7
13	-0.681108	0.000000	150984.774071	0.000279	3.5
14	-0.687582	0.000000	150984.774071	0.000309	3.6
15	-0.702370	0.000000	150984.774071	0.000374	3.5
16	-0.710027	0.000000	150984.774071	0.000529	3.5
17	-0.704659	1.000000	144121.829795	0.000708	3.2
18	-0.709598	2.000000	137855.663282	0.000928	4.0
19	-0.705500	3.000000	132111.677312	0.001039	3.5
20	-0.710427	4.000000	126827.210220	0.001093	3.7
21	-0.710586	5.000000	121949.240596	0.001161	3.7
22	-0.721020	6.000000	117432.602055	0.001187	3.6
23	-0.722033	7.000000	113238.580553	0.001161	3.5
24	-0.735231	8.000000	109333.801914	0.001203	3.4
25	-0.734214	9.000000	105689.341850	0.001226	3.5
26	-0.748169	10.000000	102280.008242	0.001319	3.5
27	-0.732605	11.000000	99083.757984	0.001389	3.5
28	-0.755729	12.000000	96081.219863	0.001353	3.2
29	-0.754613	13.000000	93255.301632	0.001353	3.9
30	-0.763266	14.000000	90590.864443	0.001386	3.3
31	-0.758827	15.000000	88074.451542	0.001438	3.4
32	-0.775079	16.000000	85694.060959	0.001434	3.3
33	-0.771594	17.000000	83438.954092	0.001481	4.0
34	-0.780655	18.000000	81299.493731	0.001522	3.5
35	-0.775142	19.000000	79267.006387	0.001482	3.4
36	-0.799515	20.000000	77333.664768	0.001521	3.4
37	-0.783030	21.000000	75492.387036	0.001531	3.7
38	-0.805239	22.000000	73736.750128	0.001519	3.3
39	-0.791924	23.000000	72060.914898	0.001548	3.2
40	-0.814341	24.000000	70459.561233	0.001484	3.5
41	-0.805342	25.000000	68927.831641	0.001463	3.5
42	-0.824565	26.000000	67461.282032	0.001510	3.5
43	-0.810171	27.000000	66055.838656	0.001581	3.5
44	-0.823149	28.000000	64707.760316	0.001628	3.3
45	-0.818050	29.000000	63413.605110	0.001605	3.5
46	-0.830886	30.000000	62170.201088	0.001549	3.4
47	-0.824403	31.000000	60974.620298	0.001579	3.4
48	-0.840995	32.000000	59824.155764	0.001609	3.7
49	-0.830584	33.000000	58716.301028	0.001597	3.5
50	-0.841975	34.000000	57648.731918	0.001505	3.7
51	-0.842464	35.000000	56619.290277	0.001524	3.5
52	-0.846421	36.000000	55625.969395	0.001471	3.9
53	-0.856831	37.000000	54666.900957	0.001495	3.2
54	-0.847971	38.000000	53740.343313	0.001514	3.7
55	-0.857890	39.000000	52844.670925	0.001467	3.6
56	-0.857396	40.000000	51978.364844	0.001451	3.7
57	-0.859532	41.000000	51140.004121	0.001485	3.4
58	-0.856606	42.000000	50328.258024	0.001495	3.3
59	-0.863521	43.000000	49541.878992	0.001418	3.6
60	-0.868168	44.000000	48779.696238	0.001385	3.6
61	-0.870248	45.000000	48040.609932	0.001273	3.7
62	-0.877273	46.000000	47323.585903	0.001026	3.2
63	-0.883717	47.000000	46627.650816	0.001027	3.7
64	-0.877643	48.000000	45951.887761	0.001073	3.4
65	-0.883659	49.000000	45295.432221	0.001038	3.5
66	-0.880221	50.000000	44657.468387	0.000986	3.4
67	-0.883291	51.000000	44037.225771	0.000901	4.0
68	-0.884684	52.000000	43433.976103	0.000983	3.8
69	-0.886232	53.000000	42847.030480	0.001148	3.8
70	-0.882651	54.000000	42275.736740	0.001127	3.9
71	-0.890879	55.000000	41719.477046	0.001112	3.5
72	-0.882606	56.000000	41177.665656	0.001124	3.8
73	-0.888331	57.000000	40649.746865	0.001083	3.7
74	-0.886977	58.000000	40135.193108	0.001048	4.3
75	-0.890364	59.000000	39633.503194	0.000987	4.0
76	-0.888574	60.000000	39144.200685	0.000993	3.7
77	-0.889405	61.000000	38666.832384	0.000952	4.3
78	-0.889668	62.000000	38200.966934	0.000905	4.0
79	-0.896502	63.000000	37746.193518	0.000948	4.2
80	-0.893058	64.000000	37302.120653	0.000912	3.9
81	-0.896411	65.000000	36868.375064	0.000837	3.3
82	-0.895741	66.000000	36444.600638	0.000800	3.2
83	-0.899471	67.000000	36030.457449	0.000716	3.5
84	-0.899520	68.000000	35625.620848	0.000686	3.2
85	-0.902602	69.000000	35229.780617	0.000599	3.3
86	-0.899858	70.000000	34842.640170	0.000583	3.2
87	-0.900304	71.000000	34463.915821	0.000578	3.8
88	-0.903438	72.000000	34093.336081	0.000540	3.2
89	-0.898547	73.000000	33730.641016	0.000511	3.3
90	-0.904820	74.000000	33375.581637	0.000506	3.3
91	-0.900156	75.000000	33027.919328	0.000484	3.7
92	-0.904260	76.000000	32687.425314	0.000388	3.3
93	-0.904381	77.000000	32353.880158	0.000259	3.3
94	-0.903818	78.000000	32027.073288	0.000253	3.2
95	-0.906333	79.000000	31706.802555	0.000244	3.6
96	-0.905400	80.000000	31392.873817	0.000230	3.4
97	-0.903871	81.000000	31085.100544	0.000164	3.4
98	-0.909945	82.000000	30783.303451	0.000087	3.5
99	-0.902770	81.981800	30788.743872	0.000185	3.9
100	-0.906400	82.981800	30492.646440	0.000155	3.6
101	-0.905570	83.981800	30202.189937	0.000104	3.2
102	-0.905968	84.981800	29917.214687	0.000103	3.8
103	-0.905311	85.981800	29637.566983	0.000087	3.5
104	-0.907941	86.981800	29363.098812	0.000079	3.6
105	-0.904260	86.963599	29368.048779	0.000205	3.5
106	-0.901330	87.963599	29098.527132	0.000259	3.9
107	-0.904468	88.963599	28833.907501	0.000248	3.4
108	-0.904528	89.963599	28574.057355	0.000191	3.4
109	-0.906123	90.963599	28318.848899	0.000114	3.5
110	-0.906687	91.963599	28068.158863	0.000154	4.0
111	-0.906618	92.963599	27821.868301	0.000217	3.3
112	-0.905952	93.963599	27579.862411	0.000172	3.3
113	-0.908542	94.963599	27342.030345	0.000153	3.6
114	-0.904284	95.963599	27108.265050	0.000173	3.5
115	-0.906622	96.963599	26878.463101	0.000155	3.3
116	-0.909795	97.963599	26652.524551	0.000138	3.5
117	-0.907569	98.963599	26430.352787	0.000067	3.5
118	-0.902875	99.963599	26211.854388	0.000042	3.5
119	-0.911044	99.965231	26211.500788	0.000113	3.4
120	-0.908606	100.947192	26000.436750	0.000226	3.5
121	-0.911272	101.947192	25788.960291	0.000204	3.8
122	-0.906674	102.947192	25580.896197	0.000212	3.4
123	-0.906432	103.947192	25376.162535	0.000146	3.4
124	-0.905542	104.947192	25174.679976	0.000057	3.4
125	-0.910418	104.928992	25178.318423	0.000155	4.1
126	-0.912066	105.928992	24979.953037	0.000137	3.1
127	-0.906736	106.928992	24784.688831	0.000175	3.3
128	-0.912247	107.928992	24592.453644	0.000119	3.2
129	-0.910503	108.928992	24403.177538	0.000109	3.3
130	-0.909459	109.928992	24216.792711	0.000124	3.2
131	-0.905991	110.928992	24033.233416	0.000065	3.3
132	-0.910547	111.928992	23852.435886	0.000033	3.2
133	-0.911125	111.910793	23855.701965	0.000109	3.5
134	-0.911062	111.892592	23858.969116	0.000156	3.2
135	-0.908240	112.892592	23680.774275	0.000081	3.8
136	-0.910443	113.892592	23505.221461	0.000036	3.8
137	-0.908971	113.874392	23508.393310	0.000104	3.3
138	-0.912857	114.874321	23335.389815	0.000082	3.6
139	-0.908574	115.874321	23164.902104	0.000033	3.4
140	-0.912399	116.844268	23001.901440	0.000064	3.7
141	-0.911051	116.826067	23004.938862	0.000035	3.3
142	-0.913071	116.818950	23006.126937	0.000053	3.2
143	-0.911939	116.800750	23009.165509	0.000057	3.3
144	-0.909090	117.800749	22843.394352	0.000107	3.6
145	-0.906307	118.800749	22679.994696	0.000068	3.5
146	-0.908111	119.800749	22518.916046	0.000044	3.3
147	-0.909763	119.782549	22521.827275	0.000102	3.3
148	-0.907853	120.782549	22362.979608	0.000141	3.6
149	-0.910374	121.782549	22206.356969	0.000091	3.5
150	-0.912034	122.782549	22051.912934	0.000049	3.2
151	-0.909996	122.764349	22054.704661	0.000108	3.8
152	-0.910192	123.006801	22017.572971	0.000091	3.4
153	-0.905267	124.006801	21865.734762	0.000037	3.4
154	-0.913123	123.988601	21868.479545	0.000043	3.7
155	-0.910742	123.970405	21871.224375	0.000064	3.4
156	-0.907178	123.952205	21873.970536	0.000140	3.5
157	-0.912760	124.952205	21724.099758	0.000085	3.2
158	-0.906800	125.952205	21576.268701	0.000114	3.9
159	-0.911079	125.934004	21578.941287	0.000066	3.2
160	-0.910711	126.934004	21433.072585	0.000068	3.8
161	-0.907547	126.915804	21435.709811	0.000029	3.5
162	-0.906410	126.907630	21436.894421	0.000102	3.1
163	-0.911799	126.889438	21439.531482	0.000144	3.5
164	-0.911552	127.889438	21295.535160	0.000049	3.9
165	-0.911464	128.889438	21153.460205	0.000027	3.5
166	-0.909493	128.873315	21155.735738	0.000029	3.6
167	-0.909557	128.855158	21158.299091	0.000050	3.4
168	-0.907918	128.863171	21157.167853	0.000128	3.7
169	-0.906432	129.863171	21016.927079	0.000122	3.2
170	-0.911426	130.863171	20878.533241	0.000098	3.9
171	-0.909562	131.863171	20741.950092	0.000162	3.7
172	-0.908163	132.863171	20607.142327	0.000109	3.6
173	-0.912128	133.863171	20474.075554	0.000077	3.8
174	-0.904430	134.863171	20342.716263	0.000063	4.2
175	-0.907849	134.844970	20345.091973	0.000050	3.8
176	-0.912534	135.844970	20215.377314	0.000036	3.6
177	-0.905733	135.827454	20217.635175	0.000116	3.5
178	-0.909937	135.809254	20219.981761	0.000213	3.8
179	-0.908775	136.809254	20091.852508	0.000201	3.4
180	-0.909114	137.809254	19965.336880	0.000087	3.4
181	-0.911738	138.809254	19840.404585	0.000038	3.6
182	-0.912041	138.791054	19842.664415	0.000030	3.7
183	-0.909120	138.772866	19844.923226	0.000041	3.6
184	-0.908021	138.755765	19847.047452	0.000140	3.4
185	-0.913042	139.741426	19725.346087	0.000100	3.7
186	-0.913508	140.741426	19603.390033	0.000051	3.7
187	-0.909855	140.723226	19605.596178	0.000044	3.7
188	-0.911429	141.723136	19485.122586	0.000047	3.9
189	-0.910777	142.082005	19442.244758	0.000089	3.4
190	-0.909190	143.082005	19323.753735	0.000069	3.6
191	-0.907482	143.063814	19325.896328	0.000089	3.7
192	-0.908047	144.063814	19208.814965	0.000049	3.6
193	-0.907327	145.063814	19093.143679	0.000036	3.5
194	-0.913726	145.780126	19011.139583	0.000048	3.4
195	-0.910423	145.761927	19013.214331	0.000136	3.5
196	-0.909731	146.761927	18899.879830	0.000122	3.6
197	-0.909060	147.761927	18787.888457	0.000093	3.6
198	-0.900797	147.743733	18789.914093	0.000083	3.2
199	-0.912855	148.743733	18679.218318	0.000036	3.9
