1:ItNr	2:Metric	3a:Time	3b:StepSize	4:||Gradient||	Time[ms]
0	-0.313158	0.000000	45888.370003	0.000366	78.2
1	-0.311031	0.000000	45888.370003	0.000370	4.2
2	-0.304218	0.999996	43802.543620	0.000375	4.9
3	-0.308908	1.999996	41898.084843	0.000369	4.5
4	-0.306077	2.999996	40152.330993	0.000398	4.6
5	-0.312249	3.999425	38547.117616	0.000387	4.7
6	-0.312560	4.999425	37064.503401	0.000370	4.4
7	-0.309555	4.491468	37803.071094	0.000394	4.3
8	-0.306826	5.491468	36376.080666	0.000365	4.8
9	-0.308221	6.480997	35066.259022	0.000384	4.4
10	-0.312296	7.480997	33835.043047	0.000392	4.4
11	-0.307300	8.480997	32687.353141	0.000401	4.7
12	-0.310934	9.479853	31616.155208	0.000378	4.5
13	-0.308706	10.479853	30611.825404	0.000385	4.8
14	-0.311201	11.479853	29669.338835	0.000383	4.8
15	-0.309071	12.479836	28783.168744	0.000387	4.7
16	-0.312423	13.209218	28169.476680	0.000410	5.0
17	-0.306504	14.209168	27369.455550	0.000375	4.8
18	-0.309725	15.209168	26613.584683	0.000376	4.3
19	-0.309680	16.209163	25898.345948	0.000391	5.1
20	-0.313306	15.504860	26398.012702	0.000385	4.9
21	-0.312511	14.781733	26931.500556	0.000377	4.4
22	-0.305992	15.781715	26199.315862	0.000372	4.9
23	-0.304685	16.781676	25505.903088	0.000360	4.6
24	-0.312363	16.362627	25791.970310	0.000391	4.9
25	-0.306669	15.639576	26300.953413	0.000388	4.8
26	-0.310690	16.568454	25650.663558	0.000384	5.2
27	-0.311293	17.568454	24985.595063	0.000381	5.3
28	-0.314876	18.558229	24360.437835	0.000386	5.6
29	-0.310487	19.558229	23759.809156	0.000377	4.4
30	-0.313254	18.835115	24191.113302	0.000372	4.8
31	-0.315588	19.835115	23598.703717	0.000366	4.4
32	-0.308504	19.111988	24024.134078	0.000380	4.4
33	-0.309742	20.111520	23440.042255	0.000359	4.6
34	-0.313297	19.803539	23616.965536	0.000373	4.4
35	-0.314222	19.707866	23672.470882	0.000372	5.1
36	-0.308555	19.037073	24069.086284	0.000370	4.6
37	-0.307246	20.023379	23490.404414	0.000382	4.5
38	-0.303534	21.023379	22931.420231	0.000365	5.2
39	-0.312392	21.977599	22422.280484	0.000398	4.6
40	-0.312056	22.977321	21912.562090	0.000374	4.7
41	-0.308506	23.977222	21425.417797	0.000394	4.9
42	-0.311142	24.977222	20959.417219	0.000390	4.6
43	-0.320124	25.977222	20513.255941	0.000371	5.4
44	-0.310694	26.971401	20088.130470	0.000390	4.8
45	-0.310206	27.970938	19678.115219	0.000375	5.2
46	-0.309477	28.970938	19284.324032	0.000376	5.3
47	-0.315726	29.970847	18906.018502	0.000383	4.6
48	-0.313485	30.970846	18542.237547	0.000384	4.5
49	-0.316000	31.970846	18192.191456	0.000402	5.2
50	-0.308654	32.966719	17856.482392	0.000375	5.2
51	-0.306292	32.859657	17891.977320	0.000369	6.6
52	-0.313198	33.859657	17565.836444	0.000367	5.6
53	-0.311883	33.381042	17720.435829	0.000397	5.2
54	-0.312262	34.381042	17400.462884	0.000382	5.5
55	-0.313076	34.076327	17496.732614	0.000380	5.2
56	-0.309094	35.076327	17184.716233	0.000383	5.7
57	-0.317261	34.353241	17409.202274	0.000391	4.6
58	-0.308456	35.342995	17103.381995	0.000369	4.6
59	-0.308433	36.342899	16805.145588	0.000379	4.9
60	-0.311310	35.622433	17018.975016	0.000387	4.8
61	-0.308935	36.622433	16723.621747	0.000387	4.9
62	-0.313638	35.900440	16935.822674	0.000374	4.7
63	-0.309747	36.900301	16643.363716	0.000370	4.5
64	-0.317377	36.177314	16853.813186	0.000382	5.7
65	-0.309770	35.479815	17061.949844	0.000382	5.5
66	-0.308082	36.479814	16765.116477	0.000376	5.8
67	-0.310925	37.474329	16479.979879	0.000370	5.2
68	-0.313667	38.456481	16207.749961	0.000380	5.4
69	-0.314654	39.456472	15939.662590	0.000383	5.4
70	-0.311093	38.733354	16132.624466	0.000367	5.2
71	-0.312651	39.733354	15866.994077	0.000382	5.9
72	-0.313213	39.010227	16058.192280	0.000382	5.2
73	-0.314120	40.007863	15795.599513	0.000363	5.1
74	-0.311563	40.632230	15635.581832	0.000390	4.9
75	-0.313387	39.909258	15821.170774	0.000381	4.8
76	-0.306933	40.909258	15565.616585	0.000372	5.3
77	-0.309237	41.909258	15318.186920	0.000369	5.5
78	-0.310368	42.909258	15078.500433	0.000365	5.4
79	-0.312599	43.909258	14846.199203	0.000379	5.7
80	-0.306928	44.909258	14620.947104	0.000380	5.3
81	-0.313856	45.909258	14402.428060	0.000387	5.7
82	-0.311332	45.186275	14559.752314	0.000390	6.0
83	-0.307483	46.186180	14343.065396	0.000396	6.1
84	-0.310472	47.186180	14132.713894	0.000384	5.2
85	-0.311375	48.178821	13929.924774	0.000370	4.6
86	-0.314172	49.178820	13731.432984	0.000377	4.6
87	-0.311929	50.178819	13538.518638	0.000395	4.3
88	-0.309458	49.473605	13673.995729	0.000384	4.3
89	-0.310603	50.466030	13484.109356	0.000367	4.8
90	-0.317540	51.452254	13300.562987	0.000362	4.3
91	-0.313874	50.729987	13434.489707	0.000400	4.3
92	-0.313514	51.729987	13249.772367	0.000400	4.7
93	-0.310466	51.007971	13382.626365	0.000384	4.3
94	-0.310095	50.284844	13518.382315	0.000380	4.3
95	-0.309487	51.284316	13331.464097	0.000372	4.7
96	-0.314085	51.191797	13348.549492	0.000352	4.3
97	-0.313754	52.191793	13166.172530	0.000380	4.3
98	-0.315156	53.191138	12988.825907	0.000402	4.6
99	-0.310301	54.191138	12816.081800	0.000390	4.3
100	-0.316827	54.405592	12779.632689	0.000366	4.3
101	-0.310558	55.405592	12612.372279	0.000373	4.7
102	-0.311475	56.224450	12478.635579	0.000373	4.3
103	-0.312475	57.224440	12319.113638	0.000380	4.3
104	-0.314232	57.765826	12234.439993	0.000386	4.8
105	-0.312158	57.066698	12344.005832	0.000368	4.4
106	-0.309593	56.685761	12404.535313	0.000354	4.6
107	-0.314878	55.963028	12521.022107	0.000380	4.7
108	-0.309403	56.957262	12361.334223	0.000380	4.3
109	-0.309169	57.957199	12204.786693	0.000381	4.4
110	-0.310396	58.956964	12052.180570	0.000382	4.5
111	-0.312570	58.238904	12161.397018	0.000381	4.4
112	-0.316384	57.626222	12256.162769	0.000373	4.6
113	-0.314986	58.626107	12102.259023	0.000391	4.3
114	-0.306176	59.625795	11952.201748	0.000361	4.2
115	-0.316363	58.902668	12060.370380	0.000356	4.6
116	-0.310298	59.902668	11911.297789	0.000362	4.3
117	-0.315814	60.901314	11766.059933	0.000371	4.2
118	-0.312574	61.901294	11624.134215	0.000377	4.7
119	-0.316365	61.178230	11726.411828	0.000372	4.4
120	-0.309670	60.455103	11830.514419	0.000361	4.3
121	-0.308989	60.432628	11833.779644	0.000370	4.7
122	-0.313313	61.432618	11690.224052	0.000386	4.4
123	-0.312665	62.432617	11550.108351	0.000361	4.3
124	-0.313285	63.409442	11416.445201	0.000373	4.6
125	-0.311496	64.409442	11282.777984	0.000391	4.4
126	-0.309629	65.409442	11152.204545	0.000380	4.3
127	-0.315985	66.406341	11025.009840	0.000392	4.8
128	-0.307778	65.732409	11110.676821	0.000373	4.5
129	-0.311576	66.732409	10984.034034	0.000370	4.7
130	-0.315465	66.021745	11073.735341	0.000370	4.5
131	-0.313020	65.700961	11114.706901	0.000371	4.3
132	-0.314718	64.977834	11208.188522	0.000375	4.3
133	-0.315854	65.603195	11127.254318	0.000375	4.7
134	-0.315341	66.537838	11008.448402	0.000386	4.6
135	-0.312127	67.537833	10884.112869	0.000375	4.4
136	-0.320177	68.530847	10763.393868	0.000385	4.7
137	-0.313809	67.900700	10839.687096	0.000373	4.5
138	-0.312997	68.900700	10719.113108	0.000376	4.6
139	-0.310084	69.899538	10601.327460	0.000366	4.8
140	-0.320237	70.899515	10485.972276	0.000388	4.3
141	-0.313890	71.899311	10373.120695	0.000369	4.6
142	-0.310774	71.176184	10454.498397	0.000371	4.6
143	-0.313947	72.176181	10342.297351	0.000370	4.3
144	-0.310060	73.176124	10232.484988	0.000364	4.4
145	-0.316407	74.174815	10125.113115	0.000365	4.3
146	-0.319637	73.510853	10196.244593	0.000380	4.3
147	-0.314425	74.510743	10089.501351	0.000392	4.5
148	-0.309415	75.510743	9984.958571	0.000383	4.4
149	-0.312337	74.788783	10060.215166	0.000351	4.9
150	-0.311954	74.102275	10132.836175	0.000366	4.7
151	-0.316970	75.102275	10027.398128	0.000400	4.8
152	-0.310855	76.102275	9924.131772	0.000373	4.1
153	-0.309474	76.699689	9863.447690	0.000383	4.8
154	-0.312658	77.699628	9763.519738	0.000358	4.3
155	-0.315398	78.699436	9665.609006	0.000378	4.2
156	-0.314790	79.695857	9569.964401	0.000373	4.8
157	-0.311643	80.695857	9475.860639	0.000369	4.2
158	-0.318057	81.620884	9390.444994	0.000374	4.1
159	-0.314172	82.620883	9299.822030	0.000373	4.5
160	-0.303683	82.112047	9345.714654	0.000356	4.2
161	-0.312221	81.911330	9363.942411	0.000373	4.2
162	-0.309295	81.265883	9423.042611	0.000405	4.5
163	-0.313796	82.265875	9331.793036	0.000363	4.4
164	-0.315940	83.265858	9242.294506	0.000377	4.2
165	-0.315746	84.265858	9154.494965	0.000393	4.7
166	-0.311022	85.265858	9068.347870	0.000375	4.3
167	-0.315730	84.544399	9130.335499	0.000378	4.2
168	-0.317187	84.936480	9096.543218	0.000386	4.6
169	-0.311699	85.682876	9032.900180	0.000362	4.3
170	-0.309151	86.682797	8949.022470	0.000372	4.4
171	-0.316533	87.682791	8866.682197	0.000367	4.6
172	-0.316252	88.682790	8785.842969	0.000383	4.4
173	-0.315668	87.980664	8842.447234	0.000356	4.7
174	-0.314273	87.257540	8901.511765	0.000374	4.7
175	-0.311620	88.257540	8820.039020	0.000368	4.3
176	-0.310697	89.254291	8740.301694	0.000382	4.2
177	-0.311272	88.531164	8798.005340	0.000382	4.8
178	-0.306572	89.531164	8718.407831	0.000373	4.2
179	-0.312989	88.833437	8773.792380	0.000381	4.3
180	-0.314120	88.110344	8831.937756	0.000369	4.8
181	-0.309855	89.110272	8751.733593	0.000395	4.3
182	-0.312472	89.720176	8703.524548	0.000385	4.2
183	-0.307315	90.719322	8625.685841	0.000375	4.6
184	-0.311666	91.719322	8549.162262	0.000370	4.3
185	-0.311740	91.854198	8538.944827	0.000364	4.2
186	-0.311954	91.133568	8593.820665	0.000385	4.6
187	-0.312392	90.494862	8643.050951	0.000362	4.3
188	-0.310283	91.461208	8568.783732	0.000376	4.5
189	-0.312726	92.461190	8493.263393	0.000377	4.8
190	-0.310753	91.738112	8547.737376	0.000352	4.4
191	-0.319148	92.738112	8472.584578	0.000381	4.2
192	-0.312018	93.737528	8398.784505	0.000353	4.9
193	-0.311094	94.579003	8337.636975	0.000382	4.3
194	-0.311027	93.857873	8389.984470	0.000371	4.2
195	-0.311409	94.857869	8317.568580	0.000389	4.6
196	-0.315973	94.134742	8369.808767	0.000376	4.7
197	-0.311984	95.130955	8298.009485	0.000363	5.0
198	-0.311038	95.982563	8237.601789	0.000372	4.9
199	-0.310668	96.982563	8167.781292	0.000378	4.8
