1:ItNr	2:Metric	3a:Time	3b:StepSize	4:||Gradient||	Time[ms]
0	-0.985756	0.000000	61844.505066	0.001120	37.7
1	-1.066128	0.000000	61844.505066	0.000628	0.8
2	-1.075170	0.000000	61844.505066	0.000220	0.9
3	-1.074153	0.000000	61844.505066	0.000224	0.8
4	-1.072397	0.000000	61844.505066	0.000119	0.9
5	-1.072668	0.000000	61844.505066	0.000147	1.0
6	-1.067989	0.000000	61844.505066	0.000246	0.9
7	-1.060365	0.000000	61844.505066	0.000089	0.8
8	-1.061955	1.000000	59033.391199	0.000117	0.9
9	-1.071635	0.986983	59068.341260	0.000216	0.9
10	-1.062826	0.973966	59103.332728	0.000331	0.7
11	-1.065506	1.973966	56530.710592	0.000236	0.9
12	-1.075177	2.973966	54172.706443	0.000137	0.8
13	-1.075490	3.973966	52003.539276	0.000067	0.8
14	-1.072458	3.960949	52030.659149	0.000196	0.8
15	-1.069179	4.960949	50026.469702	0.000125	0.9
16	-1.070689	5.960949	48170.953765	0.000063	0.8
17	-1.068684	5.947931	48194.222654	0.000158	0.9
18	-1.074937	6.947931	46469.793682	0.000105	0.8
19	-1.077678	7.947931	44864.504757	0.000031	0.8
20	-1.066695	7.934914	44884.688259	0.000073	0.9
21	-1.073227	8.934849	43385.373488	0.000077	0.8
22	-1.070172	9.934849	41982.897807	0.000068	0.9
23	-1.074950	10.934849	40668.255682	0.000061	0.8
24	-1.075962	11.934849	39433.446450	0.000020	0.8
25	-1.071935	12.932772	38273.755019	0.000036	0.8
26	-1.069623	13.339210	37820.748289	0.000080	0.7
27	-1.072103	14.308137	36782.870308	0.000150	0.9
28	-1.066633	15.308137	35769.795173	0.000082	0.7
29	-1.072792	16.308137	34811.028574	0.000043	0.9
30	-1.070572	16.295119	34823.178697	0.000091	0.8
31	-1.069070	17.295118	33913.842909	0.000085	0.9
32	-1.072008	18.295118	33050.788034	0.000023	0.9
33	-1.076062	18.922078	32531.738879	0.000012	0.9
34	-1.068218	18.929280	32525.870677	0.000017	0.8
35	-1.074212	18.927196	32527.568863	0.000057	0.8
36	-1.060840	18.922376	32531.496165	0.000025	0.8
37	-1.072567	19.919351	31738.885917	0.000027	0.8
38	-1.072645	19.906434	31748.907878	0.000023	0.8
39	-1.067797	19.899478	31754.307602	0.000037	0.8
40	-1.080997	20.602702	31217.554039	0.000042	0.8
41	-1.069961	21.602465	30484.964153	0.000070	0.9
42	-1.065095	22.602465	29785.807250	0.000155	0.8
43	-1.070056	23.602465	29118.000941	0.000056	0.7
44	-1.057698	24.602465	28479.482800	0.000082	0.9
45	-1.061050	24.589447	28487.614542	0.000070	0.7
46	-1.082150	25.589447	27876.153876	0.000044	1.0
47	-1.073013	25.576430	27883.944649	0.000054	0.9
48	-1.074152	26.576430	27297.857291	0.000045	0.8
49	-1.071295	27.573023	26737.775903	0.000042	0.8
50	-1.066567	28.091221	26455.536980	0.000081	0.8
51	-1.074543	29.091220	25927.390104	0.000023	0.9
52	-1.081919	30.091184	25419.935806	0.000049	0.8
53	-1.068376	30.079856	25425.573185	0.000073	0.9
54	-1.075998	30.066838	25432.054268	0.000101	0.8
55	-1.075793	31.066838	24943.604133	0.000064	0.9
56	-1.076448	32.066838	24473.562863	0.000013	0.9
57	-1.070826	32.324600	24355.262002	0.000039	0.9
58	-1.065071	32.312738	24360.681155	0.000143	0.9
59	-1.074279	33.312738	23912.155042	0.000068	0.7
60	-1.064541	34.312738	23479.846753	0.000094	0.9
61	-1.064716	34.299721	23485.373736	0.000064	1.0
62	-1.067338	35.299721	23068.224708	0.000036	0.8
63	-1.067259	36.299424	22665.753132	0.000046	0.9
64	-1.066097	36.299978	22665.533986	0.000110	0.9
65	-1.065019	37.299978	22276.759673	0.000082	1.1
66	-1.070772	38.299978	21901.097484	0.000041	0.9
67	-1.077154	39.297748	21538.691662	0.000018	1.0
68	-1.069901	39.924408	21317.147799	0.000091	0.9
69	-1.081816	40.924385	20972.910998	0.000077	0.8
70	-1.066695	41.924385	20639.607604	0.000035	0.9
71	-1.076061	41.911367	20643.878190	0.000083	0.8
72	-1.073769	42.911367	20320.870265	0.000057	0.9
73	-1.070759	43.911367	20007.814616	0.000068	0.8
74	-1.076529	43.898350	20011.827733	0.000118	0.8
75	-1.068611	44.898350	19708.150514	0.000033	1.0
76	-1.073349	45.898350	19413.552061	0.000021	1.0
77	-1.067102	45.892227	19415.329062	0.000040	0.8
78	-1.070216	45.879213	19419.107109	0.000018	0.9
79	-1.067657	45.867616	19422.475207	0.000038	1.0
80	-1.075249	46.718721	19178.368710	0.000149	0.8
81	-1.065943	47.718721	18899.283647	0.000054	0.7
82	-1.068774	48.718721	18628.204613	0.000031	0.8
83	-1.068279	49.153748	18512.690301	0.000024	0.8
84	-1.070423	50.077879	18271.994479	0.000086	0.7
85	-1.062141	50.064862	18275.341406	0.000049	0.8
86	-1.067293	51.064862	18021.745673	0.000029	0.7
87	-1.076634	52.064341	17775.218282	0.000049	0.8
88	-1.066413	52.051397	17778.367713	0.000040	0.9
89	-1.071374	53.051176	17538.338616	0.000088	0.7
90	-1.053720	54.051159	17304.657551	0.000056	0.8
91	-1.064401	55.051159	17077.117855	0.000045	0.8
92	-1.068923	55.038142	17080.041327	0.000076	0.9
93	-1.064522	56.038142	16858.332432	0.000042	0.8
94	-1.059440	57.038142	16642.305602	0.000040	0.8
95	-1.071429	57.025125	16645.082079	0.000092	0.7
96	-1.069597	58.025125	16434.451825	0.000057	0.7
97	-1.066748	59.025125	16229.085675	0.000042	0.8
98	-1.072773	59.012108	16231.725980	0.000088	0.9
99	-1.066113	60.012108	16031.364251	0.000037	1.0
100	-1.066193	61.012108	15835.888672	0.000032	0.9
101	-1.072967	60.999095	15838.401773	0.000053	0.8
102	-1.080824	60.986078	15840.916476	0.000026	0.7
103	-1.056847	61.985216	15650.192595	0.000045	0.7
104	-1.075312	62.984290	15464.018351	0.000024	0.6
105	-1.076565	63.840355	15307.981741	0.000101	0.7
106	-1.079563	63.827338	15310.330822	0.000042	0.7
107	-1.063130	64.827338	15131.945575	0.000073	0.7
108	-1.078100	64.814321	15134.240935	0.000046	0.9
109	-1.077149	65.814321	14959.912083	0.000022	0.9
110	-1.071713	66.634478	14819.904619	0.000099	0.9
111	-1.070505	67.634475	14652.702605	0.000047	0.8
112	-1.073941	68.634475	14489.230877	0.000054	0.7
113	-1.079579	68.621458	14491.335378	0.000012	0.8
114	-1.071054	68.611727	14492.909024	0.000039	0.8
115	-1.069811	68.598872	14494.988315	0.000147	0.6
116	-1.072515	69.598872	14334.997490	0.000041	0.7
117	-1.072015	70.598872	14178.499958	0.000039	0.9
118	-1.074135	70.628510	14173.913816	0.000074	0.9
119	-1.070783	70.615493	14175.927710	0.000086	1.2
120	-1.077020	71.615493	14022.865547	0.000035	1.2
121	-1.058105	72.615493	13873.073402	0.000034	1.0
122	-1.071441	72.602476	13875.002693	0.000043	1.7
123	-1.068322	72.589459	13876.932479	0.000101	1.3
124	-1.070342	73.589459	13730.225514	0.000037	1.4
125	-1.074070	74.589459	13586.588071	0.000075	0.9
126	-1.074374	74.576442	13588.438500	0.000017	1.1
127	-1.082415	74.563426	13590.289317	0.000100	8.0
128	-1.072416	75.402104	13472.056600	0.000087	1.6
129	-1.073727	76.402104	13333.742786	0.000063	0.9
130	-1.067071	76.433324	13329.470405	0.000022	0.9
131	-1.078382	76.420307	13331.251465	0.000091	0.9
132	-1.071966	77.420268	13195.804455	0.000066	0.8
133	-1.069039	78.420268	13063.076946	0.000040	0.9
134	-1.070026	79.420268	12932.992878	0.000068	1.4
135	-1.070762	80.420268	12805.474058	0.000088	1.0
136	-1.071803	81.420268	12680.445347	0.000130	1.0
137	-1.073410	82.420268	12557.834512	0.000022	1.0
138	-1.080272	83.420268	12437.572090	0.000019	0.9
139	-1.072251	83.415240	12438.171018	0.000031	0.9
140	-1.061484	83.402501	12439.688698	0.000061	0.8
141	-1.069663	83.389484	12441.239784	0.000077	0.9
142	-1.057898	84.389484	12323.189678	0.000025	0.8
143	-1.058259	85.388960	12207.418921	0.000027	0.9
144	-1.084633	85.376093	12208.895578	0.000055	0.9
145	-1.061862	85.363083	12210.388845	0.000061	0.8
146	-1.072516	86.363083	12096.658981	0.000040	0.9
147	-1.073897	87.363075	11985.029069	0.000033	0.9
148	-1.071668	87.381741	11982.965025	0.000124	0.9
149	-1.069950	87.392716	11981.751672	0.000052	1.1
150	-1.062686	88.392716	11872.221969	0.000050	0.9
151	-1.062547	88.379699	11873.634868	0.000071	1.0
152	-1.073920	88.366682	11875.048104	0.000087	0.8
153	-1.067991	89.366682	11767.451790	0.000003	0.9
154	-1.073645	89.510743	11752.111791	0.000064	0.7
155	-1.063284	89.500367	11753.215355	0.000053	0.7
156	-1.070000	90.500367	11647.805698	0.000057	0.7
157	-1.069065	91.500367	11544.269985	0.000022	0.9
158	-1.077676	92.499393	11442.656856	0.000109	0.8
159	-1.064195	92.486376	11443.969355	0.000047	0.9
160	-1.079029	93.486376	11344.010130	0.000030	1.0
161	-1.075925	93.486848	11343.963373	0.000053	0.8
162	-1.068280	93.475275	11345.110142	0.000046	0.8
163	-1.071779	94.453455	11248.988691	0.000018	0.8
164	-1.072165	94.440551	11250.246032	0.000036	1.0
165	-1.073190	94.430211	11251.253835	0.000066	0.9
166	-1.060599	94.417194	11252.522790	0.000054	0.8
167	-1.071420	95.417192	11155.866107	0.000009	0.8
168	-1.076078	95.688884	11129.891365	0.000047	1.0
169	-1.070276	95.676273	11131.094336	0.000111	0.8
170	-1.067335	96.676273	11036.503524	0.000059	0.8
171	-1.076378	97.676273	10943.506809	0.000048	1.0
172	-1.065414	97.663256	10944.707292	0.000062	1.0
173	-1.078175	98.663256	10853.244736	0.000054	0.7
174	-1.069696	99.663147	10763.307901	0.000012	0.8
175	-1.075815	99.650262	10764.457369	0.000032	0.7
176	-1.074020	99.925975	10739.914301	0.000025	0.9
177	-1.065403	99.913078	10741.059836	0.000018	0.8
178	-1.069587	99.915134	10740.877192	0.000063	0.8
179	-1.062089	100.912886	10652.972385	0.000030	0.9
180	-1.064423	101.489581	10602.816913	0.000028	0.9
181	-1.079352	101.476568	10603.943523	0.000108	0.8
182	-1.071004	102.476568	10518.065338	0.000017	0.8
183	-1.076088	103.475082	10433.691486	0.000041	0.7
184	-1.069129	103.462469	10434.748860	0.000024	0.7
185	-1.074808	103.449452	10435.840276	0.000011	0.7
186	-1.069195	103.446955	10436.049710	0.000058	0.8
187	-1.065926	103.437390	10436.851877	0.000089	0.7
188	-1.079947	104.437390	10353.648201	0.000039	0.8
189	-1.069783	104.424632	10354.701351	0.000019	0.7
190	-1.075160	104.411624	10355.775402	0.000071	0.7
191	-1.073574	104.399547	10356.772742	0.000038	0.9
192	-1.067102	104.386529	10357.847942	0.000092	0.8
193	-1.070132	105.386529	10275.894209	0.000091	0.8
194	-1.069766	106.386529	10195.227169	0.000031	0.8
195	-1.068269	106.373512	10196.269087	0.000078	0.8
196	-1.073165	107.373512	10116.842507	0.000019	0.9
197	-1.066160	107.404104	10114.432215	0.000042	0.9
198	-1.075670	107.391167	10115.451376	0.000051	0.9
199	-1.074127	108.391167	10037.274084	0.000026	0.8
