1:ItNr	2:Metric	3a:Time	3b:StepSize	4:||Gradient||	Time[ms]
0	-0.373698	0.000000	40824.367375	0.000617	26.9
1	-0.363131	0.000000	40824.367375	0.001779	3.3
2	-0.288717	1.000000	38968.714312	0.001282	3.2
3	-0.370926	2.000000	37274.422386	0.001317	3.3
4	-0.325662	1.981598	37304.269386	0.001668	3.4
5	-0.337655	2.981598	35748.732106	0.002067	3.3
6	-0.303286	3.981598	34317.729478	0.001545	2.9
7	-0.373457	4.981598	32996.881939	0.001455	3.5
8	-0.316588	5.981598	31773.941690	0.001816	3.1
9	-0.352435	6.981598	30638.411763	0.002168	3.3
10	-0.300432	7.981598	29581.243970	0.001671	3.0
11	-0.373867	8.981598	28594.597289	0.000772	3.2
12	-0.370565	9.981598	27671.643041	0.001457	3.1
13	-0.337877	10.981598	26806.406625	0.002159	3.2
14	-0.326634	11.981598	25993.638038	0.002020	3.0
15	-0.351925	12.981598	25228.705259	0.002251	3.2
16	-0.322017	13.981598	24507.505918	0.001880	3.2
17	-0.374666	14.981598	23826.393699	0.001565	3.0
18	-0.340930	15.981598	23182.116677	0.002184	3.1
19	-0.342313	16.981598	22571.765401	0.002317	3.0
20	-0.336329	17.981598	21992.728966	0.002036	3.3
21	-0.359774	18.981598	21442.657679	0.002140	3.6
22	-0.335606	19.981598	20919.431186	0.002096	3.1
23	-0.362364	20.981598	20421.131162	0.001924	3.1
24	-0.346479	21.981598	19946.017807	0.002187	3.3
25	-0.352512	22.981598	19492.509548	0.002235	3.1
26	-0.342646	23.981598	19059.165459	0.002116	3.0
27	-0.365746	24.981598	18644.669957	0.002173	3.0
28	-0.348093	25.981598	18247.819470	0.002204	3.2
29	-0.354525	26.981598	17867.510762	0.002101	3.0
30	-0.348917	27.981598	17502.730690	0.002158	3.3
31	-0.356861	28.981598	17152.547193	0.002089	3.0
32	-0.349622	29.981598	16816.101339	0.002189	3.2
33	-0.357913	30.981598	16492.600292	0.002110	3.4
34	-0.356593	31.981598	16181.311071	0.002014	3.5
35	-0.363630	32.981598	15881.555011	0.002032	3.6
36	-0.361642	33.981598	15592.702819	0.001993	3.8
37	-0.363169	34.981598	15314.170169	0.001881	3.2
38	-0.360974	35.981598	15045.413750	0.001968	3.7
39	-0.364704	36.981598	14785.927735	0.001969	3.3
40	-0.366340	37.981598	14535.240600	0.002018	3.7
41	-0.363945	38.981598	14292.912267	0.002137	3.2
42	-0.361856	39.981598	14058.531523	0.001980	3.4
43	-0.363217	40.981598	13831.713693	0.001741	3.3
44	-0.367892	41.981598	13612.098533	0.001779	3.6
45	-0.371815	42.981598	13399.348320	0.001765	3.4
46	-0.369287	43.981598	13193.146122	0.001768	3.3
47	-0.368330	44.981598	12993.194218	0.001834	3.3
48	-0.371026	45.981598	12799.212667	0.001763	3.9
49	-0.371777	46.981598	12610.938000	0.001679	3.2
50	-0.370195	47.981598	12428.122026	0.001514	3.2
51	-0.372696	48.981598	12250.530739	0.001495	3.5
52	-0.377108	49.981598	12077.943320	0.001583	3.6
53	-0.374013	50.981598	11910.151222	0.001591	3.3
54	-0.377363	51.981598	11746.957327	0.001530	3.1
55	-0.377775	52.981598	11588.175174	0.001500	3.3
56	-0.374191	53.981598	11433.628252	0.001625	3.5
57	-0.370690	54.981598	11283.149339	0.001560	3.3
58	-0.376667	55.981598	11136.579903	0.001277	3.1
59	-0.375845	56.981598	10993.769545	0.001223	3.3
60	-0.377550	57.981598	10854.575482	0.001268	3.8
61	-0.378357	58.981598	10718.862070	0.001081	3.5
62	-0.377265	59.981598	10586.500369	0.000921	3.7
63	-0.383401	60.981598	10457.367726	0.000923	4.0
64	-0.375458	61.981598	10331.347404	0.000969	3.5
65	-0.381272	62.981598	10208.328222	0.001005	3.3
66	-0.379483	63.981598	10088.204237	0.001024	3.3
67	-0.378111	64.981598	9970.874430	0.000853	3.9
68	-0.377239	65.981598	9856.242431	0.000598	3.2
69	-0.380654	66.981598	9744.216250	0.000314	3.1
70	-0.380805	67.981598	9634.708031	0.000222	3.2
71	-0.378595	68.981598	9527.633827	0.000270	3.8
72	-0.378862	69.981598	9422.913377	0.000262	3.1
73	-0.384716	70.981598	9320.469914	0.000197	3.3
74	-0.379831	71.981598	9220.229973	0.000202	3.2
75	-0.383167	72.981598	9122.123214	0.000113	3.7
76	-0.379699	73.072325	9113.325457	0.000154	3.1
77	-0.383979	74.054964	9019.115700	0.000202	3.3
78	-0.381363	75.054963	8925.220389	0.000176	3.4
79	-0.383661	75.619135	8873.104835	0.000185	3.8
80	-0.381060	76.619135	8782.209697	0.000170	3.4
81	-0.384039	77.619070	8693.163696	0.000162	3.4
82	-0.382325	78.619070	8605.899643	0.000198	3.5
83	-0.381119	79.619069	8520.370159	0.000333	3.6
84	-0.379472	80.619069	8436.523985	0.000389	3.2
85	-0.379677	81.619069	8354.311935	0.000213	3.1
86	-0.383541	82.619069	8273.686699	0.000171	3.6
87	-0.380005	83.618597	8194.639790	0.000159	3.4
88	-0.378100	84.618570	8117.054746	0.000151	3.4
89	-0.374639	85.618570	8040.923030	0.000132	3.2
90	-0.382482	85.600168	8042.311121	0.000208	3.5
91	-0.376425	86.600105	7967.573241	0.000251	3.4
92	-0.381248	87.600105	7894.207076	0.000288	3.9
93	-0.380140	88.600105	7822.179708	0.000230	3.5
94	-0.381681	89.600105	7751.454823	0.000208	4.0
95	-0.382889	89.581724	7752.743236	0.000235	3.5
96	-0.381864	90.581724	7683.262833	0.000216	3.1
97	-0.385708	91.581724	7615.016739	0.000223	3.6
98	-0.382035	92.581724	7547.972355	0.000165	3.4
99	-0.375211	93.581724	7482.098217	0.000258	3.4
100	-0.382590	94.581724	7417.363950	0.000273	3.3
101	-0.385112	95.581724	7353.740222	0.000178	3.7
102	-0.378867	96.581724	7291.198698	0.000176	3.2
103	-0.384690	96.564899	7292.242179	0.000244	3.4
104	-0.387833	97.564899	7230.737954	0.000298	3.0
105	-0.381166	98.564899	7170.262530	0.000239	3.6
106	-0.377280	99.564899	7110.790307	0.000195	3.2
107	-0.382066	100.564899	7052.296528	0.000129	3.3
108	-0.381333	100.546928	7053.339227	0.000333	4.3
109	-0.381699	101.546928	6995.782996	0.000207	4.8
110	-0.382256	102.546928	6939.158497	0.000234	3.9
111	-0.381370	103.544473	6883.578944	0.000262	3.7
112	-0.381090	104.544473	6828.749140	0.000190	3.9
113	-0.380685	105.544473	6774.785921	0.000163	3.7
114	-0.381906	106.544473	6721.668872	0.000192	3.5
115	-0.381278	107.544471	6669.378351	0.000256	3.2
116	-0.377175	108.544471	6617.895040	0.000159	4.0
117	-0.377339	109.544471	6567.200476	0.000136	3.3
118	-0.381068	110.544471	6517.276675	0.000145	3.9
119	-0.378338	110.546034	6517.199244	0.000153	3.9
120	-0.387766	111.494470	6470.547125	0.000203	3.8
121	-0.379391	111.476074	6471.445685	0.000250	3.3
122	-0.384652	112.476074	6422.961747	0.000120	3.3
123	-0.381110	113.476074	6375.198892	0.000175	3.6
124	-0.380859	113.803471	6359.715449	0.000096	3.5
125	-0.381339	113.785068	6360.583741	0.000241	3.5
126	-0.378338	114.785062	6313.741004	0.000299	3.1
127	-0.381126	115.785062	6267.582886	0.000169	4.0
128	-0.378992	116.785062	6222.094770	0.000162	3.1
129	-0.383472	116.766668	6222.925526	0.000234	3.2
130	-0.377661	117.766667	6178.081040	0.000163	3.2
131	-0.381443	118.766667	6133.878219	0.000240	3.7
132	-0.376828	118.748391	6134.680381	0.000205	3.4
133	-0.382414	119.748391	6091.094232	0.000151	3.2
134	-0.381183	120.748364	6048.124219	0.000154	3.3
135	-0.380672	120.922597	6040.699167	0.000241	3.7
136	-0.375719	121.922559	5998.435243	0.000195	3.2
137	-0.382649	122.922559	5956.757029	0.000195	3.3
138	-0.378934	123.922559	5915.653994	0.000207	3.1
139	-0.380415	123.904157	5916.405257	0.000299	3.7
140	-0.383265	124.904157	5875.855314	0.000101	3.3
141	-0.383757	125.904157	5835.857432	0.000185	3.2
142	-0.377068	126.904157	5796.400411	0.000114	3.4
143	-0.379958	126.885817	5797.119257	0.000271	3.7
144	-0.376934	126.867414	5797.840712	0.000304	3.2
145	-0.378764	127.867414	5758.894374	0.000242	3.1
146	-0.384343	128.867414	5720.467779	0.000136	3.1
147	-0.377222	129.867378	5682.551969	0.000207	3.7
148	-0.380446	130.867378	5645.134111	0.000254	3.3
149	-0.381803	131.867378	5608.205800	0.000236	3.7
150	-0.381403	132.867378	5571.757490	0.000207	3.2
151	-0.378137	133.867378	5535.779884	0.000202	3.9
152	-0.383618	134.867378	5500.263922	0.000175	3.3
153	-0.385671	135.867378	5465.200779	0.000189	3.2
154	-0.383165	136.867378	5430.581843	0.000168	3.4
155	-0.383647	136.848975	5431.214946	0.000183	3.4
156	-0.381049	137.848975	5397.023885	0.000153	3.3
157	-0.379871	138.827267	5363.989084	0.000192	3.2
158	-0.379946	139.827267	5330.636599	0.000240	3.2
159	-0.385511	140.827267	5297.696312	0.000178	3.4
160	-0.378902	140.808865	5298.298809	0.000235	3.3
161	-0.382807	141.808865	5265.755748	0.000187	3.4
162	-0.377236	141.790462	5266.351001	0.000172	3.4
163	-0.381133	142.790347	5234.201712	0.000166	3.4
164	-0.378553	143.505193	5211.456858	0.000160	3.1
165	-0.380068	143.486791	5212.039898	0.000155	2.9
166	-0.383179	143.767422	5203.162762	0.000142	3.1
167	-0.384267	143.797337	5202.218251	0.000122	3.6
168	-0.377608	143.778935	5202.799224	0.000128	3.1
169	-0.386090	144.778934	5171.415281	0.000118	2.8
170	-0.377509	145.777751	5140.444152	0.000184	2.9
171	-0.382015	145.760207	5140.984957	0.000145	3.6
172	-0.380080	146.760206	5110.340129	0.000260	2.9
173	-0.383803	147.760206	5080.058463	0.000173	3.2
174	-0.381828	148.760206	5050.133556	0.000207	3.1
175	-0.380064	149.760201	5020.559301	0.000146	3.8
176	-0.377662	150.760201	4991.329251	0.000107	3.6
177	-0.379284	150.741801	4991.864001	0.000175	3.5
178	-0.384642	151.741685	4962.969500	0.000225	3.1
179	-0.380168	152.741685	4934.404280	0.000207	3.4
180	-0.383772	153.741685	4906.166002	0.000176	3.0
181	-0.386466	154.735172	4878.429887	0.000173	3.5
182	-0.387954	155.735172	4850.826837	0.000196	3.2
183	-0.382127	155.716770	4851.331972	0.000192	3.6
184	-0.380362	156.716770	4824.033862	0.000166	3.0
185	-0.382115	157.714606	4797.099309	0.000155	3.1
186	-0.381785	158.714374	4770.412593	0.000243	2.8
187	-0.381540	159.714374	4744.015066	0.000128	3.6
188	-0.384459	159.711566	4744.088780	0.000112	2.9
189	-0.381990	160.711530	4717.981933	0.000247	2.9
190	-0.380438	160.693128	4718.459766	0.000150	2.9
191	-0.381797	161.693128	4692.632523	0.000202	3.5
192	-0.384807	162.685465	4667.281192	0.000175	3.6
193	-0.383847	163.646051	4643.000537	0.000204	3.5
194	-0.377955	164.646051	4617.990583	0.000223	3.4
195	-0.380927	164.627649	4618.448386	0.000174	4.4
196	-0.379117	165.627649	4593.701529	0.000187	3.3
197	-0.381283	166.510485	4572.073469	0.000170	3.5
198	-0.380490	167.510485	4547.819787	0.000190	3.1
199	-0.380053	167.492084	4548.263772	0.000114	3.8
