1:ItNr	2:Metric	3a:Time	3b:StepSize	4:||Gradient||	Time[ms]
0	-0.043224	0.000000	8070.924854	0.000710	52.9
1	-0.038665	0.000000	8070.924854	0.000252	1.1
2	-0.040133	0.000000	8070.924854	0.000283	1.0
3	-0.039608	0.000000	8070.924854	0.000314	1.0
4	-0.039017	0.999960	7704.078523	0.000380	1.0
5	-0.043241	0.483538	7889.269440	0.000261	1.0
6	-0.043131	1.483538	7538.378521	0.000432	1.2
7	-0.043190	2.483538	7217.371595	0.000291	1.2
8	-0.041418	3.482029	6923.013756	0.000248	1.1
9	-0.043196	4.481688	6651.420442	0.000507	1.1
10	-0.042098	3.965266	6789.009213	0.000247	1.0
11	-0.041042	4.859240	6554.307893	0.000630	1.0
12	-0.046156	5.859206	6310.291561	0.000386	1.1
13	-0.046174	6.859206	6083.785051	0.000382	1.0
14	-0.047836	6.342784	6198.689255	0.000443	1.2
15	-0.046935	5.943155	6290.630044	0.000380	1.1
16	-0.041177	5.426733	6413.559358	0.000318	0.8
17	-0.040307	4.913578	6540.564357	0.000206	1.0
18	-0.039705	4.397157	6673.558892	0.000218	1.1
19	-0.042534	5.397133	6420.751266	0.000321	1.0
20	-0.043806	4.880712	6548.870134	0.000208	0.9
21	-0.042894	5.880671	6305.252643	0.000183	0.9
22	-0.041213	6.876302	6080.053910	0.000314	1.0
23	-0.043940	7.875823	5869.596280	0.000337	1.0
24	-0.042602	8.875823	5673.129849	0.000432	1.1
25	-0.044883	8.359401	5772.918311	0.000326	1.0
26	-0.045880	8.051864	5834.029228	0.000262	1.0
27	-0.043239	7.535537	5939.591131	0.000342	1.2
28	-0.042207	7.696138	5906.349517	0.000314	0.9
29	-0.047377	8.696127	5707.458798	0.000108	0.8
30	-0.043700	8.190525	5806.316390	0.000233	1.0
31	-0.046839	7.710672	5903.359642	0.000585	0.9
32	-0.044958	7.194554	6011.424033	0.000221	1.1
33	-0.042394	6.678132	6123.585938	0.000205	1.0
34	-0.042421	6.164171	6239.447546	0.000500	1.0
35	-0.037701	7.163509	6018.050534	0.000192	1.0
36	-0.044011	7.368401	5974.584902	0.000380	1.2
37	-0.047851	8.326703	5779.354819	0.000589	1.0
38	-0.042460	9.326700	5588.785457	0.000523	1.0
39	-0.045695	8.810278	5685.603477	0.000371	0.9
40	-0.040738	9.810278	5501.067544	0.000534	1.1
41	-0.043513	10.810278	5328.133893	0.000290	1.0
42	-0.041799	11.810278	5165.741674	0.000362	0.8
43	-0.038907	12.337489	5084.048790	0.000383	0.9
44	-0.043815	13.337489	4935.987621	0.000391	0.7
45	-0.038066	14.337456	4796.310828	0.000395	0.9
46	-0.041329	15.337456	4664.317250	0.000557	1.0
47	-0.043919	16.337456	4539.393975	0.000655	0.8
48	-0.041271	17.337456	4420.987736	0.000542	1.0
49	-0.041680	18.337456	4308.601521	0.000259	1.1
50	-0.046971	19.337453	4201.787918	0.000308	1.1
51	-0.043586	18.821507	4256.228211	0.000454	1.0
52	-0.043447	19.821507	4151.963886	0.000659	1.0
53	-0.042803	20.821507	4052.685687	0.000345	1.2
54	-0.043842	21.821507	3958.044326	0.000341	1.3
55	-0.043104	21.305424	4006.328381	0.000419	0.9
56	-0.040022	22.305424	3913.815067	0.000181	0.9
57	-0.044420	23.305424	3825.477914	0.000433	0.9
58	-0.042878	22.789002	3870.593377	0.000264	1.0
59	-0.045131	23.789002	3784.174989	0.000541	1.0
60	-0.041642	24.789002	3701.531236	0.000477	1.0
61	-0.045614	25.788762	3622.438713	0.000444	1.0
62	-0.039894	26.187488	3591.829724	0.000285	1.0
63	-0.045278	27.187488	3517.291086	0.000374	1.0
64	-0.039664	26.671106	3555.391033	0.000453	1.1
65	-0.042050	27.646805	3484.081273	0.000283	0.9
66	-0.041605	27.130383	3521.464238	0.000169	1.0
67	-0.039654	28.130291	3449.794779	0.000422	1.1
68	-0.041183	29.130291	3380.978208	0.000138	1.0
69	-0.042123	30.130289	3314.853584	0.000378	1.2
70	-0.044595	31.130234	3251.269186	0.000291	1.1
71	-0.040043	31.171841	3248.676289	0.000406	1.0
72	-0.041326	32.171703	3187.586849	0.000142	1.1
73	-0.046680	33.170919	3128.789849	0.000321	1.1
74	-0.040167	32.654502	3158.904040	0.000167	1.3
75	-0.042043	32.138368	3189.586505	0.000214	1.1
76	-0.042425	33.138145	3130.683976	0.000527	1.1
77	-0.043695	34.138145	3073.905062	0.000123	1.1
78	-0.042690	35.137576	3019.179539	0.000345	1.0
79	-0.040149	34.621172	3047.210569	0.000188	1.2
80	-0.040506	35.621172	2993.393062	0.000265	1.2
81	-0.045474	35.104755	3020.945786	0.000344	1.2
82	-0.042465	34.588333	3049.010721	0.000198	1.1
83	-0.045358	35.588332	2995.130172	0.000372	1.1
84	-0.040995	35.071914	3022.715105	0.000563	1.1
85	-0.040629	34.591243	3048.851072	0.000418	1.2
86	-0.042726	34.074821	3077.439344	0.000304	1.2
87	-0.044674	35.074821	3022.558397	0.000237	1.1
88	-0.044617	34.560799	3050.521660	0.000387	1.0
89	-0.041693	34.044377	3079.141417	0.000182	1.1
90	-0.043083	35.044377	3024.200296	0.000151	0.9
91	-0.043612	34.541295	3051.592885	0.000435	0.9
92	-0.042202	34.087458	3076.733397	0.000322	0.8
93	-0.042244	35.087458	3021.877401	0.000371	0.9
94	-0.044733	36.087458	2968.943229	0.000294	0.8
95	-0.043103	37.084809	2917.964710	0.000254	0.9
96	-0.042643	38.030756	2871.205352	0.000330	0.9
97	-0.040245	37.731112	2885.854137	0.000306	0.9
98	-0.046979	38.731112	2837.540050	0.000556	1.1
99	-0.043315	39.731112	2790.817045	0.000739	1.0
100	-0.046828	40.731112	2745.607799	0.000130	1.0
101	-0.041068	41.726314	2702.046577	0.000405	0.9
102	-0.043884	41.210000	2724.472304	0.000443	0.9
103	-0.043968	40.693578	2747.278205	0.000447	0.8
104	-0.043560	41.693578	2703.457477	0.000193	0.8
105	-0.043146	42.693578	2661.012736	0.000403	0.9
106	-0.039820	42.204852	2681.588768	0.000290	0.9
107	-0.045073	43.099705	2644.152918	0.000485	0.9
108	-0.041756	42.796523	2656.718819	0.000378	0.9
109	-0.038433	42.280100	2678.400015	0.000202	1.2
110	-0.042303	43.280100	2636.732392	0.000307	1.0
111	-0.043705	44.280078	2596.342228	0.000566	1.0
112	-0.040671	45.280078	2557.169941	0.000588	1.0
113	-0.039299	46.280078	2519.162109	0.000198	1.0
114	-0.040643	47.271463	2482.580772	0.000381	0.9
115	-0.041006	48.270258	2446.784914	0.000524	1.0
116	-0.043981	47.753836	2465.163143	0.000478	0.9
117	-0.044592	48.746282	2430.085388	0.000403	0.9
118	-0.044928	49.746282	2395.736103	0.000359	0.9
119	-0.045655	49.229860	2413.352698	0.000462	1.0
120	-0.044056	50.229860	2379.471504	0.000233	0.9
121	-0.043518	49.713442	2396.848692	0.000385	1.0
122	-0.042959	50.713442	2363.426107	0.000228	1.0
123	-0.041714	50.197020	2380.569035	0.000277	0.9
124	-0.044500	50.823044	2359.819523	0.000389	1.0
125	-0.042924	50.307017	2376.896836	0.000326	1.0
126	-0.043162	49.790721	2394.232176	0.000367	1.1
127	-0.042860	50.787465	2360.989081	0.000285	1.2
128	-0.039801	50.271043	2378.096545	0.000116	1.1
129	-0.039372	51.270366	2345.213291	0.000096	1.1
130	-0.038923	51.038043	2352.776612	0.000210	1.1
131	-0.041712	51.794844	2328.316288	0.000404	1.1
132	-0.045600	52.794844	2296.765083	0.000308	1.1
133	-0.041167	53.770528	2266.794500	0.000221	1.1
134	-0.040229	53.352893	2279.526918	0.000154	1.0
135	-0.044869	54.349758	2249.369166	0.000215	1.1
136	-0.045202	53.833639	2264.882815	0.000308	0.9
137	-0.039943	54.817681	2235.486758	0.000152	0.9
138	-0.044839	54.422964	2247.185902	0.000504	1.2
139	-0.042543	55.422023	2217.808614	0.000139	1.0
140	-0.039582	56.422023	2189.162909	0.000263	1.0
141	-0.042667	55.907037	2203.822027	0.000722	1.1
142	-0.043851	56.907037	2175.534184	0.000228	1.0
143	-0.046609	57.907036	2147.963347	0.000267	1.0
144	-0.043034	58.907036	2121.082578	0.000292	1.1
145	-0.046384	59.907015	2094.866824	0.000386	0.9
146	-0.039451	59.390593	2108.324063	0.000239	1.0
147	-0.044597	60.390593	2082.420284	0.000195	0.8
148	-0.040508	59.874866	2095.699582	0.000054	0.8
149	-0.043271	60.360742	2083.184329	0.000204	0.9
150	-0.042672	60.290412	2084.986632	0.000351	0.9
151	-0.044769	59.826008	2096.966389	0.000221	0.9
152	-0.041861	60.825981	2071.339931	0.000097	0.9
153	-0.043237	60.348158	2083.506581	0.000285	1.1
154	-0.042743	61.179879	2062.419939	0.000301	1.0
155	-0.042696	62.179879	2037.625242	0.000070	1.0
156	-0.040276	63.155973	2013.991590	0.000148	0.9
157	-0.042022	62.697399	2025.026156	0.000258	0.9
158	-0.044850	63.679202	2001.547229	0.000260	0.8
159	-0.044492	64.665577	1978.500899	0.000273	0.9
160	-0.042990	64.159459	1990.259492	0.000302	0.9
161	-0.042028	65.159459	1967.159771	0.000076	0.8
162	-0.044480	65.717276	1954.505841	0.000243	0.8
163	-0.040701	65.463338	1960.246103	0.000367	0.8
164	-0.043446	66.461836	1937.867194	0.000442	0.8
165	-0.038827	65.945414	1949.377374	0.000392	0.8
166	-0.046462	66.945414	1927.211609	0.000350	0.8
167	-0.040504	66.428991	1938.595185	0.000367	0.9
168	-0.048029	67.428991	1916.672565	0.000588	1.0
169	-0.042120	66.912578	1927.931421	0.000563	1.3
170	-0.041346	67.912578	1906.247972	0.000175	1.0
171	-0.044740	67.396156	1917.384525	0.000258	0.9
172	-0.039149	66.934789	1927.444460	0.000209	0.9
173	-0.039489	66.418845	1938.820184	0.000181	0.9
174	-0.042375	67.364843	1918.063969	0.000299	0.9
175	-0.046683	68.364840	1896.600748	0.000203	0.9
176	-0.046784	67.848894	1907.614311	0.000576	0.8
177	-0.043432	68.848894	1886.382950	0.000488	0.9
178	-0.046899	69.848894	1865.618988	0.000316	0.8
179	-0.043553	70.848894	1845.307160	0.000348	0.9
180	-0.043008	70.332481	1855.740921	0.000388	0.8
181	-0.043146	69.816059	1866.293522	0.000252	0.9
182	-0.043306	70.816032	1845.967617	0.000179	0.9
183	-0.040247	70.986986	1842.536956	0.000422	0.8
184	-0.044281	70.511077	1852.119196	0.000274	0.9
185	-0.044045	69.994655	1862.630530	0.000278	1.0
186	-0.042226	70.993318	1842.410147	0.000075	0.9
187	-0.041798	70.686179	1848.582023	0.000411	0.8
188	-0.043356	70.175534	1858.935341	0.000240	0.9
189	-0.044284	71.175534	1838.768001	0.000199	0.9
190	-0.043862	72.174014	1819.063222	0.000237	0.8
191	-0.043599	73.173789	1799.751543	0.000212	0.9
192	-0.041924	72.657369	1809.675236	0.000241	0.9
193	-0.042597	73.589613	1791.839684	0.000195	0.9
194	-0.039333	74.586663	1773.149264	0.000158	0.9
195	-0.043457	75.585106	1754.819437	0.000259	0.8
196	-0.044383	75.069624	1764.235293	0.000287	0.9
197	-0.041992	74.567486	1773.505089	0.000149	0.9
198	-0.042738	75.565135	1755.182368	0.000496	1.0
199	-0.043915	76.565135	1737.192516	0.000117	0.9
