1:ItNr	2:Metric	3a:Time	3b:StepSize	4:||Gradient||	Time[ms]
0	-0.970439	0.000000	279863.006958	0.000531	70.6
1	-1.022427	0.000000	279863.006958	0.000283	3.7
2	-1.036604	0.000000	279863.006958	0.000082	3.6
3	-1.035973	1.000000	267141.961187	0.000064	3.9
4	-1.036476	1.999997	255527.130773	0.000046	3.8
5	-1.043999	1.986345	255678.885217	0.000054	4.1
6	-1.040484	1.972694	255830.820018	0.000052	4.0
7	-1.039640	1.959043	255982.935499	0.000062	4.3
8	-1.048452	1.945391	256135.231980	0.000083	3.9
9	-1.042079	2.916095	245739.243959	0.000082	3.8
10	-1.047979	3.916095	235876.573173	0.000077	4.3
11	-1.048472	4.916051	226775.408449	0.000071	3.8
12	-1.050236	5.916051	218350.127523	0.000070	3.8
13	-1.043512	6.500519	213709.534605	0.000108	3.9
14	-1.044798	7.500519	206211.091030	0.000131	3.9
15	-1.045597	8.500519	199221.007565	0.000117	4.2
16	-1.050280	9.500519	192689.282427	0.000089	3.9
17	-1.046361	10.500519	186572.263161	0.000073	4.1
18	-1.049025	11.500519	180831.669838	0.000071	3.7
19	-1.043485	12.500506	175433.862236	0.000071	3.8
20	-1.051932	13.498763	170357.503537	0.000064	4.2
21	-1.053237	13.485247	170424.273346	0.000048	3.6
22	-1.043940	13.471596	170491.764117	0.000051	3.7
23	-1.054233	13.457944	170559.308364	0.000047	3.7
24	-1.045682	13.444293	170626.906151	0.000057	3.9
25	-1.052217	13.430642	170694.557541	0.000070	3.7
26	-1.052014	13.416990	170762.262069	0.000049	3.5
27	-1.048737	13.403339	170830.020857	0.000047	4.0
28	-1.054724	13.389688	170897.833440	0.000049	3.7
29	-1.053046	13.376037	170965.699882	0.000054	3.8
30	-1.056312	13.362385	171033.620247	0.000059	3.7
31	-1.054347	13.348734	171101.594600	0.000051	4.0
32	-1.056534	13.335083	171169.623004	0.000047	3.7
33	-1.058303	13.321431	171237.705525	0.000056	4.0
34	-1.054549	13.307780	171305.842227	0.000058	4.5
35	-1.058739	13.294129	171374.033175	0.000046	3.7
36	-1.054085	13.280477	171442.278434	0.000062	3.8
37	-1.061633	13.266826	171510.578068	0.000055	4.2
38	-1.058555	13.253175	171578.932142	0.000053	3.6
39	-1.060224	13.239523	171647.340722	0.000060	3.3
40	-1.060429	13.225872	171715.803872	0.000056	3.6
41	-1.061859	13.212221	171784.321659	0.000059	4.0
42	-1.058198	13.198570	171852.894148	0.000075	3.7
43	-1.062927	13.185843	171916.868454	0.000065	3.9
44	-1.059314	13.213116	171779.827599	0.000052	3.9
45	-1.061601	13.199465	171848.396499	0.000052	3.7
46	-1.061970	13.185813	171917.020162	0.000052	3.6
47	-1.060993	13.172162	171985.698653	0.000047	4.2
48	-1.057660	13.158511	172054.432038	0.000058	3.6
49	-1.063455	13.144859	172123.220383	0.000047	3.5
50	-1.058969	13.131208	172192.063754	0.000052	3.4
51	-1.059768	13.117557	172260.962218	0.000061	3.8
52	-1.062205	13.103905	172329.915839	0.000061	3.6
53	-1.065638	13.090254	172398.924680	0.000059	3.5
54	-1.066407	13.076603	172467.988817	0.000054	3.5
55	-1.066788	13.062951	172537.108311	0.000047	3.7
56	-1.068628	13.049300	172606.283228	0.000049	3.5
57	-1.063677	13.035649	172675.513637	0.000048	3.5
58	-1.064693	13.021998	172744.799602	0.000059	3.6
59	-1.071175	13.008346	172814.141192	0.000069	3.6
60	-1.071055	12.994696	172883.530551	0.000089	3.5
61	-1.072513	13.994696	167943.252510	0.000077	3.6
62	-1.067382	14.994696	163277.474799	0.000050	3.7
63	-1.070991	14.981045	163339.422733	0.000064	3.4
64	-1.071317	14.967394	163401.417691	0.000063	3.5
65	-1.070852	14.954098	163461.841416	0.000055	3.5
66	-1.068894	14.940447	163523.929354	0.000059	3.8
67	-1.070969	14.926796	163586.064476	0.000053	3.5
68	-1.069010	14.913145	163648.246835	0.000051	3.7
69	-1.075484	14.899493	163710.476486	0.000051	4.1
70	-1.069932	14.885842	163772.753483	0.000052	3.7
71	-1.075650	14.872191	163835.077879	0.000062	3.9
72	-1.071942	14.858539	163897.449728	0.000056	3.5
73	-1.073161	14.844888	163959.869086	0.000053	3.8
74	-1.078454	14.831237	164022.336005	0.000058	3.7
75	-1.071178	14.817585	164084.850542	0.000067	3.6
76	-1.075065	14.803934	164147.412746	0.000080	3.7
77	-1.074594	15.803934	159687.362057	0.000071	3.5
78	-1.074903	16.803934	155463.268296	0.000050	3.7
79	-1.075456	16.790283	155519.427634	0.000051	3.4
80	-1.075598	16.776631	155575.627560	0.000051	4.0
81	-1.075121	16.762980	155631.868119	0.000049	3.6
82	-1.072905	16.749329	155688.149354	0.000058	3.6
83	-1.073736	16.735678	155744.471311	0.000063	3.6
84	-1.077669	16.722026	155800.834032	0.000062	4.0
85	-1.077557	16.708375	155857.237562	0.000063	4.0
86	-1.083772	16.694724	155913.681946	0.000055	3.5
87	-1.077767	16.681072	155970.167228	0.000049	4.2
88	-1.076584	16.667421	156026.693452	0.000049	3.5
89	-1.081468	16.653770	156083.260663	0.000055	3.6
90	-1.073928	16.640118	156139.868906	0.000052	3.5
91	-1.080095	16.626467	156196.518225	0.000055	3.8
92	-1.079029	16.612816	156253.208665	0.000054	3.8
93	-1.082454	16.599164	156309.940271	0.000055	3.6
94	-1.080759	16.585513	156366.713088	0.000059	4.0
95	-1.083993	16.571862	156423.527160	0.000064	3.4
96	-1.077123	16.558210	156480.382532	0.000061	3.5
97	-1.083668	16.544559	156537.279250	0.000066	3.6
98	-1.082743	16.530908	156594.217359	0.000081	3.9
99	-1.083623	16.517257	156651.196903	0.000087	3.4
100	-1.086682	16.604105	156289.403881	0.000099	3.4
101	-1.081835	17.604105	152240.886137	0.000095	3.7
102	-1.082453	18.604105	148396.817793	0.000062	3.7
103	-1.080936	18.590454	148447.986970	0.000060	3.4
104	-1.087275	18.576802	148499.191448	0.000061	3.3
105	-1.089835	18.563151	148550.431261	0.000059	3.7
106	-1.087026	18.549500	148601.706448	0.000058	3.5
107	-1.084882	18.535848	148653.017044	0.000062	3.2
108	-1.087841	18.522197	148704.363086	0.000063	3.4
109	-1.089063	18.508546	148755.744611	0.000062	3.7
110	-1.085740	18.494894	148807.161656	0.000074	3.4
111	-1.088912	18.481243	148858.614258	0.000059	3.3
112	-1.086637	18.467592	148910.102453	0.000068	3.3
113	-1.087622	18.453941	148961.626279	0.000073	4.1
114	-1.095223	18.440289	149013.185772	0.000090	14.9
115	-1.083511	18.426638	149064.780965	0.000090	18.1
116	-1.094444	18.415538	149106.759476	0.000094	16.0
117	-1.090119	19.415538	145417.417040	0.000085	13.7
118	-1.090129	20.415538	141906.236843	0.000076	4.0
119	-1.097572	20.401903	141952.972429	0.000069	8.8
120	-1.091442	20.388251	141999.793543	0.000060	5.8
121	-1.091769	20.374600	142046.645553	0.000059	3.6
122	-1.098294	20.360949	142093.528491	0.000058	3.4
123	-1.089398	20.347297	142140.442386	0.000063	3.8
124	-1.091546	20.333646	142187.387271	0.000079	3.7
125	-1.097825	20.319995	142234.363174	0.000095	3.8
126	-1.088514	21.319992	138873.446060	0.000087	3.5
127	-1.094953	22.319992	135667.687259	0.000068	3.5
128	-1.098334	22.306341	135710.452254	0.000060	3.3
129	-1.099989	22.292690	135753.245286	0.000069	3.5
130	-1.093362	22.279039	135796.065313	0.000059	3.4
131	-1.100294	22.265387	135838.912362	0.000058	3.7
132	-1.096880	22.251736	135881.786459	0.000067	3.4
133	-1.100880	22.238085	135924.687628	0.000078	3.5
134	-1.098130	22.224433	135967.615882	0.000070	3.6
135	-1.099127	22.210785	136010.560653	0.000070	3.7
136	-1.098186	22.197134	136053.543188	0.000094	3.4
137	-1.101673	23.197131	132975.219732	0.000097	3.3
138	-1.100709	24.197131	130033.103316	0.000090	3.7
139	-1.103413	25.197131	127218.359158	0.000075	3.3
140	-1.104704	26.197131	124522.891072	0.000061	3.4
141	-1.101614	26.183479	124558.918525	0.000061	3.4
142	-1.110698	26.169828	124594.966831	0.000061	3.8
143	-1.101366	26.156177	124631.036008	0.000064	3.4
144	-1.103495	26.142525	124667.126075	0.000055	3.4
145	-1.107480	26.128874	124703.237050	0.000054	3.4
146	-1.097079	26.115223	124739.368950	0.000061	3.8
147	-1.106637	26.101571	124775.521795	0.000064	3.4
148	-1.101035	26.087920	124811.695601	0.000078	3.6
149	-1.107072	26.074270	124847.885820	0.000074	3.7
150	-1.106840	27.074270	122250.906629	0.000066	3.7
151	-1.104134	27.060621	122285.627577	0.000060	4.1
152	-1.104790	27.046969	122320.371891	0.000069	4.1
153	-1.104593	27.033318	122355.135954	0.000079	3.8
154	-1.107315	28.033135	119860.237436	0.000069	3.8
155	-1.103758	29.014097	117509.331711	0.000057	4.0
156	-1.106012	29.000446	117541.414551	0.000061	3.9
157	-1.106120	28.986795	117573.514914	0.000061	3.6
158	-1.107115	28.973143	117605.632816	0.000064	3.5
159	-1.110015	28.959492	117637.768269	0.000058	3.2
160	-1.104546	28.945841	117669.921290	0.000061	3.5
161	-1.102987	28.932189	117702.091891	0.000070	3.4
162	-1.105128	28.918538	117734.280088	0.000048	3.7
163	-1.106352	28.904887	117766.485895	0.000049	3.4
164	-1.111087	28.891235	117798.709326	0.000057	4.1
165	-1.111625	28.877584	117830.950396	0.000052	3.5
166	-1.107755	28.863933	117863.209119	0.000054	3.4
167	-1.108404	28.850282	117895.485511	0.000048	4.2
168	-1.106655	28.836630	117927.779584	0.000060	3.6
169	-1.103455	28.822979	117960.091355	0.000052	3.3
170	-1.115051	28.809328	117992.420837	0.000061	3.6
171	-1.109057	28.795676	118024.768045	0.000060	3.2
172	-1.111457	28.782025	118057.132994	0.000060	3.4
173	-1.112584	28.768374	118089.515698	0.000049	3.2
174	-1.110111	28.754722	118121.916171	0.000055	3.8
175	-1.110492	28.741071	118154.334429	0.000068	3.3
176	-1.112239	28.727420	118186.770487	0.000081	3.4
177	-1.114042	29.727420	115856.930719	0.000082	3.4
178	-1.111052	30.727420	113617.172164	0.000075	3.8
179	-1.107915	31.727420	111462.369732	0.000060	3.4
180	-1.111992	31.713768	111491.235179	0.000048	3.7
181	-1.111367	31.700117	111520.115597	0.000059	3.5
182	-1.113767	31.686466	111549.010981	0.000053	3.7
183	-1.111294	31.672814	111577.921343	0.000048	3.4
184	-1.109794	31.659163	111606.846694	0.000049	3.5
185	-1.114167	31.645512	111635.787046	0.000049	3.7
186	-1.111757	31.631861	111664.742411	0.000055	3.5
187	-1.112361	31.618209	111693.712800	0.000059	3.4
188	-1.112109	31.604558	111722.698226	0.000056	3.4
189	-1.119833	31.590907	111751.698699	0.000052	3.7
190	-1.114716	31.577255	111780.714232	0.000060	3.6
191	-1.112835	31.563604	111809.744836	0.000050	3.5
192	-1.115042	31.549953	111838.790523	0.000078	3.2
193	-1.121553	31.536301	111867.851305	0.000059	3.8
194	-1.113274	31.522650	111896.927193	0.000071	3.4
195	-1.112048	31.508999	111926.018199	0.000063	3.5
196	-1.117811	31.495347	111955.124315	0.000056	3.4
197	-1.113687	31.481696	111984.245594	0.000052	3.7
198	-1.117008	31.468045	112013.382026	0.000075	3.4
199	-1.123981	31.454393	112042.533624	0.000060	3.4
