(BSplineTransformSplineOrder 3)
(Direction 1 0 0 1)
(FixedImageDimension 2)
(FixedInternalImagePixelType "float")
(GridDirection 1 0 0 1)
(GridIndex 0 0)
(GridOrigin -150.8021220707622 -238.32000953543562)
(GridSize 33 33)
(GridSpacing 200.7861635281476 200.80500216616497)
(HowToCombineTransforms "Compose")
(Index 0 0)
(InitialTransformParameterFileName "results/lungTMA3/my_reg_project-modality_fluo_to_modality_brightfield_reg_output/TransformParameters.0.txt")
(MovingImageDimension 2)
(MovingInternalImagePixelType "float")
(NumberOfParameters 2178)
(Origin 0 0)
(Size 5960 5890)
(Spacing 1 1)
(Transform "BSplineTransform")
(TransformParameters -247.8249823933481 -188.35073343068268 -171.80002975196638 -154.40939220877374 -137.20060625783447 -119.46110444465741 -103.69375664465646 -88.75093585613494 -73.7158730909336 -58.53737746216363 -43.18083294256192 -27.660008813265296 -11.989864376631262 3.708914039284689 19.315554668962054 34.88310815400884 50.46461903273515 66.1665113039795 82.09520895787041 98.05210207467039 113.83858671600017 129.5326555412268 145.21238495745948 160.82183831081485 176.30624543445663 191.65307473277073 206.8660416810564 222.83997757501666 240.6960062160893 257.9708674576549 275.353149162487 291.7866458085835 350.1147314996835 -251.00255786367504 -190.43043616473122 -173.4926816453255 -155.6514232866948 -137.97158369202114 -119.74361222596039 -103.53205057298165 -88.2563318732779 -73.07124892157198 -57.54470792346976 -41.26201138910685 -24.734963249822492 -8.468280472502807 7.642536610158257 23.67671864347695 39.58714567201204 55.15679549240124 70.96040645658232 87.42297068657848 104.14362526390696 120.77199148935026 137.10287338255483 152.93165698780282 168.55108788297423 184.25601176494783 199.98259385749674 215.68364601511055 232.19908215559215 250.59895279304223 268.379573401338 286.2434327079414 303.07836006575945 362.4281402520016 -251.60477361577645 -190.78349556663966 -173.75227788809642 -155.80120308044653 -138.00809831927555 -119.68805624134853 -103.43791184617045 -88.28179610061339 -73.47267637625067 -58.069763144002785 -41.175770783980205 -23.96378657069419 -7.806801378287056 9.414810308626848 25.556726902301843 42.77219792982645 55.75066357229699 72.4098606961302 89.31524403924902 106.29526290388596 123.87444833620762 140.6999577874412 156.1450456673551 171.05571414089513 186.37172679436898 201.97309060880153 217.76570422466924 234.46504922076596 253.02043281640988 270.93494257203815 288.9330515490171 305.8777523130809 365.47590575745966 -251.98078247508695 -190.83591886575562 -173.70674632890268 -155.74174654964554 -138.1208074651064 -119.86864024777813 -103.2964415527587 -87.8680164506267 -73.27374962199302 -58.033383533232495 -40.68387706837122 -22.71008372029335 -6.963155102719292 10.414078182428959 23.590205533901518 44.10779992238028 58.73304830843973 75.15024194250785 90.41264346478822 109.39851658104286 126.91390919282703 142.88654141631935 158.80027607084367 173.15844047486874 188.62515756542996 204.52242983635693 220.25382620989905 236.80398846092132 255.38926611704105 273.4192637630932 291.5449225337954 308.5992575371012 368.4335455961241 -252.0553620760183 -190.42220481104002 -173.19112799784696 -155.4068536960971 -138.52144833442145 -120.6157046180618 -103.10502692624692 -86.48605656240301 -71.89979737176125 -56.522750210280435 -38.5050404909215 -21.682302208596973 -4.860826167620912 12.509101741013708 24.77261315258056 43.73072977006225 62.51750639374778 74.81917890386009 93.2053033176666 109.38160707404683 124.21335865305848 143.00011058343554 160.1253564066139 173.81654905877397 191.02758444153434 208.18990490662682 223.58587238127427 239.2933696738958 257.63347758728673 275.73605247704285 293.96292419711807 311.11601549522584 371.16189924230935 -251.79704422585607 -189.40803067577204 -172.06979657516897 -154.45533787197587 -138.23507981944113 -120.78441720982819 -103.05722268887206 -86.02545001143986 -69.45421798837457 -51.96461450448004 -38.53260348009266 -21.130980494390432 -5.4176253349309595 11.177751760354653 28.434051305574027 44.06832168378854 59.61323106055205 76.21207576464535 93.38118032422376 108.55882615723881 125.9938274946417 143.16212683187865 158.9626887581023 173.4293174834952 192.3728337791587 211.57962382248644 226.54328589133974 241.74421713926347 259.9486878623964 278.10208958294834 296.37474789725576 313.57495150791266 373.80002863309164 -251.0002915680752 -187.44673284639492 -169.78110028217887 -152.39804797054217 -136.24411673026904 -119.5253972102789 -105.03923517665376 -86.29050155700831 -70.6347622211376 -50.707958811442616 -39.585754933735814 -19.572876176665446 -1.9371638525542048 11.75578956000443 27.289453636846638 45.94986408536839 62.375229852685095 78.33407716106909 94.57387691018027 109.75305167517365 126.18623765361008 139.43348990883953 158.3916472458019 173.84538584976687 195.35579278423165 212.55586080006145 227.18324681205178 243.4593134085875 261.98853935044923 280.1578271331024 298.37238934071235 315.50975347047296 375.8182319065287 -250.21042691628574 -185.8628293338231 -167.67648397889462 -151.0144580943449 -134.47933031142531 -116.23523846621228 -102.27690573032419 -84.40723949334907 -68.94025751104785 -50.58483571684609 -36.6775847348984 -19.00139477053769 -3.6558100156743376 15.274381464684234 28.49466579442062 45.318481706678895 61.80340735489303 77.62462847535733 96.63248560264489 113.31051015935908 129.84576648714457 144.372586269466 161.17124208979922 178.3155717937162 193.03736515738197 209.45773484734264 228.20495703391606 244.88913668338657 263.6482801910446 281.97488605430834 300.12575701515783 317.1391771903048 377.47767964973303 -249.9603148905606 -186.81187443158976 -169.87874580250246 -152.6656190383736 -135.5079348696198 -115.83231661720572 -100.63552325500683 -85.64223007556043 -68.52276707700821 -51.939588110603445 -35.36712443167553 -17.938674146625583 -2.8648225003327923 12.937595286070936 33.39902931315698 49.17241694993897 63.9749596048316 79.12217531742807 94.91012317422076 114.19199618168105 126.02046791441254 143.72975217078803 160.4786684218575 179.2684129236127 193.0847271261889 211.15174121688995 226.85856141498928 246.33509518590333 264.8504015292353 283.5904551180489 301.7651368172098 318.6379500112809 378.99152736933837 -249.91236668335972 -188.10539452147722 -171.5589897095021 -154.18426246764147 -137.1787565452575 -115.76971313020277 -99.21296353184515 -82.31881666956998 -66.49158024399726 -51.15656164636738 -34.23007489006894 -16.58562387757887 -0.0221810251252301 15.606050843374746 33.41225245628478 45.8087413641994 61.3445203918858 79.0294655069 97.05075707822604 113.48946236559222 128.8135621299237 146.14830880048657 160.4474252280701 177.68263383719898 194.96287764688424 210.7171362964116 225.9745291315733 249.06686412914473 266.1328520582392 285.03661840462837 303.2608664132656 320.0116903264332 380.37716233361164 -249.7281229088729 -188.41229214773122 -170.75988836281178 -152.87337447805095 -134.95228176337693 -112.11550139257598 -100.04369484250371 -81.70749204254358 -64.68445169123044 -49.07204062737055 -33.40154727586309 -17.28900932562611 -0.7193836698618714 15.745670460466664 32.87455180317907 47.25662309771927 64.01613472153038 81.2088857891744 98.45201773692109 113.314758526566 131.54831429620558 148.96543056544235 162.7736562981032 181.15682895027933 194.38330073455617 214.6685818422759 226.9431195337659 246.90327324797795 267.6526009458341 286.4088374120078 304.5928229710496 321.2628554367006 381.6485244831443 -249.41758339035633 -188.30344815922342 -169.3178946047727 -150.9978184603519 -128.5190798215302 -113.50445859470251 -97.56624803637253 -80.08652051774901 -66.4510715395385 -48.321005779115374 -31.10255610543345 -15.747128938522016 2.5774625318229476 17.55999226094303 32.819630975712386 49.3744908240272 66.39577367200842 79.86633785110867 98.68375023671132 114.60533879845184 130.1322894338604 145.4545285730477 165.88085383775612 182.51991251052834 192.95532753540235 214.55486407601012 229.49136362216709 245.1611025898544 268.32017388728923 287.20868164866414 305.4257981019949 322.30245461943724 382.83070811717533 -248.9904508054962 -188.24656418670477 -168.20645469439816 -148.8542086580497 -128.7667686006066 -113.78681842206841 -95.13008663353808 -80.50460435589703 -63.473263327929224 -47.26526937261592 -33.33497028684402 -12.70379389441138 1.0564244509051008 15.913969141027055 34.75192881367826 48.957278557181276 68.48478686155077 81.09588043274172 99.91861679289738 116.57698587135714 134.5125489810667 148.81604232579738 165.87423979527884 180.02507564788638 196.33815560235251 211.67504215330536 232.0333189987233 251.46064452187716 271.0215399507924 287.05433880347726 305.43537378086825 323.0412701955077 383.94856002793796 -248.30231522852924 -187.9000979097801 -168.26522551781255 -146.25689200068635 -127.91008856627907 -113.05013125683693 -95.70986275444005 -80.07974032764028 -62.269977633883435 -46.68031498185208 -31.726929066688093 -11.385337117477393 -1.6466575676661805 19.555038791686677 39.00848296973471 47.875871600678465 66.00222574651114 85.25781550528382 99.16314161677545 117.49636202605292 135.3694278051314 149.55644473637358 165.67092996381618 182.35127771739192 198.20663135010508 210.64591494658458 232.2209594107261 253.96083516692087 272.2094319460928 286.49970847110194 305.11665134766514 323.64350147579097 384.9847076540785 -247.20869042178794 -186.91652204096087 -167.94138428676837 -144.82446579416563 -127.77019758120973 -112.33773102912883 -93.25545890536847 -79.0785684691987 -61.24146916186103 -47.530150579663776 -30.775148532692548 -13.44287254236733 4.0848381490533585 20.220184018786114 36.632716704360035 48.36740484258743 65.81152928492261 84.2224775958508 101.19794712755755 117.55908219975208 133.61845766136562 149.06907906429228 164.1522787286137 179.7925954655408 200.26693692997014 216.0534701449941 233.0916033793187 245.60165818249712 263.6794011246868 284.9661640205265 304.9628496731293 324.2733314765278 385.92176066380574 -245.9029854319098 -185.27048912397663 -165.5708817660346 -145.01415015406604 -125.95008200488104 -110.56422567030945 -93.82512885522188 -78.1918966065559 -60.916739552801545 -45.04737794485855 -27.655294923842856 -12.451959773466113 1.235085392532293 21.1702715407088 38.571587531483786 52.45878870025914 69.12334148408821 86.25534210350008 102.5310378828815 118.24993932830242 134.4931229636246 148.63878691125973 163.35646834481986 181.38701695952693 200.73890409887017 213.55116710723428 236.14586673245842 247.80014619049217 267.2470201160126 286.25686376472134 305.94601989834155 325.14659986330287 386.6611576531577 -244.57878900403918 -182.97068615192893 -163.89086462902912 -145.05811614595086 -125.79571981309404 -109.68745683159447 -92.62450854632598 -76.71618905242485 -59.838702311888724 -44.19590553609004 -27.69943567520686 -10.319312044036717 3.76717037247945 22.363513794183593 37.54200229251723 54.2230346171312 69.86941431575528 84.98368329435814 99.74030887178986 119.88894755182235 136.39662747814342 149.61859592889618 164.61223633886345 184.3954570978974 201.85646529724207 216.22862747268772 233.54249419134922 247.9696483920555 270.60974951375096 290.4528955688409 309.05063024208545 326.47914512875474 387.10433593903724 -243.51879727336387 -180.9763293135684 -161.38794276621616 -141.69352591404734 -124.29049539874015 -109.81035216427931 -92.99206712961842 -75.27593639243241 -58.324784610112594 -44.404737948434935 -25.865601040693733 -10.412275001688164 5.226428065113227 22.655041696718595 36.0075798308692 55.887982027058314 69.5478262346085 87.94762625474215 104.37569250930267 119.96981057262195 135.39818934505965 153.17795405848256 167.135127194059 183.23518695485475 201.18071873286635 220.395906039203 236.52626544417612 250.59690033257144 273.35721811627974 294.6867373644815 312.1273922025036 327.708204327057 387.4179998261289 -243.0056616353684 -180.23842501921814 -160.10158170339798 -139.13051142650858 -123.83718260704251 -108.4058228160893 -90.74730171358256 -74.79227169172098 -59.607059182915755 -42.11464196388907 -26.32849701079169 -9.074388220623282 6.193984823888032 24.17991016893977 41.31833561950363 54.2686048904801 70.28833377263918 87.42684469474266 104.88996533916175 122.60010370707887 134.4055949114981 153.83258231014707 168.94664678324463 188.25209545638464 203.62158939136134 216.74687918744274 235.15246349122523 253.104121117515 275.0495087635448 295.66102368627674 313.014047617753 328.2710143900651 387.7688534816981 -242.66497874065914 -180.28782423128885 -161.00629777870614 -144.27417414547406 -122.1086154304573 -105.31049214528517 -92.20133302476393 -73.93699309044554 -56.602483679212845 -41.16911682620345 -25.344500398958186 -8.911908398191404 6.967631021390562 23.231669211139124 37.30363155268265 57.848476498990514 72.42052206277161 90.43361661359198 103.25966615961725 122.4793717966503 139.41187918642154 156.3462988310618 168.1412217231698 186.74663120575931 204.11604477977622 215.97016705770423 236.8428064337553 248.7687009278574 275.16667804509524 294.8316460254819 312.6234747204897 328.410393827626 388.08695918434745 -242.12244053685245 -180.6573272155608 -163.1691892593121 -146.3187358531302 -123.33222422914778 -108.15997961813356 -88.87253552783778 -73.23559809320656 -56.8933973250194 -41.215071364451674 -25.00842494493173 -6.287549813236357 9.796605919874992 24.18687159743245 40.33150828953707 57.64566183830934 71.78267377872922 91.27927186028371 108.1786908280149 122.10468428623878 138.60720171054723 155.9463868760256 173.1551027935855 189.0670076651539 204.87994952223596 221.5387317590505 237.50622161742373 254.42045851878046 275.0827129523977 293.7925789714328 311.8714023753913 328.3691606317596 388.3023785679559 -241.48264419925025 -180.73742840400973 -164.81872377420854 -147.322631549148 -129.04806165450586 -107.5396226291984 -86.7809749457611 -71.7087483781203 -54.99817907798384 -38.32290199830832 -27.123703327270857 -2.2874628430098825 8.792053336176426 23.780835471554987 48.59547265276097 60.20648574479686 75.5683293141119 88.43092572453341 107.13031398984498 124.60533479633037 142.2675406735762 156.726753273502 172.09713190884688 189.65540702914075 203.5348340097494 224.77472169273435 239.5935238717496 254.93924680641533 275.20820364599854 293.1847873359704 311.2258477997055 328.2810580770091 388.38308703026433 -240.84994644305303 -179.8689403522201 -163.79965499564815 -146.37008557000638 -127.15432806745217 -104.24092361493831 -86.93765078253466 -72.35848311280036 -57.397232401460336 -37.82735973514181 -23.408622496305227 -4.969468602835821 8.966822330825224 23.558649881443873 48.0698038692239 64.27834313268912 76.29379107546738 87.45553722311591 109.77460166241414 122.36129422837486 142.464700155802 156.36155110544456 174.88422498141583 191.81252013731591 205.3818833112006 218.24306800468034 238.1698345828199 257.93130502439124 276.5953358348307 293.35369516429034 311.1456053557119 328.27982230842446 388.29705108032294 -240.09131292103075 -178.5581342123078 -161.62378792309866 -143.73344965934345 -125.75294702524593 -107.9482258292403 -86.90185165574957 -68.72829037286176 -52.782601674872076 -38.01908382385963 -20.988888248409005 -6.357432479575448 14.264645010284832 25.329597314823587 47.10167204499317 65.71160231483445 78.94485578790244 90.43098961407112 110.3454669815314 126.24339910536615 140.586281622092 162.37394926314727 170.6960894408516 188.91010181158958 207.7709467112291 224.2101855844049 243.2500519230007 259.14031195835355 277.1234092106948 293.6397736557689 311.2253605830443 328.23383650039983 388.0586832264401 -239.07326944263397 -177.30642379768085 -159.94165956694806 -142.06675084705066 -125.26922667529027 -107.17418877700106 -89.30329957777809 -69.51079915624318 -50.87513424905254 -39.863374048537175 -20.46725432217357 -3.0118955409802752 13.485232110869585 31.306076031510212 49.80932332423784 67.79005224398229 81.18990708927866 92.8899607877946 109.38728102327924 126.46842127612555 142.43611253386496 156.47114437501136 169.8736587444737 188.42378051653895 206.73213321370525 225.13833192026954 243.01947158080444 259.3603555359018 276.7921307834929 293.4710316655948 311.0610783062974 328.0113845322626 387.6822721800111 -237.76206644655844 -175.94180633929577 -158.42486135305577 -140.63422976908552 -124.48382430580513 -106.8263910603463 -88.92653106607858 -73.44382103895292 -52.15853416522727 -36.278171917259215 -19.078788448506096 -0.8834331535296477 9.03938078598202 34.70130896948981 52.612605069650215 69.13684149844265 82.42079365423844 94.95315971632677 110.02710764169194 127.17682023370534 147.64556659376507 159.2859563519022 177.53282230872355 192.58000227817433 208.89663059450896 226.79457374543722 242.75169114993693 258.4995903467248 275.97943052764555 293.02664190670396 310.7136203129573 327.6285518425842 387.1611436044801 -236.12119500717003 -174.30875090838666 -156.73992913408372 -138.66852255005162 -121.81739360379952 -103.75852502734656 -85.44258258300293 -67.66498921404857 -50.6090284144435 -34.81744852708968 -20.198393533939193 -0.9003682886926372 13.148440584095269 30.37260485871264 51.616874205781656 68.78476362468089 82.73317548850432 95.80062808095012 111.0692811399005 126.76210536973196 144.1398449384387 163.16581716526264 178.27348635699454 193.48974535993204 209.73964800364715 226.25545949001497 241.6391016964439 257.3665420465458 275.1359983004327 292.50534493502965 310.2476632512763 327.10004086851194 386.4868988952013 -234.02408253529885 -172.27852167265954 -154.73468422777128 -136.33060212367653 -118.44370133354697 -99.74502265539297 -82.2436472368607 -65.44750815460908 -49.140076675997115 -33.36598731068303 -17.98940644466215 -0.7825483489070478 14.673496948385276 26.607605242981666 47.99045910646134 67.55994218961287 82.71067321473734 96.60565748180161 111.69571270246789 127.99815070489403 145.8716591588065 164.05514503478415 179.84735606353917 194.74579729034662 209.80896334531388 224.95781582469033 240.13955894405873 256.2395754994902 274.3129890892288 291.87337520660367 309.597368830963 326.3602589757035 385.5716803241308 -231.30006209651987 -169.67297137501694 -152.18514519939507 -133.71622001124763 -115.51118410472529 -96.67035727909449 -79.63028358187879 -63.45176134863823 -47.4038677949297 -31.468703180437032 -15.51184628636512 0.07167552515714201 14.799917400577634 30.29841946648242 48.568797963231106 66.83035408113533 82.73866342305604 97.69272597087455 113.03135674143752 129.1294845212887 146.38908722732845 163.57636327243895 179.36523238658728 194.3966945655602 209.28378560901768 224.20102027132714 239.34378229309135 255.4691944767737 273.53626635602905 291.05398259288336 308.6716858439338 325.3243508049831 384.30361420689565 -228.46854232835088 -166.98786207288677 -149.58313655618645 -131.1936324866852 -113.03284010036752 -94.28549984013382 -77.49138765817814 -61.582491597077244 -45.732807287051344 -29.80923394659514 -13.697500254614429 2.215357696553924 17.539284353198777 33.14240640428568 49.87143071202467 66.7957388836541 82.98022981842044 98.76768485748654 114.49883861336743 130.3374567496228 146.46627326605375 162.51775575179587 178.11356161736978 193.4310489717742 208.63768113528096 223.7772738517919 238.92140272236014 254.91294283653735 272.8293811123239 290.1887565888246 307.67423051090395 324.21648040698153 382.95668725213085 -225.43694772511878 -164.15623142816563 -146.87032583601183 -128.6167863036019 -110.55495255060264 -91.93498360194084 -75.3231057801552 -59.59530954028896 -43.867379964158104 -28.039038327193396 -12.027175024582947 3.930144597521841 19.593295913924702 35.303324817227434 51.40073846742883 67.62185856994012 83.70396766873026 99.64055798117434 115.42430839789785 131.1102817012395 146.7549999822629 162.3150195519816 177.7510267073616 193.07065841636833 208.28315777253368 223.39452604494326 238.4287911543393 254.26852173895543 272.0236629092594 289.2265004570154 306.56671497963566 322.99251668610657 381.47038704801525 -222.42395027948032 -161.37745896449064 -144.21781751161683 -126.11556849113485 -108.19124565334332 -89.71337993755313 -73.24956321830572 -57.65489246663561 -42.02132652234591 -26.311642774623426 -10.505624591631696 5.322824772189198 21.09858126422224 36.898581011571444 52.79967274280069 68.716456893171 84.56352767418315 100.32730099202729 115.9941927616131 131.57467410312495 147.0792214432335 162.4886013813381 177.78366609584782 192.96514246570015 208.03492198523944 222.99990129237153 237.883191136311 253.56902800253528 271.16748251969284 288.2225276126667 305.42359311203774 321.7351831219313 379.93245527750486 -211.12584849218172 -151.1111403300084 -134.38659174484187 -116.80991124032765 -99.42842182078124 -81.52826202570587 -65.64003874084874 -50.60869875842587 -35.5121312173865 -20.33794259612249 -5.09046388104218 10.230285599479195 25.62308575157104 41.038922603512816 56.428695974664286 71.78752093267637 87.11050638581483 102.38028361063087 117.5794838612101 132.69591518553813 147.71739147648077 162.6342462698009 177.43689495207474 192.1204001967684 206.68096474387312 221.12830926489863 235.4880335118856 250.63838724662892 267.6787872918386 284.20883235387254 300.9085809113944 316.7903338717263 373.7716618935733 -308.9467738908802 -319.5293585744522 -321.7907083328176 -323.78609361488 -325.5253097590695 -327.16472190199414 -328.28305605643095 -329.26371516661237 -330.4486295536143 -331.83716088473346 -333.42569322689263 -334.82283876831514 -335.63699591512324 -336.7461076650044 -339.0281016665576 -341.40816630350315 -342.8114888543869 -343.538729971423 -343.8905501834744 -344.06672316059223 -344.2670219510834 -344.5370800761071 -344.9225224757775 -345.3991815601599 -345.9427702264188 -346.4627025095755 -346.8667278450747 -347.01773070760083 -346.755410690674 -346.314650006685 -345.6074071313352 -344.58585609916884 -338.7044235122598 -246.49341154881316 -256.072761883466 -258.0889718735404 -259.8498417626727 -261.37694685416255 -262.8614076807442 -263.97092097886195 -265.07174339109673 -266.4930815573501 -268.1230025709984 -269.8489278805264 -271.13819642001255 -271.45351819611665 -272.5589547780977 -276.2954326935881 -280.2620052334683 -281.94860230832484 -282.12810216183635 -281.66219018563567 -280.87006733984714 -280.0332431899418 -279.67595577088844 -280.32651946999283 -281.2820298528717 -281.8389501330467 -282.23550962453027 -282.7085020833053 -283.05442101304516 -283.05105092119464 -282.8786501127805 -282.4660332093832 -281.7549948663997 -277.17580701943785 -229.09188475755383 -238.42751578548175 -240.39066609632783 -242.10621958325174 -243.59824600494701 -245.1451261429463 -246.51343766997596 -247.8246140283635 -249.19012103434346 -250.40117129851185 -251.9353127285253 -252.53850256039473 -252.9838468451223 -253.53528236964218 -257.74792372488 -261.03779005234185 -262.73859879452385 -262.7478676795811 -262.6837802644769 -261.68032614485264 -260.72812545520645 -260.3185593566394 -261.9766047298693 -263.87087463993265 -264.3183528041829 -264.2524207364757 -264.6045128142604 -265.0155711904036 -265.09165229749465 -264.9926041047645 -264.65709912765493 -264.03191758850653 -259.8264580660119 -210.7089465428297 -219.79684238154294 -221.71828655472174 -223.43467625629566 -225.00007954955342 -226.6734340990181 -228.21603173036192 -229.57306328998718 -230.76495856964792 -231.83378664723512 -233.8248803695778 -233.08567016550225 -235.37005332275697 -235.11803900937844 -238.0779123174581 -239.46260941699072 -238.93046014923172 -238.61330304517173 -242.82436939971393 -240.83614703808635 -240.72843995946116 -241.13642684507005 -242.99133339563573 -245.36622832687672 -245.73585907262822 -245.2974368202496 -245.5128079760066 -245.92815132840815 -246.03822682263117 -245.99788369707568 -245.73944963141983 -245.20540850063418 -241.40701580634047 -192.33750369987914 -201.16933195097624 -203.06518213005617 -204.8662826211342 -206.70677649378092 -208.5517990462234 -209.86446731211632 -210.86679407994995 -211.9351117370456 -213.34543168473894 -211.61425194109768 -208.81123391709488 -214.95767092820242 -215.42637872917177 -217.01427386505 -215.16801344650437 -217.7036191598612 -218.74623950992526 -219.58183926467294 -219.70604478383515 -220.01686631389444 -223.2808473340846 -226.4750000667492 -227.55288223773587 -226.95092576301005 -226.49956467454732 -226.66584092429082 -226.94768306111422 -227.0080785692249 -226.98469554868043 -226.792290138535 -226.35041627984768 -222.9749380784615 -173.15220999025033 -181.68815541478955 -183.60236420220414 -185.46363019644303 -187.36678425949663 -189.0942521164722 -190.01761973568995 -190.9429794818948 -193.48865508316962 -191.11678890767183 -194.91403094697836 -195.8310055585803 -195.65599144297784 -195.06810488155546 -196.28895354214805 -197.99992459788803 -198.31248421939395 -197.10849706718633 -198.64710698151214 -202.15319144164638 -203.49906552014912 -200.61678662614463 -202.84063969517732 -204.97323497035592 -205.08805967893673 -206.31386296843795 -206.40906898494953 -206.56765178652458 -206.8063773025649 -207.03581747250757 -206.9992857794107 -206.67168908196842 -203.76329751286207 -155.70403786949743 -163.90205025569315 -165.8632539107954 -167.72484886056264 -169.08642306260418 -170.23638328125003 -171.42415338119272 -169.6073077589157 -173.48272822301985 -171.98198783741148 -172.97056753009107 -173.62881052008933 -175.7133702199411 -175.4949428450185 -176.20631684444615 -178.07895636424104 -179.2419103035843 -179.72501892394757 -182.20914698014957 -183.70844428770778 -181.73310897567055 -183.28563535989971 -185.40270347846752 -184.45118653537978 -186.90303331985692 -186.5417473772008 -186.70017851830158 -186.7659163691412 -187.65317749211923 -188.6338168179246 -188.95386501027872 -188.76896876937977 -186.3298467377355 -138.7543964181371 -146.67193533986782 -148.73527258342546 -150.9642654296334 -151.51490509040067 -152.45872937177415 -152.63749056947054 -151.46842343024701 -152.65732167476986 -154.4868199220918 -155.64352472697908 -154.31981222513255 -157.501578673003 -158.49497632869 -158.94534326892014 -159.29210749794868 -160.55532020484893 -161.6706025135231 -161.95833036867518 -163.56010465018414 -165.44419980042122 -163.04058653720892 -166.6378709870546 -168.67086106327034 -166.46873077987547 -168.9621516768268 -169.41785889312467 -168.451340210615 -169.9322713500809 -171.19800770666393 -171.59854442967136 -171.4367755921265 -169.43110754902173 -121.30729690805282 -129.4908242090831 -132.59437630928664 -135.00983004573555 -134.91104618361263 -135.18643001824861 -132.6274840043716 -134.52225211675935 -138.88813706149529 -137.7309800294648 -138.5809617489493 -139.87176339895612 -139.29211057443337 -139.89523464998953 -140.02661818836563 -144.9958228683529 -142.8742791428868 -144.44882377867353 -145.31919748989424 -146.45121188691144 -146.57996130361533 -145.1153655060694 -144.21990134998885 -150.7116261026522 -146.84640144583045 -150.2283478445235 -152.1749515190104 -152.60624959544305 -154.28010198034457 -154.33792644922627 -154.1080861156751 -153.713379351269 -152.06230302686367 -103.3913802492734 -111.71144156057666 -115.44898650341969 -118.2680963565785 -117.48840203400007 -115.1749480977314 -116.4324608915426 -117.85482569766961 -120.3101339550772 -121.45525492943645 -119.55619687410382 -118.94141138414426 -122.06195402302484 -125.46180861903771 -122.95555671463336 -122.68567055848025 -125.42790098758722 -126.03209252947303 -126.90289611222627 -130.53059147305007 -127.57830122402159 -128.29209710231655 -129.32593981183 -132.80509018853547 -132.42360165277162 -134.52015336647125 -132.03186392066843 -136.60948278069296 -138.01350417230617 -136.8406134107812 -136.04495619130984 -135.485376053809 -134.25764804265754 -85.05268706574992 -92.96736284664664 -96.20458757541557 -99.33207240514734 -98.52199816037444 -96.13333588619808 -100.6084063878185 -99.42039978020065 -98.15079433969379 -100.93162939617267 -101.4343069957549 -103.61058886008504 -105.19187801846522 -103.46372993535886 -105.91474859584905 -105.63461179534104 -106.80358661175171 -107.15346691633832 -107.08024111018794 -110.16558981467804 -110.47652665195811 -112.56039813474942 -112.276402935851 -113.24291442313726 -112.20989726708764 -113.867755229437 -118.46947567568681 -120.69352013129115 -118.6900086051428 -117.5442398565816 -116.99499203533877 -116.65686215062809 -116.06849544892118 -66.32419625269301 -73.6193293395593 -76.08730567495576 -77.93535459731717 -76.0649425326093 -78.36430706442692 -78.53050975838713 -80.77276254142114 -81.4710157716054 -82.13418831153436 -84.24235807795894 -83.7063780832194 -82.81571426547758 -85.20912819229838 -87.13894572902336 -88.04500707732451 -88.06059341328532 -88.02919967218902 -89.6000754369903 -91.47739663582546 -89.30652427595962 -90.25958210529748 -93.98962915386124 -95.25744587887394 -93.46727932134633 -97.2741864657701 -100.16754766227112 -93.01751177279098 -97.39426532149832 -98.14874818159328 -97.92399185508776 -97.60026595096716 -97.5489863640896 -47.240250383373045 -53.98642963317027 -56.01736553172472 -57.940814439193 -56.8174809038599 -58.68421317411622 -59.095877133635206 -60.01699846671172 -62.98320950740801 -61.88239134678905 -63.27610001836814 -61.30571169616305 -63.50971714896196 -65.9567424208626 -65.4837755193619 -64.47888008036685 -67.97906279559676 -67.64474745586486 -69.1119358347812 -69.39274277823168 -69.86562348087236 -72.32132192836372 -75.36259130904851 -73.3355769355425 -75.2253556296606 -75.3101117697382 -71.93878430213474 -73.36498895888668 -78.62945059026076 -80.40091228700634 -79.8068761548635 -78.68927223900806 -78.75449235810923 -27.89159662066936 -33.952231738321785 -35.504556248813586 -36.087020774068236 -36.71803015086221 -37.00110527290015 -39.251699687298505 -37.96497492630992 -40.31425558908175 -41.07347410997456 -40.38139956901523 -44.192261982927825 -45.196511622479846 -44.12615059611881 -46.22240039119323 -46.28782244296438 -48.50734859331842 -49.71758928526011 -48.00072033579168 -51.38655788190916 -49.9593471980884 -50.395047169724926 -51.724519654374596 -53.57143631264819 -55.168609526019914 -55.06179412678057 -56.695956418526144 -56.099272952457675 -61.14599327428436 -61.970415071013484 -60.567299355125826 -59.28981046044029 -59.849569465565835 -8.369087504020722 -13.39743535312898 -14.803013097899159 -15.853283787925733 -16.635376709873576 -17.919683070077195 -17.902863884707347 -20.51274415042575 -21.468378126580983 -18.442406258552943 -22.819545917660314 -22.756514068579353 -23.439098974905104 -24.221930955632587 -23.515564875219386 -25.182045042210834 -26.832550816444538 -27.702513427218427 -26.653304062363357 -29.65137168800909 -31.05318266790573 -31.6062605244784 -31.08506379006106 -32.61562203571482 -34.3506930811632 -36.72234410003174 -38.90563152892392 -37.72529931884205 -39.48644677734112 -38.44744859527013 -38.114503479991875 -38.767900269688944 -40.99886206108064 11.086493338978173 7.007955405144714 6.308111311010326 6.041402636899908 3.4342476371950834 2.256689708303274 1.5105920017603387 2.259387381863479 0.6029844457208985 -2.060662715751069 -1.4353150165899196 -0.9393319325537759 -4.582722911766965 -4.066817829617019 -2.60906064157979 -4.415189143905369 -5.876760833203754 -7.668160053445529 -8.907089531813886 -8.469644825941025 -10.767438534058984 -11.96042918770662 -11.238946778360628 -10.487879148109725 -12.52677765536584 -15.623835751766823 -15.402755392714106 -16.09125678100678 -13.786184746980338 -12.694021649949127 -15.457267969330902 -18.233289890458014 -22.226901369760316 30.234250147682207 26.572409921047257 26.1423162596208 26.081385455200515 22.95769951200403 24.12113765767249 20.79982239904214 22.013339807504035 19.830854810269628 18.576002606403712 16.87715611729229 17.52221625608942 17.248967265827044 16.20944003719275 14.743005619511347 14.376399871222516 13.881243333634904 12.344396114607035 13.677505831161637 9.675068604970892 8.70033891862354 8.42235361447748 7.083691809470589 6.788524754046205 5.220338799828957 4.6687601916622485 3.925278296677137 4.6916246759125135 5.681916013942581 7.520226998803741 4.420732049625351 1.204266010778827 -3.5582249256913685 49.0819739537406 45.67045697827678 44.463425757149956 42.43997474353295 43.03583411635249 43.19962249082705 40.8785841144287 41.508941696536006 39.35723159179349 37.739335090746586 38.09894702716805 37.670326240033674 36.77754637451881 34.84177108424952 33.742559051142486 34.07155803409288 31.73887429871083 33.053816725513855 31.493878657847656 29.718819039980694 32.13271598012329 25.409312157862107 25.86881411476214 25.278873997982338 25.457819635881876 25.993313849416186 22.73835809224286 23.106154120096658 24.303435945600274 24.811622211174186 22.505015480133547 19.863649996579454 14.938078867211066 67.63746275745405 64.69106330430047 63.14140789859859 63.08394832806781 61.028105622292735 61.01549515683247 60.55345779212972 57.41749571200331 58.998932369746285 57.62383372156692 57.57541880682958 55.11443475933237 53.441002670643954 53.877459133615396 56.290268348883494 52.16299572731886 49.75977130301645 49.99559176296659 47.75793280089322 51.08711583358579 49.67273338404876 44.43543352716825 46.83546264623266 47.07863562953503 44.41091071700897 45.638223349748124 46.21247653275951 43.04648906989827 41.747831576684625 41.31071158291366 39.8055224460632 38.06374464775941 33.19292161934783 85.87517261851566 83.57322206310475 82.18956859905298 82.6983478028797 77.9287395026834 78.52914417224967 78.35612152493546 76.75437108279043 77.77507800509828 74.10246282187354 74.09935282589393 72.75672788740162 71.7275461349533 73.4935860500641 72.23325951650348 67.03904799221172 72.08607687823843 69.54085831430736 64.65201390927459 67.17149815296995 64.40607182567396 65.76264400746537 62.03550727816564 61.561649276367525 61.20123639533867 61.31559292298126 58.561716668504324 57.23164617160074 58.12112349058408 58.215666530593474 57.35995767106822 56.16875518667903 51.19391644007244 103.76947107288872 102.24453829350627 101.28224711258288 100.73604463874149 97.90684684116228 95.66888728471221 94.4075055170722 92.75970900663869 92.28983237107637 92.41639406058927 90.60807511302804 90.57678057025925 89.27398176889747 86.42459988480172 88.07801918879696 88.46718241946189 84.49459038341492 84.33417291428793 84.31733390716386 86.71316592708267 83.62605268023773 83.22078053940082 82.69247730573308 80.58039408050068 80.79216415077506 79.79036633906003 79.9353217786364 79.89525841316872 77.73575122365595 77.31990159153034 76.2150574313822 74.54289350667126 68.92868294814156 121.39617482199942 120.55284619103246 120.1506773063481 119.07506768115705 117.19170663946964 113.78200545138702 113.47392478500211 111.39769649520171 110.8003918671948 110.17751572178582 110.01955851215939 110.29349983408699 108.33624650223848 107.82153482015502 109.2660329916349 115.05946842511175 108.01580017221636 106.4346550199166 103.42533323376148 100.63464113273358 102.8641559709997 99.61451743502846 97.54777788692112 97.74328099160348 97.85701112262797 96.22608917993705 92.28851737185668 96.59392878072907 96.19916352570134 96.60521493995682 95.10429083627027 92.8267322880756 86.48289096296425 138.83137834317688 138.35865119783753 138.05019251117568 137.25848945251846 135.84759690119063 132.90337840051265 131.4604609063264 128.68715600593947 128.77760384388063 129.12068574445024 127.01453565027934 128.46173915422497 126.32661185181657 124.36555472151223 124.21032938007342 128.81941425523712 126.6643597473084 122.79708082153853 120.57406082753646 121.74552565772919 120.39726919736113 119.47689619185441 119.01713752221741 117.72302994954137 117.40591292502064 117.11364603328474 112.24546671022337 113.36515900573957 114.06401188793531 114.22911296624015 112.7638536288973 110.66093758914118 103.94230142128413 156.14185408176013 155.9928252031538 155.61012518580688 155.12775717824596 154.80491886712878 155.50590644538352 150.73302229624514 150.66192505739434 151.95912563869632 149.42361850057628 147.05802336766283 146.63637199144364 144.3996704202205 153.61223209204022 149.8109694392959 147.8101160655092 145.36106036553883 141.12484222605946 141.80565331437953 140.79749324962154 139.9522956783741 139.38991584151094 136.57639060831875 138.56650050667113 136.14462085493082 137.33199277568113 141.44385685906525 133.96975552634768 132.19640056352395 131.4575547868906 130.03758954763288 128.3064727541369 121.27904931815382 173.39566792776628 173.7915386243535 173.53420919117403 173.58650327914185 174.58497299700454 175.30733559397962 173.05922638460711 172.88629012279492 164.95802618153124 168.25679655347696 168.56790410559054 170.2045050792792 166.48380704274376 166.57021352892733 166.1469482792725 165.40817816342235 164.79221589619942 163.45459493853627 162.9277683478998 159.35312031398652 162.50752157799113 159.7361337629683 158.26177863026373 157.5997832511771 157.99211952157827 158.60554590756206 158.39017212223956 154.00743841488259 151.4280277816951 149.5368347424115 147.77004954968152 146.02560174704797 138.46653878191407 190.59561564977562 191.68253826569168 191.6615754603486 192.1532745318356 193.94544425232826 195.5369084580255 196.33767174444262 194.91876900444532 189.2133873510797 191.78932795206143 186.27356242318905 186.7116041501017 183.60351348586434 182.37370303286227 181.000658315794 183.24227668331505 184.43345060817242 184.86885819992898 184.0562951645007 182.59200249243435 179.44805872650855 177.50608282634562 178.8247512361877 179.12117394972677 178.6433822418092 177.45370004160503 175.74474427538743 173.498634497096 170.6180957516296 167.90477874269376 165.70773551710346 163.75342812309572 155.5315265118408 207.76205175026192 209.60542765551548 209.81601920533933 210.34804193080316 211.74767431003178 213.25101304705834 214.0077899700018 213.80422762461157 212.89414155631974 210.13644262898518 207.84054004753048 209.15869560753953 206.22529248466483 207.22721563839977 201.29864248043503 203.44029282306093 203.9634766345925 204.19548589256894 203.35338583002232 200.81337377147673 202.32624617374333 202.14164545449316 200.0097030478929 198.8488582552478 196.9506083364293 194.97794387912472 193.25419024680016 191.2962353455461 188.6139692853552 185.95988720779025 183.6112039495068 181.4431707356224 172.5184459558974 225.797074963379 228.4546565084728 228.91160072848254 229.3977207794817 230.09872373136693 231.12394673894445 232.39699755956312 233.298021294903 233.349392981543 232.5029967024758 231.47629933576783 232.06048599772998 228.49498688188783 228.99203885424944 228.06381163155365 225.57454268238394 224.497927364643 223.93318092573512 223.74341708279744 223.67131597274715 224.12895287965873 222.95802995361908 220.58765072489112 218.05216130783225 215.55376417647227 213.27065559983092 211.39852273596776 209.51170792037155 207.15952797991133 204.8096972639722 202.40685339461862 200.0188540364176 190.3511584965744 245.84946669920026 249.38315005650725 250.1118993726805 250.76337757011171 251.36580026097045 252.16710913933693 253.20843132992474 254.09027490430546 254.50781258305685 254.2736792684292 253.21558696313926 252.52408688208152 252.9230566572297 252.95830859940514 251.28487592122906 249.05952207873722 247.55356171706018 246.54255771328508 245.99575106708664 245.61454145916156 245.09620365315823 243.97089567984327 241.79106476917892 239.20095281508813 236.8043728675995 234.62418017897784 232.69816753904092 230.70693268997206 228.2909878227505 225.8574228076326 223.27880936228655 220.65681603125626 210.19973086471126 265.2154775280381 269.59323508776606 270.5998735331175 271.532407025386 272.32469095528097 273.1148174039451 273.743961645527 274.19892869957243 274.46255136093185 274.58582362380923 274.6110749287094 274.60905080881486 274.6558718231038 274.25009944815355 272.9182641796234 271.27823071127943 269.90627696489906 268.6995466342377 267.61661944778405 266.5199142164088 265.2737441990792 263.7435939788175 261.8182977289558 259.7333021678006 257.71323411882014 255.73000263024394 253.76549975192182 251.59123590116548 248.93805343640562 246.26366897734056 243.4339494243956 240.5828224835442 229.3722151581378 284.6253380700077 289.81273302896255 291.0734528050282 292.26929782791257 293.32749357814134 294.30055883472687 294.9474700618136 295.3764631188232 295.676635405203 295.91891638726094 296.1722884998177 296.28720329864075 296.1137481426541 295.56111118224175 294.5490461850733 293.3095570989805 292.0793565172532 290.8216562467366 289.4990987419539 288.06902605291566 286.49062175264424 284.76266701284743 282.88621131990226 280.9246483022992 278.94241629140504 276.9158715398524 274.8201176091609 272.45319126826934 269.5668082622995 266.66523533893707 263.6035266562029 260.53691361437404 248.6058616028948 302.834256052987 308.6933950755022 310.1627187982733 311.5826882033575 312.863662287349 314.05442697723214 314.88570197988804 315.46272178957554 315.8678853865622 316.1179173669927 316.2279027047707 316.15874062846535 315.8712115885349 315.344098269777 314.5561882142245 313.5746004990982 312.4664630365256 311.2226407600598 309.8339973922967 308.30197704715295 306.62802654248424 304.8222265325846 302.894642709351 300.87412268883554 298.78926413692733 296.6337324299641 294.39768821456175 291.87286149144484 288.80217257633427 285.71744287449195 282.47063846272454 279.22911570467255 266.6911969821349 366.42530698791273 373.9278515501274 375.83856755484317 377.70335241067727 379.39869950407655 380.9909505247325 382.1394022672841 382.97087949970154 383.5829824813621 383.9674766442516 384.1140291950418 384.0392496328985 383.75959681114915 383.2854326314451 382.6271081790115 381.7714603480331 380.70532524860863 379.4376918390185 377.97754891679494 376.34463442670767 374.5586848471685 372.6340317285919 370.58498625320027 368.4226436886427 366.1578156142929 363.7912180012292 361.3196155528573 358.5101294575753 355.0748468446233 351.61518372512325 347.96603054964646 344.31698388903663 330.18131652561516)
(UseCyclicTransform "false")
(UseDirectionCosines "true")

// ResampleInterpolator specific
(ResampleInterpolator "FinalNearestNeighborInterpolator")

// Resampler specific
(CompressResultImage "true")
(DefaultPixelValue 0)
(Resampler "DefaultResampler")
(ResultImageFormat "mha")
(ResultImagePixelType "float")
