(BSplineTransformSplineOrder 3)
(Direction 1 0 0 1)
(FixedImageDimension 2)
(FixedInternalImagePixelType "float")
(GridDirection 1 0 0 1)
(GridIndex 0 0)
(GridOrigin -1757.091430295943 -1844.7600268647554)
(GridSize 7 7)
(GridSpacing 1606.2893082251808 1606.4400173293197)
(HowToCombineTransforms "Compose")
(Index 0 0)
(InitialTransformParameterFileName "results/lungTMA3/my_reg_project-modality_fluo_to_modality_brightfield_reg_output/TransformParameters.0.txt")
(MovingImageDimension 2)
(MovingInternalImagePixelType "float")
(NumberOfParameters 98)
(Origin 0 0)
(Size 5960 5890)
(Spacing 1 1)
(Transform "BSplineTransform")
(TransformParameters -444.95570635316153 -177.82451963417793 -77.47364166385617 32.37792431085066 143.25135571996628 244.75869485239085 506.8770458744771 -487.1147761992521 -194.83097926461875 -75.67486407055962 54.56747215931552 188.12714324168886 309.6546489948655 590.4768190172506 -486.3634568212114 -196.5574290210823 -68.622570412482 64.37950377967933 193.91174349452575 327.50604107252934 604.3276833702239 -480.04383827052186 -182.0705419743507 -61.24276529040451 70.15815549134456 198.87771122330747 335.52269946558954 612.6190184340446 -471.6404722159567 -188.44529195886636 -53.074020021608284 79.16695740943221 209.5294416822409 335.76861351831724 612.1360719866676 -458.68738734184905 -164.15783757066214 -43.48613504154145 86.06523624456113 210.46461125807335 325.06779712304575 606.1276367750082 -383.2285772821902 -111.1825656558077 -11.208652214523294 96.12436653165025 201.3098332899239 297.1387065084467 548.4077027421986 -481.0454741653648 -570.2035342346811 -582.5579897934592 -590.6762745315926 -592.5532417283325 -589.2779889193174 -519.9868818378759 -202.74646226915766 -263.2733927268839 -265.06685029046383 -278.94867969038705 -286.09893310456374 -290.2418618991554 -254.73400661995763 -88.6924961827919 -140.49724858485703 -144.73085336699677 -149.7931421507589 -156.85828821402575 -162.75995146097796 -143.4780807351526 40.368230782799856 33.99164735275375 22.115816430800336 18.24116050842011 7.695000471895863 4.259861175952857 -18.14246161660126 168.16034587818962 177.92094794962918 163.3319815140263 159.46874295894915 152.6303828179215 149.86135605483545 106.24243817249713 281.5618398883189 316.2261774005048 333.52151523323965 329.9607266421328 311.7972244489738 286.76569574303244 217.7333314352894 553.6280099864753 618.6904943192337 624.3274780466824 622.520758217496 609.6889335590029 590.7767681228968 489.9804513010733)
(UseCyclicTransform "false")
(UseDirectionCosines "true")

// ResampleInterpolator specific
(ResampleInterpolator "FinalNearestNeighborInterpolator")

// Resampler specific
(CompressResultImage "true")
(DefaultPixelValue 0)
(Resampler "DefaultResampler")
(ResultImageFormat "mha")
(ResultImagePixelType "float")
