(BSplineTransformSplineOrder 3)
(Direction 1 0 0 1)
(FixedImageDimension 2)
(FixedInternalImagePixelType "float")
(GridDirection 1 0 0 1)
(GridIndex 0 0)
(GridOrigin -351.5882855989098 -439.1250117016006)
(GridSize 18 18)
(GridSpacing 401.5723270562952 401.61000433232994)
(HowToCombineTransforms "Compose")
(Index 0 0)
(InitialTransformParameterFileName "results/lungTMA3/my_reg_project-modality_fluo_to_modality_brightfield_reg_output/TransformParameters.0.txt")
(MovingImageDimension 2)
(MovingInternalImagePixelType "float")
(NumberOfParameters 648)
(Origin 0 0)
(Size 5960 5890)
(Spacing 1 1)
(Transform "BSplineTransform")
(TransformParameters -273.7169818193029 -184.41757532874578 -154.98243790201624 -118.39267768170807 -89.09530706484543 -59.359377390136665 -29.067202788643236 1.6911278773728011 32.78794847479849 64.06978132929851 95.40474686518809 126.59154396060381 157.41640332390494 187.7168181503874 217.51113451940486 254.2326834514658 283.6567594266652 371.1320770753664 -279.51286223722826 -187.72423061412658 -157.0825620258574 -118.91490970282204 -88.16671924246738 -57.38862788420576 -24.605761793823696 8.155430983949474 39.72397857373525 70.67968950561826 104.37571988917158 136.87782408442192 168.775832675845 200.59507229634346 231.9564634580344 270.3304230417797 301.04053639531617 390.7638761453942 -280.4487599957002 -188.1160823183125 -157.13167470820414 -118.60490575530612 -88.01764655596408 -60.23400615786507 -22.020705590317768 8.210768167344325 43.2829160420176 74.25614025223808 108.09932527190622 146.2711714131057 173.25927676402452 203.52382463358106 235.69148514782066 274.57120906876423 305.72237580380295 395.99639375422544 -281.04785865093845 -186.81479180023481 -155.55373855190686 -122.43355412758751 -83.37322083091487 -53.794581348323746 -20.014543790072175 11.988806260205159 42.59700155467916 78.69495198441162 105.76396697181805 143.35116980089043 172.4696479395993 214.78150757735307 240.4560329283429 279.4959401250553 311.1091919198557 401.9941838779214 -280.2462320192292 -181.90472459851745 -150.81747805332594 -115.78769405163459 -88.18125761510007 -52.14797109764552 -18.99663077426585 11.353398707515762 47.463917566134235 76.65370475301776 115.13831230151685 140.19229025319166 178.2095876880922 209.97518487941417 244.19390281253243 283.4699445214876 314.3731435428175 405.58240366923883 -279.04032241404497 -185.0246467491752 -157.71356769364195 -115.32034261554251 -83.51332665510239 -50.5055424711587 -18.94639685847151 18.80483090604871 47.14430885573789 78.0574544407052 114.25701608787698 146.60515799356284 178.61272567456766 210.8971366193853 243.9688533411217 287.057585765518 317.10745726233597 408.58364593109263 -277.10379028883654 -186.39907491855254 -148.72802967453114 -109.76556242671653 -81.58290362807872 -47.23187847924437 -13.799172690110387 14.932613384992875 50.62625831781349 81.54512109166747 115.80284569710786 146.6684152183241 181.2912603958052 211.6935568947066 246.6686102198226 289.72431115722935 319.4269369057967 411.08201605545685 -274.9420917111553 -187.32839291280482 -144.0318896460183 -114.20401620341029 -76.86686617484537 -48.49361392506272 -14.89904486031138 20.025145371337445 51.05754603766388 81.719711836038 118.39360886851212 150.31073011148197 183.3606151124492 210.59976852870088 254.74041242925944 286.1789769094055 321.3292621884424 413.09087384855104 -272.9645846178518 -183.96342679015302 -145.4296316000818 -108.2660950627403 -79.53326012289502 -43.893147924098166 -12.381136775545686 20.929336282767885 52.93197185590945 85.85603528701905 118.5945069344723 147.00297244189326 180.27854301557124 220.31654355634288 243.4494821221559 284.0269867287084 323.1804912360991 414.6177890737648 -271.65286994114035 -178.40009872922752 -139.76727610592786 -111.76181816135893 -74.36140336274867 -44.265958455578144 -9.155252540029869 21.988530059177368 57.043179097106375 83.2464167631192 121.32708860842214 150.52419162855358 184.56487817898739 218.94171098904508 252.83947185515595 299.5446744183257 324.38947285298764 415.67609550378273 -270.9395155603757 -178.33377884330136 -138.9496326430215 -104.89556568828748 -74.95193353619523 -40.75392862293689 -8.414630872248878 24.79790449717824 52.641404243774666 92.09834154053348 123.30906240178594 152.6862189461703 188.1548138054651 218.24666483328298 247.50020984108338 297.929760448757 325.19119023568123 416.2573277971787 -270.2082136429536 -177.47688837800422 -152.37878459665103 -106.4450392433335 -70.12819742527157 -42.02945491710706 -4.153320278459547 23.35996048040786 64.2874746458143 85.09753788107108 125.53514105141113 158.44046776880694 190.17263523613465 221.7481647385647 256.60642237041844 293.8009261998998 325.55554995476933 416.33019131088383 -268.9752922077511 -175.51816228096635 -144.68760259954576 -105.30863221161819 -68.01959146352084 -38.85238984326436 -2.9852580848662518 25.194971783138758 67.76231408370685 91.28987677013521 125.9775963299427 156.99282680032 187.80567287410435 222.1214730663461 260.40604048032975 294.6386165814662 325.5640455037408 415.8722459747817 -266.6083559130511 -173.24008586838747 -141.20783432403337 -109.46000068570363 -68.24537928049084 -36.490435072018705 -3.032784368145385 32.3586967499477 72.70736493384916 93.21211665081918 129.35032907385772 159.86259046095185 189.49790099764908 229.27009719961617 257.7264117085291 294.08480890756584 324.97089430189885 414.84392960908 -262.96292531157314 -169.71464744636097 -137.66640362195525 -98.581170335139 -65.37130344960634 -32.902963363225474 -2.0321926496776896 25.155018876355356 69.43078319442543 95.92918801703726 126.56352059586197 166.35492649940713 195.78626696085448 224.39169506883343 255.14579537603922 293.22398612789874 323.7523649757494 413.23240242751945 -256.85149216120266 -163.97870636537704 -132.29016664821285 -93.17379525600202 -61.45906348713465 -29.91000543523278 2.871881619267957 33.14861451011016 66.55850889040607 99.02983494342989 130.58370506906184 162.1499558831148 193.1662038193316 223.76232530880267 254.03287833587103 291.40524167050773 321.3965123031501 410.17809331970824 -251.44780787156859 -159.01826612444444 -127.89251712501309 -89.22674233886165 -58.03973753848387 -26.6032091568392 5.079077654119518 36.90096154400099 68.69806757140218 100.31819043415915 131.63315891991263 162.59724193384523 193.12093453219595 223.19622547337508 252.9001653182054 289.7020863507651 319.24926659913643 407.4246702185921 -233.55700609917577 -143.38924497090358 -113.67174779392761 -76.78530550794827 -47.35797541191336 -17.625251030919458 12.479634714667503 42.80257747460956 73.15143393854233 103.33233816042348 133.20919170365417 162.7118785758133 191.7439100177858 220.2611437033487 248.3820628837314 283.47173621545346 311.6957026213649 397.1166647357414 -332.62694338639665 -349.95425640755667 -353.47617782075787 -357.4366666841141 -359.3797986882173 -361.47828422611843 -363.9381211029291 -366.48751493538856 -369.00968627495115 -371.13672152925136 -372.85638109447905 -374.30276736610483 -375.4590180266821 -376.3955338103851 -376.9449464377829 -375.77619405412923 -374.3773556673 -364.03366934756906 -238.7962366417262 -253.7399335149396 -256.62140269988475 -259.8613504662275 -261.43686952472655 -264.8828933025817 -269.4732479454334 -267.99303863577785 -279.75115662541054 -280.86969028398653 -278.59828568086465 -276.74558246674655 -277.9707718856497 -279.1868578467625 -280.2174975566648 -279.91886440026184 -279.2841324475678 -271.9755797884882 -207.63045588130376 -221.94034879410322 -224.7203886383799 -227.87175617835115 -231.48032950645376 -233.607507130294 -231.64235982749915 -236.15592407509007 -240.62296297118743 -241.04416463846832 -241.98698913273572 -239.22933328577588 -248.54664034861491 -246.20334149833826 -247.466489947467 -247.44811822796922 -247.05258304264188 -240.81186130003212 -168.21658410117146 -181.5750592228793 -184.38772841530317 -189.51978284705643 -190.21253972900848 -190.63661831110184 -194.31317726859376 -195.51522801622286 -196.9169557408282 -196.0102474772435 -201.64762628868561 -201.45160118808306 -205.70105980586976 -206.21744002519642 -206.41265496403517 -206.3341600326176 -206.23964827359828 -201.4440175631295 -135.31668807958872 -147.3100797365598 -151.1637537906652 -151.30674968201754 -149.58924503748364 -155.08323839946866 -155.87580211069584 -156.31897506793828 -160.3000289691534 -161.38356796333457 -164.3431028007078 -161.3817293575534 -166.31882192710347 -167.1366649608506 -166.39816674700376 -171.45113590523235 -171.97049361918747 -168.56674182460802 -100.29859270454433 -111.73792082544249 -121.46609143180179 -113.64642837505332 -120.03008650142417 -118.7355931252651 -120.68664365609625 -125.89300806482834 -124.53248441548632 -125.33775488002543 -131.0104388575746 -127.13685803762993 -132.33966852345569 -131.5834407678746 -141.6537997921407 -137.4828962769036 -135.6727261871143 -133.97231043310688 -63.185794544549175 -74.03199693057289 -78.1901943125547 -78.34849956617413 -80.84956895334804 -82.84447415798014 -83.73642666537413 -85.26362717541498 -88.68328862261906 -87.85559673581155 -90.83494965954449 -92.62227319522573 -94.43954438958089 -95.23335764284226 -96.95081826545133 -97.34107091221524 -97.53812180884151 -97.74576235492313 -25.0247286451794 -34.57577287836702 -37.305371290156096 -35.76507573209462 -41.81151940261206 -40.58242291610051 -42.83696767418059 -46.47791230537619 -43.81604456133016 -49.11270064010027 -48.371476420943246 -51.18104218653542 -53.94496857045108 -55.04237686351834 -55.59536635542187 -65.529733816758 -58.802943814210174 -60.658046586418095 13.279793916030055 6.9201295495636606 7.113116414178267 0.6126182947313071 2.076303075581375 -1.7505669692284627 -3.514841940718893 -2.9323860042517733 -5.537766546734441 -5.732974475524072 -9.30939891883065 -13.403583621157718 -8.629203097036283 -18.72450557767533 -18.390194427632807 -9.417212387820923 -18.541144835505257 -23.398252969295765 50.64797253567957 45.808137370809035 42.293604042045125 44.969065768494325 40.62666886796415 37.10854095030246 39.092769027672524 34.42563142978972 35.52940282227538 32.55391508040372 32.27328716457388 28.87642730947584 25.040808890021815 26.52474726360938 25.591970427758735 26.287444111345966 19.703028156295048 13.226717562324913 86.71526996509758 84.10032672928682 79.46425472849916 78.09565890353338 76.13020590899512 78.1711206877789 69.40535163057974 75.4237895221391 68.02537355401003 68.08899810632943 66.31687972170582 66.6018810494348 63.499473615581564 63.31288619346895 58.007801827401146 57.07048152469334 56.55053837781134 48.90125080332319 121.82574331229856 120.75578719137127 120.52732140778932 113.23581146038616 110.7568394584968 107.57340441080997 111.44364928852339 101.2524902007654 112.28220606224664 103.95453929093097 103.92351868435 98.31902011758491 97.91848105036122 93.0205268945509 94.27318192473409 98.73309779043754 92.980073386737 83.80613155499427 156.14437196500145 156.08042745714826 154.78457180582103 154.02568643715816 148.31797170163696 151.16822126315415 145.09740414894776 152.46630823627586 149.60911307474976 140.81687008585487 139.8644243788791 141.440316964531 133.93787161997616 141.21396096029537 132.16730971341423 131.11951572264607 128.78298153967143 117.98899669389472 190.01543043857274 191.86300710315817 191.48185660386267 198.0002953283756 195.40557338915474 185.40027271375445 191.92256989042488 177.52707241625146 181.861742151672 186.97288089641137 182.59563641074516 176.34357753483235 180.95831437465944 178.12231735004855 174.99056015482978 167.48386710299246 164.32791951719213 151.6355773034734 223.55573421586556 227.7846756519971 228.24263035082086 229.23906255637732 233.29167378606422 233.6953748691613 226.5951631413891 230.87050292083154 224.5947306248345 222.1364035280921 223.38223640047264 224.01541555161117 217.10692670999356 211.56476486625021 208.29463721030422 203.646614248655 199.70013417025743 184.83817303370944 264.4722513052778 271.36351484298876 272.944817979708 274.6345777781387 275.2009073935415 275.48090405904975 276.63060588777614 276.2300130976162 272.83267139745647 270.22567456962685 267.7945732304659 264.7245079842326 260.8998270728039 257.21878882381327 253.32077273877724 247.56343761146482 242.69475738192006 225.41805685687677 297.183843337469 306.2052684547229 308.72181762498855 311.4822783770081 312.8621952453098 313.5136239941886 313.3991388304936 312.5285236188167 310.9305900828955 308.63671487056484 305.6523050136977 302.12006671595014 298.15187684362496 293.87571406959654 289.2829402979929 282.6363876828348 277.0457142497766 257.86738168484766 391.9786890510282 404.5417611482858 408.0814447495561 411.9917128671402 414.06192243408776 415.2157699809282 415.4178521701253 414.7286043455252 413.1779862977022 410.79566450336733 407.6519130415646 403.86098765951175 399.52672737180336 394.7596201430302 389.5436571344446 381.82498259269613 375.29044289029827 352.59160481816343)
(UseCyclicTransform "false")
(UseDirectionCosines "true")

// ResampleInterpolator specific
(ResampleInterpolator "FinalNearestNeighborInterpolator")

// Resampler specific
(CompressResultImage "true")
(DefaultPixelValue 0)
(Resampler "DefaultResampler")
(ResultImageFormat "mha")
(ResultImagePixelType "float")
