1:ItNr	2:Metric	3a:Time	3b:StepSize	4:||Gradient||	Time[ms]
0	-0.512711	0.000000	875017.038850	0.000146	76.3
1	-0.526979	0.000000	875017.038850	0.000072	3.8
2	-0.528513	0.000000	875017.038850	0.000043	3.7
3	-0.538064	0.000000	875017.038850	0.000071	3.6
4	-0.527709	1.000000	835243.537085	0.000070	3.6
5	-0.534244	0.973202	836262.182376	0.000050	3.7
6	-0.530580	1.973202	799860.544319	0.000036	4.2
7	-0.526240	2.973202	766495.777725	0.000020	3.9
8	-0.531889	2.946403	767353.557817	0.000036	3.8
9	-0.529544	2.920041	768199.251799	0.000017	3.5
10	-0.528820	2.893243	769060.848814	0.000029	3.6
11	-0.536125	2.866445	769924.382883	0.000036	3.9
12	-0.537487	2.839647	770789.858624	0.000056	3.6
13	-0.529068	3.839647	739759.229577	0.000077	3.6
14	-0.531077	4.839647	711130.384855	0.000082	3.9
15	-0.526501	5.839647	684634.865148	0.000076	3.6
16	-0.526265	6.839647	660042.783376	0.000013	3.6
17	-0.530264	7.839188	637166.259975	0.000019	3.7
18	-0.534515	7.812390	637758.883889	0.000031	3.8
19	-0.534562	7.785592	638352.612518	0.000025	4.1
20	-0.528687	7.758794	638947.447653	0.000024	3.5
21	-0.534270	8.219893	628864.646293	0.000039	3.6
22	-0.538825	9.219890	608055.079913	0.000071	3.7
23	-0.535685	10.219890	588578.551523	0.000061	3.8
24	-0.532376	11.219890	570310.998595	0.000038	3.9
25	-0.534288	12.219890	553143.241769	0.000043	3.6
26	-0.536285	13.219890	536978.863777	0.000020	4.1
27	-0.534950	13.875134	526889.958553	0.000038	3.7
28	-0.534526	13.848336	527295.135155	0.000054	3.7
29	-0.533024	14.848336	512586.080279	0.000088	3.9
30	-0.534422	15.848336	498675.381945	0.000126	3.7
31	-0.524286	16.848336	485499.759440	0.000082	3.8
32	-0.529134	17.848336	473002.447720	0.000034	3.7
33	-0.525497	18.848336	461132.379851	0.000061	3.6
34	-0.536459	18.821537	461442.703044	0.000047	3.9
35	-0.533478	19.821537	450138.799922	0.000063	3.7
36	-0.532383	20.821537	439375.474878	0.000062	4.0
37	-0.540803	21.821537	429114.855982	0.000100	3.9
38	-0.525876	22.821537	419322.528229	0.000060	4.0
39	-0.536114	23.821537	409967.147905	0.000044	4.1
40	-0.530480	24.821537	401020.107453	0.000024	3.8
41	-0.535307	25.821537	392455.243280	0.000060	3.9
42	-0.531392	26.821537	384248.586072	0.000046	4.0
43	-0.536581	27.821537	376378.113061	0.000050	3.7
44	-0.529689	27.794738	376584.821403	0.000024	4.0
45	-0.532710	28.794738	369022.078148	0.000010	5.1
46	-0.542422	28.767949	369220.717252	0.000017	4.3
47	-0.536243	28.746471	369380.129424	0.000024	4.6
48	-0.535738	29.743757	362120.559126	0.000013	3.6
49	-0.533236	30.644345	355805.808933	0.000015	4.0
50	-0.534341	30.617568	355990.381924	0.000013	3.6
51	-0.533459	30.615106	356007.362790	0.000023	3.9
52	-0.537872	30.987974	353454.007296	0.000029	4.0
53	-0.532153	31.987973	346783.558133	0.000015	5.1
54	-0.537807	31.961175	346959.028992	0.000025	4.9
55	-0.527291	32.707817	342135.627596	0.000013	4.0
56	-0.537195	32.681019	342306.426142	0.000022	3.8
57	-0.538237	33.679981	336052.744434	0.000012	4.0
58	-0.531106	34.652031	330183.060630	0.000024	3.9
59	-0.533307	34.625233	330342.128203	0.000050	3.8
60	-0.535695	35.625233	324508.295628	0.000028	4.0
61	-0.530620	36.625233	318876.937986	0.000012	3.7
62	-0.524875	36.598435	319025.298750	0.000016	3.7
63	-0.530688	36.576930	319144.453435	0.000025	3.6
64	-0.533169	36.616874	318923.199973	0.000042	4.0
65	-0.531714	37.616874	313482.391236	0.000062	4.0
66	-0.528828	38.616874	308224.108296	0.000056	3.8
67	-0.531313	39.616874	303139.317740	0.000029	3.8
68	-0.537702	40.616874	298219.572575	0.000023	3.7
69	-0.529890	40.590076	298349.329948	0.000032	4.2
70	-0.536208	41.590076	293582.610518	0.000017	4.1
71	-0.534459	41.632130	293385.482396	0.000008	4.0
72	-0.531700	41.731624	292920.167638	0.000010	4.0
73	-0.536466	41.705404	293042.650526	0.000036	3.5
74	-0.531563	42.705340	288442.974039	0.000018	4.1
75	-0.531865	43.705340	283985.181650	0.000025	3.6
76	-0.539997	43.678542	284102.845237	0.000042	3.6
77	-0.528085	44.678542	279777.188235	0.000022	3.8
78	-0.527122	45.678542	275581.277831	0.000007	3.8
79	-0.531597	45.651786	275691.902971	0.000023	3.8
80	-0.533020	45.671148	275611.842481	0.000011	3.7
81	-0.530069	45.677752	275584.544776	0.000026	3.7
82	-0.535508	45.651599	275692.677713	0.000015	3.8
83	-0.528197	45.624802	275803.564534	0.000032	3.7
84	-0.533297	46.624747	271725.347161	0.000014	4.0
85	-0.528766	47.624746	267765.769459	0.000026	3.8
86	-0.531858	47.597947	267870.374008	0.000009	3.6
87	-0.534364	48.595912	264029.268395	0.000030	4.0
88	-0.538420	48.569760	264128.522443	0.000018	3.7
89	-0.533475	49.569760	260385.722079	0.000021	3.9
90	-0.537918	49.542972	260484.601328	0.000028	3.7
91	-0.536988	50.542972	256843.648266	0.000038	3.8
92	-0.535017	51.542972	253303.075790	0.000029	3.8
93	-0.532933	52.542972	249858.789130	0.000013	3.8
94	-0.535406	52.517878	249944.070767	0.000008	3.6
95	-0.536395	52.491251	250034.630773	0.000012	3.5
96	-0.542002	52.499318	250007.186447	0.000012	3.7
97	-0.535479	52.472860	250097.216679	0.000024	3.9
98	-0.534361	52.469760	250107.768437	0.000032	3.9
99	-0.532625	53.469760	246749.253958	0.000006	4.4
100	-0.530640	53.445449	246829.835051	0.000023	4.3
101	-0.532695	53.418810	246918.187923	0.000053	4.0
102	-0.537922	54.418810	243644.227667	0.000021	3.8
103	-0.536966	55.418810	240455.952079	0.000015	3.8
104	-0.532302	55.392012	240540.303846	0.000008	3.9
105	-0.533233	55.365574	240623.578685	0.000027	4.0
106	-0.534166	55.523295	240127.634293	0.000030	3.7
107	-0.535552	56.523295	237030.144254	0.000008	3.5
108	-0.535005	56.498667	237105.468419	0.000018	3.7
109	-0.535769	56.471995	237187.099342	0.000032	4.3
110	-0.533517	57.471995	234164.529332	0.000037	3.7
111	-0.535273	58.471995	231218.025613	0.000043	3.9
112	-0.529578	59.471995	228344.752431	0.000023	3.8
113	-0.534497	60.471995	225542.013258	0.000009	3.9
114	-0.533144	60.445294	225615.956262	0.000034	3.9
115	-0.534034	60.503110	225455.909015	0.000020	3.9
116	-0.536491	61.503091	222723.265098	0.000013	3.6
117	-0.529398	62.448742	220199.338985	0.000017	3.9
118	-0.534364	63.442502	217607.927081	0.000022	3.6
119	-0.534800	63.415704	217677.008000	0.000012	3.7
120	-0.534293	64.414457	215131.706071	0.000015	3.6
121	-0.527383	65.374066	212741.608881	0.000020	3.5
122	-0.531491	65.347302	212807.550045	0.000042	3.9
123	-0.532215	66.347302	210371.212060	0.000015	4.0
124	-0.534991	67.347302	207990.027723	0.000024	3.6
125	-0.530576	67.320504	208053.135876	0.000021	3.8
126	-0.533255	68.320504	205723.849053	0.000012	3.9
127	-0.533552	69.318955	203449.627536	0.000016	3.6
128	-0.537539	69.327975	203429.312975	0.000015	3.8
129	-0.528292	69.301181	203489.674364	0.000011	3.8
130	-0.522514	69.659392	202685.649833	0.000019	3.9
131	-0.534622	69.632594	202745.579016	0.000012	3.8
132	-0.527828	70.454123	200924.323544	0.000025	4.0
133	-0.532154	70.427327	200983.212567	0.000010	3.6
134	-0.532275	71.424353	198815.108889	0.000010	3.8
135	-0.535547	71.397897	198872.035465	0.000013	3.9
136	-0.534668	71.371356	198929.177341	0.000016	4.2
137	-0.528078	72.326820	196892.573239	0.000021	4.2
138	-0.528431	73.326812	194805.245558	0.000017	4.1
139	-0.530076	74.326806	192761.706008	0.000017	3.9
140	-0.537616	74.301866	192812.150673	0.000020	3.9
141	-0.534956	75.301267	190811.173891	0.000021	4.3
142	-0.535558	76.301140	188850.385168	0.000025	4.1
143	-0.528304	77.301131	186929.261420	0.000021	4.1
144	-0.531203	78.301117	185046.838971	0.000009	3.8
145	-0.526884	79.270754	183257.401650	0.000034	3.7
146	-0.537215	80.270579	181448.136555	0.000023	3.8
147	-0.535806	81.270579	179673.939727	0.000023	3.9
148	-0.533113	81.243820	179720.964085	0.000036	3.7
149	-0.532741	82.243820	177980.221008	0.000010	3.8
150	-0.537248	82.217097	178026.299905	0.000025	3.9
151	-0.535133	83.172439	176393.659857	0.000025	3.8
152	-0.532765	84.172439	174716.474645	0.000013	3.7
153	-0.536046	85.172228	173071.227131	0.000009	3.9
154	-0.528677	85.145492	173114.821494	0.000016	3.6
155	-0.534371	86.031105	171682.407815	0.000007	3.8
156	-0.537037	86.007970	171719.526059	0.000011	3.8
157	-0.527162	86.101734	171569.191034	0.000028	4.0
158	-0.535012	87.100527	169983.979909	0.000032	3.8
159	-0.531003	88.100527	168425.930791	0.000009	3.8
160	-0.533387	89.080188	166927.020627	0.000015	3.8
161	-0.537826	89.053408	166967.639701	0.000010	3.8
162	-0.535647	89.665712	166043.822740	0.000019	3.6
163	-0.528132	89.755432	165909.313957	0.000020	3.9
164	-0.534167	90.755393	164424.797748	0.000019	3.6
165	-0.532835	90.728594	164464.235270	0.000022	4.0
166	-0.540036	90.754764	164425.722706	0.000017	3.8
167	-0.531850	91.752865	162970.208104	0.000021	3.8
168	-0.535258	91.761979	162957.035585	0.000008	3.6
169	-0.525874	92.476005	161931.659715	0.000013	4.0
170	-0.534643	92.449514	161969.471585	0.000018	4.0
171	-0.533266	92.425493	162003.772583	0.000016	3.9
172	-0.532747	93.425397	160588.105986	0.000012	3.5
173	-0.531557	94.251678	159436.792502	0.000020	3.7
174	-0.533355	94.224885	159473.866142	0.000017	3.9
175	-0.531226	94.198382	159510.555199	0.000020	3.7
176	-0.533412	95.192931	158145.229613	0.000019	3.8
177	-0.531967	95.166133	158181.711978	0.000034	3.7
178	-0.529411	96.163760	156834.824985	0.000009	4.0
179	-0.528763	96.136963	156870.703338	0.000040	3.8
180	-0.534029	96.291022	156664.657066	0.000020	3.7
181	-0.534085	97.291022	155340.256838	0.000011	3.7
182	-0.530562	97.264938	155374.519133	0.000021	3.8
183	-0.537368	97.242896	155403.482021	0.000027	3.9
184	-0.530424	97.300448	155327.880522	0.000011	3.9
185	-0.530348	98.300371	154025.991002	0.000021	3.8
186	-0.529134	99.298439	152748.099051	0.000016	4.0
187	-0.527242	100.296591	151491.131916	0.000024	3.9
188	-0.533305	101.290034	150260.468543	0.000015	3.8
189	-0.530832	101.263265	150293.367072	0.000028	3.5
190	-0.528899	102.259170	149079.032297	0.000016	3.8
191	-0.531388	103.259001	147879.490825	0.000023	3.9
192	-0.527602	104.255053	146703.525264	0.000014	4.1
193	-0.535927	104.228255	146734.919132	0.000014	3.8
194	-0.533742	104.201625	146766.128920	0.000013	3.6
195	-0.531562	104.931874	145915.066680	0.000019	3.7
196	-0.534977	105.852426	144856.180178	0.000031	4.0
197	-0.531395	106.852426	143723.185012	0.000016	3.5
198	-0.534264	107.852426	142607.775797	0.000018	3.7
199	-0.527847	107.825628	142637.440188	0.000011	3.8
