1:ItNr	2:Metric	3a:Time	3b:StepSize	4:||Gradient||	Time[ms]
0	-0.039342	0.000000	4651.093972	0.001300	53.1
1	-0.045870	0.000000	4651.093972	0.000517	0.9
2	-0.042232	1.000000	4439.680610	0.000631	0.7
3	-0.046018	1.970972	4252.017412	0.000538	0.8
4	-0.039738	2.970972	4074.635478	0.000210	0.9
5	-0.041911	3.970592	3911.520127	0.000513	0.8
6	-0.043259	3.451520	3994.556349	0.000465	0.7
7	-0.040028	4.451510	3837.610109	0.000623	0.8
8	-0.041632	5.451490	3692.531998	0.000590	0.8
9	-0.047318	6.451490	3558.020830	0.000515	0.8
10	-0.047226	7.451490	3432.965136	0.000298	0.8
11	-0.045031	8.451372	3316.415101	0.000314	0.8
12	-0.041275	9.448645	3207.793805	0.000531	0.9
13	-0.042799	10.447435	3105.912227	0.000335	0.7
14	-0.040830	9.943331	3156.511243	0.000922	0.8
15	-0.042496	10.943331	3057.695289	0.000760	0.8
16	-0.036296	11.943331	2964.878468	0.000443	0.9
17	-0.044727	12.943331	2877.530575	0.000435	0.9
18	-0.043110	12.424079	2922.233840	0.000496	0.8
19	-0.041414	11.911191	2967.773892	0.000632	0.8
20	-0.039570	12.903149	2880.941007	0.000555	0.8
21	-0.042426	13.903149	2798.400002	0.000298	0.7
22	-0.039339	14.902707	2720.490534	0.000448	1.0
23	-0.045400	15.880051	2648.395833	0.000716	0.7
24	-0.048950	16.880043	2578.481088	0.000531	0.8
25	-0.042929	17.880043	2512.162202	0.000402	0.8
26	-0.040696	18.880026	2449.170251	0.000499	0.8
27	-0.038469	19.820741	2392.729035	0.000532	0.7
28	-0.044265	20.820741	2335.515104	0.000588	0.8
29	-0.044842	20.358607	2361.611782	0.000757	0.7
30	-0.040904	21.358607	2305.858962	0.000595	0.8
31	-0.044644	22.358607	2252.677850	0.000638	0.8
32	-0.037554	23.358607	2201.894518	0.000606	0.6
33	-0.046700	22.839365	2227.974196	0.000917	0.7
34	-0.042826	23.839365	2178.286289	0.000741	0.7
35	-0.044991	24.839365	2130.766296	0.000296	0.8
36	-0.044285	25.839365	2085.275369	0.000461	0.9
37	-0.047878	25.320123	2108.650981	0.000063	0.7
38	-0.038895	25.572978	2097.202674	0.000260	0.8
39	-0.044742	25.590887	2096.396515	0.000167	0.7
40	-0.042699	25.641156	2094.137073	0.000203	0.8
41	-0.046542	26.257096	2066.842470	0.000392	0.8
42	-0.045816	25.738777	2089.763127	0.000408	0.8
43	-0.045699	25.231500	2112.693151	0.000219	0.7
44	-0.039376	26.229365	2068.056034	0.000381	0.7
45	-0.042516	26.484041	2056.964214	0.000131	0.7
46	-0.046741	25.981565	2078.963818	0.000270	0.7
47	-0.048269	26.636671	2050.373597	0.000467	0.8
48	-0.041895	27.635673	2008.257870	0.000348	0.8
49	-0.042794	27.614465	2009.133972	0.000392	0.8
50	-0.043908	28.614034	1968.656150	0.000305	0.8
51	-0.044075	29.612157	1929.832275	0.000128	0.6
52	-0.042136	30.517132	1895.931894	0.000643	0.8
53	-0.043797	30.102975	1911.297206	0.000286	0.7
54	-0.040980	31.102971	1874.614262	0.000354	0.8
55	-0.039405	30.586843	1893.369871	0.000178	0.7
56	-0.046607	31.514095	1859.938223	0.000272	0.8
57	-0.046044	31.056797	1876.277048	0.000579	0.7
58	-0.040876	32.056790	1840.913724	0.000503	0.7
59	-0.041767	33.056790	1806.858544	0.000156	0.7
60	-0.041865	32.539015	1824.332662	0.000300	0.7
61	-0.044904	33.033953	1807.622205	0.000259	0.8
62	-0.041995	34.026270	1775.024434	0.000563	0.7
63	-0.045823	35.023205	1743.437806	0.000551	0.8
64	-0.045192	36.023205	1712.863625	0.000188	0.8
65	-0.048088	35.504058	1728.601041	0.000288	0.8
66	-0.048287	36.468703	1699.585491	0.000121	0.8
67	-0.045238	36.821532	1689.214550	0.000092	0.8
68	-0.041068	36.570042	1696.593741	0.000392	0.7
69	-0.040011	36.378258	1702.264529	0.000430	0.8
70	-0.046666	37.378226	1673.106215	0.000293	0.7
71	-0.042330	38.378011	1644.935070	0.000240	0.7
72	-0.045966	37.916036	1657.833415	0.000230	0.8
73	-0.044597	37.981909	1655.981905	0.000401	0.8
74	-0.045276	38.847206	1632.038997	0.000439	0.8
75	-0.044513	38.341008	1645.960811	0.000217	0.8
76	-0.045006	37.840179	1659.970707	0.000353	0.7
77	-0.046058	38.688372	1636.381941	0.000470	0.7
78	-0.047678	38.277188	1647.732912	0.000400	0.7
79	-0.041248	39.277063	1620.400344	0.000314	0.7
80	-0.040354	39.262514	1620.791552	0.000338	0.8
81	-0.037586	40.233635	1595.086984	0.000462	0.8
82	-0.041478	41.159055	1571.339414	0.000217	0.8
83	-0.042436	42.155501	1546.547363	0.000311	0.8
84	-0.041762	43.147282	1522.636198	0.000449	0.7
85	-0.045574	42.638013	1534.821220	0.000200	0.7
86	-0.038242	42.311404	1542.739026	0.000270	0.7
87	-0.042872	42.128536	1547.207949	0.000379	0.7
88	-0.044277	43.098517	1523.794585	0.000611	0.6
89	-0.043792	44.067429	1501.103922	0.000405	0.7
90	-0.042601	45.067428	1478.383157	0.000185	0.6
91	-0.045073	45.339090	1472.329118	0.000451	0.8
92	-0.042682	46.259491	1452.181281	0.000480	0.7
93	-0.044396	47.258659	1430.924288	0.000466	0.7
94	-0.043307	46.739926	1441.881898	0.000384	0.8
95	-0.039755	47.739915	1420.906225	0.000176	0.7
96	-0.041981	48.081813	1413.873921	0.000119	0.7
97	-0.042621	47.828130	1419.085092	0.000285	0.9
98	-0.041594	47.525621	1425.349706	0.000283	0.7
99	-0.041270	47.077327	1434.735725	0.000299	0.7
100	-0.046740	48.075045	1414.012452	0.000391	0.8
101	-0.041193	49.058455	1394.163973	0.000206	0.7
102	-0.043904	50.051422	1374.680063	0.000208	0.7
103	-0.045871	50.654872	1363.103033	0.000380	0.7
104	-0.040661	50.136382	1373.038250	0.000573	0.7
105	-0.044617	50.107150	1373.602705	0.000443	0.8
106	-0.043445	51.106941	1354.557167	0.000247	0.8
107	-0.046956	51.966587	1338.598623	0.000505	0.8
108	-0.040070	52.863311	1322.347614	0.000411	0.7
109	-0.042916	53.863311	1304.684121	0.000175	0.8
110	-0.042940	53.362044	1313.478864	0.000569	0.8
111	-0.048157	52.878929	1322.068068	0.000206	0.9
112	-0.049075	52.425269	1330.236505	0.000462	0.8
113	-0.044571	52.684951	1325.548469	0.000366	0.9
114	-0.044033	52.165731	1334.955210	0.000290	0.8
115	-0.044826	53.162307	1317.016390	0.000888	0.8
116	-0.040240	52.643054	1326.302591	0.000538	0.8
117	-0.042991	53.643043	1308.534181	0.000391	0.7
118	-0.044521	54.432903	1294.832481	0.000654	0.9
119	-0.042205	53.913650	1303.807425	0.000569	0.7
120	-0.042383	54.913650	1286.632551	0.000185	0.9
121	-0.043987	55.904196	1270.060394	0.000244	0.9
122	-0.039849	55.406807	1278.328168	0.000494	0.8
123	-0.039271	56.401051	1261.907589	0.000404	0.8
124	-0.045000	57.401030	1245.812378	0.000250	0.7
125	-0.042031	57.325167	1247.019018	0.000498	0.7
126	-0.042441	56.805949	1255.340685	0.000514	0.7
127	-0.041805	57.805947	1239.411204	0.000459	0.8
128	-0.043511	58.801924	1223.942592	0.000388	0.7
129	-0.044210	59.162101	1218.443287	0.000358	0.8
130	-0.038393	60.162030	1203.431861	0.000257	0.7
131	-0.043727	59.643573	1211.168719	0.000382	0.8
132	-0.038623	60.631800	1196.506435	0.000271	0.7
133	-0.042642	61.119735	1189.397079	0.000223	0.7
134	-0.045076	61.591600	1182.601789	0.000124	0.9
135	-0.038712	62.122079	1175.054511	0.000278	0.7
136	-0.045023	62.253527	1173.199225	0.000473	0.7
137	-0.045515	62.823212	1165.225845	0.000570	0.7
138	-0.044985	63.823210	1151.488765	0.000171	0.7
139	-0.040629	64.812161	1138.218322	0.000617	0.7
140	-0.043416	65.609891	1127.734631	0.000213	0.7
141	-0.039994	66.608944	1114.874453	0.000131	0.9
142	-0.046392	66.375491	1117.853220	0.000255	0.7
143	-0.042739	65.979459	1122.942987	0.000480	0.7
144	-0.046585	66.896901	1111.222035	0.000425	0.7
145	-0.043020	67.896751	1098.723767	0.000382	0.7
146	-0.044551	68.896626	1086.503222	0.000338	0.7
147	-0.042155	69.896586	1074.550521	0.000195	0.7
148	-0.044505	70.803284	1063.937680	0.000459	0.7
149	-0.045080	70.396449	1068.673609	0.000454	0.7
150	-0.045142	71.396253	1057.109681	0.000425	0.7
151	-0.048735	70.933106	1062.435256	0.000354	0.7
152	-0.045199	70.512989	1067.312682	0.000246	0.7
153	-0.044331	71.303478	1058.172190	0.000541	0.7
154	-0.043927	71.868666	1051.732272	0.000391	0.7
155	-0.042069	72.863007	1040.590714	0.000220	0.8
156	-0.040889	72.348070	1046.330933	0.000264	0.8
157	-0.040469	71.966678	1050.623469	0.000295	0.8
158	-0.041765	71.448786	1056.508985	0.000605	0.8
159	-0.042500	72.448783	1045.203265	0.000138	0.8
160	-0.042266	73.433985	1034.298968	0.000452	0.7
161	-0.044229	74.239246	1025.553831	0.000302	0.8
162	-0.045149	75.239214	1014.897866	0.000266	0.7
163	-0.041726	74.721440	1020.387634	0.000291	0.7
164	-0.044161	75.709493	1009.962626	0.000136	0.8
165	-0.038933	76.611106	1000.633815	0.000339	0.7
166	-0.043170	76.654414	1000.190054	0.000358	0.7
167	-0.039502	77.579794	990.801153	0.000620	0.7
168	-0.048009	77.060541	996.047669	0.000324	0.7
169	-0.042996	78.060540	985.992746	0.000299	0.8
170	-0.046546	77.554642	991.054015	0.000222	0.8
171	-0.045060	77.560142	990.998709	0.000633	0.8
172	-0.043350	78.560110	981.045249	0.000303	0.7
173	-0.040717	78.123808	985.363407	0.000325	0.7
174	-0.041388	77.877915	987.813847	0.000156	0.8
175	-0.046742	77.441481	992.193253	0.000213	0.7
176	-0.045343	78.186078	984.744787	0.000384	0.7
177	-0.044232	77.956507	987.029311	0.000365	0.7
178	-0.042678	78.791496	978.770506	0.000294	0.8
179	-0.043426	79.516801	971.707936	0.000339	0.7
180	-0.044878	78.998105	976.748242	0.000221	0.8
181	-0.045000	79.980696	967.244007	0.000195	0.7
182	-0.045041	80.745266	959.975611	0.000254	0.8
183	-0.048514	81.683338	951.205674	0.000273	0.7
184	-0.049568	81.204568	955.661524	0.000393	0.7
185	-0.041173	80.687564	960.520336	0.000515	0.7
186	-0.042425	81.687558	951.166581	0.000236	0.7
187	-0.046439	81.168359	956.000219	0.000354	0.9
188	-0.044457	80.684929	960.545227	0.000423	0.8
189	-0.047861	81.681466	951.223015	0.000437	0.8
190	-0.046309	81.162213	956.057731	0.000370	0.7
191	-0.038067	80.642960	960.941842	0.000495	0.7
192	-0.043460	81.640051	951.606825	0.000391	0.8
193	-0.039302	82.640046	942.425027	0.000239	0.8
194	-0.039603	83.636988	933.445958	0.000289	0.7
195	-0.044898	84.618997	924.767096	0.000187	0.8
196	-0.043491	84.250672	928.003326	0.000430	0.7
197	-0.040421	85.225605	919.486155	0.000461	0.7
198	-0.048287	84.706352	924.002875	0.000277	0.8
199	-0.042457	85.706020	915.346420	0.000281	0.8
