1:ItNr	2:Metric	3a:Time	3b:StepSize	4:||Gradient||	Time[ms]
0	-0.110782	0.000000	22333.151107	0.000574	43.5
1	-0.119808	0.000000	22333.151107	0.000117	0.9
2	-0.125252	0.000000	22333.151107	0.000062	0.8
3	-0.127395	0.000000	22333.151107	0.000226	0.8
4	-0.122293	0.000000	22333.151107	0.000158	0.9
5	-0.118863	1.000000	21318.007874	0.000241	0.9
6	-0.124631	1.447750	20892.791824	0.000121	0.8
7	-0.122918	2.447750	20001.755733	0.000109	1.0
8	-0.119628	2.391044	20050.245727	0.000212	0.8
9	-0.133005	3.391044	19228.212607	0.000376	0.8
10	-0.123112	4.391044	18470.929335	0.000208	0.9
11	-0.132259	5.391044	17771.035479	0.000121	0.8
12	-0.125569	5.314932	17822.435154	0.000096	1.0
13	-0.121792	5.487262	17706.479750	0.000131	0.9
14	-0.130265	6.417496	17105.726110	0.000109	0.9
15	-0.122201	7.417496	16503.782791	0.000098	1.0
16	-0.124460	7.340314	16548.729137	0.000165	1.3
17	-0.121079	7.276915	16585.832638	0.000271	1.0
18	-0.126401	8.276915	16019.316908	0.000133	1.2
19	-0.122644	9.276915	15490.223501	0.000173	1.2
20	-0.124288	9.198942	15530.218695	0.000220	1.3
21	-0.117609	10.198942	15032.438395	0.000072	1.1
22	-0.125910	11.198942	14565.577218	0.000144	1.5
23	-0.120328	11.128371	14597.571116	0.000191	1.1
24	-0.117682	12.128370	14156.934759	0.000122	0.9
25	-0.126880	12.050397	14190.333831	0.000100	0.8
26	-0.112138	12.700457	13916.611746	0.000179	0.8
27	-0.120587	12.622588	13948.842163	0.000052	0.8
28	-0.121292	13.055924	13771.353777	0.000317	0.7
29	-0.122175	14.055924	13378.514221	0.000154	0.7
30	-0.121346	15.055924	13007.465227	0.000138	0.8
31	-0.119577	14.977951	13035.655423	0.000070	0.9
32	-0.125983	14.899980	13063.967559	0.000081	0.8
33	-0.117725	15.886477	12714.583159	0.000239	0.8
34	-0.118181	15.808504	12741.516846	0.000070	0.9
35	-0.124659	15.730531	12768.564883	0.000105	0.8
36	-0.125722	15.657496	12794.004738	0.000067	0.8
37	-0.126443	16.645197	12458.327098	0.000152	0.9
38	-0.125558	16.567225	12484.184621	0.000125	0.8
39	-0.116813	16.786264	12411.816490	0.000110	1.1
40	-0.121333	17.765990	12098.134860	0.000109	1.2
41	-0.116785	18.706989	11811.426226	0.000110	1.1
42	-0.126898	18.630311	11834.279501	0.000168	1.2
43	-0.125879	18.552416	11857.585977	0.000123	1.1
44	-0.127432	19.552416	11565.184520	0.000185	1.0
45	-0.121220	19.474443	11587.464435	0.000143	1.2
46	-0.124581	20.474443	11308.076371	0.000220	1.6
47	-0.126427	20.396471	11329.375766	0.000187	1.5
48	-0.125231	20.318498	11350.755549	0.000179	1.2
49	-0.126172	21.318498	11082.533471	0.000219	1.1
50	-0.121392	22.214618	10852.720528	0.000112	0.9
51	-0.130531	22.136646	10872.337596	0.000106	0.8
52	-0.116386	22.058735	10892.009901	0.000063	0.8
53	-0.120232	21.988080	10909.911960	0.000347	1.2
54	-0.131212	21.915080	10928.470219	0.000173	1.0
55	-0.121328	22.915080	10679.615606	0.000163	1.1
56	-0.123793	23.915080	10441.842110	0.000117	1.5
57	-0.121690	23.837108	10460.000600	0.000144	1.4
58	-0.128429	24.837108	10231.801210	0.000162	1.3
59	-0.122195	24.759143	10249.234095	0.000045	1.3
60	-0.119657	25.113790	10170.410511	0.000094	1.1
61	-0.123222	25.040109	10186.686846	0.000026	1.0
62	-0.124427	25.289234	10131.862995	0.000088	1.0
63	-0.120488	25.235604	10143.615067	0.000099	1.0
64	-0.116558	26.198262	9936.725460	0.000107	1.0
65	-0.123275	26.232420	9929.539437	0.000178	1.0
66	-0.117855	26.154679	9945.909514	0.000067	1.0
67	-0.111780	27.154620	9739.380643	0.000168	1.0
68	-0.124711	27.076647	9755.176333	0.000089	1.0
69	-0.122718	26.998675	9771.023327	0.000102	0.9
70	-0.125856	26.922352	9786.584959	0.000209	1.0
71	-0.123253	26.844380	9802.534206	0.000288	1.1
72	-0.125885	27.844380	9601.845116	0.000149	0.9
73	-0.121287	27.766425	9617.194060	0.000219	0.9
74	-0.124557	27.688452	9632.595604	0.000062	1.0
75	-0.122848	27.610483	9648.045873	0.000127	0.7
76	-0.126986	27.532525	9663.543632	0.000134	0.9
77	-0.123361	28.532525	9468.448721	0.000125	0.9
78	-0.116273	28.454553	9483.377145	0.000119	0.9
79	-0.126104	29.454471	9295.433350	0.000089	1.0
80	-0.120378	30.436824	9117.906885	0.000047	1.0
81	-0.115019	30.363016	9131.009198	0.000038	1.1
82	-0.123718	30.324498	9137.861888	0.000072	1.1
83	-0.124489	30.268020	9147.928317	0.000134	1.0
84	-0.125782	31.248522	8976.257298	0.000040	1.0
85	-0.120792	32.228665	8810.970037	0.000264	1.0
86	-0.119214	32.150694	8823.895625	0.000140	1.0
87	-0.131255	33.150694	8660.944885	0.000140	0.9
88	-0.124296	33.072721	8673.433920	0.000215	1.0
89	-0.130824	34.072721	8515.943356	0.000127	0.9
90	-0.117042	34.002496	8526.816214	0.000068	1.1
91	-0.125743	33.925811	8538.720949	0.000042	0.9
92	-0.124024	33.877530	8546.233313	0.000107	1.0
93	-0.121057	33.801973	8558.016270	0.000135	1.0
94	-0.130171	34.797499	8405.326081	0.000052	1.0
95	-0.117680	35.689242	8273.107177	0.000122	0.9
96	-0.115198	36.629197	8138.169546	0.000155	1.0
97	-0.117175	36.553675	8148.848454	0.000249	1.0
98	-0.113593	37.553675	8009.679589	0.000137	1.1
99	-0.121550	38.553674	7875.184493	0.000050	1.1
100	-0.121935	38.475725	7885.505732	0.000091	1.0
101	-0.115956	38.399931	7895.567640	0.000166	0.9
102	-0.125369	39.399318	7764.924937	0.000104	1.0
103	-0.120955	39.321346	7774.962027	0.000129	1.1
104	-0.126174	39.321717	7774.914202	0.000212	0.9
105	-0.123852	40.321717	7648.125283	0.000177	1.2
106	-0.124180	41.321400	7525.443519	0.000175	1.1
107	-0.130653	42.321371	7406.601628	0.000174	1.0
108	-0.120653	43.321371	7291.451695	0.000058	1.0
109	-0.122296	43.243512	7300.288513	0.000178	0.9
110	-0.125089	44.243417	7188.406015	0.000194	0.9
111	-0.122288	44.165507	7197.000316	0.000087	1.1
112	-0.126261	45.165506	7088.227659	0.000070	0.9
113	-0.130863	45.087813	7096.560604	0.000100	0.9
114	-0.124642	46.063765	6993.287256	0.000144	1.1
115	-0.120061	45.985792	7001.427556	0.000215	0.8
116	-0.124524	46.985780	6898.445104	0.000086	0.9
117	-0.118265	46.907808	6906.365979	0.000167	0.9
118	-0.121564	47.907806	6806.139996	0.000083	0.8
119	-0.121498	47.829833	6813.850199	0.000110	1.1
120	-0.122375	47.751863	6821.577620	0.000124	0.9
121	-0.120177	48.749855	6723.973436	0.000149	0.8
122	-0.116137	49.674674	6635.986412	0.000140	0.9
123	-0.130572	49.597118	6643.276470	0.000153	1.0
124	-0.119016	49.519790	6650.561098	0.000102	1.1
125	-0.120926	49.445866	6657.540057	0.000139	0.9
126	-0.125757	49.368316	6664.877031	0.000143	0.9
127	-0.128716	49.290343	6672.270331	0.000183	0.9
128	-0.117728	49.212371	6679.680052	0.000081	0.8
129	-0.121293	50.208496	6586.239024	0.000069	0.8
130	-0.123091	50.130785	6593.434514	0.000169	0.7
131	-0.121745	51.130777	6502.025842	0.000082	0.9
132	-0.125332	51.528800	6466.344053	0.000088	0.8
133	-0.120166	51.451482	6473.244740	0.000370	0.8
134	-0.123516	52.451482	6385.115208	0.000089	0.9
135	-0.135034	53.451482	6299.353113	0.000050	0.9
136	-0.125511	54.184622	6237.926857	0.000129	0.9
137	-0.124390	54.691747	6196.133567	0.000126	0.9
138	-0.127997	55.675277	6116.654447	0.000102	0.9
139	-0.124115	55.597316	6122.879995	0.000104	0.9
140	-0.124802	56.597289	6043.976255	0.000076	1.0
141	-0.124906	56.519666	6050.028306	0.000141	1.0
142	-0.122836	56.442103	6056.087763	0.000145	1.0
143	-0.120448	56.576793	6045.573102	0.000144	1.0
144	-0.114089	57.393788	5982.568038	0.000126	1.0
145	-0.116780	57.315816	5988.524386	0.000176	0.9
146	-0.123329	57.237866	5994.490854	0.000238	0.8
147	-0.125820	58.237866	5918.839008	0.000099	1.0
148	-0.121086	59.237866	5845.072861	0.000199	0.9
149	-0.126535	60.237866	5773.122758	0.000136	0.9
150	-0.122445	60.159893	5778.669158	0.000116	0.9
151	-0.123893	61.159888	5708.335139	0.000060	0.8
152	-0.127098	61.093827	5712.928635	0.000189	0.9
153	-0.119065	61.015855	5718.359855	0.000169	1.0
154	-0.121140	60.937883	5723.801464	0.000132	0.9
155	-0.121694	61.937883	5654.788352	0.000255	0.9
156	-0.122370	61.859910	5660.109603	0.000153	0.9
157	-0.116352	61.781938	5665.440878	0.000137	0.9
158	-0.116299	61.703965	5670.782206	0.000145	1.1
159	-0.125018	62.703932	5603.036336	0.000167	1.2
160	-0.126737	63.703931	5536.887921	0.000158	1.0
161	-0.125580	63.626809	5541.933817	0.000127	0.9
162	-0.119453	63.549326	5547.012592	0.000149	0.9
163	-0.122488	64.521818	5483.935988	0.000060	1.0
164	-0.119604	64.965992	5455.601264	0.000140	0.9
165	-0.129945	65.686862	5410.233613	0.000187	1.0
166	-0.120228	66.678015	5349.073823	0.000087	0.9
167	-0.124170	67.677821	5288.765214	0.000178	0.9
168	-0.125410	68.611696	5233.649090	0.000117	0.9
169	-0.123862	69.010813	5210.442588	0.000171	1.0
170	-0.123069	68.932841	5214.960080	0.000080	0.9
171	-0.127762	69.932840	5157.610542	0.000096	0.9
172	-0.121151	69.854878	5162.036254	0.000064	0.8
173	-0.133714	69.966624	5155.695041	0.000071	1.0
174	-0.118585	69.963769	5155.856880	0.000105	1.1
175	-0.122231	69.899694	5159.491222	0.000135	1.0
176	-0.124246	69.822261	5163.890065	0.000109	1.0
177	-0.121379	70.420358	5130.106480	0.000121	1.0
178	-0.119001	70.693233	5114.839559	0.000213	1.1
179	-0.125383	70.615260	5119.192732	0.000055	1.1
180	-0.124038	70.537291	5123.553122	0.000132	1.0
181	-0.118482	71.524399	5068.891869	0.000051	1.0
182	-0.132661	71.446562	5073.159696	0.000115	0.9
183	-0.121761	71.534986	5068.311908	0.000151	1.0
184	-0.122353	72.534986	5014.125639	0.000074	0.9
185	-0.129972	72.457027	5018.308283	0.000103	1.1
186	-0.121556	72.379311	5022.484807	0.000052	0.8
187	-0.124468	72.489573	5016.561289	0.000052	0.9
188	-0.121716	72.416783	5020.470179	0.000148	1.0
189	-0.120865	73.135402	4982.144497	0.000154	0.9
190	-0.121767	74.135402	4929.775511	0.000131	1.0
191	-0.128284	74.072862	4933.018360	0.000223	1.1
192	-0.123739	75.072862	4881.671723	0.000107	1.0
193	-0.121117	76.072856	4831.383289	0.000134	1.1
194	-0.121221	76.249095	4822.627633	0.000068	1.1
195	-0.117709	76.172055	4826.451121	0.000091	1.0
196	-0.127812	76.575000	4806.519847	0.000102	1.4
197	-0.115164	76.497062	4810.362093	0.000100	1.2
198	-0.130398	76.423165	4814.010833	0.000132	0.9
199	-0.119708	76.345193	4817.866805	0.000054	0.9
