1:ItNr	2:Metric	3a:Time	3b:StepSize	4:||Gradient||	Time[ms]
0	-0.304352	0.000000	261273.139094	0.000128	15.4
1	-0.307882	0.000000	261273.139094	0.000063	0.7
2	-0.309341	0.000000	261273.139094	0.000025	0.9
3	-0.311221	0.000000	261273.139094	0.000030	0.7
4	-0.310246	0.000000	261273.139094	0.000047	0.7
5	-0.298525	0.999848	249398.808840	0.000063	0.7
6	-0.304548	0.852872	251076.194302	0.000082	0.9
7	-0.296493	0.705896	252776.295780	0.000065	0.9
8	-0.303301	0.558921	254499.561864	0.000024	1.0
9	-0.302214	0.477288	255466.886444	0.000050	0.9
10	-0.299948	0.330362	257226.570503	0.000100	1.0
11	-0.306552	1.330362	245707.430420	0.000050	1.0
12	-0.313388	1.183387	247335.357469	0.000078	0.9
13	-0.306540	2.183387	236666.711120	0.000082	0.8
14	-0.300960	3.183333	226880.886447	0.000048	0.9
15	-0.311964	3.338166	225437.524388	0.000095	0.9
16	-0.312591	3.191190	226807.194553	0.000129	1.0
17	-0.319487	3.044214	228193.609614	0.000022	0.9
18	-0.311125	2.897238	229597.078529	0.000027	0.9
19	-0.310686	2.751011	231010.622219	0.000052	0.8
20	-0.315458	2.604074	232448.685587	0.000056	1.1
21	-0.310616	2.457098	233905.149547	0.000030	0.9
22	-0.309707	3.449654	224409.548797	0.000034	0.8
23	-0.317079	3.531995	223656.323574	0.000047	0.8
24	-0.310397	4.489394	215255.642428	0.000020	0.9
25	-0.305183	4.512762	215058.480562	0.000039	1.0
26	-0.309637	5.509875	206969.512334	0.000024	0.8
27	-0.308212	6.403367	200221.231789	0.000017	0.9
28	-0.306185	7.227020	194378.855545	0.000029	0.8
29	-0.305953	7.098732	195266.316746	0.000041	0.9
30	-0.308352	8.094651	188582.290960	0.000017	0.8
31	-0.323530	9.045073	182616.826057	0.000006	0.7
32	-0.305756	9.091228	182336.720943	0.000036	0.7
33	-0.304923	9.150905	181975.831073	0.000037	0.8
34	-0.311400	10.150723	176135.105656	0.000021	0.8
35	-0.317075	11.136157	170734.037938	0.000060	0.7
36	-0.312171	12.134063	165592.006918	0.000035	0.8
37	-0.308875	13.131174	160754.384038	0.000042	0.7
38	-0.302565	12.984200	161449.614032	0.000033	0.8
39	-0.314097	12.837224	162150.888406	0.000037	0.8
40	-0.319531	13.684759	158188.669438	0.000052	0.7
41	-0.314378	14.507261	154524.336334	0.000035	0.8
42	-0.310414	14.360285	155166.621799	0.000067	0.8
43	-0.311673	14.213309	155814.266821	0.000057	0.8
44	-0.313051	14.067851	156460.570156	0.000023	1.0
45	-0.293375	13.921025	157118.411245	0.000042	0.8
46	-0.317481	14.914094	152773.890284	0.000088	0.9
47	-0.302080	15.914094	148635.257259	0.000026	0.8
48	-0.299810	15.767119	149229.420793	0.000043	0.8
49	-0.294629	16.766715	145279.669076	0.000071	0.7
50	-0.300130	16.619739	145847.260835	0.000049	0.8
51	-0.310799	17.619739	142070.765623	0.000068	0.8
52	-0.304199	18.619739	138484.907453	0.000028	0.8
53	-0.306961	19.619738	135075.611678	0.000039	0.8
54	-0.310792	20.617063	131838.613236	0.000033	0.8
55	-0.314251	21.522993	129029.862648	0.000035	0.7
56	-0.322283	22.522926	126065.419889	0.000031	0.8
57	-0.302943	22.376664	126490.499038	0.000041	0.8
58	-0.306661	23.375108	123644.451298	0.000033	0.9
59	-0.309756	23.371469	123654.593053	0.000046	0.8
60	-0.307631	24.371445	120929.274554	0.000034	0.9
61	-0.300124	25.368427	118329.135717	0.000081	0.8
62	-0.306601	26.367964	115832.209508	0.000044	0.8
63	-0.314108	27.367964	113437.396907	0.000039	0.9
64	-0.304874	27.220988	113783.150836	0.000012	0.8
65	-0.310795	28.117611	111706.083341	0.000025	0.9
66	-0.305955	28.026629	111913.382657	0.000021	1.0
67	-0.311204	27.881034	112246.724688	0.000025	0.9
68	-0.315219	28.154739	111621.708995	0.000034	1.0
69	-0.300700	29.092803	109531.420575	0.000022	0.9
70	-0.310556	28.951016	109842.329275	0.000051	0.8
71	-0.294571	29.920708	107750.581080	0.000048	0.7
72	-0.311558	29.773732	108062.489404	0.000032	0.9
73	-0.298974	30.771439	105979.976835	0.000074	0.8
74	-0.307157	30.624463	106281.704252	0.000039	0.8
75	-0.309910	31.624463	104262.078816	0.000068	0.8
76	-0.308700	31.477487	104554.090588	0.000086	1.0
77	-0.307670	32.477487	102598.985802	0.000029	0.9
78	-0.299903	33.476146	100718.137265	0.000015	0.9
79	-0.315409	33.344767	100961.623269	0.000046	0.8
80	-0.324124	33.329287	100990.390070	0.000029	0.8
81	-0.309967	33.182330	101264.303567	0.000058	0.9
82	-0.316199	34.180472	99432.565543	0.000058	0.9
83	-0.312173	35.180472	97662.687833	0.000018	0.8
84	-0.300176	35.049548	97890.814636	0.000027	0.9
85	-0.307431	35.153689	97709.269580	0.000027	0.9
86	-0.300420	36.144395	96015.294366	0.000018	0.9
87	-0.300401	35.999332	96259.652200	0.000025	1.0
88	-0.314215	35.893106	96439.380643	0.000056	0.9
89	-0.307946	36.892618	94774.362381	0.000063	0.9
90	-0.307408	37.892618	93165.088314	0.000057	0.7
91	-0.310491	38.892609	91609.566762	0.000023	0.8
92	-0.313451	38.745654	91834.896356	0.000028	0.8
93	-0.307777	38.608127	92046.776765	0.000068	0.8
94	-0.306697	38.461150	92274.298178	0.000055	0.9
95	-0.317715	39.461150	90748.123344	0.000020	0.9
96	-0.308480	40.167182	89700.649347	0.000044	0.9
97	-0.310324	40.116021	89775.739076	0.000032	0.8
98	-0.298571	40.007974	89934.734758	0.000073	0.9
99	-0.310409	39.860997	90151.922550	0.000064	1.0
100	-0.312277	40.860997	88694.591980	0.000054	0.9
101	-0.310007	41.860997	87283.628176	0.000049	0.9
102	-0.311449	42.860963	85916.899441	0.000034	1.0
103	-0.314115	42.714055	86115.001433	0.000028	0.9
104	-0.304168	42.630391	86228.229513	0.000053	0.9
105	-0.320493	42.485746	86424.690224	0.000039	0.8
106	-0.300542	43.485744	85084.479035	0.000069	1.0
107	-0.310373	43.338768	85278.846967	0.000051	0.8
108	-0.319701	44.338768	83973.667146	0.000025	0.7
109	-0.307955	44.191792	84162.986169	0.000026	0.8
110	-0.316556	44.045391	84352.416497	0.000044	0.7
111	-0.311009	44.025807	84377.821369	0.000042	0.8
112	-0.309039	44.578055	83667.255583	0.000053	0.9
113	-0.299578	45.578055	82410.576505	0.000063	0.7
114	-0.315970	46.578055	81191.089260	0.000069	0.8
115	-0.304308	47.578055	80007.166956	0.000030	0.9
116	-0.306502	48.578050	78857.281863	0.000040	1.0
117	-0.319974	48.431613	79023.598336	0.000037	0.8
118	-0.295013	49.431077	77902.201467	0.000026	0.9
119	-0.318127	50.428248	76814.651129	0.000046	1.0
120	-0.313357	50.896727	76314.126895	0.000048	0.8
121	-0.317397	51.894305	75269.747582	0.000066	1.0
122	-0.309439	51.747329	75421.819933	0.000012	0.9
123	-0.310517	51.600820	75574.021398	0.000067	0.8
124	-0.304420	51.609526	75564.959479	0.000043	0.9
125	-0.305327	52.609526	74538.394533	0.000039	0.8
126	-0.312425	52.462550	74687.523155	0.000013	0.8
127	-0.310654	52.318730	74834.028121	0.000063	0.8
128	-0.313333	52.385252	74766.192634	0.000056	0.8
129	-0.309898	52.238382	74916.126662	0.000058	0.8
130	-0.310275	52.203506	74951.818339	0.000069	0.9
131	-0.315410	53.203506	73941.733751	0.000036	0.9
132	-0.311065	54.064997	73093.134912	0.000034	0.7
133	-0.309820	53.918053	73236.499482	0.000041	0.8
134	-0.309078	53.771077	73380.459052	0.000094	0.9
135	-0.308720	54.771077	72412.009584	0.000012	0.8
136	-0.307881	55.759159	71479.886281	0.000066	0.9
137	-0.307283	55.618254	71611.340721	0.000024	0.9
138	-0.310413	55.471278	71748.976053	0.000028	0.9
139	-0.311651	56.385639	70901.216408	0.000046	0.9
140	-0.313466	57.347658	70030.630838	0.000083	0.9
141	-0.308891	58.347658	69148.051156	0.000036	1.0
142	-0.307070	58.200682	69276.372247	0.000025	1.0
143	-0.305834	59.189154	68422.419331	0.000037	0.9
144	-0.310105	59.042236	68548.008749	0.000026	1.0
145	-0.298586	58.979384	68601.877741	0.000032	1.0
146	-0.305104	58.833193	68727.501982	0.000059	0.8
147	-0.308969	58.689530	68851.403071	0.000042	0.8
148	-0.299249	58.543116	68978.136883	0.000033	0.7
149	-0.302447	59.540859	68123.632983	0.000014	0.8
150	-0.311858	59.635475	68043.698407	0.000049	0.9
151	-0.311712	59.659509	68023.423681	0.000030	0.9
152	-0.305451	59.897340	67823.440274	0.000029	1.0
153	-0.315153	60.876734	67012.149008	0.000076	0.9
154	-0.299414	61.587642	66435.313663	0.000076	0.9
155	-0.311738	62.587642	65640.515391	0.000059	0.8
156	-0.309045	62.440673	65756.132335	0.000054	0.9
157	-0.309417	62.686825	65562.720303	0.000048	0.9
158	-0.306458	62.568884	65655.249528	0.000033	0.9
159	-0.307161	62.421909	65770.922633	0.000032	0.8
160	-0.318274	63.346347	65050.071785	0.000056	1.0
161	-0.311432	63.331941	65061.183755	0.000054	0.9
162	-0.306356	64.331941	64298.736074	0.000033	0.9
163	-0.309277	65.331625	63554.182999	0.000044	0.9
164	-0.313435	65.184660	63662.558072	0.000040	0.8
165	-0.307223	66.184660	62932.354639	0.000006	0.9
166	-0.314498	66.081847	63006.655394	0.000030	0.8
167	-0.304255	66.188428	62929.634502	0.000047	0.8
168	-0.310288	67.187646	62216.605072	0.000050	0.9
169	-0.314301	68.187512	61519.104952	0.000075	0.8
170	-0.297401	69.184762	60838.836060	0.000046	0.8
171	-0.314075	70.184762	60171.632079	0.000037	0.8
172	-0.314696	70.037995	60268.637450	0.000039	0.9
173	-0.304949	69.894470	60363.803533	0.000041	0.8
174	-0.301771	70.886687	59711.978655	0.000029	0.9
175	-0.310522	70.740748	59806.967250	0.000036	0.9
176	-0.317833	71.740341	59162.343416	0.000041	0.9
177	-0.320739	72.739770	58531.570098	0.000038	0.8
178	-0.303985	73.739760	57913.762281	0.000023	0.8
179	-0.294658	74.729314	57315.107756	0.000063	0.9
180	-0.308661	75.720400	56727.804114	0.000087	1.0
181	-0.326507	76.720400	56147.292737	0.000034	0.9
182	-0.310771	77.720400	55578.542078	0.000024	0.9
183	-0.309981	77.573589	55661.318148	0.000057	0.9
184	-0.314170	77.539976	55680.305010	0.000023	0.8
185	-0.313108	77.393001	55763.477631	0.000056	0.7
186	-0.308679	78.392976	55202.451331	0.000033	0.8
187	-0.312066	79.392976	54652.587770	0.000029	0.7
188	-0.306567	79.255452	54727.556488	0.000028	0.7
189	-0.317460	79.108709	54807.778406	0.000065	0.8
190	-0.313657	80.096940	54272.027878	0.000065	0.9
191	-0.322576	81.096940	53740.454374	0.000059	0.9
192	-0.312116	80.951630	53817.049391	0.000124	1.0
193	-0.317700	81.951630	53294.308282	0.000022	0.9
194	-0.315340	81.804846	53370.401402	0.000045	0.9
195	-0.306687	81.666046	53442.556004	0.000017	1.0
196	-0.306214	82.173994	53179.446913	0.000062	0.9
197	-0.305509	83.173751	52669.082931	0.000018	0.9
198	-0.317768	83.248043	52631.548611	0.000011	0.8
199	-0.304622	83.166245	52672.877822	0.000026	1.0
