1:ItNr	2:Metric	3a:Time	3b:StepSize	4:||Gradient||	Time[ms]
0	-0.308288	0.000000	701392.631096	0.000097	78.0
1	-0.309326	0.000000	701392.631096	0.000139	3.4
2	-0.314115	0.000000	701392.631096	0.000072	3.9
3	-0.320436	0.000000	701392.631096	0.000062	3.7
4	-0.317366	0.000000	701392.631096	0.000035	3.5
5	-0.311965	0.000000	701392.631096	0.000027	3.9
6	-0.319735	1.000000	669511.147864	0.000036	3.9
7	-0.322535	2.000000	640401.967522	0.000058	3.7
8	-0.324172	3.000000	613718.552209	0.000053	4.0
9	-0.323030	3.034023	612849.767452	0.000036	3.8
10	-0.314522	3.004487	613603.840988	0.000033	3.5
11	-0.316605	2.974951	614359.772492	0.000032	3.7
12	-0.311279	2.945415	615117.568838	0.000037	3.7
13	-0.317443	2.915879	615877.236936	0.000032	3.6
14	-0.315597	2.886343	616638.783730	0.000037	3.5
15	-0.314544	2.856807	617402.216196	0.000061	3.7
16	-0.314321	2.827271	618167.541348	0.000052	3.6
17	-0.323433	2.797735	618934.766232	0.000092	3.6
18	-0.324328	2.768198	619703.897931	0.000069	4.0
19	-0.325974	2.738662	620474.943562	0.000059	4.0
20	-0.327212	2.709126	621247.910278	0.000042	3.7
21	-0.325141	2.679590	622022.805269	0.000049	3.7
22	-0.324046	2.650054	622799.635757	0.000042	4.1
23	-0.318375	2.620518	623578.409005	0.000034	3.7
24	-0.324853	2.590982	624359.132308	0.000030	3.6
25	-0.325994	3.590982	598969.372594	0.000017	3.6
26	-0.325569	4.590329	575578.576495	0.000014	3.7
27	-0.326285	4.560793	576243.665552	0.000012	3.3
28	-0.326651	4.548058	576530.915682	0.000021	3.8
29	-0.325882	4.518675	577194.755851	0.000041	4.0
30	-0.328771	5.518675	555429.160063	0.000021	3.4
31	-0.330671	6.518675	535245.442476	0.000015	3.8
32	-0.325971	6.495005	535706.227459	0.000018	3.7
33	-0.321997	6.465469	536282.315508	0.000024	3.7
34	-0.332679	6.439742	536785.112363	0.000025	3.7
35	-0.326696	7.439724	517910.969421	0.000018	3.6
36	-0.330337	8.438454	500340.318131	0.000015	3.8
37	-0.328766	8.423142	500600.690598	0.000017	3.6
38	-0.327715	8.393606	501103.715518	0.000030	3.7
39	-0.326516	8.364070	501607.753710	0.000041	3.9
40	-0.335355	9.363906	485090.600634	0.000015	3.6
41	-0.327867	9.334400	485562.446473	0.000041	3.5
42	-0.321654	9.304864	486035.689187	0.000041	3.8
43	-0.326375	10.304864	470509.804909	0.000029	3.6
44	-0.326966	11.304864	455945.130961	0.000023	3.7
45	-0.327348	12.304862	442255.105063	0.000021	3.8
46	-0.330825	12.275326	442647.661964	0.000037	3.4
47	-0.330402	13.269837	429802.027487	0.000041	3.8
48	-0.329298	13.240301	430172.776967	0.000045	3.6
49	-0.325071	14.240301	417965.935142	0.000029	3.8
50	-0.328549	15.240301	406432.754495	0.000018	3.5
51	-0.326269	16.003985	398044.840750	0.000015	3.6
52	-0.328656	15.974453	398362.762523	0.000019	3.9
53	-0.323862	15.983628	398263.935967	0.000017	3.6
54	-0.324327	16.881107	388828.273617	0.000034	3.5
55	-0.320150	16.851570	389131.680918	0.000039	3.5
56	-0.327423	17.851570	379115.826322	0.000055	3.7
57	-0.318205	17.885038	378789.528333	0.000032	3.6
58	-0.330163	18.885038	369292.495208	0.000015	3.5
59	-0.330713	18.855510	369566.097893	0.000011	3.6
60	-0.330166	18.826058	369839.400565	0.000021	4.0
61	-0.323321	18.796630	370112.874325	0.000044	3.7
62	-0.331620	19.796630	361040.731087	0.000051	3.5
63	-0.328651	20.796630	352402.696683	0.000030	3.9
64	-0.329778	21.796630	344168.340527	0.000032	3.7
65	-0.322788	22.796630	336310.011298	0.000044	4.3
66	-0.332557	23.796630	328802.526727	0.000038	3.6
67	-0.331829	24.796630	321622.904939	0.000012	3.4
68	-0.329457	24.768588	321819.958633	0.000024	3.4
69	-0.329658	24.739082	322027.569020	0.000014	3.7
70	-0.327870	24.709587	322235.361282	0.000009	3.6
71	-0.327929	24.680131	322443.147251	0.000015	3.7
72	-0.326581	24.652207	322640.374297	0.000012	3.9
73	-0.326446	24.625307	322830.598219	0.000031	3.8
74	-0.328662	24.595775	323039.695621	0.000026	3.8
75	-0.326212	25.595775	316106.884736	0.000020	3.7
76	-0.332420	26.594285	309475.078754	0.000035	3.6
77	-0.334596	27.594285	303106.530432	0.000037	3.7
78	-0.326468	28.594285	296994.807522	0.000034	3.7
79	-0.331101	29.594285	291124.681973	0.000026	3.7
80	-0.330603	29.565121	291292.595294	0.000024	3.6
81	-0.333943	30.565118	285643.585085	0.000027	3.6
82	-0.327755	30.559651	285673.873783	0.000013	3.8
83	-0.328396	30.882850	283894.295154	0.000022	3.7
84	-0.327851	30.853316	284055.996777	0.000026	3.7
85	-0.328186	31.853316	278681.575828	0.000020	3.8
86	-0.326191	32.853310	273506.774825	0.000025	4.1
87	-0.326742	33.853306	268520.649254	0.000016	4.9
88	-0.325814	34.757610	264165.647253	0.000011	4.8
89	-0.328822	34.728708	264302.652223	0.000012	4.5
90	-0.330066	34.712053	264381.662523	0.000022	3.8
91	-0.329441	34.682518	264521.896622	0.000015	3.9
92	-0.329641	35.000720	263018.856344	0.000019	3.8
93	-0.322239	34.971184	263157.651344	0.000012	3.9
94	-0.335913	35.361960	261333.091041	0.000019	3.6
95	-0.330007	35.332444	261470.018058	0.000025	3.8
96	-0.329806	36.332364	256909.783508	0.000016	3.6
97	-0.331845	36.302841	257042.146507	0.000026	3.6
98	-0.325112	36.273307	257174.692690	0.000017	3.5
99	-0.328036	37.273169	252762.041672	0.000024	4.0
100	-0.328907	37.243633	252890.220239	0.000036	3.8
101	-0.329758	38.243633	248621.572182	0.000043	3.9
102	-0.327465	39.243633	244494.636960	0.000011	3.6
103	-0.330423	39.214097	244614.565696	0.000023	3.4
104	-0.329115	39.954414	241643.618169	0.000022	3.9
105	-0.328925	39.924878	241760.765597	0.000037	3.7
106	-0.327186	40.924878	237856.668056	0.000024	3.5
107	-0.328989	41.924878	234076.658082	0.000031	3.6
108	-0.329804	41.895342	234186.581657	0.000017	3.6
109	-0.329161	42.894944	230522.861502	0.000021	3.9
110	-0.325340	42.865408	230629.469623	0.000015	4.2
111	-0.327283	42.835901	230736.075112	0.000010	4.0
112	-0.329799	42.812886	230819.294594	0.000013	4.2
113	-0.331857	42.783896	230924.202698	0.000011	3.7
114	-0.333222	42.755484	231027.111285	0.000029	3.7
115	-0.326886	43.660810	227792.464406	0.000044	3.8
116	-0.328759	44.660810	224323.234214	0.000037	3.5
117	-0.328296	45.660810	220958.090071	0.000021	3.8
118	-0.330744	46.660810	217692.417020	0.000012	3.7
119	-0.331405	46.631399	217787.086167	0.000010	3.6
120	-0.328604	46.604824	217872.694687	0.000008	3.6
121	-0.327268	46.576198	217964.988545	0.000022	3.5
122	-0.326457	47.512450	214986.404396	0.000010	4.0
123	-0.329113	48.259785	212666.634136	0.000020	3.5
124	-0.324051	48.249138	212699.330996	0.000013	3.8
125	-0.327411	48.219610	212790.062733	0.000013	3.7
126	-0.336418	48.195277	212864.893638	0.000009	3.7
127	-0.329321	48.169384	212944.578108	0.000023	3.8
128	-0.327556	48.140813	213032.573505	0.000029	3.8
129	-0.334204	49.140813	209995.360712	0.000015	3.5
130	-0.329189	50.139296	207047.946744	0.000009	3.7
131	-0.329957	50.110159	207132.783542	0.000015	3.9
132	-0.332571	50.089205	207193.837334	0.000031	3.6
133	-0.335731	51.088264	204322.375509	0.000026	3.5
134	-0.326775	52.088264	201526.818937	0.000018	3.7
135	-0.329886	52.058728	201608.291774	0.000031	3.8
136	-0.327836	53.058727	198886.015891	0.000021	3.7
137	-0.330257	54.058727	196236.277182	0.000026	3.5
138	-0.327997	54.029197	196313.514289	0.000007	3.7
139	-0.329948	54.024827	196324.947238	0.000024	3.8
140	-0.329675	53.995365	196402.074735	0.000020	3.9
141	-0.328108	54.995364	193817.680886	0.000024	3.9
142	-0.332057	54.965902	193892.849624	0.000017	3.9
143	-0.336664	54.936844	193967.044161	0.000014	4.2
144	-0.332780	54.918360	194014.271698	0.000030	3.8
145	-0.326653	55.714398	192001.053082	0.000016	3.9
146	-0.324627	56.714398	189530.455543	0.000013	4.1
147	-0.323275	56.684863	189602.512146	0.000006	4.2
148	-0.331315	56.658032	189668.020423	0.000027	3.8
149	-0.329634	56.632995	189729.190263	0.000053	3.8
150	-0.321491	57.632995	187316.345749	0.000051	3.6
151	-0.333832	58.632995	184964.100350	0.000014	3.8
152	-0.329919	58.603459	185032.729333	0.000032	3.5
153	-0.327311	59.599392	182746.357236	0.000040	3.7
154	-0.333661	59.569876	182813.303602	0.000028	3.5
155	-0.329561	60.569876	180572.117125	0.000026	3.6
156	-0.327366	61.561536	178403.237513	0.000006	3.8
157	-0.327758	61.543689	178441.810342	0.000037	3.7
158	-0.326192	61.544999	178438.977273	0.000012	3.7
159	-0.330794	62.544044	176305.151030	0.000016	3.4
160	-0.324371	62.516138	176364.061042	0.000020	3.8
161	-0.329758	62.591885	176204.248320	0.000035	3.8
162	-0.331791	62.562349	176266.529643	0.000015	3.8
163	-0.335537	63.530659	174247.373658	0.000033	3.5
164	-0.327902	64.445351	172382.056664	0.000018	3.7
165	-0.330795	64.415814	172441.664844	0.000010	3.7
166	-0.331747	65.022562	171225.373226	0.000023	3.6
167	-0.328547	65.346851	170582.309738	0.000034	3.8
168	-0.334299	66.346851	168629.379460	0.000015	3.7
169	-0.333318	67.346851	166720.659793	0.000017	3.7
170	-0.333098	67.317418	166776.221683	0.000027	3.7
171	-0.336311	68.317357	164909.103106	0.000006	3.7
172	-0.330785	68.321962	164900.601680	0.000015	3.9
173	-0.330646	68.293837	164952.539454	0.000021	4.0
174	-0.334465	68.264301	165007.119378	0.000021	3.8
175	-0.327781	69.264300	163179.077462	0.000030	3.7
176	-0.329660	69.234764	163232.489934	0.000028	3.6
177	-0.330133	70.234764	161443.342002	0.000018	3.7
178	-0.325028	70.205228	161495.624039	0.000024	3.8
179	-0.333741	71.205228	159744.144535	0.000010	3.7
180	-0.331523	72.198488	158041.676710	0.000015	3.8
181	-0.332195	72.258506	157939.966096	0.000021	3.7
182	-0.325656	73.258273	156264.748231	0.000014	3.7
183	-0.327294	73.228737	156313.729202	0.000017	3.2
184	-0.327544	73.867611	155261.053811	0.000012	3.8
185	-0.335775	74.694960	153918.714475	0.000017	3.8
186	-0.324815	74.665427	153966.231884	0.000018	3.7
187	-0.329699	75.657873	152385.365438	0.000010	3.6
188	-0.331206	76.396283	151230.054536	0.000017	3.6
189	-0.330056	76.366753	151275.921480	0.000030	3.9
190	-0.331598	77.366752	149738.046454	0.000018	3.7
191	-0.333863	78.366752	148231.123445	0.000020	3.4
192	-0.323993	78.337362	148274.979627	0.000037	3.7
193	-0.325417	79.337362	146797.215239	0.000020	3.6
194	-0.330806	79.317304	146826.566351	0.000010	3.8
195	-0.331507	79.287772	146869.802858	0.000013	3.7
196	-0.327353	79.259480	146911.246784	0.000017	3.5
197	-0.329752	80.237264	145492.328887	0.000025	3.8
198	-0.330143	80.207728	145534.787820	0.000015	3.9
199	-0.325244	81.117680	144237.953922	0.000023	3.6
