1:ItNr	2:Metric	3a:Time	3b:StepSize	4:||Gradient||	Time[ms]
0	-0.027863	0.000000	5626.687743	0.000323	54.9
1	-0.026061	0.000000	5626.687743	0.000746	0.9
2	-0.026052	0.000000	5626.687743	0.000578	1.0
3	-0.028671	0.999986	5370.932513	0.000484	0.8
4	-0.030653	0.452291	5508.056972	0.000748	0.9
5	-0.022778	1.452291	5262.734261	0.001374	0.9
6	-0.025643	0.895057	5396.671969	0.000227	1.0
7	-0.027450	0.337824	5537.605202	0.000511	0.9
8	-0.026717	0.000000	5626.687743	0.000946	1.0
9	-0.029959	1.000000	5370.929209	0.000401	0.8
10	-0.026386	0.442766	5510.503726	0.000559	0.9
11	-0.027962	1.442766	5264.967914	0.000243	1.0
12	-0.023534	2.442766	5040.379764	0.000302	1.0
13	-0.025139	1.885804	5163.045286	0.000694	0.9
14	-0.024494	2.885253	4947.004011	0.000285	0.9
15	-0.024836	2.328019	5065.172504	0.000719	1.0
16	-0.028469	3.327952	4856.982745	0.000954	0.9
17	-0.025873	4.327952	4665.219007	0.000507	0.9
18	-0.025727	3.770718	4770.166231	0.000677	0.9
19	-0.025489	4.770718	4585.065985	0.000292	1.0
20	-0.025120	4.213484	4686.398831	0.000523	1.0
21	-0.027296	3.656250	4792.311924	0.000509	0.8
22	-0.025772	3.099032	4903.119902	0.000464	0.8
23	-0.026372	4.012743	4724.009765	0.000865	0.9
24	-0.028588	3.455509	4831.649241	0.000459	0.9
25	-0.024538	4.455509	4641.841636	0.000364	1.0
26	-0.026479	5.455509	4466.383249	0.000279	1.1
27	-0.029224	4.898846	4562.382604	0.000667	1.1
28	-0.027869	5.898846	4392.770029	0.000089	1.0
29	-0.028150	6.897638	4235.499882	0.000184	0.9
30	-0.027344	7.327512	4171.225560	0.000506	1.1
31	-0.026841	6.772964	4254.513231	0.000503	1.0
32	-0.023862	7.760857	4108.377017	0.000571	1.0
33	-0.027398	7.203623	4189.548392	0.000623	1.0
34	-0.026827	7.373228	4164.504674	0.000253	0.9
35	-0.027305	7.686932	4118.964111	0.000426	1.0
36	-0.025198	8.189163	4048.092925	0.000584	1.0
37	-0.029050	9.189163	3914.001993	0.001089	0.9
38	-0.027544	10.189163	3788.509621	0.000164	0.8
39	-0.025195	11.189163	3670.814431	0.000341	0.8
40	-0.026253	10.701462	3727.286800	0.000472	0.9
41	-0.030016	10.145083	3793.871444	0.000144	0.9
42	-0.025996	11.064569	3685.078198	0.000575	0.8
43	-0.025206	10.507984	3750.174623	0.000315	0.8
44	-0.029581	9.951014	3817.659818	0.000563	1.0
45	-0.024584	10.744418	3722.243207	0.000653	0.9
46	-0.024038	10.187190	3788.749297	0.001047	1.0
47	-0.027147	9.629956	3857.675922	0.000291	1.1
48	-0.023769	9.072722	3929.156905	0.000377	1.1
49	-0.030033	8.515489	4003.336774	0.000546	1.0
50	-0.025242	7.958255	4080.371625	0.000484	1.1
51	-0.025206	8.885328	3953.794381	0.000595	1.1
52	-0.025414	9.885312	3825.781079	0.000366	1.1
53	-0.028045	9.328158	3896.063991	0.000651	1.0
54	-0.029729	10.328158	3771.700982	0.000874	1.0
55	-0.030167	11.328158	3655.031764	0.000550	0.9
56	-0.024370	10.770924	3719.137786	0.000460	0.8
57	-0.028809	11.770924	3605.648834	0.000342	0.9
58	-0.023102	12.770888	3498.884704	0.000449	0.8
59	-0.029491	13.770838	3398.262750	0.000570	0.8
60	-0.025146	13.214983	3453.470731	0.000398	0.9
61	-0.026274	12.657749	3510.646001	0.000277	0.8
62	-0.027154	12.100516	3569.746235	0.000418	0.9
63	-0.027902	13.083738	3466.768851	0.000388	0.8
64	-0.023433	14.083738	3367.954728	0.000148	1.0
65	-0.024282	13.742158	3401.067998	0.000583	0.9
66	-0.026362	14.741898	3305.936442	0.000494	0.8
67	-0.024320	14.184664	3358.293906	0.000749	0.8
68	-0.026967	15.184664	3265.484037	0.000369	1.0
69	-0.028564	16.184664	3177.666005	0.000594	0.8
70	-0.028762	17.184664	3094.447621	0.000291	0.8
71	-0.028293	16.627598	3140.260060	0.000822	0.9
72	-0.022973	16.080477	3186.594465	0.000813	0.9
73	-0.027151	17.080477	3102.913936	0.000487	0.8
74	-0.026090	16.523243	3148.993342	0.000527	1.0
75	-0.024665	17.523243	3067.250685	0.000435	1.0
76	-0.028691	18.523243	2989.644434	0.000413	0.9
77	-0.027689	17.966140	3032.387709	0.000424	0.9
78	-0.026980	17.408907	3076.381280	0.000645	0.9
79	-0.026456	16.852112	3121.634041	0.000690	1.0
80	-0.029848	16.294879	3168.275304	0.000322	1.0
81	-0.031094	15.737645	3216.331470	0.000282	1.0
82	-0.027020	16.735646	3131.268555	0.000755	1.0
83	-0.026268	16.178823	3178.165209	0.000374	1.1
84	-0.024492	17.149591	3097.292516	0.000446	1.0
85	-0.024487	16.592357	3143.203877	0.000688	0.8
86	-0.027004	17.592347	3061.758363	0.000499	1.0
87	-0.025123	18.592347	2984.426289	0.000318	1.0
88	-0.027904	19.592347	2910.904400	0.000738	1.0
89	-0.028773	19.105518	2946.239067	0.000364	1.0
90	-0.029363	18.548284	2987.751469	0.000166	0.9
91	-0.026497	19.076180	2948.395876	0.000395	0.9
92	-0.027580	20.032665	2879.667772	0.000142	1.0
93	-0.026016	21.029759	2811.351894	0.000278	0.9
94	-0.026691	21.402031	2786.669386	0.000277	0.9
95	-0.026704	22.398323	2722.696046	0.000388	0.8
96	-0.026418	21.841208	2758.102482	0.000482	1.0
97	-0.024886	22.825635	2696.149032	0.001055	0.9
98	-0.028730	22.268401	2730.871498	0.000291	0.9
99	-0.026400	21.711167	2766.499982	0.000746	1.1
100	-0.026901	21.153947	2803.069477	0.000790	1.2
101	-0.023699	20.596714	2840.619670	0.000088	1.0
102	-0.028405	21.592331	2774.218714	0.000629	1.0
103	-0.027419	21.231694	2797.909167	0.000477	0.9
104	-0.025355	20.674460	2835.320324	0.000521	1.0
105	-0.026344	20.117239	2873.744604	0.000555	1.0
106	-0.024908	19.947556	2885.653135	0.000425	1.0
107	-0.027136	20.947556	2816.861209	0.000244	1.0
108	-0.026642	20.390328	2854.783930	0.000439	1.0
109	-0.022756	19.835555	2893.567724	0.000625	0.9
110	-0.028181	19.278321	2933.599035	0.000287	1.0
111	-0.025436	18.721106	2974.752073	0.000463	0.9
112	-0.025781	19.392050	2925.339075	0.000537	1.0
113	-0.024499	19.565088	2912.860497	0.000389	1.0
114	-0.026246	20.565088	2842.780999	0.000051	0.9
115	-0.026157	20.814214	2825.843917	0.000257	0.8
116	-0.024111	21.191900	2800.548065	0.000645	1.0
117	-0.027407	20.634694	2838.028335	0.000247	1.1
118	-0.024787	21.625516	2772.058965	0.000344	1.1
119	-0.031284	21.761065	2763.271736	0.000509	1.0
120	-0.023837	22.760950	2700.134330	0.000361	1.1
121	-0.028017	23.760950	2639.810894	0.000710	0.9
122	-0.026492	24.760878	2582.127953	0.000621	1.0
123	-0.021488	24.203644	2613.958333	0.000490	1.0
124	-0.027568	25.203637	2557.384025	0.000418	1.0
125	-0.028912	24.646629	2588.590752	0.000252	0.8
126	-0.028283	25.540747	2538.860023	0.000268	0.8
127	-0.028326	24.984093	2569.593839	0.000288	0.9
128	-0.025795	24.426933	2601.109819	0.000276	0.9
129	-0.024407	24.584813	2592.101068	0.000160	1.0
130	-0.032104	24.072141	2621.584862	0.000289	1.1
131	-0.027134	25.024757	2567.323535	0.000288	0.9
132	-0.026733	24.467591	2598.783891	0.000364	1.0
133	-0.025509	23.910411	2631.025618	0.000461	1.0
134	-0.027144	23.353315	2664.072411	0.000731	1.0
135	-0.026996	24.353309	2605.332312	0.000572	1.0
136	-0.029487	25.353309	2549.126351	0.000762	1.1
137	-0.025534	26.353309	2495.294289	0.000736	1.0
138	-0.027361	25.796076	2525.007518	0.000535	1.1
139	-0.029804	26.796076	2472.178756	0.000435	1.0
140	-0.023928	26.238842	2501.340812	0.000495	1.0
141	-0.025954	27.202057	2451.356841	0.000533	0.8
142	-0.024170	28.202057	2401.534598	0.000551	1.0
143	-0.026170	27.644823	2429.044543	0.000407	1.0
144	-0.027165	28.576851	2383.379365	0.000816	0.9
145	-0.028411	29.576851	2336.255446	0.000757	1.0
146	-0.024292	30.576851	2290.958857	0.000732	1.0
147	-0.024723	31.576851	2247.385329	0.000318	1.0
148	-0.025019	31.577831	2247.343438	0.000401	0.9
149	-0.024571	32.575589	2205.490320	0.000369	0.9
150	-0.028787	32.190344	2221.464149	0.000445	0.9
151	-0.027984	31.633794	2244.953916	0.001034	1.1
152	-0.027149	31.076580	2268.974689	0.000302	1.0
153	-0.029294	30.529648	2293.057443	0.000425	1.0
154	-0.029735	31.512596	2250.135242	0.000650	1.0
155	-0.024564	30.967630	2273.731623	0.000555	0.9
156	-0.027497	31.967630	2230.804808	0.000675	0.9
157	-0.030541	31.410396	2254.523004	0.000455	0.9
158	-0.024400	30.853162	2278.750969	0.000331	1.0
159	-0.029466	30.295928	2303.505289	0.000403	0.9
160	-0.027227	31.294871	2259.503464	0.000368	0.9
161	-0.029121	32.294834	2217.108761	0.000491	1.0
162	-0.027321	33.294834	2176.274143	0.000157	1.0
163	-0.021653	33.730022	2158.969385	0.000440	0.9
164	-0.023181	34.729665	2120.243204	0.000340	0.9
165	-0.026043	34.172448	2141.656703	0.000352	0.8
166	-0.026755	35.172353	2103.533779	0.000973	1.0
167	-0.028665	36.171919	2066.756613	0.000409	1.0
168	-0.024577	37.171919	2031.228189	0.000797	1.1
169	-0.026867	36.614688	2050.873589	0.000639	0.9
170	-0.028004	37.614688	2015.884516	0.000485	0.9
171	-0.023639	38.614688	1982.069299	0.000756	1.0
172	-0.024593	39.614688	1949.369811	0.000485	0.9
173	-0.024668	40.614499	1917.737617	0.000388	1.0
174	-0.029499	40.058131	1935.212246	0.000633	1.0
175	-0.028245	41.046464	1904.386415	0.000469	1.0
176	-0.028501	42.046464	1874.180336	0.000372	0.9
177	-0.027798	43.013859	1845.857209	0.000313	0.9
178	-0.024315	44.010684	1817.554227	0.000437	1.0
179	-0.031251	44.091389	1815.300676	0.000107	0.9
180	-0.027217	43.929338	1819.831310	0.000179	0.9
181	-0.026143	43.477095	1832.595618	0.000448	0.8
182	-0.025770	44.059227	1816.198077	0.000496	0.9
183	-0.027799	43.501993	1831.888245	0.000410	0.9
184	-0.022797	43.289938	1837.930566	0.000410	0.9
185	-0.025359	42.732704	1854.000133	0.000317	0.9
186	-0.027428	43.732703	1825.359318	0.000514	1.3
187	-0.027038	43.175469	1841.208864	0.000871	1.3
188	-0.025521	42.618235	1857.336064	0.000125	0.9
189	-0.028463	42.217850	1869.099343	0.000756	0.9
190	-0.029715	43.179821	1841.084018	0.000483	1.1
191	-0.025362	44.179820	1812.837815	0.000412	1.1
192	-0.025390	43.622587	1828.469700	0.000529	1.0
193	-0.025524	44.622587	1800.606281	0.000800	1.0
194	-0.021751	45.622587	1773.579316	0.000482	1.3
195	-0.026390	45.065353	1788.538723	0.000295	0.9
196	-0.027843	46.037573	1762.600244	0.000515	1.0
197	-0.028137	45.480353	1777.373881	0.000230	1.2
198	-0.030510	44.952019	1791.612198	0.000703	1.1
199	-0.025801	44.396076	1806.843006	0.000321	1.0
