1:ItNr	2:Metric	3a:Time	3b:StepSize	4:||Gradient||	Time[ms]
0	-0.017574	0.000000	44.610514	0.001641	92.6
1	-0.018855	0.000000	44.610514	0.001817	1.2
2	-0.017214	0.000000	44.610514	0.001571	1.4
3	-0.018296	1.000000	42.582764	0.000406	1.1
4	-0.019125	1.960038	40.802232	0.000950	1.1
5	-0.019982	1.194225	42.210116	0.000570	1.1
6	-0.018609	2.180497	40.414181	0.001089	1.1
7	-0.019501	1.865792	40.970407	0.000780	1.1
8	-0.019105	2.853521	39.273900	0.000942	1.2
9	-0.017543	2.026528	40.684414	0.002296	1.2
10	-0.017920	3.026372	38.991355	0.001051	1.3
11	-0.020429	4.026327	37.433412	0.000987	1.1
12	-0.019575	3.541992	38.172158	0.001198	1.2
13	-0.020899	2.614102	39.672091	0.001258	1.2
14	-0.016490	3.614096	38.060337	0.001545	1.1
15	-0.018175	2.738000	39.465027	0.001166	1.1
16	-0.019831	3.698605	37.930110	0.000778	1.1
17	-0.016549	4.696218	36.457537	0.001102	1.1
18	-0.018458	4.041991	37.409996	0.000776	1.2
19	-0.019850	5.040937	35.974926	0.001357	1.2
20	-0.017421	5.220394	35.728707	0.001293	1.2
21	-0.017461	6.212637	34.425947	0.001765	1.2
22	-0.021425	6.835874	33.655160	0.001872	1.2
23	-0.018450	7.835874	32.488032	0.001279	1.2
24	-0.020444	6.863490	33.621804	0.000943	1.1
25	-0.016987	7.814930	32.511645	0.001391	1.3
26	-0.017989	6.842549	33.647091	0.000622	1.1
27	-0.019044	7.832122	32.492260	0.001260	1.1
28	-0.018531	8.815607	31.420484	0.001071	1.2
29	-0.021507	7.933267	32.378673	0.000478	1.2
30	-0.021438	6.993046	33.466198	0.001589	1.2
31	-0.020569	6.023128	34.667370	0.001099	1.3
32	-0.020689	5.050740	35.961389	0.000818	1.1
33	-0.020202	4.079299	37.354345	0.000630	1.1
34	-0.018334	5.032470	35.986627	0.000841	1.2
35	-0.021726	5.932851	34.783573	0.000956	1.1
36	-0.019958	5.086519	35.912066	0.001150	1.1
37	-0.020029	6.014134	34.678913	0.001045	1.2
38	-0.016446	7.010022	33.445914	0.001542	1.2
39	-0.020269	8.009859	32.293187	0.001294	1.3
40	-0.017116	9.009859	31.217101	0.001754	1.1
41	-0.022087	10.009859	30.210418	0.000790	1.2
42	-0.016161	11.009856	29.266635	0.000707	1.2
43	-0.020072	11.792036	28.568547	0.000573	1.3
44	-0.019387	12.716877	27.784922	0.001280	1.3
45	-0.019584	13.716383	26.984977	0.000976	1.2
46	-0.019353	12.744138	27.762475	0.001848	1.3
47	-0.020648	13.007893	27.547158	0.002179	1.4
48	-0.020080	14.007893	26.760274	0.001002	1.3
49	-0.020565	15.007316	26.017512	0.000954	1.0
50	-0.020669	14.038240	26.737096	0.000637	1.1
51	-0.016970	15.034691	25.997748	0.000813	1.2
52	-0.022730	15.589058	25.603851	0.001609	1.4
53	-0.020294	15.570541	25.616815	0.000641	1.5
54	-0.020930	14.901563	26.094151	0.000660	1.4
55	-0.018848	13.946127	26.807571	0.000534	1.1
56	-0.019970	13.116878	27.459159	0.001735	1.3
57	-0.019581	12.155532	28.255339	0.001118	1.1
58	-0.018121	11.183139	29.109056	0.001266	1.2
59	-0.018629	12.183135	28.231835	0.000839	1.2
60	-0.017454	11.210750	29.084104	0.002819	1.1
61	-0.021871	12.206720	28.211783	0.001282	1.3
62	-0.016892	11.234328	29.062830	0.001585	1.3
63	-0.017344	10.261939	29.966817	0.000716	1.3
64	-0.021823	11.261098	29.038714	0.001295	1.1
65	-0.019423	12.260143	28.166469	0.000943	1.5
66	-0.017632	11.287795	29.014703	0.000526	1.4
67	-0.021239	12.270210	28.157946	0.001410	1.1
68	-0.018743	12.826575	27.694817	0.001242	1.1
69	-0.019407	13.811673	26.911111	0.001071	1.1
70	-0.019500	12.839607	27.684151	0.002337	1.1
71	-0.019513	13.839010	26.889995	0.001286	1.2
72	-0.018129	14.839007	26.139697	0.000660	1.1
73	-0.021661	13.866835	26.868536	0.000812	1.1
74	-0.018209	14.742117	26.210557	0.001456	1.0
75	-0.020217	14.450245	26.426356	0.001732	1.1
76	-0.023710	13.477853	27.171669	0.001369	1.1
77	-0.018924	14.477853	26.405792	0.001681	1.1
78	-0.020086	13.505460	27.149930	0.001287	1.0
79	-0.018173	12.533067	27.937224	0.001060	1.1
80	-0.018403	13.532970	27.128301	0.001035	1.2
81	-0.018598	12.605238	27.877225	0.000711	1.1
82	-0.017600	13.221664	27.375080	0.002732	1.1
83	-0.020107	12.249271	28.175679	0.001474	1.1
84	-0.018616	11.276878	29.024517	0.001005	1.2
85	-0.019570	12.202298	28.215541	0.000330	1.1
86	-0.020266	12.958322	27.587370	0.000482	1.0
87	-0.018159	13.258051	27.346004	0.001673	1.0
88	-0.020382	14.252301	26.574742	0.001777	1.0
89	-0.020013	15.187225	25.888164	0.001783	1.0
90	-0.019874	16.187225	25.192006	0.001548	1.0
91	-0.017979	17.187016	24.532443	0.001718	1.2
92	-0.017926	16.214623	25.173459	0.001207	1.2
93	-0.018534	17.214621	24.514722	0.001936	1.1
94	-0.017667	18.214621	23.889580	0.001558	1.0
95	-0.019306	17.242228	24.497025	0.000603	1.1
96	-0.016582	18.172847	23.915055	0.001870	1.2
97	-0.019337	19.172833	23.319759	0.001657	1.0
98	-0.017122	18.200441	23.898221	0.000782	1.0
99	-0.018999	17.228656	24.505722	0.000534	1.1
100	-0.018417	16.744127	24.820306	0.001049	1.1
101	-0.018665	17.594795	24.273242	0.001251	1.1
102	-0.018144	16.623359	24.899978	0.000885	1.1
103	-0.017440	17.622748	24.255674	0.000778	1.1
104	-0.016298	18.598048	23.658257	0.001130	1.0
105	-0.019784	19.559221	23.097603	0.000271	1.1
106	-0.020847	20.456471	22.597698	0.001168	1.2
107	-0.018233	21.108733	22.247661	0.001728	1.0
108	-0.021665	22.108708	21.731591	0.001217	1.0
109	-0.017317	23.108708	21.238908	0.000864	1.0
110	-0.017469	24.108508	20.768162	0.000790	1.1
111	-0.019888	23.139525	21.224080	0.000744	1.1
112	-0.015470	23.767424	20.926395	0.000775	1.1
113	-0.021851	22.820786	21.378457	0.000921	1.1
114	-0.019362	23.046857	21.268732	0.001218	1.0
115	-0.021635	22.111028	21.730421	0.001387	1.0
116	-0.019904	21.709668	21.934631	0.001024	1.1
117	-0.016029	22.709627	21.432825	0.000654	1.1
118	-0.019231	23.685342	20.964834	0.000635	1.1
119	-0.019287	23.196503	21.196718	0.000524	1.0
120	-0.017221	22.578427	21.497352	0.002231	1.0
121	-0.016248	23.578423	21.015117	0.000808	1.0
122	-0.019864	22.606031	21.483744	0.001208	1.1
123	-0.019237	21.686949	21.946305	0.000758	1.2
124	-0.015947	22.637332	21.468334	0.001267	1.0
125	-0.021170	23.541445	21.032564	0.000982	1.1
126	-0.022392	22.569664	21.501676	0.000309	1.1
127	-0.020364	23.412957	21.093412	0.001333	1.1
128	-0.021442	24.033806	20.802612	0.000764	1.0
129	-0.017370	23.212891	21.188861	0.001657	1.1
130	-0.016950	24.212858	20.720229	0.001548	1.1
131	-0.019221	23.240465	21.175654	0.001305	1.1
132	-0.017991	24.240087	20.707759	0.001215	1.1
133	-0.022456	25.183979	20.284541	0.000500	1.0
134	-0.018378	24.284374	20.687507	0.000384	1.2
135	-0.021100	23.759775	20.929971	0.001460	1.1
136	-0.020458	23.609529	21.000464	0.000928	1.1
137	-0.018879	24.595235	20.546463	0.000503	1.2
138	-0.018523	24.478699	20.599112	0.001663	1.1
139	-0.018998	23.506483	21.049086	0.000517	1.1
140	-0.017611	24.505817	20.586836	0.001707	1.0
141	-0.018103	25.484699	20.153315	0.000595	1.1
142	-0.020280	26.483854	19.729250	0.000687	1.0
143	-0.020164	27.182925	19.443004	0.001159	1.2
144	-0.018124	26.214365	19.841860	0.000841	1.0
145	-0.019513	27.153955	19.454701	0.002573	1.1
146	-0.020269	26.181650	19.855617	0.000535	0.9
147	-0.019354	27.180514	19.443977	0.001363	1.3
148	-0.018679	27.692535	19.239516	0.001584	1.2
149	-0.021791	26.720606	19.631368	0.000585	1.1
150	-0.021205	27.641950	19.259524	0.001144	1.0
151	-0.020161	26.689953	19.643986	0.001836	1.0
152	-0.016692	27.689953	19.240536	0.000693	1.0
153	-0.019118	26.717597	19.632606	0.001567	1.1
154	-0.021858	25.745478	20.040886	0.001263	1.0
155	-0.017539	24.773089	20.466628	0.001193	1.1
156	-0.020504	25.550742	20.124723	0.001042	1.2
157	-0.019600	24.579612	20.553505	0.000368	1.1
158	-0.020564	23.790369	20.915675	0.001290	0.9
159	-0.017519	22.841046	21.368578	0.000937	1.2
160	-0.019922	23.841041	20.892039	0.000545	1.1
161	-0.016737	23.861020	20.882735	0.001499	1.2
162	-0.021601	24.787295	20.460278	0.003032	1.1
163	-0.018912	25.656645	20.079043	0.002756	1.2
164	-0.016897	26.656645	19.657716	0.000867	1.2
165	-0.021600	25.684255	20.067168	0.000998	1.1
166	-0.017542	24.712500	20.493755	0.002506	1.1
167	-0.020322	23.740107	20.939172	0.001209	1.0
168	-0.017213	22.767748	21.404364	0.001803	0.9
169	-0.021389	23.676506	20.968981	0.002447	1.1
170	-0.019113	22.704113	21.435529	0.000202	1.1
171	-0.017905	21.737759	21.920214	0.001338	1.2
172	-0.019125	22.526895	21.522803	0.000992	1.1
173	-0.019159	23.491558	21.056147	0.001305	1.0
174	-0.019994	23.019448	21.281975	0.000547	1.1
175	-0.019161	23.990638	20.822572	0.000401	1.1
176	-0.019628	24.311103	20.675303	0.001212	1.2
177	-0.020931	23.392509	21.103128	0.000214	1.1
178	-0.018872	23.373273	21.112276	0.000588	1.2
179	-0.018030	23.580536	21.014121	0.000843	1.1
180	-0.020734	24.572339	20.556785	0.000932	1.1
181	-0.020677	24.022202	20.807974	0.001817	1.1
182	-0.018347	25.022202	20.355845	0.001585	1.2
183	-0.021471	24.152992	20.747701	0.001570	1.2
184	-0.021000	23.181196	21.204061	0.001852	1.2
185	-0.017725	22.208803	21.681249	0.000554	1.2
186	-0.017478	21.236620	22.180297	0.001063	1.2
187	-0.017723	20.650193	22.492592	0.000558	1.0
188	-0.021321	21.645632	21.967568	0.001502	1.0
189	-0.020645	20.674137	22.479669	0.000491	1.1
190	-0.017819	19.723383	23.004493	0.000943	1.1
191	-0.016937	19.017734	23.410141	0.002445	1.1
192	-0.017258	20.017734	22.839409	0.001431	1.1
193	-0.016503	19.047456	23.392767	0.001087	1.1
194	-0.017346	18.719970	23.585637	0.000491	1.1
195	-0.019187	18.103192	23.957655	0.002177	1.2
196	-0.016955	19.021256	23.408081	0.001084	1.2
197	-0.019840	18.058153	23.985282	0.000311	1.1
198	-0.019243	17.582552	24.280944	0.001114	1.0
199	-0.020263	18.446062	23.749412	0.002298	1.1
