1:ItNr	2:Metric	3a:Time	3b:StepSize	4:||Gradient||	Time[ms]
0	-0.383380	0.000000	167172.236376	0.000207	14.8
1	-0.384166	0.000000	167172.236376	0.000097	1.0
2	-0.391075	0.000000	167172.236376	0.000119	1.0
3	-0.386355	0.000000	167172.236376	0.000065	0.9
4	-0.396697	0.000000	167172.236376	0.000090	0.9
5	-0.386819	0.000000	167172.236376	0.000095	1.0
6	-0.399884	0.000000	167172.236376	0.000119	0.8
7	-0.404557	0.000000	167172.236376	0.000112	0.8
8	-0.413812	0.000000	167172.236376	0.000109	0.9
9	-0.405154	0.000000	167172.236376	0.000067	0.7
10	-0.411923	0.000000	167172.236376	0.000068	0.7
11	-0.402709	0.000000	167172.236376	0.000065	0.8
12	-0.403616	0.000000	167172.236376	0.000049	0.7
13	-0.412060	0.000000	167172.236376	0.000050	0.8
14	-0.418672	0.000000	167172.236376	0.000044	0.8
15	-0.416825	0.000000	167172.236376	0.000042	0.8
16	-0.412882	0.000000	167172.236376	0.000017	0.8
17	-0.416093	0.000000	167172.236376	0.000055	0.8
18	-0.422531	0.000000	167172.236376	0.000108	0.7
19	-0.431707	0.000000	167172.236376	0.000056	0.9
20	-0.432575	0.000000	167172.236376	0.000070	0.9
21	-0.425058	0.000000	167172.236376	0.000068	0.9
22	-0.419976	0.000000	167172.236376	0.000107	0.9
23	-0.420985	0.000000	167172.236376	0.000069	0.9
24	-0.431007	0.000000	167172.236376	0.000128	0.9
25	-0.426343	0.000000	167172.236376	0.000167	0.7
26	-0.442272	0.000000	167172.236376	0.000159	0.9
27	-0.427569	0.000000	167172.236376	0.000154	0.8
28	-0.434742	0.000000	167172.236376	0.000259	0.8
29	-0.438759	0.000000	167172.236376	0.000226	0.9
30	-0.454208	0.000000	167172.236376	0.000128	1.0
31	-0.451074	0.000000	167172.236376	0.000105	0.9
32	-0.455573	0.000000	167172.236376	0.000103	0.8
33	-0.469555	0.000000	167172.236376	0.000127	0.9
34	-0.460373	0.000000	167172.236376	0.000118	0.8
35	-0.468197	0.000000	167172.236376	0.000129	0.9
36	-0.476950	0.000000	167172.236376	0.000113	0.9
37	-0.483252	0.000000	167172.236376	0.000121	0.7
38	-0.487265	0.000000	167172.236376	0.000106	0.9
39	-0.490527	0.000000	167172.236376	0.000083	1.0
40	-0.496619	0.000000	167172.236376	0.000073	0.9
41	-0.488903	0.000000	167172.236376	0.000051	0.9
42	-0.487516	0.000000	167172.236376	0.000035	0.9
43	-0.489178	0.000000	167172.236376	0.000011	0.9
44	-0.487053	0.007819	167110.014897	0.000039	1.0
45	-0.486157	0.000000	167172.236376	0.000042	0.9
46	-0.499635	0.000000	167172.236376	0.000035	0.8
47	-0.492846	1.000000	159573.498406	0.000029	0.8
48	-0.491441	1.148443	158504.005966	0.000028	0.8
49	-0.499024	1.535337	155782.761134	0.000024	0.8
50	-0.487776	1.554884	155647.753022	0.000027	0.7
51	-0.480209	1.731854	154436.014815	0.000067	0.7
52	-0.500601	2.731854	147928.473932	0.000060	0.8
53	-0.488978	3.731854	141947.180609	0.000013	0.7
54	-0.487245	3.708666	142080.390940	0.000047	0.7
55	-0.495517	3.685774	142212.149125	0.000022	0.7
56	-0.478303	4.312996	138688.320505	0.000025	0.8
57	-0.494385	4.287465	138828.344407	0.000035	0.9
58	-0.493311	4.270091	138923.795043	0.000022	0.9
59	-0.493426	4.244139	139066.616698	0.000029	1.1
60	-0.479548	4.275778	138892.538548	0.000047	1.0
61	-0.492417	5.275778	133606.585469	0.000045	0.9
62	-0.494386	5.248979	133742.989382	0.000075	0.9
63	-0.483609	6.248979	128834.805932	0.000028	0.9
64	-0.498288	6.428569	127991.252548	0.000037	0.8
65	-0.479394	6.401771	128116.426201	0.000022	0.7
66	-0.489151	6.963235	125544.022797	0.000024	0.8
67	-0.499029	6.992574	125412.438858	0.000044	0.8
68	-0.491709	7.068628	125072.624333	0.000024	0.7
69	-0.493731	7.041836	125192.124189	0.000034	0.8
70	-0.500773	7.015520	125309.721534	0.000017	0.8
71	-0.485075	6.988756	125429.546909	0.000044	0.9
72	-0.490680	6.961961	125549.739886	0.000044	0.8
73	-0.486199	7.961961	121214.752411	0.000013	0.8
74	-0.493567	7.992465	121087.217450	0.000016	0.8
75	-0.498055	8.204722	120207.170861	0.000015	0.8
76	-0.505593	8.603468	118588.031595	0.000037	0.8
77	-0.488584	8.580392	118680.543098	0.000028	0.9
78	-0.486494	8.553673	118787.840454	0.000060	0.9
79	-0.491369	9.553673	114899.998964	0.000039	0.8
80	-0.500458	10.553479	111259.266341	0.000057	0.8
81	-0.501704	11.553479	107841.528268	0.000023	0.7
82	-0.493863	11.526686	107930.359858	0.000017	0.7
83	-0.500892	12.281518	105482.478344	0.000027	0.8
84	-0.490236	12.258671	105554.936987	0.000052	0.7
85	-0.490850	12.231892	105639.995601	0.000022	0.7
86	-0.479972	12.558297	104612.488683	0.000041	0.8
87	-0.485463	13.508158	101732.955981	0.000056	0.9
88	-0.488393	14.508158	98867.897345	0.000056	0.8
89	-0.488929	14.655813	98458.475125	0.000025	0.8
90	-0.491336	15.655787	95772.516688	0.000029	0.7
91	-0.503324	16.488574	93644.986227	0.000050	0.7
92	-0.491454	17.488574	91211.926933	0.000018	0.8
93	-0.494758	18.481297	88918.480601	0.000024	0.8
94	-0.482506	18.907177	87969.563304	0.000031	0.8
95	-0.483830	19.902300	85829.328814	0.000007	0.8
96	-0.483490	20.035964	85549.762379	0.000030	0.7
97	-0.482927	20.093087	85430.840144	0.000024	0.7
98	-0.480878	20.988059	83609.888753	0.000041	0.8
99	-0.485170	21.986787	81667.350516	0.000031	0.9
100	-0.483385	22.986786	79810.717032	0.000012	1.1
101	-0.484967	22.961373	79856.853861	0.000038	0.9
102	-0.502262	22.954067	79870.128577	0.000021	1.1
103	-0.493219	23.951981	78097.047358	0.000012	1.0
104	-0.494304	23.925826	78142.514170	0.000029	0.9
105	-0.499448	23.902920	78182.376482	0.000039	0.9
106	-0.491558	24.830952	76599.258635	0.000048	0.9
107	-0.486702	25.830952	74963.604192	0.000025	0.9
108	-0.488975	26.227861	74333.600133	0.000042	0.7
109	-0.479336	27.227858	72792.305419	0.000050	0.9
110	-0.500725	28.227853	71313.630790	0.000031	0.7
111	-0.487821	28.216137	71330.607703	0.000020	0.9
112	-0.493756	28.189878	71368.686135	0.000019	1.0
113	-0.471971	28.657986	70695.918839	0.000014	0.9
114	-0.488396	28.632781	70731.820576	0.000026	0.9
115	-0.498090	28.890666	70366.207878	0.000040	0.8
116	-0.494096	29.888378	68986.616011	0.000045	0.8
117	-0.491869	30.888356	67657.125093	0.000038	1.0
118	-0.491871	31.887446	66379.021915	0.000050	0.9
119	-0.492749	32.887446	65147.213278	0.000027	0.9
120	-0.499649	32.899638	65132.477545	0.000049	0.9
121	-0.498518	33.899637	63946.087403	0.000013	0.9
122	-0.491661	33.877331	63972.079204	0.000050	0.8
123	-0.496404	34.381499	63389.705927	0.000034	0.9
124	-0.490390	35.381499	62265.406606	0.000030	0.9
125	-0.494649	36.381494	61180.299508	0.000010	0.9
126	-0.491103	37.107937	60415.446978	0.000018	0.8
127	-0.497449	37.085872	60438.396879	0.000023	0.9
128	-0.494358	37.061242	60464.035180	0.000024	0.8
129	-0.485386	37.982848	59519.285832	0.000021	0.8
130	-0.489928	37.956231	59546.156650	0.000071	0.8
131	-0.490795	38.956227	58553.000344	0.000017	0.8
132	-0.495565	39.956214	57592.438127	0.000024	0.8
133	-0.482681	39.929663	57617.534106	0.000025	0.8
134	-0.495683	39.906253	57639.680864	0.000057	0.8
135	-0.478179	39.879454	57665.053301	0.000024	0.8
136	-0.487367	39.852656	57690.448086	0.000007	0.7
137	-0.497080	39.970358	57579.077465	0.000039	0.8
138	-0.490475	39.965077	57584.065120	0.000037	0.8
139	-0.493929	39.938278	57609.388608	0.000040	0.8
140	-0.477228	40.020172	57532.072367	0.000039	0.8
141	-0.501121	39.993374	57557.350136	0.000062	0.8
142	-0.493088	40.993374	56628.906550	0.000018	0.7
143	-0.490009	41.961928	55757.773746	0.000051	0.7
144	-0.494816	41.935130	55781.515951	0.000037	0.9
145	-0.498856	41.911939	55802.078617	0.000013	0.9
146	-0.495950	41.925932	55789.669477	0.000028	0.8
147	-0.491296	42.167609	55576.220264	0.000022	0.8
148	-0.499824	42.140819	55599.801287	0.000010	0.7
149	-0.491852	42.115629	55621.990965	0.000012	0.7
150	-0.509809	42.096625	55638.744358	0.000040	0.7
151	-0.493168	43.057518	54804.136235	0.000013	0.8
152	-0.492042	43.030743	54827.053645	0.000028	0.8
153	-0.496039	43.004106	54849.871257	0.000034	0.8
154	-0.488268	42.977308	54872.846303	0.000053	0.8
155	-0.482583	43.977308	54028.353843	0.000026	0.7
156	-0.492935	43.950510	54050.645128	0.000031	0.7
157	-0.488960	44.614474	53503.697216	0.000040	0.9
158	-0.481857	44.588576	53524.823260	0.000054	0.7
159	-0.501033	45.588576	52721.009362	0.000054	0.9
160	-0.499627	45.561778	52742.235461	0.000031	0.7
161	-0.485208	46.561778	51961.583493	0.000032	0.8
162	-0.481765	46.535139	51982.079845	0.000028	0.8
163	-0.500306	46.806657	51773.928164	0.000052	0.8
164	-0.499462	47.806654	51021.474953	0.000027	0.7
165	-0.495809	47.779869	51041.344115	0.000018	0.8
166	-0.492518	47.754338	51060.297776	0.000031	0.8
167	-0.488307	47.727594	51080.166729	0.000031	0.7
168	-0.485885	47.700799	51100.089041	0.000033	0.8
169	-0.499536	48.700790	50366.961125	0.000021	0.8
170	-0.489125	49.689540	49662.467041	0.000040	0.7
171	-0.482414	50.670644	48982.634571	0.000027	0.8
172	-0.493637	50.691621	48968.302459	0.000069	0.8
173	-0.477503	51.691620	48294.658316	0.000049	0.9
174	-0.480176	51.664822	48312.469233	0.000024	0.8
175	-0.490953	52.664739	47656.681014	0.000057	0.8
176	-0.492020	53.664736	47018.407425	0.000034	0.7
177	-0.490159	53.637937	47035.289260	0.000041	0.9
178	-0.494496	54.637937	46413.441409	0.000035	0.8
179	-0.480128	54.611208	46429.849032	0.000034	0.7
180	-0.493574	55.610941	45823.963470	0.000022	0.9
181	-0.484333	56.551360	45268.283823	0.000011	0.8
182	-0.487591	56.796182	45125.825836	0.000010	0.8
183	-0.490957	56.801016	45123.022072	0.000013	0.9
184	-0.496662	56.800061	45123.575709	0.000026	0.8
185	-0.483316	56.773490	45138.992442	0.000017	0.9
186	-0.477232	56.746895	45154.432773	0.000016	0.8
187	-0.494998	56.728106	45165.348284	0.000044	0.9
188	-0.492473	57.724487	44593.710325	0.000035	0.7
189	-0.494921	57.697688	44608.895556	0.000018	0.7
190	-0.489818	58.537320	44137.983988	0.000014	0.8
191	-0.503424	58.566568	44121.759597	0.000033	0.7
192	-0.491712	58.814587	43984.653380	0.000020	0.7
193	-0.486765	58.788504	43999.032264	0.000042	0.8
194	-0.495419	58.761736	44013.798217	0.000057	0.7
195	-0.488505	59.761736	43468.814909	0.000010	0.7
196	-0.498351	59.758535	43470.538215	0.000031	0.8
197	-0.497422	59.771513	43463.553495	0.000026	0.8
198	-0.486775	59.744730	43477.970300	0.000019	0.7
199	-0.488045	59.718184	43492.268872	0.000006	0.8
