1:ItNr	2:Metric	3a:Time	3b:StepSize	4:||Gradient||	Time[ms]
0	-0.046138	0.000000	232013.306157	0.000173	29.4
1	-0.044245	0.000000	232013.306157	0.000183	4.2
2	-0.046372	0.000000	232013.306157	0.000185	4.4
3	-0.045881	0.730851	224210.248027	0.000180	4.3
4	-0.046808	0.000000	232013.306157	0.000177	4.3
5	-0.045278	0.000000	232013.306157	0.000169	4.3
6	-0.044387	0.910548	222371.413661	0.000200	4.4
7	-0.043949	1.892570	212832.349172	0.000201	4.2
8	-0.045738	2.873920	204083.765462	0.000180	4.4
9	-0.045517	3.871589	195897.391865	0.000174	4.2
10	-0.046172	4.871588	188325.490218	0.000196	4.4
11	-0.046330	4.068355	194359.757440	0.000205	3.9
12	-0.045828	3.298773	200515.449927	0.000178	4.1
13	-0.044225	2.494265	207381.647410	0.000179	4.0
14	-0.046812	1.711895	214525.450723	0.000173	4.4
15	-0.043933	1.744841	214214.708366	0.000188	4.8
16	-0.045666	2.744449	205196.570979	0.000182	4.4
17	-0.045306	1.939698	212395.094763	0.000185	4.4
18	-0.046172	1.134949	220117.039769	0.000165	4.5
19	-0.045169	2.126715	210677.543915	0.000172	4.3
20	-0.045513	3.096756	202196.488854	0.000220	4.9
21	-0.046256	3.997009	194914.494184	0.000177	4.4
22	-0.046678	4.996996	187417.016415	0.000173	4.5
23	-0.045265	4.351305	192190.475802	0.000170	4.3
24	-0.044219	5.163620	186223.445979	0.000161	4.0
25	-0.044850	6.103439	179766.094276	0.000175	4.3
26	-0.045243	7.098879	173397.642813	0.000190	4.2
27	-0.045764	7.649052	170067.738849	0.000179	4.2
28	-0.045774	7.304831	172135.963397	0.000168	4.1
29	-0.046636	6.500131	177172.955387	0.000182	4.5
30	-0.046395	7.500118	170956.462316	0.000182	4.1
31	-0.047854	8.494150	165194.774891	0.000185	4.2
32	-0.045435	9.406203	160239.652695	0.000180	4.1
33	-0.045171	10.402598	155155.298670	0.000176	4.3
34	-0.047691	11.400498	150376.682288	0.000176	4.2
35	-0.048102	10.600090	154185.617853	0.000184	4.3
36	-0.045260	11.427493	150251.499588	0.000181	4.1
37	-0.046203	12.427353	145757.263462	0.000198	4.4
38	-0.045169	13.427352	141523.502622	0.000194	4.1
39	-0.045287	12.622603	144910.835776	0.000172	4.2
40	-0.049091	11.817852	148464.298418	0.000204	4.1
41	-0.046572	12.817852	144074.182312	0.000200	4.4
42	-0.045576	13.398030	141644.139705	0.000198	4.1
43	-0.043704	13.933910	139471.343913	0.000178	4.3
44	-0.045357	14.933910	135590.015446	0.000179	4.1
45	-0.044936	14.129165	138696.137126	0.000156	4.5
46	-0.045917	13.372055	141751.183534	0.000200	4.1
47	-0.044888	14.372050	137743.765867	0.000181	4.5
48	-0.045237	14.995210	135359.104667	0.000150	4.1
49	-0.045415	14.997512	135350.448190	0.000168	4.4
50	-0.045297	15.965706	131805.394814	0.000168	4.0
51	-0.046483	16.947256	128396.093868	0.000177	4.4
52	-0.045912	16.143305	131175.173165	0.000168	4.4
53	-0.044783	17.079525	127950.110971	0.000190	4.3
54	-0.043969	16.287579	130667.624564	0.000177	4.2
55	-0.047284	17.274602	127297.977045	0.000168	4.2
56	-0.048258	18.036470	124813.526305	0.000199	4.1
57	-0.044501	19.035918	121697.707744	0.000170	4.2
58	-0.046361	19.953586	118970.764009	0.000197	4.6
59	-0.048990	20.942727	116165.060605	0.000182	4.5
60	-0.047893	21.941920	113462.076344	0.000167	4.5
61	-0.046982	22.941631	110880.713243	0.000172	4.5
62	-0.046631	22.137669	112947.212044	0.000177	4.2
63	-0.043581	21.333038	115094.016500	0.000198	4.2
64	-0.048359	20.528292	117324.339453	0.000166	4.4
65	-0.045613	20.187557	118294.937087	0.000179	4.2
66	-0.046471	19.382858	120652.168566	0.000209	4.4
67	-0.047926	20.382828	117736.743051	0.000223	4.3
68	-0.045449	21.382828	114958.808034	0.000191	4.5
69	-0.045923	20.606202	117104.641578	0.000168	4.5
70	-0.046184	21.605742	114357.341209	0.000172	4.5
71	-0.044570	20.801040	116558.807775	0.000158	4.5
72	-0.045338	19.997394	118843.638393	0.000204	5.0
73	-0.048683	19.194341	121218.045224	0.000173	6.1
74	-0.047274	18.390334	123692.260269	0.000176	4.7
75	-0.046866	17.614197	126178.448252	0.000146	4.9
76	-0.046332	16.821774	128822.076604	0.000152	4.3
77	-0.044465	16.017030	131622.645966	0.000165	4.1
78	-0.045494	15.212857	134545.568083	0.000173	4.6
79	-0.043605	14.408262	137602.898746	0.000203	4.8
80	-0.045154	15.408256	133823.477073	0.000171	4.2
81	-0.044401	14.603714	136847.504728	0.000176	4.1
82	-0.048282	13.800990	140004.046418	0.000191	4.8
83	-0.045794	12.996255	143318.121515	0.000178	4.1
84	-0.047307	12.201508	146748.738054	0.000170	4.4
85	-0.045989	13.126941	142769.298824	0.000186	4.2
86	-0.045526	12.357868	146060.875669	0.000173	4.4
87	-0.047206	11.556447	149656.360857	0.000182	4.1
88	-0.048381	12.504921	145419.817058	0.000187	4.1
89	-0.047119	11.765245	148702.669587	0.000159	4.3
90	-0.046371	12.751383	144357.920974	0.000179	4.5
91	-0.045237	13.569546	140941.379205	0.000170	4.0
92	-0.046582	13.120137	142797.770381	0.000169	4.2
93	-0.048476	12.334088	146165.075671	0.000185	4.1
94	-0.047824	11.530681	149774.899668	0.000182	4.4
95	-0.047164	12.528361	145318.150053	0.000183	4.0
96	-0.045151	13.528361	141109.489554	0.000166	4.2
97	-0.047305	14.527181	137142.302514	0.000181	4.0
98	-0.044812	15.526985	133388.489924	0.000199	4.4
99	-0.048440	16.526810	129834.629342	0.000185	4.6
100	-0.044381	17.526809	126464.649615	0.000182	4.5
101	-0.048222	18.526808	123265.188535	0.000158	4.2
102	-0.045490	19.526411	120224.792938	0.000166	4.5
103	-0.047128	20.526411	117329.652569	0.000192	4.3
104	-0.044493	19.722326	119646.391795	0.000166	4.2
105	-0.046374	19.136089	121393.976304	0.000189	4.3
106	-0.046431	20.021480	118773.856483	0.000164	4.2
107	-0.048719	19.217118	121149.391727	0.000169	4.1
108	-0.043710	18.724145	122652.846175	0.000197	4.2
109	-0.049174	17.919947	125187.204607	0.000194	4.5
110	-0.044808	18.465334	123457.196191	0.000179	4.2
111	-0.046582	17.664459	126014.420298	0.000155	4.3
112	-0.046120	16.859941	128692.209482	0.000183	4.2
113	-0.045827	17.859107	125383.206085	0.000176	4.3
114	-0.047125	18.859107	122237.547311	0.000175	4.2
115	-0.046541	19.859090	119245.912868	0.000195	4.6
116	-0.046398	19.159690	121322.634078	0.000185	4.2
117	-0.045659	20.036065	118731.642494	0.000206	4.2
118	-0.044768	19.231326	121106.607385	0.000189	4.2
119	-0.049813	20.231319	118169.381125	0.000178	4.5
120	-0.048702	21.024608	115938.723097	0.000183	4.1
121	-0.050071	21.840639	113730.316504	0.000182	4.4
122	-0.049210	22.656208	111605.649257	0.000212	4.1
123	-0.045289	23.646924	109129.118652	0.000183	4.2
124	-0.045882	22.851135	111109.538679	0.000185	4.1
125	-0.049058	23.602595	109237.578245	0.000172	4.3
126	-0.046134	24.202087	107788.816590	0.000183	4.2
127	-0.047554	23.422543	109680.335184	0.000177	4.3
128	-0.045338	22.690089	111519.100830	0.000173	4.1
129	-0.046928	23.690087	109023.718083	0.000185	4.4
130	-0.048342	22.885427	111022.717896	0.000170	4.5
131	-0.046202	22.879482	111037.761106	0.000186	5.0
132	-0.047610	22.138381	112945.347870	0.000204	17.9
133	-0.046372	23.138381	110386.456289	0.000181	19.1
134	-0.044742	22.335968	112430.381198	0.000189	5.2
135	-0.047564	21.532786	114553.497744	0.000177	4.4
136	-0.045572	20.740937	116726.641848	0.000179	4.2
137	-0.047511	21.737892	114003.738180	0.000192	4.4
138	-0.048558	22.737251	111398.850050	0.000178	4.2
139	-0.046589	23.737038	108909.298936	0.000176	4.3
140	-0.049660	24.737038	106528.093621	0.000208	4.5
141	-0.047799	25.736497	104249.991919	0.000189	4.4
142	-0.046258	24.931747	106076.510578	0.000177	4.3
143	-0.046833	24.127005	107968.153899	0.000194	4.5
144	-0.049579	25.127005	105627.482683	0.000180	4.4
145	-0.046532	26.094297	103457.949906	0.000188	4.4
146	-0.047541	25.373794	105065.362211	0.000164	4.4
147	-0.048474	24.661978	106703.205224	0.000202	4.7
148	-0.045636	25.649747	104443.855524	0.000178	4.4
149	-0.047202	24.862958	106235.612380	0.000186	4.5
150	-0.045171	25.634157	104478.770520	0.000190	4.3
151	-0.047619	26.634157	102285.412951	0.000185	4.2
152	-0.046609	25.831962	104037.482475	0.000161	4.4
153	-0.049518	25.120975	105641.293224	0.000202	4.5
154	-0.046317	26.120144	103401.200612	0.000191	4.3
155	-0.050659	27.120141	101252.393316	0.000201	4.7
156	-0.045531	28.119950	99191.458171	0.000190	4.4
157	-0.046804	29.119910	97212.453939	0.000183	4.5
158	-0.048656	28.322223	98784.668821	0.000166	4.5
159	-0.049321	27.570508	100313.536463	0.000181	4.4
160	-0.046266	26.765762	102003.595129	0.000174	4.6
161	-0.047699	27.765750	99911.913422	0.000172	4.7
162	-0.047498	27.012147	101480.141565	0.000153	4.3
163	-0.045884	26.207402	103210.073055	0.000187	4.3
164	-0.047477	26.175995	103278.783798	0.000161	4.4
165	-0.048931	25.403693	104997.665661	0.000215	4.7
166	-0.049188	26.378082	102838.258112	0.000204	4.4
167	-0.047214	27.378079	100712.544225	0.000174	4.4
168	-0.047650	26.578218	102405.672612	0.000158	4.5
169	-0.046763	26.226119	103169.168157	0.000189	4.7
170	-0.046507	27.226118	101029.890725	0.000177	4.8
171	-0.044408	28.225762	98978.243561	0.000179	4.5
172	-0.047821	29.225762	97007.576734	0.000168	4.9
173	-0.045260	29.304040	96856.623324	0.000180	4.7
174	-0.047106	30.302454	94971.664589	0.000170	4.7
175	-0.047408	31.300556	93159.227812	0.000165	5.4
176	-0.047229	30.495818	94615.049760	0.000192	4.6
177	-0.046781	31.453949	92886.799335	0.000176	4.5
178	-0.046635	32.433302	91184.322240	0.000188	4.6
179	-0.047855	31.631000	92574.328191	0.000162	4.8
180	-0.049178	30.826259	94011.791095	0.000189	7.2
181	-0.044610	30.021510	95494.614181	0.000169	9.2
182	-0.049804	29.256632	96947.990331	0.000184	6.6
183	-0.047135	30.256569	95056.683489	0.000188	5.8
184	-0.047309	29.452748	96571.141647	0.000172	5.5
185	-0.047607	28.821505	97794.706048	0.000174	4.7
186	-0.047942	29.794753	95920.920553	0.000153	4.5
187	-0.046590	30.792553	94072.973389	0.000200	5.0
188	-0.046320	31.792484	92291.156383	0.000174	4.9
189	-0.047185	32.792383	90575.639180	0.000185	5.0
190	-0.048311	31.989509	91948.001011	0.000174	4.8
191	-0.046873	32.989509	90244.929698	0.000183	5.5
192	-0.047031	33.989487	88603.834335	0.000168	4.9
193	-0.048287	33.253546	89805.732373	0.000179	4.9
194	-0.047069	34.251539	88183.597382	0.000198	4.6
195	-0.046960	33.451703	89478.916654	0.000200	4.7
196	-0.048669	32.669193	90783.541852	0.000198	4.5
197	-0.049608	33.669193	89122.944048	0.000192	4.7
198	-0.048712	32.864443	90454.465794	0.000185	4.1
199	-0.047328	33.841878	88842.316160	0.000170	4.4
