1:ItNr	2:Metric	3a:Time	3b:StepSize	4:||Gradient||	Time[ms]
0	-0.034895	0.000000	35047.397316	0.000494	118.9
1	-0.033626	0.000000	35047.397316	0.000514	6.0
2	-0.033382	0.998756	33456.225337	0.000575	5.7
3	-0.032857	0.192977	34728.265341	0.000510	5.8
4	-0.033501	0.000000	35047.397316	0.000561	5.8
5	-0.032721	1.000000	33454.333815	0.000578	6.6
6	-0.032378	2.000000	31999.797562	0.000561	5.6
7	-0.034246	3.000000	30666.472663	0.000481	6.2
8	-0.031068	3.241207	30361.332043	0.000512	6.0
9	-0.032570	2.434158	31406.946706	0.000485	5.7
10	-0.034309	3.431660	30124.655012	0.000517	5.9
11	-0.033652	2.678137	31083.330161	0.000579	5.8
12	-0.032895	1.871087	32180.164441	0.000577	5.7
13	-0.033666	2.871087	30832.083221	0.000572	5.9
14	-0.032902	3.870800	29592.748923	0.000491	5.7
15	-0.034821	3.078882	30566.009514	0.000523	6.3
16	-0.033265	4.078840	29347.263924	0.000528	5.7
17	-0.033766	4.078543	29347.611543	0.000581	6.5
18	-0.032623	5.078543	28222.256907	0.000576	5.9
19	-0.033451	6.078543	27180.020138	0.000509	6.0
20	-0.032912	7.077760	26212.751410	0.000510	6.7
21	-0.033100	6.675152	26594.084792	0.000507	6.0
22	-0.032906	7.486471	25836.662963	0.000495	6.1
23	-0.033476	8.486447	24960.462497	0.000483	6.5
24	-0.031483	9.486420	24141.743567	0.000475	5.4
25	-0.033053	10.444177	23406.411075	0.000590	5.9
26	-0.032167	11.444177	22684.974660	0.000517	6.3
27	-0.034989	12.444171	22006.685041	0.000487	7.0
28	-0.033233	11.637122	22550.865652	0.000509	7.0
29	-0.032408	12.637038	21880.503771	0.000506	7.4
30	-0.033808	13.636989	21248.825702	0.000463	6.5
31	-0.033729	13.721782	21196.934738	0.000527	5.8
32	-0.032846	13.135278	21561.135114	0.000533	6.2
33	-0.032938	14.135230	20947.503226	0.000518	6.1
34	-0.031702	15.134470	20368.233925	0.000567	6.0
35	-0.033534	16.134192	19819.882961	0.000513	6.1
36	-0.033342	15.689579	20060.064897	0.000526	5.9
37	-0.034321	16.689183	19528.026013	0.000575	6.0
38	-0.032291	15.906560	19942.128016	0.000522	8.2
39	-0.032335	16.906560	19416.041554	0.000526	6.3
40	-0.034310	17.906560	18916.998706	0.000483	7.4
41	-0.033592	17.109811	19312.490034	0.000531	6.8
42	-0.033830	18.089667	18828.386265	0.000467	6.3
43	-0.032895	19.052151	18375.925657	0.000507	5.9
44	-0.034023	20.052069	17928.337221	0.000505	5.5
45	-0.032348	21.052069	17502.000600	0.000500	6.1
46	-0.031687	22.052069	17095.469677	0.000511	6.2
47	-0.033053	21.245034	17422.056031	0.000505	5.7
48	-0.032438	20.437989	17761.367113	0.000495	5.8
49	-0.033741	21.437912	17342.873631	0.000524	5.9
50	-0.032356	20.644351	17673.353815	0.000576	6.3
51	-0.033358	21.613505	17271.410783	0.000502	5.8
52	-0.033887	22.613505	16875.400168	0.000508	5.8
53	-0.033069	21.806455	17193.559805	0.000520	5.9
54	-0.033542	21.974106	17126.483957	0.000518	6.0
55	-0.033003	22.974106	16737.016771	0.000498	8.3
56	-0.033148	22.167056	17049.931247	0.000538	6.1
57	-0.033841	21.592195	17280.051837	0.000525	6.4
58	-0.034057	21.040684	17506.740440	0.000549	6.0
59	-0.034406	22.040683	17099.992111	0.000524	5.8
60	-0.031905	21.233634	17426.758774	0.000484	5.6
61	-0.032843	22.233631	17023.676360	0.000568	5.8
62	-0.034016	21.429350	17346.373425	0.000576	5.6
63	-0.034273	22.429344	16946.959560	0.000558	5.6
64	-0.034870	23.428898	16565.689971	0.000476	5.9
65	-0.035109	22.621865	16872.165885	0.000520	5.4
66	-0.032973	23.620996	16494.372643	0.000475	5.8
67	-0.034863	22.813950	16798.196724	0.000480	5.7
68	-0.033681	23.813484	16423.524323	0.000514	5.3
69	-0.033322	24.800271	16069.672088	0.000541	5.7
70	-0.034030	24.055772	16335.206697	0.000541	5.1
71	-0.033026	25.055590	15980.586429	0.000591	5.8
72	-0.033163	24.249447	16265.289158	0.000515	5.6
73	-0.031666	23.444842	16559.747151	0.000461	6.9
74	-0.033481	22.637792	16866.007813	0.000513	7.2
75	-0.031702	21.830742	17183.810069	0.000482	7.0
76	-0.033556	21.023693	17513.818881	0.000564	6.6
77	-0.035769	22.023693	17106.745063	0.000602	6.2
78	-0.034416	21.216643	17433.772325	0.000460	7.4
79	-0.035006	22.216643	17030.368195	0.000545	7.6
80	-0.033279	21.409593	17354.454153	0.000537	6.3
81	-0.033401	20.602549	17691.111758	0.000506	7.2
82	-0.035566	19.795499	18041.091616	0.000557	7.0
83	-0.032787	20.795498	17609.440583	0.000504	5.8
84	-0.033854	19.988467	17956.156917	0.000481	5.8
85	-0.032468	19.192925	18311.564478	0.000529	5.9
86	-0.032086	19.098942	18354.483034	0.000543	5.7
87	-0.032813	20.093370	17910.318397	0.000446	5.8
88	-0.033336	21.092616	17485.141282	0.000527	5.9
89	-0.033847	21.144935	17463.435243	0.000506	5.5
90	-0.035135	22.144664	17058.780190	0.000537	5.6
91	-0.032384	23.144648	16672.357181	0.000551	5.7
92	-0.031700	22.341362	16981.361740	0.000513	5.6
93	-0.033765	22.841957	16787.465723	0.000540	5.9
94	-0.033055	22.049679	17096.419011	0.000474	5.8
95	-0.035399	21.907561	17153.045514	0.000560	5.6
96	-0.034500	22.907561	16762.382831	0.000517	5.5
97	-0.034640	23.907560	16389.119029	0.000462	5.9
98	-0.032754	24.907545	16032.121656	0.000567	6.4
99	-0.033956	25.907545	15690.340376	0.000495	5.7
100	-0.034067	25.100596	15964.985296	0.000517	5.7
101	-0.034034	26.096089	15627.525908	0.000500	5.9
102	-0.033052	27.095616	15302.753279	0.000498	5.6
103	-0.035092	26.357683	15541.202520	0.000531	5.6
104	-0.034053	25.550633	15810.640809	0.000544	5.7
105	-0.035140	24.788295	16073.875446	0.000507	5.7
106	-0.033085	25.410456	15858.395105	0.000446	5.8
107	-0.033514	26.410427	15523.913083	0.000482	28.7
108	-0.034186	27.410427	15203.240159	0.000498	11.5
109	-0.032304	26.880191	15371.604297	0.000540	5.9
110	-0.033040	26.073142	15635.143858	0.000542	5.4
111	-0.032433	27.073057	15309.934146	0.000535	5.7
112	-0.034181	28.073057	14997.951666	0.000491	5.8
113	-0.031761	29.071289	14698.949525	0.000498	5.6
114	-0.033376	29.972755	14438.994783	0.000507	5.7
115	-0.032758	29.175931	14668.294671	0.000506	5.9
116	-0.033146	28.368911	14908.073365	0.000503	5.5
117	-0.033929	28.928673	14740.935331	0.000537	5.5
118	-0.032210	28.121624	14983.123327	0.000494	5.7
119	-0.033181	29.099456	14690.685379	0.000530	5.6
120	-0.031829	30.099456	14403.193367	0.000488	5.5
121	-0.033252	29.477106	14580.775227	0.000561	5.6
122	-0.032016	28.670088	14817.677538	0.000527	6.0
123	-0.033186	29.670073	14525.247421	0.000475	5.5
124	-0.034074	30.670046	14244.139506	0.000566	5.7
125	-0.035051	31.670029	13973.702987	0.000530	5.9
126	-0.034656	31.559707	14003.033537	0.000527	5.5
127	-0.036627	30.833038	14199.348119	0.000514	5.9
128	-0.033566	31.833038	13930.589236	0.000493	5.9
129	-0.031387	32.833025	13671.818542	0.000575	5.6
130	-0.035965	32.025975	13879.902169	0.000586	5.7
131	-0.033014	32.900698	13654.653402	0.000478	5.8
132	-0.035969	33.900698	13405.937921	0.000513	5.8
133	-0.034841	34.856502	13176.538448	0.000498	5.5
134	-0.033195	35.856498	12944.788525	0.000547	5.8
135	-0.034994	36.856267	12721.099832	0.000597	5.7
136	-0.033258	36.049266	12901.048445	0.000532	5.7
137	-0.032383	37.049034	12678.855948	0.000530	5.9
138	-0.032815	36.246716	12856.551277	0.000493	5.8
139	-0.033718	35.476976	13031.776677	0.000528	5.6
140	-0.032335	34.669927	13220.698995	0.000495	5.8
141	-0.034933	35.668884	12987.645012	0.000524	5.6
142	-0.034078	36.359400	12831.294419	0.000542	5.5
143	-0.032538	37.359400	12611.427619	0.000498	5.3
144	-0.033370	38.254475	12420.924123	0.000554	5.9
145	-0.034408	38.905410	12285.957856	0.000525	5.5
146	-0.033246	39.905410	12084.235910	0.000532	5.5
147	-0.033705	39.098363	12246.512386	0.000501	5.8
148	-0.032001	38.294153	12412.612403	0.000533	5.4
149	-0.034289	37.489944	12583.279917	0.000561	5.5
150	-0.033624	38.489944	12371.760474	0.000503	5.8
151	-0.033714	39.489539	12167.316212	0.000559	5.5
152	-0.032642	40.489539	11969.440016	0.000483	5.4
153	-0.032905	41.473797	11780.864681	0.000538	5.6
154	-0.033804	42.473772	11595.267116	0.000515	5.8
155	-0.035567	41.666724	11744.595858	0.000532	5.4
156	-0.032642	42.666718	11560.126967	0.000575	5.8
157	-0.031705	41.867485	11707.090578	0.000495	5.3
158	-0.033458	42.867485	11523.787819	0.000520	5.5
159	-0.031261	42.060436	11671.269585	0.000474	5.9
160	-0.036117	41.253386	11822.575214	0.000495	5.3
161	-0.034142	42.253356	11635.672571	0.000512	5.1
162	-0.033352	43.253342	11454.584544	0.000493	5.8
163	-0.033337	42.446296	11600.288677	0.000468	5.2
164	-0.030970	43.445500	11420.430383	0.000516	5.2
165	-0.034281	42.771203	11541.186457	0.000521	5.9
166	-0.033911	43.771196	11363.003839	0.000562	5.3
167	-0.034150	44.771196	11190.238182	0.000548	5.2
168	-0.033097	43.964197	11329.245676	0.000529	5.8
169	-0.033074	43.336343	11439.806961	0.000519	5.6
170	-0.033394	42.529693	11585.060651	0.000490	5.6
171	-0.031274	41.722673	11734.119480	0.000493	5.7
172	-0.034132	42.722673	11549.975955	0.000514	5.5
173	-0.033994	41.917156	11697.848240	0.000525	5.1
174	-0.033202	42.525029	11585.911126	0.000529	5.7
175	-0.033771	42.024591	11677.907579	0.000501	5.5
176	-0.034253	42.880325	11521.471565	0.000505	5.3
177	-0.032578	43.867869	11346.069452	0.000501	5.9
178	-0.034689	43.161715	11470.942528	0.000501	5.4
179	-0.034096	44.161715	11294.904457	0.000562	5.3
180	-0.032530	43.354665	11436.549963	0.000496	5.9
181	-0.032725	44.354665	11261.557869	0.000499	5.4
182	-0.034681	45.354661	11091.840929	0.000535	5.4
183	-0.035029	45.251237	11109.156272	0.000548	5.8
184	-0.033873	46.251236	10943.967542	0.000554	5.8
185	-0.033358	45.444790	11076.795354	0.000529	5.3
186	-0.033237	44.637741	11212.990154	0.000525	5.8
187	-0.031689	43.830693	11352.575676	0.000524	5.3
188	-0.033072	43.025690	11495.313022	0.000492	5.3
189	-0.033395	44.011546	11320.994373	0.000567	5.8
190	-0.033452	43.318957	11442.899144	0.000555	5.4
191	-0.031972	44.318957	11267.714184	0.000523	5.2
192	-0.032060	43.511908	11408.674292	0.000509	5.8
193	-0.032674	42.704858	11553.205879	0.000532	5.4
194	-0.032404	43.704766	11374.669763	0.000550	5.2
195	-0.034395	42.897751	11518.329485	0.000517	5.9
196	-0.034804	43.191279	11465.659517	0.000605	5.4
197	-0.033137	43.070752	11487.228050	0.000493	5.3
198	-0.034127	42.263703	11633.769648	0.000481	5.9
199	-0.034169	41.456653	11784.098388	0.000501	5.3
