1:ItNr	2:Metric	3a:Time	3b:StepSize	4:||Gradient||	Time[ms]
0	-0.211770	0.000000	197077.356083	0.000121	15.7
1	-0.212995	0.000000	197077.356083	0.000142	0.8
2	-0.218190	0.000000	197077.356083	0.000120	0.7
3	-0.213745	0.000000	197077.356083	0.000157	0.7
4	-0.217884	0.000000	197077.356083	0.000112	0.8
5	-0.219139	1.000000	188119.294443	0.000084	0.7
6	-0.212216	2.000000	179940.194685	0.000059	0.8
7	-0.214610	1.761037	181829.343232	0.000095	0.8
8	-0.215173	1.521605	183762.415114	0.000114	0.7
9	-0.211980	1.282172	185737.030569	0.000124	0.8
10	-0.213649	1.042739	187754.543360	0.000120	0.7
11	-0.217124	0.803307	189816.366717	0.000103	0.8
12	-0.216335	0.563874	191923.976634	0.000132	0.7
13	-0.219748	0.324441	194078.915400	0.000135	0.9
14	-0.226505	0.085009	196282.795353	0.000208	0.9
15	-0.230473	0.000000	197077.356083	0.000083	0.8
16	-0.224513	0.000000	197077.356083	0.000045	0.9
17	-0.227005	0.999990	188119.380825	0.000016	0.9
18	-0.229020	1.453155	184322.628288	0.000059	0.9
19	-0.223513	2.005180	179899.674453	0.000089	0.8
20	-0.225460	3.000631	172438.150567	0.000055	0.9
21	-0.221408	2.761199	174175.744800	0.000098	0.8
22	-0.220666	3.761199	167141.523790	0.000043	0.8
23	-0.233268	4.761176	160653.551890	0.000109	0.9
24	-0.230452	4.521744	162160.725752	0.000074	0.9
25	-0.229983	4.282311	163696.446582	0.000047	0.9
26	-0.216848	5.282311	157468.058463	0.000106	0.7
27	-0.220515	5.052350	158858.010715	0.000058	0.8
28	-0.213841	4.817308	160304.263888	0.000073	0.8
29	-0.225371	4.663177	161267.037178	0.000088	0.7
30	-0.228629	5.663177	155218.731729	0.000030	0.8
31	-0.219106	5.423745	156625.205461	0.000026	0.9
32	-0.225960	5.343034	157105.081725	0.000102	0.7
33	-0.222152	6.338832	151382.635558	0.000134	0.8
34	-0.215338	6.099400	152720.153938	0.000199	0.8
35	-0.217440	5.859967	154081.517885	0.000104	0.8
36	-0.235220	5.620534	155467.370820	0.000149	0.9
37	-0.221881	5.381102	156878.379523	0.000120	0.9
38	-0.226185	5.141669	158315.235202	0.000143	0.9
39	-0.244886	4.902236	159778.654622	0.000101	0.9
40	-0.229943	4.662804	161269.381300	0.000070	0.8
41	-0.236905	4.423371	162788.186052	0.000130	0.7
42	-0.249129	5.224348	157816.108262	0.000163	0.8
43	-0.237083	4.984915	159270.272285	0.000184	1.0
44	-0.229965	5.979016	153401.610422	0.000294	0.8
45	-0.237756	5.739583	154775.204150	0.000043	0.8
46	-0.247695	5.500151	156173.620223	0.000126	0.7
47	-0.240530	5.260719	157597.528907	0.000102	0.8
48	-0.246993	6.260719	151816.407475	0.000067	0.8
49	-0.243712	7.260719	146444.413735	0.000047	0.7
50	-0.247205	8.260714	141439.627237	0.000045	0.9
51	-0.237548	8.381865	140856.425345	0.000087	0.8
52	-0.242883	8.142450	142013.608938	0.000063	0.9
53	-0.252145	9.142449	137302.195245	0.000072	0.8
54	-0.236175	8.906846	138383.847832	0.000048	0.8
55	-0.247010	8.895586	138435.970840	0.000033	0.8
56	-0.247389	8.658333	139543.395737	0.000034	0.9
57	-0.235767	8.552162	140044.729020	0.000049	0.8
58	-0.243433	8.872478	138543.057038	0.000064	0.7
59	-0.244042	9.659819	134985.286095	0.000046	0.8
60	-0.238893	9.605730	135223.846395	0.000019	0.7
61	-0.239327	9.547055	135483.581915	0.000083	0.7
62	-0.236830	9.310340	136541.670544	0.000041	0.9
63	-0.244729	9.075670	137607.060245	0.000086	0.7
64	-0.232173	10.068413	133210.036345	0.000028	0.7
65	-0.243664	9.829370	134242.915556	0.000079	0.8
66	-0.236268	9.717013	134733.951074	0.000054	0.7
67	-0.235285	9.477582	135792.415897	0.000091	0.8
68	-0.241919	10.477582	131478.475382	0.000039	0.7
69	-0.237663	10.238149	132486.225147	0.000011	0.7
70	-0.235801	10.684133	130621.357721	0.000060	0.7
71	-0.245100	11.335130	127991.582524	0.000073	0.7
72	-0.241403	11.095704	128946.369781	0.000092	0.7
73	-0.245035	10.856275	129915.520251	0.000033	1.1
74	-0.222088	10.618451	130892.700264	0.000087	0.9
75	-0.238843	10.707922	130523.360699	0.000052	0.8
76	-0.246318	10.468590	131516.043193	0.000080	0.8
77	-0.234425	11.468590	127465.483828	0.000067	0.9
78	-0.238359	11.229157	128412.433765	0.000087	1.0
79	-0.240361	12.229157	124547.983214	0.000067	0.7
80	-0.241377	11.989724	125451.926395	0.000058	0.8
81	-0.239743	12.989721	121761.061368	0.000060	0.9
82	-0.246293	13.974769	118331.717364	0.000087	0.8
83	-0.244085	14.972929	115048.304894	0.000029	0.9
84	-0.242820	14.741822	115792.208282	0.000057	0.8
85	-0.243257	15.738215	112651.757470	0.000035	0.8
86	-0.243336	16.737885	109667.632811	0.000025	0.7
87	-0.242155	17.679410	106998.129457	0.000048	0.7
88	-0.239600	17.956701	106236.522527	0.000061	0.7
89	-0.236198	18.953972	103584.807778	0.000028	0.7
90	-0.230396	18.779607	104038.848836	0.000060	0.7
91	-0.226807	19.192016	102971.308027	0.000032	0.7
92	-0.246792	20.189336	100478.056769	0.000064	0.7
93	-0.232163	19.954822	101053.411346	0.000044	0.8
94	-0.242408	19.715407	101647.625780	0.000039	0.8
95	-0.239478	19.490160	102213.092625	0.000040	0.8
96	-0.243328	20.382311	100009.506341	0.000088	0.9
97	-0.237229	20.142882	100591.505387	0.000065	0.7
98	-0.243101	20.028613	100871.665037	0.000073	0.9
99	-0.229754	19.877756	101243.925383	0.000065	0.9
100	-0.239648	19.638323	101840.433767	0.000013	0.9
101	-0.241488	19.404773	102429.099682	0.000076	0.8
102	-0.228058	20.365923	100049.126671	0.000070	0.9
103	-0.231505	20.126490	100631.598556	0.000059	0.9
104	-0.238866	21.126490	98242.802437	0.000088	0.8
105	-0.245096	20.887058	98804.372893	0.000023	0.8
106	-0.245652	20.653049	99359.461526	0.000048	0.7
107	-0.244690	21.417702	97568.332331	0.000087	0.8
108	-0.240728	21.289069	97865.113103	0.000070	0.8
109	-0.234039	22.289069	95604.378109	0.000063	0.7
110	-0.240886	23.289069	93445.733084	0.000046	0.7
111	-0.238541	24.288888	91382.778844	0.000099	0.7
112	-0.245902	24.049456	91868.467742	0.000035	0.8
113	-0.232335	25.049456	89873.472203	0.000053	0.7
114	-0.242022	24.810071	90343.114183	0.000039	0.7
115	-0.233024	25.126568	89723.226196	0.000048	0.8
116	-0.248514	25.863739	88311.871516	0.000050	0.7
117	-0.245875	26.863642	86466.978446	0.000093	0.7
118	-0.240979	27.863642	84697.421930	0.000043	0.8
119	-0.234692	27.624288	85114.345827	0.000050	0.8
120	-0.235256	28.623410	83400.646890	0.000025	0.9
121	-0.240371	29.592485	81803.146077	0.000026	0.9
122	-0.251885	29.457707	82021.652034	0.000032	0.8
123	-0.235241	29.435293	82058.103993	0.000063	0.8
124	-0.238683	29.196647	82448.225828	0.000045	0.9
125	-0.232001	28.957247	82843.325339	0.000040	0.8
126	-0.244449	28.723400	83232.934867	0.000021	0.8
127	-0.235033	28.544800	83532.973614	0.000083	0.8
128	-0.236984	28.880376	82970.996132	0.000045	1.0
129	-0.245690	29.522563	81916.361030	0.000064	0.8
130	-0.235138	29.776213	81507.151314	0.000073	0.7
131	-0.237062	29.540229	81887.727034	0.000078	0.8
132	-0.249415	30.540215	80298.936667	0.000060	0.8
133	-0.244898	31.540214	78770.605931	0.000080	0.8
134	-0.240638	31.982191	78113.501770	0.000028	0.8
135	-0.240363	31.746083	78463.162574	0.000056	0.8
136	-0.243944	31.508377	78818.365875	0.000087	0.9
137	-0.234459	32.504644	77350.752110	0.000048	0.9
138	-0.254053	33.504571	75931.695566	0.000049	1.0
139	-0.227532	33.265142	76266.721346	0.000049	0.9
140	-0.239897	33.673691	75696.819169	0.000041	1.0
141	-0.236441	34.668826	74343.663991	0.000025	1.0
142	-0.241542	34.442262	74647.468570	0.000052	1.1
143	-0.228007	34.779710	74195.876298	0.000099	1.0
144	-0.234195	35.697127	72995.311640	0.000095	0.8
145	-0.246308	36.697127	71730.165263	0.000036	0.8
146	-0.242361	37.697127	70508.126969	0.000036	0.8
147	-0.236853	38.686898	69338.910236	0.000063	0.9
148	-0.243179	39.479659	68430.023410	0.000049	1.3
149	-0.242461	39.240227	68702.007215	0.000049	0.9
150	-0.248262	39.002564	68974.127253	0.000046	0.8
151	-0.249891	39.217577	68727.847701	0.000081	0.8
152	-0.246845	38.979203	69000.991870	0.000069	0.9
153	-0.239662	39.970300	67879.352218	0.000040	0.9
154	-0.236709	39.732240	68145.428314	0.000062	0.8
155	-0.240526	40.721938	67052.730987	0.000044	0.8
156	-0.243762	41.721729	65983.902870	0.000087	1.0
157	-0.250417	42.721697	64948.434375	0.000047	0.9
158	-0.249487	43.120972	64544.007152	0.000057	1.0
159	-0.234182	43.314760	64349.528277	0.000056	1.0
160	-0.242217	44.314755	63364.311524	0.000048	1.0
161	-0.240170	44.075360	63597.412264	0.000058	1.0
162	-0.245461	45.075354	62634.919352	0.000033	24.8
163	-0.227756	45.494462	62240.138171	0.000035	1.2
164	-0.239339	45.647421	62097.293747	0.000010	0.9
165	-0.239251	45.613327	62129.076674	0.000086	1.7
166	-0.242252	45.389692	62338.359695	0.000094	1.5
167	-0.227307	45.150370	62563.889908	0.000047	1.1
168	-0.232942	46.138039	61643.511769	0.000090	1.2
169	-0.233948	45.898607	61864.135657	0.000057	1.0
170	-0.248709	46.891429	60959.454573	0.000058	0.7
171	-0.241507	47.891419	60074.600423	0.000065	0.7
172	-0.236562	47.652934	60283.285897	0.000054	0.9
173	-0.247432	48.652825	59417.898288	0.000016	0.8
174	-0.246517	48.679577	59395.086235	0.000037	0.8
175	-0.242506	48.952479	59163.371111	0.000052	0.8
176	-0.239665	49.859953	58405.690513	0.000036	0.7
177	-0.246654	49.625038	58599.961274	0.000053	0.8
178	-0.245921	50.622856	57783.572493	0.000031	0.8
179	-0.245767	50.383515	57977.313843	0.000059	0.9
180	-0.248125	51.335175	57214.550072	0.000041	0.9
181	-0.236085	51.213283	57311.125155	0.000036	0.9
182	-0.240007	52.209712	56531.085250	0.000061	0.9
183	-0.234353	53.082492	55865.081811	0.000019	0.8
184	-0.233173	52.844617	56045.039867	0.000039	0.8
185	-0.248652	52.957887	55959.203825	0.000039	0.8
186	-0.241511	53.526488	55532.262214	0.000045	1.0
187	-0.241724	53.317143	55688.691989	0.000046	1.0
188	-0.243673	53.942025	55224.348285	0.000034	0.9
189	-0.243956	53.827518	55308.856763	0.000052	0.8
190	-0.241847	54.717737	54658.586743	0.000041	0.9
191	-0.238158	54.478502	54831.831480	0.000058	0.9
192	-0.245577	55.478364	54114.971369	0.000061	0.9
193	-0.250094	56.191160	53615.264824	0.000045	0.9
194	-0.236245	56.249481	53574.787128	0.000046	0.9
195	-0.248179	57.173698	52941.393209	0.000089	1.0
196	-0.245418	57.991693	52393.161050	0.000049	1.0
197	-0.236909	57.752300	52552.426845	0.000029	0.9
198	-0.231832	57.513072	52712.553434	0.000036	0.9
199	-0.245383	58.379583	52137.140589	0.000021	0.8
