1:ItNr	2:Metric	3a:Time	3b:StepSize	4:||Gradient||	Time[ms]
0	-0.182402	0.000000	68242.104302	0.000166	21.5
1	-0.173763	0.000000	68242.104302	0.000115	0.8
2	-0.181575	0.000000	68242.104302	0.000109	0.7
3	-0.179298	0.000000	68242.104302	0.000118	0.8
4	-0.172713	1.000000	65140.190470	0.000059	0.8
5	-0.167849	2.000000	62308.008406	0.000028	0.8
6	-0.171305	2.378691	61298.735938	0.000049	0.7
7	-0.178101	3.173758	59282.640579	0.000034	0.7
8	-0.187723	3.099401	59465.551477	0.000118	0.8
9	-0.179288	4.098625	57098.115341	0.000060	0.8
10	-0.168651	5.098625	54910.333918	0.000078	0.8
11	-0.179140	6.085937	52908.791629	0.000061	0.9
12	-0.176872	7.085833	51025.162478	0.000117	0.7
13	-0.183810	8.085819	49270.889680	0.000103	0.9
14	-0.175902	9.085819	47633.211500	0.000103	0.9
15	-0.176018	10.085819	46100.898338	0.000126	0.9
16	-0.176799	11.085819	44664.098546	0.000106	0.9
17	-0.176646	12.085819	43314.151662	0.000054	0.8
18	-0.173302	12.921195	42247.455654	0.000089	0.8
19	-0.175537	13.921150	41037.714214	0.000084	0.9
20	-0.174988	14.921150	39895.275473	0.000047	0.9
21	-0.191740	15.920563	38815.339668	0.000038	0.8
22	-0.170916	15.841258	38898.894278	0.000089	0.7
23	-0.176083	16.459222	38257.180202	0.000088	0.8
24	-0.175395	17.318172	37399.596650	0.000137	0.9
25	-0.179037	17.238296	37477.720890	0.000069	0.9
26	-0.173798	18.238296	36522.589690	0.000098	0.9
27	-0.191752	18.158422	36597.087526	0.000191	0.8
28	-0.176027	19.158422	35685.769653	0.000195	0.9
29	-0.180832	20.158422	34818.735202	0.000128	0.8
30	-0.178222	21.158422	33992.832958	0.000111	1.0
31	-0.178720	21.078546	34057.360342	0.000112	0.9
32	-0.184604	22.078546	33266.772826	0.000112	1.0
33	-0.178674	21.998669	33328.570635	0.000116	1.0
34	-0.186928	22.998669	32571.080214	0.000053	0.8
35	-0.170041	23.755395	32020.367370	0.000066	1.0
36	-0.176493	23.675526	32077.612076	0.000032	0.8
37	-0.186613	23.721194	32044.855278	0.000098	0.9
38	-0.174879	23.641657	32101.948807	0.000040	0.8
39	-0.179549	24.641022	31399.037914	0.000038	0.8
40	-0.181306	25.383930	30896.135881	0.000039	0.8
41	-0.182233	25.607340	30748.036295	0.000068	0.8
42	-0.190347	25.548144	30787.138932	0.000066	0.8
43	-0.183265	26.504478	30167.349751	0.000066	0.8
44	-0.175926	26.424628	30218.143045	0.000073	0.8
45	-0.178181	27.424611	29594.129206	0.000061	0.9
46	-0.189966	28.422705	28996.474185	0.000126	1.0
47	-0.180155	28.342829	29043.413389	0.000086	1.0
48	-0.183624	28.969565	28679.140609	0.000089	1.1
49	-0.181256	29.969514	28116.497194	0.000081	1.0
50	-0.173784	29.889734	28160.575145	0.000065	1.1
51	-0.172988	30.889683	27617.902014	0.000088	1.0
52	-0.177582	31.889679	27095.724802	0.000075	1.0
53	-0.181230	32.889679	26592.924947	0.000130	1.0
54	-0.176473	33.881454	26112.358357	0.000055	1.0
55	-0.186649	33.801593	26150.410977	0.000019	1.1
56	-0.186021	33.727355	26185.884338	0.000046	1.0
57	-0.185602	33.665112	26215.700309	0.000069	1.0
58	-0.178654	33.585321	26254.021619	0.000049	0.9
59	-0.177557	33.508538	26291.003949	0.000086	0.8
60	-0.183994	34.083949	26016.366154	0.000151	0.8
61	-0.182941	34.004073	26054.146785	0.000069	0.8
62	-0.179267	35.004073	25588.928006	0.000037	0.8
63	-0.185096	35.379512	25418.527650	0.000055	0.8
64	-0.185929	36.341200	24992.225328	0.000066	0.8
65	-0.179031	36.261326	25027.086852	0.000081	0.8
66	-0.181920	37.260699	24597.785697	0.000116	0.9
67	-0.185029	38.188794	24212.086231	0.000051	0.8
68	-0.175582	39.054073	23863.230748	0.000035	0.9
69	-0.174931	39.039022	23869.212905	0.000040	0.9
70	-0.176105	39.075914	23854.555034	0.000078	0.8
71	-0.176327	40.060049	23470.079313	0.000055	1.0
72	-0.170736	41.056671	23093.152784	0.000074	1.2
73	-0.182428	41.104828	23075.246013	0.000067	0.8
74	-0.182716	41.028195	23103.754669	0.000106	1.0
75	-0.178687	42.028194	22737.192704	0.000060	0.9
76	-0.179486	43.027440	22382.344010	0.000134	1.0
77	-0.179771	44.027260	22038.206752	0.000048	0.8
78	-0.184736	45.026978	21704.524835	0.000054	0.8
79	-0.178849	45.620834	21511.051597	0.000054	0.9
80	-0.188686	46.601796	21198.906920	0.000129	0.8
81	-0.173636	47.601210	20890.071745	0.000061	0.9
82	-0.181708	47.521333	20914.423570	0.000107	0.9
83	-0.181293	47.470613	20929.916179	0.000175	0.9
84	-0.172650	48.470613	20628.638915	0.000071	0.8
85	-0.170858	48.390737	20652.384698	0.000090	0.9
86	-0.179057	48.363080	20660.619298	0.000077	0.9
87	-0.174204	48.283204	20684.438794	0.000041	0.9
88	-0.180096	49.164433	20424.652939	0.000083	1.0
89	-0.180651	49.794035	20243.007547	0.000056	1.0
90	-0.172279	50.031991	20175.193994	0.000012	1.0
91	-0.175349	50.028615	20176.152947	0.000053	1.0
92	-0.180476	50.031807	20175.246250	0.000050	0.8
93	-0.170595	50.049123	20170.329098	0.000092	1.1
94	-0.177580	50.745155	19974.647763	0.000107	1.0
95	-0.184513	50.670239	19995.526967	0.000063	0.8
96	-0.179500	50.590363	20017.836761	0.000038	1.0
97	-0.171980	51.535271	19757.066728	0.000043	1.0
98	-0.172868	51.457388	19778.303109	0.000062	0.9
99	-0.159345	51.378406	19799.886029	0.000072	0.9
100	-0.175173	52.377802	19530.214241	0.000034	0.9
101	-0.188668	53.153880	19325.815283	0.000099	0.9
102	-0.173659	54.150724	19069.466268	0.000093	0.9
103	-0.170634	54.076321	19088.364610	0.000055	1.0
104	-0.183780	54.377083	19012.200267	0.000073	0.9
105	-0.180462	54.340045	19021.546725	0.000034	0.9
106	-0.191000	54.268422	19039.646945	0.000092	0.8
107	-0.185040	55.255244	18793.254204	0.000094	0.9
108	-0.179564	56.255244	18549.992347	0.000086	0.9
109	-0.180232	57.255244	18312.947631	0.000076	0.9
110	-0.187787	58.006898	18138.722326	0.000087	0.9
111	-0.173214	58.167921	18101.829338	0.000096	0.9
112	-0.175938	59.167921	17876.030477	0.000052	0.8
113	-0.176125	60.167096	17655.974565	0.000078	0.9
114	-0.178959	60.087378	17673.332560	0.000115	0.9
115	-0.186490	61.087373	17458.034478	0.000119	0.8
116	-0.173678	62.087337	17247.925385	0.000072	0.9
117	-0.182009	63.087337	17042.806208	0.000126	0.8
118	-0.171276	63.007476	17059.007838	0.000007	0.8
119	-0.174901	62.981808	17064.221702	0.000017	0.9
120	-0.185218	63.010215	17058.451636	0.000067	0.8
121	-0.183885	62.934603	17073.818674	0.000051	0.8
122	-0.178116	63.755304	16908.489703	0.000125	1.0
123	-0.182054	64.753440	16711.681577	0.000127	0.9
124	-0.170865	64.673564	16727.262398	0.000075	1.3
125	-0.176315	65.141755	16636.347746	0.000079	1.1
126	-0.186169	66.141752	16445.437025	0.000076	0.9
127	-0.182235	66.061897	16460.521130	0.000053	0.9
128	-0.175831	67.040109	16277.628596	0.000057	0.8
129	-0.180167	68.004351	16101.282449	0.000051	1.1
130	-0.182733	68.560414	16001.312790	0.000062	1.0
131	-0.180357	68.480562	16015.592128	0.000133	0.8
132	-0.187287	68.405200	16029.092133	0.000134	0.8
133	-0.171245	68.325324	16043.425616	0.000073	0.8
134	-0.189573	68.245448	16057.784757	0.000047	0.7
135	-0.178704	69.230180	15882.537144	0.000109	0.8
136	-0.184354	69.150304	15896.609595	0.000068	0.9
137	-0.176414	69.071084	15910.591070	0.000132	0.9
138	-0.180131	70.048482	15739.792321	0.000092	0.8
139	-0.168179	71.036762	15570.780147	0.000020	0.9
140	-0.173501	71.690053	15461.035328	0.000051	0.7
141	-0.179515	71.771521	15447.458171	0.000056	0.7
142	-0.183073	71.704148	15458.684600	0.000068	0.8
143	-0.180513	71.627445	15471.485730	0.000082	0.8
144	-0.170891	71.549367	15484.538010	0.000028	0.8
145	-0.179317	71.548543	15484.675926	0.000108	0.8
146	-0.182498	71.503719	15492.179190	0.000068	0.9
147	-0.177760	72.503711	15326.495261	0.000057	1.0
148	-0.181474	72.424126	15339.551473	0.000098	1.0
149	-0.172008	73.424113	15177.099904	0.000089	0.9
150	-0.181143	73.344236	15189.949540	0.000119	1.0
151	-0.175676	73.264360	15202.820953	0.000107	0.8
152	-0.178939	74.264360	15043.235344	0.000111	0.8
153	-0.177980	74.184484	15055.859213	0.000088	1.0
154	-0.193803	74.104608	15068.504288	0.000138	0.8
155	-0.175420	75.104608	14911.711553	0.000115	0.9
156	-0.180328	75.042796	14921.308519	0.000071	1.0
157	-0.181992	75.959898	14780.174216	0.000059	0.9
158	-0.179742	76.003397	14773.546473	0.000055	0.8
159	-0.182506	75.924114	14785.630988	0.000153	0.9
160	-0.172664	75.844238	14797.826035	0.000107	0.7
161	-0.177286	76.844238	14646.587431	0.000045	0.8
162	-0.173180	76.938785	14632.448084	0.000055	0.8
163	-0.175365	76.859248	14644.340874	0.000091	0.8
164	-0.176146	77.850596	14497.476423	0.000101	0.7
165	-0.179516	77.770720	14509.200579	0.000081	0.8
166	-0.172013	77.690844	14520.943714	0.000035	0.7
167	-0.171165	78.675472	14377.500874	0.000179	0.7
168	-0.182209	78.629164	14384.183700	0.000104	0.8
169	-0.172181	79.629164	14241.241205	0.000030	0.8
170	-0.180807	80.610324	14103.726212	0.000040	0.8
171	-0.173464	81.102778	14035.702215	0.000039	0.8
172	-0.170878	81.026740	14046.162645	0.000066	0.9
173	-0.172422	81.991727	13914.556327	0.000087	0.8
174	-0.172136	81.911853	13925.355979	0.000133	0.7
175	-0.181011	82.911853	13791.344742	0.000062	0.9
176	-0.174521	82.831994	13801.951881	0.000087	0.7
177	-0.178622	82.752119	13812.577616	0.000084	0.8
178	-0.175772	83.752044	13680.727741	0.000053	0.7
179	-0.176050	83.672191	13691.164596	0.000060	0.8
180	-0.180166	84.022551	13645.490252	0.000064	0.9
181	-0.177634	85.022032	13516.852741	0.000036	0.7
182	-0.186279	85.804087	13417.877787	0.000061	0.8
183	-0.182697	85.728614	13427.366205	0.000139	0.8
184	-0.182043	86.726857	13302.942610	0.000125	0.9
185	-0.182010	86.647153	13312.792284	0.000042	0.8
186	-0.181656	87.647150	13190.260348	0.000050	0.8
187	-0.169875	87.568470	13199.819298	0.000061	0.8
188	-0.170376	87.934904	13155.417974	0.000122	0.8
189	-0.182249	88.637356	13071.130466	0.000090	0.9
190	-0.185338	89.637356	12952.986551	0.000070	0.8
191	-0.172498	89.557512	12962.341164	0.000110	0.9
192	-0.176239	89.477705	12971.704878	0.000041	0.7
193	-0.177328	89.397833	12981.089810	0.000059	0.8
194	-0.176040	90.320716	12873.472652	0.000060	0.7
195	-0.177634	91.232480	12768.889963	0.000055	0.8
196	-0.179744	91.274033	12764.164181	0.000052	0.8
197	-0.175674	91.195422	12773.107580	0.000068	0.9
198	-0.172561	92.194165	12660.406972	0.000155	0.7
199	-0.183918	92.114288	12669.347180	0.000108	0.7
