1:ItNr	2:Metric	3a:Time	3b:StepSize	4:||Gradient||	Time[ms]
0	-0.157380	0.000000	394591.284577	0.000049	84.1
1	-0.163004	0.000000	394591.284577	0.000063	4.0
2	-0.157237	0.935068	377770.295616	0.000255	3.9
3	-0.160267	1.935068	361298.999258	0.000036	4.0
4	-0.157161	2.935068	346204.034618	0.000056	4.3
5	-0.161967	3.935064	332319.858708	0.000080	4.1
6	-0.159809	4.935064	319506.323430	0.000169	4.1
7	-0.159124	5.935064	307644.227155	0.000040	3.9
8	-0.150849	5.819312	308972.020774	0.000065	4.1
9	-0.160227	5.703560	310311.325613	0.000079	4.0
10	-0.154741	5.587807	311662.292006	0.000053	3.9
11	-0.157064	5.472055	313025.072925	0.000040	3.8
12	-0.155360	5.379485	314123.526365	0.000037	3.9
13	-0.156242	5.523784	312414.582356	0.000060	3.9
14	-0.156149	6.522591	301076.916827	0.000125	4.0
15	-0.158287	7.522591	290521.181827	0.000104	3.9
16	-0.160034	8.522591	280680.542250	0.000036	3.8
17	-0.152224	8.504218	280855.329944	0.000069	4.1
18	-0.157348	8.394260	281905.958547	0.000142	4.5
19	-0.156694	9.394260	272630.984894	0.000131	4.0
20	-0.158383	10.394260	263946.881912	0.000122	4.0
21	-0.154172	11.394260	255798.929658	0.000147	3.8
22	-0.156702	12.394260	248138.962603	0.000173	4.1
23	-0.157391	13.394260	240924.416796	0.000105	3.8
24	-0.155120	14.394260	234117.538552	0.000060	3.7
25	-0.159943	14.278508	234885.701203	0.000076	3.7
26	-0.156090	15.278508	228411.187315	0.000088	4.1
27	-0.162948	16.278508	222284.032487	0.000101	3.8
28	-0.159949	17.278508	216477.013172	0.000103	3.9
29	-0.160163	18.278508	210965.678174	0.000124	3.9
30	-0.159901	19.278508	205728.004507	0.000192	4.0
31	-0.155433	20.278508	200744.103274	0.000195	4.1
32	-0.160253	21.278508	195995.967281	0.000129	3.9
33	-0.162128	22.278508	191467.253642	0.000115	3.8
34	-0.160852	23.278508	187143.095842	0.000096	3.8
35	-0.159864	24.278508	183009.940707	0.000093	4.1
36	-0.158133	25.278508	179055.406507	0.000076	3.8
37	-0.162275	26.278508	175268.159068	0.000042	4.0
38	-0.162483	27.278507	171637.804018	0.000045	3.7
39	-0.161075	27.162774	172050.243469	0.000063	4.3
40	-0.154122	28.162772	168550.645323	0.000045	4.0
41	-0.159602	28.047020	168948.429021	0.000060	4.1
42	-0.159884	29.047020	165572.635248	0.000055	3.8
43	-0.160443	30.047020	162329.103397	0.000050	4.0
44	-0.161260	31.047020	159210.211156	0.000032	3.8
45	-0.162090	32.046937	156209.150874	0.000036	3.7
46	-0.159223	31.931187	156550.747960	0.000063	3.9
47	-0.164307	31.815476	156893.729904	0.000064	4.1
48	-0.157404	32.815476	153978.328192	0.000083	3.9
49	-0.161204	33.815476	151169.297964	0.000051	3.9
50	-0.157427	34.815476	148460.921906	0.000039	3.8
51	-0.158959	34.699723	148769.445605	0.000050	4.1
52	-0.162635	35.699720	146145.641719	0.000045	4.0
53	-0.157961	36.359923	144463.531274	0.000028	3.8
54	-0.157283	37.220044	142329.280324	0.000035	3.9
55	-0.165814	37.105898	142608.879132	0.000063	3.9
56	-0.160531	38.105898	140196.111129	0.000057	4.1
57	-0.155693	39.105810	137863.827049	0.000031	3.6
58	-0.159063	39.445687	137088.639677	0.000047	3.8
59	-0.161913	39.421816	137142.798384	0.000049	3.8
60	-0.162242	39.327334	137357.586925	0.000049	3.9
61	-0.164514	40.327328	135117.854181	0.000090	3.9
62	-0.159282	41.327328	132949.979217	0.000113	3.8
63	-0.161296	42.327328	130850.569954	0.000090	3.7
64	-0.167435	43.327328	128816.433393	0.000071	4.0
65	-0.160637	44.327328	126844.572043	0.000059	3.7
66	-0.159490	45.327328	124932.169182	0.000054	4.0
67	-0.160352	46.327328	123076.576182	0.000045	3.6
68	-0.159411	47.327328	121275.297332	0.000041	3.7
69	-0.160148	48.327245	119526.125723	0.000030	4.1
70	-0.158936	48.937249	118483.599255	0.000033	3.6
71	-0.162649	49.934184	116818.387575	0.000055	3.8
72	-0.164404	50.934110	115194.543020	0.000068	3.7
73	-0.157801	51.934110	113615.109991	0.000088	3.9
74	-0.163668	52.934110	112078.402382	0.000047	4.0
75	-0.161887	53.934110	110582.709676	0.000056	3.8
76	-0.162056	53.821751	110748.771467	0.000044	3.8
77	-0.160967	53.706002	110920.365175	0.000052	3.9
78	-0.162853	54.702437	109460.373463	0.000038	3.9
79	-0.163046	54.835508	109268.298976	0.000029	3.7
80	-0.161196	54.793461	109328.916158	0.000032	3.8
81	-0.162390	54.679448	109493.622854	0.000026	4.0
82	-0.162804	54.564211	109660.603707	0.000031	3.9
83	-0.166695	55.178076	108776.925974	0.000025	3.9
84	-0.159199	55.730436	107993.872661	0.000056	3.9
85	-0.161986	56.730146	106604.931960	0.000048	4.0
86	-0.159844	57.730145	105250.878962	0.000029	4.1
87	-0.159713	57.645027	105364.792212	0.000030	3.8
88	-0.162571	57.538091	105508.255912	0.000046	3.8
89	-0.156623	57.427154	105657.499261	0.000065	3.9
90	-0.160979	58.427154	104327.255210	0.000032	3.8
91	-0.159334	59.426809	103030.532096	0.000039	4.0
92	-0.155812	59.313150	103176.340860	0.000026	3.8
93	-0.158729	60.309842	101911.610779	0.000027	3.6
94	-0.161252	60.201731	102047.294819	0.000034	3.8
95	-0.164890	60.096658	102179.511878	0.000026	4.0
96	-0.159038	60.043859	102246.080658	0.000016	3.7
97	-0.159290	59.951478	102362.763160	0.000038	3.8
98	-0.165547	59.946625	102368.900273	0.000084	3.7
99	-0.160296	60.946625	101119.685917	0.000099	4.0
100	-0.161164	61.946625	99900.592482	0.000050	4.0
101	-0.161061	62.946625	98710.543537	0.000017	3.7
102	-0.160939	63.729468	97798.524781	0.000029	3.9
103	-0.161511	64.197957	97260.747321	0.000034	4.0
104	-0.165223	64.441679	96983.311467	0.000038	3.9
105	-0.163987	65.440923	95862.198913	0.000019	3.9
106	-0.162236	65.340893	95973.260585	0.000019	3.9
107	-0.165471	65.254172	96069.752857	0.000034	3.8
108	-0.161651	65.140079	96196.997745	0.000050	4.0
109	-0.157776	65.552873	95738.208619	0.000030	3.9
110	-0.160004	66.552728	94644.875043	0.000060	3.8
111	-0.157933	66.436975	94770.169371	0.000038	3.8
112	-0.159125	67.435680	93699.929892	0.000054	4.0
113	-0.160684	67.354971	93785.521255	0.000028	3.8
114	-0.161272	67.240199	93907.505859	0.000036	4.0
115	-0.160794	68.229191	92866.660242	0.000055	4.2
116	-0.164794	69.229175	91837.445677	0.000036	4.1
117	-0.159113	69.737146	91323.314850	0.000064	3.9
118	-0.161860	69.685761	91375.061638	0.000061	3.8
119	-0.156722	70.685761	90378.450377	0.000018	3.8
120	-0.159367	70.995035	90074.611170	0.000025	3.9
121	-0.165525	71.083017	89988.548085	0.000021	3.9
122	-0.163897	71.008250	90061.673639	0.000045	3.8
123	-0.160480	71.058738	90012.281088	0.000047	3.7
124	-0.164686	72.058738	89045.018091	0.000036	3.7
125	-0.160848	71.942987	89155.914063	0.000029	4.0
126	-0.165307	72.846664	88297.405983	0.000062	3.7
127	-0.157902	72.730912	88406.448120	0.000023	3.8
128	-0.163495	73.596848	87597.178727	0.000046	3.7
129	-0.161968	73.596344	87597.644963	0.000039	3.9
130	-0.160700	74.596097	86681.540676	0.000029	3.7
131	-0.163070	75.060584	86262.405161	0.000033	3.8
132	-0.162570	74.945383	86365.979115	0.000033	4.1
133	-0.163663	75.941994	85478.095403	0.000019	4.2
134	-0.161615	75.869023	85542.485477	0.000048	4.2
135	-0.160960	75.830588	85576.439407	0.000065	3.8
136	-0.162474	76.830588	84701.698277	0.000047	4.3
137	-0.164392	77.830588	83844.658977	0.000037	4.2
138	-0.159721	78.524977	83259.672292	0.000056	3.9
139	-0.161210	78.500725	83279.965485	0.000044	4.0
140	-0.164071	79.500725	82451.315109	0.000019	3.9
141	-0.156054	79.599328	82370.500487	0.000055	3.7
142	-0.164100	80.522057	81621.839047	0.000050	4.1
143	-0.168606	80.406305	81715.007910	0.000027	4.0
144	-0.167172	80.292535	81806.788475	0.000031	3.8
145	-0.165938	81.189554	81088.689070	0.000048	3.8
146	-0.158258	81.073803	81180.643114	0.000067	4.3
147	-0.156742	82.073803	80393.045870	0.000025	3.9
148	-0.162484	81.994980	80454.571494	0.000042	3.8
149	-0.164507	82.420328	80123.677237	0.000072	3.7
150	-0.162594	83.420328	79356.358483	0.000015	4.0
151	-0.160863	84.027963	78897.245482	0.000041	3.9
152	-0.163340	83.975013	78937.041962	0.000021	3.9
153	-0.160413	84.340243	78663.355754	0.000035	3.9
154	-0.162476	84.459466	78574.425797	0.000027	3.9
155	-0.158653	84.631050	78446.791791	0.000042	4.0
156	-0.158711	84.515426	78532.753883	0.000037	3.8
157	-0.160911	85.506189	77802.210638	0.000044	3.7
158	-0.159931	86.506176	77078.520271	0.000030	3.7
159	-0.157560	87.505854	76368.386365	0.000027	4.1
160	-0.162849	87.409911	76435.972432	0.000036	3.9
161	-0.161416	87.417341	76430.734013	0.000042	4.1
162	-0.163234	88.415826	75733.257898	0.000034	4.1
163	-0.164676	88.300074	75813.461555	0.000036	4.1
164	-0.161811	88.450146	75709.510737	0.000040	3.9
165	-0.166305	89.446091	75026.802073	0.000035	4.0
166	-0.166812	90.445337	74354.093059	0.000055	4.1
167	-0.161607	91.445335	73692.848005	0.000039	4.9
168	-0.162628	92.445333	73043.260438	0.000060	4.4
169	-0.165158	92.329580	73117.865159	0.000023	4.3
170	-0.164981	92.237723	73177.177528	0.000039	4.2
171	-0.166245	93.210162	72554.112530	0.000014	5.0
172	-0.161708	93.710163	72237.862152	0.000036	4.5
173	-0.162037	94.257670	71894.712012	0.000032	4.5
174	-0.158027	94.143583	71965.946806	0.000026	4.1
175	-0.160693	95.131391	71353.807718	0.000044	3.9
176	-0.166907	95.023889	71419.920999	0.000060	3.9
177	-0.156737	95.458537	71153.366841	0.000025	3.9
178	-0.162399	96.424165	70568.242449	0.000031	4.1
179	-0.161938	96.884279	70292.807982	0.000018	4.1
180	-0.161463	96.806915	70338.969426	0.000049	4.1
181	-0.161771	96.743973	70376.570433	0.000053	3.8
182	-0.162684	97.743964	69783.900316	0.000030	3.9
183	-0.165979	98.573059	69300.033442	0.000018	4.1
184	-0.161019	98.461101	69364.980651	0.000036	3.8
185	-0.161917	98.667685	69245.234835	0.000048	3.9
186	-0.162316	99.667623	68671.419891	0.000058	3.9
187	-0.159496	99.552907	68736.766335	0.000054	4.2
188	-0.159789	99.437155	68802.829068	0.000020	4.0
189	-0.168476	99.321775	68868.806000	0.000061	4.0
190	-0.163210	100.320199	68302.039289	0.000038	3.9
191	-0.159064	100.204446	68367.268859	0.000035	4.2
192	-0.162767	100.092977	68430.202714	0.000058	4.0
193	-0.165441	101.092976	67869.727058	0.000035	3.9
194	-0.157788	100.977224	67934.133098	0.000062	3.9
195	-0.159229	101.976296	67382.229241	0.000033	3.9
196	-0.158854	102.976293	66838.721876	0.000061	3.9
197	-0.160137	103.270666	66680.393996	0.000056	3.9
198	-0.161086	104.266679	66150.209020	0.000038	3.7
199	-0.162856	105.266678	65626.316300	0.000058	3.8
