1:ItNr	2:Metric	3a:Time	3b:StepSize	4:||Gradient||	Time[ms]
0	-0.037658	0.000000	27123.003374	0.000337	50.3
1	-0.035334	0.000000	27123.003374	0.000340	4.9
2	-0.037058	1.000000	25890.139584	0.000358	4.6
3	-0.036747	0.180927	26891.319001	0.000333	4.8
4	-0.035688	1.102878	25769.633856	0.000322	4.7
5	-0.036834	2.102444	24654.667102	0.000358	4.7
6	-0.037371	3.099114	23635.020789	0.000361	4.8
7	-0.037500	4.099114	22693.353297	0.000339	4.8
8	-0.037032	5.099114	21823.847092	0.000329	4.8
9	-0.036766	4.279971	22531.001683	0.000355	4.5
10	-0.039012	3.460828	23285.518562	0.000353	4.9
11	-0.039112	2.641729	24092.276267	0.000368	4.9
12	-0.038038	1.822587	24956.989612	0.000334	4.7
13	-0.038697	2.822587	23909.371472	0.000370	4.8
14	-0.036758	3.247492	23490.390653	0.000350	4.8
15	-0.040353	4.247492	22559.985797	0.000355	5.1
16	-0.037446	5.247492	21700.475661	0.000334	4.6
17	-0.036877	6.247492	20904.054682	0.000356	4.8
18	-0.036684	7.247492	20164.022455	0.000335	4.9
19	-0.038516	6.428350	20766.216795	0.000321	4.7
20	-0.039596	7.426883	20036.775591	0.000351	5.0
21	-0.038590	6.607913	20631.153026	0.000370	4.6
22	-0.035978	5.874286	21194.351823	0.000321	5.0
23	-0.037205	6.874286	20433.996865	0.000324	4.7
24	-0.038010	6.055143	21052.672630	0.000370	5.2
25	-0.037576	7.055143	20302.269326	0.000309	5.0
26	-0.035688	8.052729	19605.148583	0.000374	5.0
27	-0.038008	9.052729	18952.790239	0.000394	4.8
28	-0.039671	10.052729	18342.448065	0.000326	4.6
29	-0.036279	9.233586	18839.414731	0.000354	4.9
30	-0.035846	10.233586	18236.236798	0.000329	5.0
31	-0.036681	9.414444	18727.386975	0.000338	4.7
32	-0.041445	10.168344	18274.408928	0.000374	4.9
33	-0.037765	11.164299	17708.549171	0.000332	4.7
34	-0.035532	12.164299	17174.584948	0.000325	4.8
35	-0.034827	13.163989	16672.030736	0.000348	4.9
36	-0.038107	14.143223	16207.479505	0.000356	4.9
37	-0.037218	15.143223	15759.055767	0.000378	4.6
38	-0.038222	14.324294	16124.400860	0.000344	4.7
39	-0.038416	13.505813	16506.873051	0.000361	4.8
40	-0.037124	14.047586	16251.706101	0.000338	4.8
41	-0.036848	14.170400	16194.955830	0.000343	4.9
42	-0.037560	13.351257	16581.142041	0.000362	5.4
43	-0.038375	12.532114	16986.196233	0.000322	4.9
44	-0.037449	12.366406	17070.554857	0.000343	4.9
45	-0.037929	13.366393	16573.839354	0.000328	4.8
46	-0.036651	14.359220	16108.474031	0.000328	4.8
47	-0.035989	13.596700	16463.508840	0.000367	4.8
48	-0.036671	12.777568	16862.761206	0.000348	4.6
49	-0.037750	13.777568	16377.886560	0.000343	4.8
50	-0.037818	14.765173	15925.634605	0.000351	4.8
51	-0.035861	15.762811	15493.458083	0.000375	4.7
52	-0.037733	16.762802	15083.178235	0.000367	4.8
53	-0.035600	17.762802	14694.063480	0.000320	4.7
54	-0.038689	18.762699	14324.557433	0.000367	4.8
55	-0.038089	19.747360	13978.404330	0.000351	4.8
56	-0.039503	18.928228	14265.172753	0.000408	5.0
57	-0.039793	19.928228	13916.631576	0.000382	4.7
58	-0.037714	20.928228	13584.716010	0.000376	4.9
59	-0.037985	20.109085	13855.406113	0.000367	4.9
60	-0.037581	20.318357	13785.230288	0.000332	4.8
61	-0.037381	21.283655	13470.525918	0.000342	4.9
62	-0.039167	22.275110	13161.909232	0.000339	5.1
63	-0.038500	21.455968	13415.854177	0.000359	5.0
64	-0.037149	21.760708	13320.244305	0.000337	4.9
65	-0.038087	22.725713	13026.272944	0.000359	4.9
66	-0.036272	23.666625	12751.871702	0.000347	5.0
67	-0.038010	22.847482	12990.097561	0.000382	4.8
68	-0.037662	22.028340	13237.393482	0.000366	5.5
69	-0.037270	22.344025	13140.982527	0.000363	7.0
70	-0.037463	21.572223	13379.218317	0.000326	5.7
71	-0.037869	20.775304	13634.444524	0.000335	5.0
72	-0.039128	21.775100	13315.762539	0.000306	5.5
73	-0.038580	22.766077	13014.259109	0.000372	4.7
74	-0.037781	23.765575	12723.685020	0.000306	5.1
75	-0.037598	23.275856	12864.416836	0.000359	5.3
76	-0.037545	22.456714	13106.906056	0.000342	5.1
77	-0.038634	23.456713	12812.082340	0.000368	5.4
78	-0.037311	23.038969	12933.615091	0.000345	5.3
79	-0.037786	24.038933	12646.460086	0.000377	5.3
80	-0.040144	25.038933	12371.769563	0.000349	4.9
81	-0.037185	24.219790	12595.880424	0.000346	5.1
82	-0.037757	25.218967	12323.578525	0.000349	5.6
83	-0.036935	26.218919	12062.602878	0.000316	5.0
84	-0.039395	27.218836	11812.459919	0.000367	5.1
85	-0.036457	26.399693	12016.598195	0.000350	5.4
86	-0.037038	27.300742	11792.429068	0.000365	5.0
87	-0.037390	26.482047	11995.756535	0.000341	4.9
88	-0.036861	25.666699	12205.343125	0.000362	5.1
89	-0.037195	26.666698	11949.287258	0.000346	4.7
90	-0.036358	27.557065	11730.179198	0.000372	4.8
91	-0.035808	26.737922	11931.459261	0.000343	4.9
92	-0.036933	25.918800	12139.762016	0.000335	5.3
93	-0.037237	25.100939	12355.129363	0.000322	5.0
94	-0.037581	26.076480	12099.100756	0.000306	5.0
95	-0.037137	25.257337	12313.356276	0.000342	5.3
96	-0.037973	24.884021	12413.538671	0.000344	4.9
97	-0.038114	25.883746	12148.838750	0.000370	5.1
98	-0.036870	25.064603	12364.875214	0.000333	5.3
99	-0.036865	24.246035	12588.574105	0.000374	4.9
100	-0.037644	23.427038	12820.640234	0.000321	4.8
101	-0.038592	22.608698	13061.226138	0.000339	5.1
102	-0.037737	23.608696	12768.431363	0.000314	4.8
103	-0.037791	22.789553	13007.282142	0.000329	4.8
104	-0.038852	21.970410	13255.239319	0.000343	4.8
105	-0.035885	21.151275	13512.831277	0.000332	5.1
106	-0.037449	22.151274	13199.681337	0.000299	4.8
107	-0.037941	23.150761	12900.866370	0.000347	5.0
108	-0.037858	22.332182	13144.573951	0.000335	5.1
109	-0.038302	21.513074	13397.833178	0.000351	4.8
110	-0.039528	22.512815	13090.007420	0.000375	5.3
111	-0.036888	23.512815	12795.934636	0.000320	5.6
112	-0.037156	24.497828	12518.906757	0.000323	5.4
113	-0.038276	24.068601	12638.135117	0.000356	5.7
114	-0.036648	24.066734	12638.658664	0.000328	4.9
115	-0.039539	23.247595	12872.633457	0.000319	4.8
116	-0.037304	24.239893	12590.283281	0.000356	4.8
117	-0.036306	25.239262	12318.169547	0.000336	4.9
118	-0.036229	24.554321	12503.381941	0.000354	5.1
119	-0.036829	25.554321	12234.805754	0.000361	4.9
120	-0.038792	26.554321	11977.525154	0.000393	4.8
121	-0.038440	27.549885	11731.913843	0.000344	5.0
122	-0.037632	28.549885	11495.144095	0.000366	4.8
123	-0.039376	27.730746	11688.371547	0.000371	4.9
124	-0.036699	27.966703	11632.048581	0.000325	4.7
125	-0.038411	28.917316	11410.530676	0.000344	4.7
126	-0.040636	29.334486	11315.960795	0.000349	4.9
127	-0.035918	30.334486	11095.525039	0.000382	4.8
128	-0.037077	30.000599	11168.164352	0.000359	4.7
129	-0.036612	31.000599	10953.394437	0.000342	4.7
130	-0.037974	30.181475	11128.695797	0.000341	4.8
131	-0.037004	29.364459	11309.226522	0.000358	4.8
132	-0.037555	28.559879	11492.826093	0.000347	4.8
133	-0.038828	27.742697	11685.505778	0.000333	4.7
134	-0.036550	26.923554	11885.242588	0.000351	4.9
135	-0.038218	26.104412	12091.926224	0.000348	4.9
136	-0.035930	25.285273	12305.924343	0.000358	4.6
137	-0.040180	25.086332	12359.045368	0.000326	4.9
138	-0.038122	24.267190	12582.691248	0.000343	4.8
139	-0.037520	23.448047	12814.580428	0.000317	4.8
140	-0.038542	22.628909	13055.175689	0.000338	4.8
141	-0.037118	21.809766	13304.979741	0.000362	4.7
142	-0.036395	22.809762	13001.281947	0.000353	4.9
143	-0.037452	21.991284	13248.803479	0.000319	4.8
144	-0.036855	21.172141	13506.145449	0.000319	4.8
145	-0.036874	20.440982	13744.439608	0.000352	4.8
146	-0.039474	21.439595	13421.029913	0.000341	4.7
147	-0.038802	20.674933	13667.282350	0.000340	4.7
148	-0.036173	21.623316	13363.180694	0.000335	4.7
149	-0.037997	20.804174	13625.028847	0.000306	4.9
150	-0.039201	19.985031	13897.343894	0.000355	4.6
151	-0.040041	20.984951	13566.362638	0.000346	4.8
152	-0.037469	20.438915	13745.124990	0.000315	4.7
153	-0.037613	20.699918	13659.093453	0.000361	4.7
154	-0.039283	21.699909	13339.210505	0.000353	5.6
155	-0.037429	20.880789	13600.103690	0.000348	5.9
156	-0.038784	20.220507	13817.954194	0.000359	5.3
157	-0.039368	21.219359	13491.040386	0.000327	5.0
158	-0.039155	22.219358	13178.887701	0.000341	4.6
159	-0.037839	23.204954	12885.050639	0.000322	5.0
160	-0.036079	22.988756	12948.378753	0.000370	4.8
161	-0.036395	22.169696	13194.048563	0.000333	4.7
162	-0.036965	21.373727	13441.892305	0.000303	4.7
163	-0.039832	20.554633	13706.848658	0.000356	4.6
164	-0.037200	19.735519	13982.467495	0.000369	4.9
165	-0.038349	18.916475	14269.372837	0.000333	4.7
166	-0.038719	18.123018	14558.771216	0.000344	4.7
167	-0.036851	17.323598	14862.463432	0.000333	4.6
168	-0.039595	16.582045	15155.723028	0.000317	4.8
169	-0.037987	17.582045	14762.905000	0.000345	4.7
170	-0.038518	16.786973	15073.529988	0.000358	4.6
171	-0.037765	17.786973	14684.906505	0.000322	5.0
172	-0.037171	18.759398	14325.747006	0.000344	4.8
173	-0.037743	17.940258	14627.100759	0.000366	4.8
174	-0.036595	17.126215	14939.407855	0.000335	4.8
175	-0.038904	18.124426	14558.247338	0.000370	4.7
176	-0.037658	17.305283	14869.569504	0.000328	4.6
177	-0.037667	16.486141	15194.497404	0.000317	4.7
178	-0.037940	15.666998	15533.943327	0.000344	4.9
179	-0.041017	16.666998	15121.541381	0.000350	4.6
180	-0.039678	15.847897	15457.681735	0.000352	4.9
181	-0.039563	16.847619	15049.376566	0.000365	4.8
182	-0.041691	16.028482	15382.295877	0.000414	4.9
183	-0.036859	15.644048	15543.672211	0.000323	4.9
184	-0.035843	14.824906	15899.080721	0.000317	4.6
185	-0.038032	15.740996	15502.657239	0.000327	5.0
186	-0.037700	14.922045	15856.086871	0.000362	4.8
187	-0.038209	15.922045	15426.639222	0.000328	4.9
188	-0.040245	16.582149	15155.681236	0.000351	4.7
189	-0.037384	17.562811	14770.268323	0.000316	4.6
190	-0.037455	16.744033	15090.678464	0.000401	5.0
191	-0.039283	15.924891	15425.450444	0.000351	4.7
192	-0.037055	16.924891	15018.713610	0.000367	4.9
193	-0.038645	17.144752	14932.147634	0.000375	4.7
194	-0.037612	16.325610	15259.846436	0.000333	4.8
195	-0.036651	15.506467	15602.251350	0.000337	4.9
196	-0.037441	16.506467	15186.263051	0.000335	5.0
197	-0.038444	17.506379	14791.914726	0.000392	5.5
198	-0.036620	16.687236	15113.421209	0.000309	4.7
199	-0.039222	17.687236	14722.764685	0.000353	4.7
