1:ItNr	2:Metric	3a:Time	3b:StepSize	4:||Gradient||	Time[ms]
0	-0.022265	0.000000	207.820786	0.000506	77.4
1	-0.022073	0.000000	207.820786	0.000779	1.1
2	-0.021084	0.917370	199.122269	0.000500	1.1
3	-0.024658	1.912887	190.470826	0.000781	1.1
4	-0.022040	1.396769	194.860098	0.001055	1.1
5	-0.020351	0.418299	203.762048	0.000559	1.1
6	-0.020385	1.348539	195.280614	0.000749	1.1
7	-0.020836	2.343153	186.960029	0.000660	1.1
8	-0.021238	3.102283	181.071497	0.000292	1.0
9	-0.021630	2.492727	185.769683	0.000524	1.1
10	-0.020582	2.878578	182.767858	0.000722	1.0
11	-0.018602	1.925060	190.369689	0.000597	1.0
12	-0.018946	0.954856	198.782285	0.000789	1.1
13	-0.019291	1.951085	190.153819	0.001007	1.1
14	-0.022490	1.332746	195.418717	0.000779	1.0
15	-0.021321	1.989732	189.834159	0.000289	1.0
16	-0.023851	2.919270	182.456924	0.000412	1.1
17	-0.022265	2.474703	185.912320	0.001531	1.0
18	-0.021329	3.238483	180.054025	0.000792	1.0
19	-0.018530	2.269796	187.549412	0.000070	1.1
20	-0.023602	2.165362	188.394916	0.001003	1.0
21	-0.020510	2.524675	185.517402	0.001001	1.0
22	-0.021549	2.902071	182.588219	0.000773	1.1
23	-0.021085	3.859769	175.554185	0.000758	1.1
24	-0.021267	4.859076	168.770007	0.000999	1.3
25	-0.019449	3.970840	174.773315	0.001318	1.2
26	-0.023295	2.992339	181.901253	0.000721	1.1
27	-0.021153	3.992234	174.623707	0.000963	1.1
28	-0.021909	3.213878	180.236988	0.001124	1.2
29	-0.019932	3.933379	175.035902	0.000859	1.0
30	-0.020619	4.933378	168.286463	0.000959	1.1
31	-0.024340	3.991194	174.630973	0.001359	1.1
32	-0.022006	3.012379	181.749439	0.000637	1.0
33	-0.020644	4.012371	174.483116	0.000841	1.1
34	-0.021615	4.831826	168.948043	0.000761	1.1
35	-0.020621	5.827481	162.677834	0.000432	1.6
36	-0.022995	6.759726	157.214685	0.000994	2.3
37	-0.020936	5.880244	162.358514	0.000863	1.5
38	-0.021688	4.902024	168.490173	0.001212	1.3
39	-0.017567	4.115410	173.767284	0.000512	1.1
40	-0.020128	3.139434	180.792830	0.000444	1.1
41	-0.018802	3.046659	181.490349	0.000712	1.1
42	-0.023174	3.172915	180.542417	0.001312	1.1
43	-0.019781	2.194278	188.160049	0.000562	1.2
44	-0.022848	2.831375	183.129868	0.001011	1.3
45	-0.021711	1.857356	190.933566	0.000995	1.1
46	-0.027866	2.857352	182.930467	0.000929	1.3
47	-0.019061	2.230651	187.865438	0.000752	1.2
48	-0.020796	3.230558	180.112915	0.000167	1.1
49	-0.020807	2.787624	183.466684	0.000908	1.0
50	-0.021655	3.335062	179.339444	0.001149	1.2
51	-0.018853	4.335056	172.260782	0.001243	1.3
52	-0.022111	5.335056	165.719662	0.000471	1.2
53	-0.020967	4.358224	172.103398	0.000225	1.2
54	-0.024780	4.695294	169.845750	0.001226	1.1
55	-0.020259	5.668332	163.648648	0.000787	1.0
56	-0.018745	6.667968	157.736067	0.000704	1.1
57	-0.020880	5.823237	162.703573	0.000262	1.1
58	-0.022536	6.317334	159.760704	0.000464	1.1
59	-0.022611	6.455108	158.959002	0.000790	1.2
60	-0.022674	5.486706	164.770827	0.001109	1.1
61	-0.022000	4.507895	171.093560	0.001093	1.2
62	-0.020344	5.505059	164.656736	0.000314	1.0
63	-0.022756	4.568253	170.689663	0.001088	1.1
64	-0.021480	3.829412	175.768823	0.000403	1.3
65	-0.022266	4.819494	169.028741	0.001181	1.4
66	-0.018342	3.858138	175.565703	0.001204	1.0
67	-0.020569	2.879324	182.762148	0.000641	1.0
68	-0.019388	3.493485	178.179481	0.000536	1.2
69	-0.020064	4.482103	171.266734	0.000726	1.2
70	-0.017871	5.474095	164.849320	0.001542	1.2
71	-0.019509	6.474094	158.849149	0.000714	1.1
72	-0.020697	7.474094	153.270426	0.000593	1.1
73	-0.019638	7.812928	151.467996	0.000387	1.2
74	-0.019296	7.397644	153.683048	0.000668	1.1
75	-0.022575	7.023922	155.732538	0.000860	1.1
76	-0.019376	7.908497	150.967259	0.000652	1.1
77	-0.021816	6.931081	156.250183	0.000824	1.2
78	-0.023946	5.952631	161.922466	0.000909	1.3
79	-0.022349	4.976726	168.005639	0.000809	1.3
80	-0.018143	4.752198	169.470449	0.000196	1.1
81	-0.024089	5.324817	165.784117	0.000663	1.1
82	-0.025539	5.478463	164.822121	0.001069	1.2
83	-0.016483	6.473238	158.854102	0.001071	1.2
84	-0.021914	5.495865	164.713870	0.000691	1.3
85	-0.020427	5.570426	164.251659	0.000681	1.0
86	-0.017905	4.679358	169.951156	0.000930	1.1
87	-0.021911	5.590293	164.128934	0.000570	1.2
88	-0.022900	5.603566	164.047049	0.001921	1.1
89	-0.023020	5.062094	167.455328	0.001080	1.0
90	-0.019576	6.062094	161.267510	0.001246	1.0
91	-0.021287	5.083293	167.319232	0.000400	1.1
92	-0.023089	4.105395	173.836598	0.001304	1.2
93	-0.020961	3.130199	180.862019	0.000549	1.1
94	-0.018933	2.151413	188.508430	0.000364	1.2
95	-0.021050	1.285896	195.829530	0.000261	1.2
96	-0.023339	1.374594	195.053217	0.001806	1.2
97	-0.020184	0.397023	203.964659	0.000486	1.1
98	-0.019794	0.000000	207.820786	0.000523	1.3
99	-0.016871	0.000000	207.820786	0.000627	1.6
100	-0.022870	0.000000	207.820786	0.000413	1.1
101	-0.020012	0.000000	207.820786	0.000352	1.2
102	-0.024024	0.000000	207.820786	0.001277	1.3
103	-0.023339	0.998180	198.390797	0.001044	1.4
104	-0.024329	0.024426	207.579345	0.000843	1.5
105	-0.020213	0.937976	198.935239	0.000619	1.2
106	-0.018905	1.932096	190.311280	0.001302	1.2
107	-0.022782	2.931577	182.363094	0.000641	1.3
108	-0.021442	2.004391	189.713194	0.000925	1.4
109	-0.020514	2.989221	181.924895	0.000693	1.4
110	-0.022734	2.031373	189.490937	0.000352	1.3
111	-0.021430	2.953177	182.198647	0.000718	1.7
112	-0.019631	3.803496	175.952472	0.001448	1.3
113	-0.021639	4.404865	171.787431	0.000940	1.2
114	-0.017913	3.426824	178.665737	0.000623	1.1
115	-0.019056	2.533693	185.446307	0.000804	1.1
116	-0.019294	1.832489	191.141514	0.000531	1.1
117	-0.021401	1.811728	191.315475	0.000768	1.1
118	-0.022546	0.879328	199.468490	0.000570	1.1
119	-0.020209	1.870519	190.823680	0.000513	1.1
120	-0.027601	2.552054	185.301733	0.001569	1.1
121	-0.023957	1.918436	190.424708	0.001453	1.3
122	-0.019633	0.939630	198.920243	0.000550	1.1
123	-0.020031	0.000000	207.820786	0.001486	1.1
124	-0.021353	0.000000	207.820786	0.000990	1.2
125	-0.020810	0.000450	207.816337	0.000945	1.0
126	-0.020370	1.000428	198.370531	0.000791	1.2
127	-0.019570	0.039165	207.433924	0.000888	1.2
128	-0.019060	0.000000	207.820786	0.000957	1.1
129	-0.022602	0.000000	207.820786	0.001318	1.1
130	-0.019363	1.000000	198.374388	0.000494	1.1
131	-0.021419	1.084157	197.618436	0.000667	1.2
132	-0.025495	0.710043	201.023854	0.000786	1.1
133	-0.020369	0.511145	202.882573	0.000570	1.1
134	-0.017296	1.437817	194.503614	0.000983	1.1
135	-0.021290	2.436358	186.216500	0.000939	1.2
136	-0.020391	1.465468	194.264218	0.001254	1.1
137	-0.021891	2.396249	186.535739	0.000519	1.1
138	-0.021681	1.417610	194.678936	0.000737	1.2
139	-0.021275	0.448028	203.479616	0.000825	1.1
140	-0.020334	1.350896	195.260021	0.001205	1.1
141	-0.019814	0.388482	204.046104	0.000878	1.1
142	-0.021791	0.000000	207.820786	0.001181	1.0
143	-0.022191	0.000000	207.820786	0.001045	1.2
144	-0.022867	0.000000	207.820786	0.001603	1.1
145	-0.022647	0.000000	207.820786	0.001109	1.2
146	-0.019901	0.000000	207.820786	0.000443	1.3
147	-0.021049	0.958224	198.751802	0.000763	1.1
148	-0.021033	1.408452	194.758496	0.001456	1.3
149	-0.022522	0.439767	203.558022	0.000251	1.1
150	-0.019994	1.173262	196.824288	0.000475	1.2
151	-0.018367	0.664096	201.450199	0.000452	1.1
152	-0.022023	1.590477	193.189212	0.001512	1.1
153	-0.025026	0.611710	201.938511	0.000840	1.3
154	-0.018454	0.000000	207.820786	0.000498	1.1
155	-0.020227	0.000000	207.820786	0.000874	1.0
156	-0.018874	0.987851	198.483995	0.000582	1.1
157	-0.019839	1.023660	198.161270	0.000913	1.1
158	-0.023471	1.944259	190.210394	0.000439	1.1
159	-0.021489	1.055114	197.878665	0.001287	1.1
160	-0.021070	0.085763	206.975510	0.001092	1.1
161	-0.018618	1.085758	197.604109	0.000622	1.1
162	-0.020970	0.107064	206.766635	0.000739	1.2
163	-0.021634	1.097126	197.502454	0.000951	1.0
164	-0.022142	0.143348	206.411797	0.000682	1.1
165	-0.019724	1.139503	197.124412	0.000971	1.2
166	-0.020162	0.173789	206.115049	0.000720	1.3
167	-0.023371	0.972032	198.626892	0.000453	1.2
168	-0.026555	1.901196	190.568065	0.000846	1.1
169	-0.022834	0.949391	198.831779	0.000414	1.0
170	-0.021210	0.008604	207.735678	0.000832	1.1
171	-0.020964	0.000000	207.820786	0.001104	1.3
172	-0.021951	0.000000	207.820786	0.001349	1.3
173	-0.019968	0.000000	207.820786	0.001411	1.2
174	-0.018164	0.000000	207.820786	0.000322	1.1
175	-0.022867	0.996698	198.404170	0.000123	1.2
176	-0.021546	1.057467	197.857553	0.000801	1.2
177	-0.026159	0.533203	202.674751	0.000766	1.2
178	-0.021605	1.098749	197.487942	0.000863	1.3
179	-0.022533	0.121061	206.629602	0.001143	1.2
180	-0.022004	1.121060	197.288765	0.001249	1.2
181	-0.020223	0.142357	206.421473	0.001506	1.1
182	-0.018345	0.000000	207.820786	0.000797	1.3
183	-0.022814	1.000000	198.374391	0.001270	1.2
184	-0.020682	1.999993	189.749469	0.000592	1.1
185	-0.021958	1.042347	197.993281	0.000225	1.2
186	-0.018393	1.737518	191.939882	0.000314	1.1
187	-0.024421	2.087897	189.027024	0.000758	1.1
188	-0.022513	3.022825	181.670409	0.000945	1.1
189	-0.020828	2.349993	186.905258	0.000559	1.1
190	-0.020811	3.349112	179.235965	0.001345	1.2
191	-0.020957	2.377726	186.683538	0.000679	1.1
192	-0.020836	1.399426	194.836982	0.000396	1.2
193	-0.023621	1.557929	193.467959	0.000618	1.1
194	-0.020866	0.729894	200.840216	0.000648	1.0
195	-0.021113	0.000000	207.820786	0.000641	1.1
196	-0.020850	0.491336	203.069574	0.000585	1.2
197	-0.018961	1.483228	194.110765	0.000652	1.3
198	-0.020388	2.457180	186.051202	0.000345	1.3
199	-0.018801	3.233834	180.088569	0.001080	1.2
