1:ItNr	2:Metric	3a:Time	3b:StepSize	4:||Gradient||	Time[ms]
0	-0.072109	0.000000	6894.750013	0.001135	110.2
1	-0.070961	0.000000	6894.750013	0.000036	0.9
2	-0.072270	0.999809	6581.409553	0.000268	0.8
3	-0.074276	1.687581	6381.894515	0.000267	0.7
4	-0.074912	2.105280	6266.522286	0.000224	0.8
5	-0.068715	2.035787	6285.426813	0.000325	0.8
6	-0.066778	1.966289	6304.446895	0.000117	0.7
7	-0.071659	1.951520	6308.503663	0.000386	0.9
8	-0.068783	2.951518	6045.117820	0.000192	0.7
9	-0.074682	3.951518	5802.843336	0.000285	0.9
10	-0.074031	3.882021	5819.050949	0.000323	0.9
11	-0.078181	3.817820	5834.104219	0.000386	0.8
12	-0.071175	4.817820	5608.132230	0.000259	0.9
13	-0.074721	5.817820	5399.012616	0.000186	0.8
14	-0.065281	6.817350	5205.015932	0.000161	0.8
15	-0.073140	7.806931	5026.212259	0.000110	1.0
16	-0.073996	8.293830	4942.670607	0.000195	1.0
17	-0.072869	8.224707	4954.361052	0.000228	1.0
18	-0.076824	8.840041	4852.196842	0.000114	0.8
19	-0.074420	9.836923	4695.337216	0.000259	0.8
20	-0.072347	10.772748	4557.042134	0.000253	0.7
21	-0.071237	11.747170	4421.443203	0.000318	0.6
22	-0.073298	12.744556	4290.758831	0.000168	0.7
23	-0.074759	13.724332	4169.691409	0.000336	0.9
24	-0.076129	13.655164	4178.013735	0.000386	0.7
25	-0.069835	14.655164	4060.835403	0.000036	0.8
26	-0.070180	15.331790	3985.208308	0.000282	0.8
27	-0.072401	15.266370	3992.397095	0.000148	0.8
28	-0.080024	16.266310	3885.271943	0.000215	0.9
29	-0.074506	17.261251	3784.239864	0.000153	0.8
30	-0.073531	18.257621	3688.194683	0.000224	0.8
31	-0.073784	19.244062	3597.791613	0.000343	0.7
32	-0.073583	20.244062	3510.559866	0.000183	0.7
33	-0.074404	20.174565	3516.485241	0.000186	0.7
34	-0.077421	21.075884	3441.157694	0.000345	0.7
35	-0.074704	21.676068	3392.762213	0.000113	0.8
36	-0.072972	22.658661	3316.403820	0.000128	0.7
37	-0.065261	22.591013	3321.550490	0.000311	0.8
38	-0.072190	22.605408	3320.453946	0.000305	0.9
39	-0.077162	23.605408	3246.013333	0.000332	0.7
40	-0.077162	23.535911	3251.078671	0.000270	0.7
41	-0.072383	24.535911	3179.682742	0.000197	0.7
42	-0.076830	25.535911	3111.355237	0.000149	0.6
43	-0.077146	25.467164	3115.958378	0.000206	0.8
44	-0.071836	26.466042	3050.385979	0.000402	0.6
45	-0.072299	27.466042	2987.447356	0.000194	0.7
46	-0.068135	28.466042	2927.053464	0.000124	0.7
47	-0.067583	28.396687	2931.163195	0.000226	0.7
48	-0.070972	29.217742	2883.238938	0.000228	0.8
49	-0.072133	29.148250	2887.234374	0.000193	0.8
50	-0.081102	29.085728	2890.838484	0.000171	1.0
51	-0.075883	29.016234	2894.855116	0.000331	0.8
52	-0.073302	30.016234	2838.111329	0.000228	0.7
53	-0.069690	29.946740	2841.982622	0.000336	0.8
54	-0.079656	29.879611	2845.732259	0.000239	0.8
55	-0.072429	29.810180	2849.620871	0.000211	0.8
56	-0.067053	30.810098	2794.624138	0.000239	0.7
57	-0.072335	31.785140	2743.002104	0.000330	0.7
58	-0.075440	31.715730	2746.613791	0.000365	0.8
59	-0.079923	32.715730	2695.481400	0.000415	1.0
60	-0.074598	33.715730	2646.218027	0.000169	0.7
61	-0.071106	33.646434	2649.573612	0.000232	0.7
62	-0.068643	33.576938	2652.947500	0.000285	0.8
63	-0.073324	34.569164	2605.577245	0.000416	0.7
64	-0.073876	34.499667	2608.839982	0.000268	0.7
65	-0.080028	34.430170	2612.110900	0.000487	0.8
66	-0.077465	34.360672	2615.390031	0.000268	0.7
67	-0.078278	34.291175	2618.677405	0.000216	0.7
68	-0.074216	34.221691	2621.972407	0.000183	0.7
69	-0.066846	34.152433	2625.264976	0.000241	0.8
70	-0.071300	34.163114	2624.756663	0.000324	0.8
71	-0.072107	34.093617	2628.067629	0.000318	0.8
72	-0.071858	35.093614	2581.216291	0.000169	0.9
73	-0.077037	35.838168	2547.403530	0.000407	0.7
74	-0.068452	35.768671	2550.522114	0.000366	0.6
75	-0.070915	36.768671	2506.371503	0.000273	0.7
76	-0.075931	37.740986	2464.884577	0.000226	0.8
77	-0.074553	38.360740	2439.150030	0.000254	0.7
78	-0.073950	38.291289	2442.007109	0.000280	0.7
79	-0.075709	38.714853	2424.685709	0.000225	0.7
80	-0.073397	39.714848	2384.750262	0.000256	0.8
81	-0.077055	40.714446	2346.124130	0.000094	0.7
82	-0.079482	40.646357	2348.715421	0.000300	0.7
83	-0.071303	41.622416	2312.107374	0.000135	0.7
84	-0.079997	42.620292	2275.842285	0.000123	0.8
85	-0.074276	43.026575	2261.400841	0.000170	0.9
86	-0.071029	42.957486	2263.843668	0.000041	0.8
87	-0.076865	42.963630	2263.626224	0.000311	0.7
88	-0.077914	43.797727	2234.488101	0.000362	0.7
89	-0.067175	44.665713	2204.952066	0.000239	0.7
90	-0.077715	45.661310	2172.020791	0.000238	0.7
91	-0.073200	45.591841	2174.286648	0.000298	0.8
92	-0.070671	46.537875	2143.830395	0.000212	0.9
93	-0.077154	46.468499	2146.034855	0.000247	0.8
94	-0.068370	47.468499	2114.691467	0.000153	0.7
95	-0.076398	48.468324	2084.255712	0.000382	0.8
96	-0.074346	49.468315	2054.678760	0.000265	0.7
97	-0.070389	49.399289	2056.693366	0.000163	0.8
98	-0.077296	50.360704	2028.984340	0.000178	0.8
99	-0.076944	50.302726	2030.634143	0.000241	0.7
100	-0.069640	51.302659	2002.550836	0.000077	0.8
101	-0.075146	51.705572	1991.453275	0.000095	0.7
102	-0.071968	52.117465	1980.234812	0.000144	0.8
103	-0.075663	52.803933	1961.816193	0.000396	0.8
104	-0.072155	53.803932	1935.590088	0.000175	0.8
105	-0.069104	54.803619	1910.063812	0.000198	0.7
106	-0.073209	54.741684	1911.625698	0.000251	0.7
107	-0.074241	55.739927	1886.759023	0.000187	0.7
108	-0.074273	56.737240	1862.553263	0.000394	0.7
109	-0.069842	57.737240	1838.897960	0.000179	0.7
110	-0.069066	58.681119	1817.114922	0.000171	0.7
111	-0.071050	58.611626	1818.701085	0.000162	0.7
112	-0.076343	58.542135	1820.289962	0.000283	0.9
113	-0.075895	59.541796	1797.697063	0.000399	0.8
114	-0.075685	59.656570	1795.138938	0.000182	0.8
115	-0.071645	60.656570	1773.154928	0.000313	0.7
116	-0.073911	61.656570	1751.702854	0.000196	0.9
117	-0.069178	61.587081	1753.176751	0.000172	0.8
118	-0.081753	61.533563	1754.313575	0.000240	0.7
119	-0.073261	62.403349	1736.018421	0.000220	0.8
120	-0.070303	63.402241	1715.472812	0.000157	0.7
121	-0.073092	63.332765	1716.886088	0.000252	0.7
122	-0.070819	64.325628	1696.908106	0.000260	0.7
123	-0.070846	65.325628	1677.251046	0.000061	0.7
124	-0.077884	65.283816	1678.063820	0.000173	0.7
125	-0.084336	65.453713	1674.766134	0.000270	0.9
126	-0.071932	66.453442	1655.620946	0.000262	0.8
127	-0.069403	66.383945	1656.937679	0.000263	0.9
128	-0.076726	66.314447	1658.256508	0.000282	0.9
129	-0.077419	67.314447	1639.479779	0.000170	0.9
130	-0.072744	67.244966	1640.770649	0.000160	0.8
131	-0.068222	67.185882	1641.869950	0.000240	0.8
132	-0.078137	67.174069	1642.089926	0.000269	0.7
133	-0.074600	67.104588	1643.384907	0.000296	0.9
134	-0.068996	68.104588	1624.941582	0.000149	1.0
135	-0.070866	69.028197	1608.271126	0.000070	0.8
136	-0.077787	69.047338	1607.929262	0.000168	0.9
137	-0.072436	69.001726	1608.744154	0.000288	0.8
138	-0.071962	70.001724	1591.066006	0.000175	0.7
139	-0.068234	71.001688	1573.772764	0.000224	0.8
140	-0.071227	72.001676	1556.850977	0.000284	0.7
141	-0.072726	72.998776	1540.336556	0.000214	0.8
142	-0.072673	72.929290	1541.476051	0.000239	0.7
143	-0.076328	73.928998	1525.242588	0.000197	0.7
144	-0.077478	74.916563	1509.538564	0.000137	0.8
145	-0.073689	74.848057	1510.617480	0.000351	0.9
146	-0.079733	75.679326	1497.628869	0.000307	0.8
147	-0.069294	76.679326	1482.296773	0.000222	0.9
148	-0.072562	77.679325	1467.275438	0.000157	0.9
149	-0.077632	77.609893	1468.308556	0.000328	0.7
150	-0.073335	77.540396	1469.344107	0.000347	0.8
151	-0.074369	78.539532	1454.595446	0.000144	0.9
152	-0.069588	78.470035	1455.611738	0.000232	0.8
153	-0.071441	78.400538	1456.629441	0.000442	0.7
154	-0.069353	79.400538	1442.121258	0.000242	0.8
155	-0.067437	80.390897	1428.035013	0.000116	0.8
156	-0.081884	80.338531	1428.772929	0.000196	0.9
157	-0.072607	80.271924	1429.712643	0.000134	0.7
158	-0.081964	80.221959	1430.418384	0.000273	0.8
159	-0.073926	80.205691	1430.648310	0.000154	0.7
160	-0.070218	80.357707	1428.502625	0.000168	0.7
161	-0.076814	80.294073	1429.400022	0.000206	0.6
162	-0.075641	80.224622	1430.380739	0.000203	0.6
163	-0.071036	80.166897	1431.196907	0.000072	0.7
164	-0.078357	80.372763	1428.290461	0.000237	0.7
165	-0.072993	80.317907	1429.063767	0.000109	0.7
166	-0.071837	80.568867	1425.532793	0.000291	0.9
167	-0.080316	80.501177	1426.483461	0.000211	0.7
168	-0.071523	81.463369	1413.087928	0.000079	0.8
169	-0.075058	81.414992	1413.755421	0.000156	0.7
170	-0.076553	81.367037	1414.417706	0.000304	0.8
171	-0.074479	82.274784	1401.985505	0.000060	0.7
172	-0.077051	83.200341	1389.532406	0.000129	0.7
173	-0.070767	83.325784	1387.861604	0.000320	0.6
174	-0.067843	84.061107	1378.147960	0.000158	0.8
175	-0.073780	85.060818	1365.157780	0.000217	0.8
176	-0.074766	85.071906	1365.015066	0.000221	0.8
177	-0.078967	86.071906	1352.266491	0.000195	0.8
178	-0.075734	87.071887	1339.754069	0.000121	0.8
179	-0.074520	87.939643	1329.082289	0.000155	0.7
180	-0.069440	87.903279	1329.526091	0.000239	0.7
181	-0.077195	88.898204	1317.489688	0.000250	0.8
182	-0.077151	88.829798	1318.310264	0.000049	0.6
183	-0.073868	88.805737	1318.599141	0.000164	0.7
184	-0.073810	88.749948	1319.269424	0.000121	0.7
185	-0.067911	89.722957	1307.675976	0.000252	0.8
186	-0.073088	89.662252	1308.393315	0.000264	0.8
187	-0.074994	89.623605	1308.850410	0.000224	0.8
188	-0.075667	90.623605	1297.124840	0.000351	0.9
189	-0.067072	91.623605	1285.607496	0.000246	0.8
190	-0.072617	92.623435	1274.294777	0.000200	0.7
191	-0.076299	92.553988	1275.074115	0.000138	0.7
192	-0.079139	93.546852	1264.022076	0.000252	0.7
193	-0.070642	93.492039	1264.627228	0.000097	0.8
194	-0.069605	93.422612	1265.394554	0.000368	0.7
195	-0.071636	94.226581	1256.565533	0.000180	0.7
196	-0.076123	94.157084	1257.323871	0.000075	0.6
197	-0.070619	94.088366	1258.074599	0.000206	0.7
198	-0.068344	94.948614	1248.740672	0.000191	0.8
199	-0.075406	94.879210	1249.488583	0.000232	0.9
