1:ItNr	2:Metric	3a:Time	3b:StepSize	4:||Gradient||	Time[ms]
0	-0.993941	0.000000	475539.348201	0.000220	75.6
1	-0.992303	0.000000	475539.348201	0.000319	4.7
2	-0.976305	0.000000	475539.348201	0.000216	4.4
3	-0.983527	0.000000	475539.348201	0.000341	4.0
4	-1.006711	0.000000	475539.348201	0.000121	3.8
5	-1.017748	0.000000	475539.348201	0.000087	3.7
6	-1.018776	0.000000	475539.348201	0.000015	4.1
7	-1.010666	1.000000	453923.923284	0.000024	3.5
8	-1.013938	0.986794	454196.557396	0.000012	3.9
9	-1.011884	0.973589	454469.519188	0.000012	3.8
10	-1.016556	0.960384	454742.794729	0.000015	4.1
11	-1.015272	0.947178	455016.411785	0.000013	3.6
12	-1.015262	0.942690	455109.491395	0.000011	4.0
13	-1.009456	0.929772	455377.577408	0.000013	3.8
14	-1.014673	0.916597	455651.314725	0.000013	3.9
15	-1.013837	0.903392	455926.024985	0.000021	4.0
16	-1.017726	0.951766	454921.308156	0.000016	3.9
17	-1.015014	1.115308	451557.188006	0.000016	3.6
18	-1.010773	1.348586	446843.758976	0.000025	4.3
19	-1.013586	2.346318	427747.369243	0.000014	3.9
20	-1.014400	3.331952	410420.273399	0.000014	3.9
21	-1.013938	3.320004	410621.898055	0.000010	3.9
22	-1.011101	3.306815	410844.702746	0.000013	3.8
23	-1.020686	3.293630	411067.684313	0.000015	3.7
24	-1.012453	3.280426	411291.229141	0.000014	3.7
25	-1.014601	3.268151	411499.264101	0.000015	3.8
26	-1.014811	3.255108	411720.544917	0.000017	4.0
27	-1.013656	3.247315	411852.873583	0.000016	3.7
28	-1.018962	3.845614	401935.186580	0.000017	3.8
29	-1.014158	3.832408	402148.931710	0.000011	3.8
30	-1.010243	3.819262	402361.930346	0.000022	3.7
31	-1.013473	3.806081	402575.735988	0.000010	4.1
32	-1.014898	3.792940	402789.111019	0.000010	3.8
33	-1.015470	3.779768	403003.222824	0.000010	3.8
34	-1.018099	3.766683	403216.134597	0.000011	3.8
35	-1.021267	3.753575	403429.665421	0.000017	4.0
36	-1.016500	3.741513	403626.332085	0.000012	4.1
37	-1.016727	3.756505	403381.917861	0.000009	3.7
38	-1.012289	3.743352	403596.338401	0.000012	4.0
39	-1.013940	3.730189	403811.164824	0.000020	3.7
40	-1.023058	3.728966	403831.125548	0.000014	4.2
41	-1.021522	3.978760	399792.722772	0.000017	3.6
42	-1.019066	3.968095	399963.492523	0.000011	3.8
43	-1.021904	3.991024	399596.527974	0.000011	3.9
44	-1.017679	3.977828	399807.640042	0.000015	4.7
45	-1.015186	3.965084	400011.723048	0.000015	4.4
46	-1.016258	3.951879	400223.426552	0.000019	4.1
47	-1.020075	4.589704	390247.822365	0.000013	3.8
48	-1.016917	4.576499	390449.314584	0.000015	4.2
49	-1.016535	4.612958	389893.516368	0.000016	3.9
50	-1.013239	4.822379	386731.465618	0.000012	3.8
51	-1.016134	4.809177	386929.279057	0.000018	3.6
52	-1.012356	4.991673	384212.518893	0.000011	4.0
53	-1.017186	4.979278	384395.837288	0.000012	3.6
54	-1.013927	4.967279	384573.454426	0.000020	3.9
55	-1.019992	4.954947	384756.184843	0.000036	3.7
56	-1.017695	5.954947	370482.137576	0.000017	3.9
57	-1.020647	6.954947	357229.308297	0.000020	3.8
58	-1.016858	6.941741	357398.139476	0.000022	3.6
59	-1.019478	7.941696	345049.801580	0.000015	4.0
60	-1.019592	8.940649	333537.404886	0.000014	3.7
61	-1.019173	8.927443	333684.576699	0.000013	4.1
62	-1.024377	8.914244	333831.812364	0.000012	3.8
63	-1.023317	8.901485	333974.256763	0.000012	3.8
64	-1.020740	8.888859	334115.345224	0.000011	3.9
65	-1.013706	8.875659	334262.965611	0.000009	3.6
66	-1.017850	8.862527	334409.955908	0.000021	4.1
67	-1.015772	8.849337	334557.727272	0.000014	3.9
68	-1.014890	9.009763	332769.254497	0.000012	3.7
69	-1.016001	9.018982	332667.054672	0.000016	3.6
70	-1.017209	9.012445	332739.508482	0.000010	4.5
71	-1.022812	9.000701	332869.767551	0.000015	3.8
72	-1.015449	8.987726	333013.786624	0.000012	4.2
73	-1.024414	8.982410	333072.831959	0.000011	4.4
74	-1.018690	8.969207	333219.571105	0.000010	3.6
75	-1.017866	8.956058	333365.830699	0.000011	3.9
76	-1.018765	8.942861	333512.757887	0.000014	3.8
77	-1.018109	8.938835	333557.609769	0.000021	3.8
78	-1.016558	8.925630	333704.802577	0.000016	3.8
79	-1.015808	9.924508	322925.954518	0.000012	3.7
80	-1.016678	9.911306	323063.877361	0.000016	3.8
81	-1.023589	10.148962	320599.010573	0.000012	4.0
82	-1.019659	10.142490	320665.638582	0.000010	3.8
83	-1.017028	10.129290	320801.610177	0.000009	4.0
84	-1.018522	10.116160	320936.973889	0.000011	3.8
85	-1.016440	10.103011	321072.651874	0.000010	4.0
86	-1.023708	10.090292	321204.009298	0.000013	3.6
87	-1.016353	10.077514	321336.070070	0.000021	3.7
88	-1.016515	11.056073	311526.813999	0.000018	3.7
89	-1.017230	12.056070	302102.651859	0.000015	3.6
90	-1.021421	12.828778	295202.099264	0.000010	4.1
91	-1.016941	12.816618	295308.251542	0.000014	4.0
92	-1.017292	12.803419	295423.561191	0.000010	3.9
93	-1.019885	12.790240	295538.783935	0.000009	3.8
94	-1.010613	12.777106	295653.698184	0.000011	4.2
95	-1.015438	12.763960	295768.810898	0.000011	4.0
96	-1.020698	12.750761	295884.475394	0.000009	3.7
97	-1.017173	12.737619	295999.733723	0.000010	3.8
98	-1.020682	12.724455	296115.279115	0.000015	3.9
99	-1.021589	12.711251	296231.257822	0.000021	3.6
100	-1.020087	12.698070	296347.126568	0.000023	3.9
101	-1.016840	12.839633	295107.407221	0.000016	3.5
102	-1.024660	13.839618	286637.080817	0.000016	4.0
103	-1.015557	14.027399	285100.426455	0.000012	3.8
104	-1.020707	14.014193	285207.951677	0.000017	3.9
105	-1.015416	14.001000	285315.456749	0.000011	3.9
106	-1.015575	14.037203	285020.647479	0.000013	3.5
107	-1.018521	14.023998	285128.104790	0.000009	3.6
108	-1.022964	14.010816	285235.461351	0.000010	3.4
109	-1.015227	13.997820	285341.384337	0.000010	3.7
110	-1.022352	13.984628	285448.976871	0.000022	3.8
111	-1.021591	13.971427	285556.731997	0.000028	3.7
112	-1.018573	14.971427	277618.299789	0.000012	3.7
113	-1.015713	15.971255	270110.557086	0.000010	3.7
114	-1.019250	15.959242	270198.350777	0.000009	3.7
115	-1.018753	15.946090	270294.535527	0.000014	3.7
116	-1.022601	15.934049	270382.658954	0.000009	3.6
117	-1.013305	15.920907	270478.899199	0.000015	3.8
118	-1.015330	15.907831	270574.728356	0.000012	3.7
119	-1.021266	15.970951	270112.782388	0.000011	3.9
120	-1.027035	15.958049	270207.074452	0.000011	3.7
121	-1.021617	15.945008	270302.450927	0.000012	3.8
122	-1.017042	15.931994	270397.701141	0.000013	3.5
123	-1.016789	15.925316	270446.604959	0.000009	4.0
124	-1.016999	15.912128	270543.230752	0.000010	3.9
125	-1.021215	15.898990	270639.559705	0.000015	3.8
126	-1.021506	15.889707	270707.660875	0.000011	3.7
127	-1.020579	15.876575	270804.063461	0.000009	4.0
128	-1.022140	15.863500	270900.112238	0.000020	3.7
129	-1.019690	15.852118	270983.778381	0.000011	3.6
130	-1.020300	15.856542	270951.253314	0.000016	3.7
131	-1.025840	15.843346	271048.297606	0.000009	3.5
132	-1.014244	15.830162	271145.327916	0.000010	3.8
133	-1.016064	15.816979	271242.414968	0.000019	3.7
134	-1.025133	15.806437	271320.103465	0.000009	3.8
135	-1.023816	15.798508	271378.564042	0.000010	3.9
136	-1.018019	15.785510	271474.452772	0.000011	3.7
137	-1.013959	15.772784	271568.405911	0.000009	3.7
138	-1.015902	15.760027	271662.645530	0.000009	3.8
139	-1.015544	15.746924	271759.519970	0.000013	4.1
140	-1.017685	15.733763	271856.881783	0.000011	3.9
141	-1.018149	15.720567	271954.574997	0.000010	3.7
142	-1.020132	15.707842	272048.854092	0.000010	3.8
143	-1.015662	15.694653	272146.633108	0.000012	3.6
144	-1.018031	15.682467	272237.039622	0.000016	3.8
145	-1.017327	15.732002	271869.914618	0.000011	3.9
146	-1.024925	15.718797	271967.689471	0.000009	3.6
147	-1.014403	15.705655	272065.059191	0.000010	3.5
148	-1.023069	15.692558	272162.172054	0.000008	4.0
149	-1.012700	15.679454	272259.407601	0.000015	4.4
150	-1.015736	15.666406	272356.289550	0.000011	3.9
151	-1.014452	15.668189	272343.043311	0.000011	4.0
152	-1.015516	15.656656	272428.729876	0.000016	4.1
153	-1.021280	15.698567	272117.606207	0.000018	3.6
154	-1.015134	16.691720	264947.479331	0.000012	3.8
155	-1.019303	17.114352	262009.608413	0.000013	3.8
156	-1.023216	17.101782	262096.044687	0.000014	3.8
157	-1.018481	17.090943	262170.627597	0.000009	3.6
158	-1.019059	17.078768	262254.445876	0.000017	3.9
159	-1.019384	17.065569	262345.382918	0.000010	3.9
160	-1.017034	17.052431	262435.960772	0.000010	3.6
161	-1.014891	17.039938	262522.148471	0.000016	3.6
162	-1.019445	17.026857	262612.454504	0.000010	3.8
163	-1.023680	17.016297	262685.400123	0.000010	3.9
164	-1.018994	17.003217	262775.816830	0.000014	3.7
165	-1.022822	16.990100	262866.544024	0.000023	3.7
166	-1.011941	17.987396	256142.427205	0.000017	3.7
167	-1.019011	18.987267	249737.656588	0.000010	3.8
168	-1.020900	18.974158	249819.553716	0.000016	3.7
169	-1.023684	18.962536	249892.209874	0.000013	3.5
170	-1.020633	18.980322	249781.035084	0.000021	3.4
171	-1.025968	19.950258	243864.796859	0.000010	3.8
172	-1.016433	20.178014	242515.975075	0.000010	3.5
173	-1.017465	20.166048	242586.468484	0.000016	3.7
174	-1.022898	20.162954	242604.702463	0.000020	3.5
175	-1.024251	21.156419	236887.440522	0.000031	3.5
176	-1.018347	22.156419	231398.397562	0.000015	3.6
177	-1.024297	23.156419	226157.974874	0.000017	3.8
178	-1.020177	24.120052	221327.896598	0.000018	3.5
179	-1.019508	25.066031	216782.870144	0.000013	3.8
180	-1.018756	25.264071	215854.897693	0.000015	3.6
181	-1.022465	25.504381	214739.472985	0.000014	3.9
182	-1.020891	25.491179	214800.454791	0.000009	3.8
183	-1.016728	25.478654	214858.338752	0.000009	3.6
184	-1.015275	25.465808	214917.737046	0.000012	3.8
185	-1.020361	25.454222	214971.341419	0.000015	3.6
186	-1.016656	25.441017	215032.465860	0.000011	3.8
187	-1.017949	25.427890	215093.261529	0.000012	3.6
188	-1.011961	25.415897	215148.836689	0.000010	3.5
189	-1.018107	25.402700	215210.026535	0.000016	3.7
190	-1.016265	25.392550	215257.113123	0.000009	3.6
191	-1.020637	25.379443	215317.945893	0.000013	3.8
192	-1.022670	25.366274	215379.098619	0.000010	3.6
193	-1.023093	25.356436	215424.809037	0.000009	3.4
194	-1.022155	25.343368	215485.554840	0.000011	3.7
195	-1.019409	25.331091	215542.655838	0.000012	3.7
196	-1.023367	25.317887	215604.100509	0.000011	3.5
197	-1.019725	25.307358	215653.122667	0.000010	3.6
198	-1.022798	25.294162	215714.594513	0.000014	3.8
199	-1.021668	25.311360	215634.486993	0.000014	3.9
