1:ItNr	2:Metric	3a:Time	3b:StepSize	4:||Gradient||	Time[ms]
0	-0.062904	0.000000	317561.263443	0.000113	25.8
1	-0.059141	0.000000	317561.263443	0.000089	3.5
2	-0.059295	0.999978	303126.962473	0.000113	3.7
3	-0.060770	0.320228	312791.523987	0.000125	3.7
4	-0.060825	0.000000	317561.263443	0.000092	3.7
5	-0.060881	0.000000	317561.263443	0.000079	3.7
6	-0.058384	0.000000	317561.263443	0.000095	3.7
7	-0.058536	0.998887	303141.995082	0.000099	3.5
8	-0.058733	1.702482	293747.030561	0.000092	3.4
9	-0.059089	2.702481	281353.939961	0.000121	3.7
10	-0.062860	2.022607	289662.528183	0.000114	3.7
11	-0.061685	1.342730	298476.795593	0.000076	3.6
12	-0.059036	0.675806	307660.365319	0.000133	3.8
13	-0.058838	0.000000	317561.263443	0.000071	3.8
14	-0.061853	1.000000	303126.664512	0.000088	3.7
15	-0.060695	0.451414	310878.640696	0.000140	4.0
16	-0.061270	0.000000	317561.263443	0.000074	4.7
17	-0.060024	0.000000	317561.263443	0.000094	4.6
18	-0.059007	0.000000	317561.263443	0.000150	5.2
19	-0.059125	0.000000	317561.263443	0.000099	3.7
20	-0.060936	0.000000	317561.263443	0.000116	3.6
21	-0.059205	0.000000	317561.263443	0.000110	3.8
22	-0.056503	0.000000	317561.263443	0.000088	3.9
23	-0.059668	0.999795	303129.481888	0.000116	3.6
24	-0.059018	1.999794	289949.839609	0.000116	3.6
25	-0.060914	1.891861	291316.921245	0.000097	3.5
26	-0.061502	2.891859	279123.798453	0.000109	3.9
27	-0.062778	2.249243	286838.867469	0.000095	3.6
28	-0.064293	3.249241	275010.115625	0.000078	3.6
29	-0.059157	2.572542	282904.857016	0.000093	3.4
30	-0.057923	1.892634	291307.086282	0.000115	3.6
31	-0.064113	1.297898	299076.918654	0.000082	3.9
32	-0.057845	1.136772	301253.791709	0.000077	3.7
33	-0.062332	0.992873	303224.889258	0.000087	3.7
34	-0.062092	0.324846	312723.786128	0.000122	3.5
35	-0.062952	1.324846	298715.905102	0.000123	3.7
36	-0.062118	0.644938	308099.126859	0.000090	3.6
37	-0.061855	1.644938	294493.475776	0.000082	3.5
38	-0.060811	0.993083	303221.999263	0.000105	3.7
39	-0.064070	1.867486	291627.448131	0.000072	3.6
40	-0.061380	1.214000	300206.472177	0.000092	3.7
41	-0.061660	0.534173	309683.899602	0.000118	3.4
42	-0.060969	1.521729	296104.553240	0.000100	3.5
43	-0.062279	0.855780	305126.912222	0.000117	3.5
44	-0.061618	1.851738	291828.419802	0.000088	3.5
45	-0.060827	1.175040	300733.918925	0.000077	3.8
46	-0.062553	0.510167	310029.512235	0.000106	3.4
47	-0.064796	0.476239	310519.289416	0.000091	3.6
48	-0.061903	0.000000	317561.263443	0.000093	3.6
49	-0.061267	0.999750	303130.105174	0.000104	3.7
50	-0.063513	0.319843	312797.161929	0.000106	3.5
51	-0.062997	1.318324	298803.200859	0.000127	3.4
52	-0.061525	2.318324	285989.107735	0.000070	3.4
53	-0.063043	1.638420	294578.267056	0.000081	3.6
54	-0.065458	2.610233	282453.231412	0.000083	3.7
55	-0.064732	1.930349	290827.959299	0.000097	3.3
56	-0.063116	1.255191	299650.828662	0.000101	3.6
57	-0.061482	1.571697	295449.053008	0.000092	3.4
58	-0.058836	0.891926	304623.110111	0.000082	3.6
59	-0.063700	0.212018	314387.178937	0.000070	3.6
60	-0.063572	0.544771	309531.552122	0.000126	3.5
61	-0.062814	0.960661	303669.664862	0.000089	3.5
62	-0.062064	0.283916	313325.166463	0.000082	3.5
63	-0.061827	0.000000	317561.263443	0.000094	3.6
64	-0.064413	0.999907	303127.940824	0.000136	3.5
65	-0.066668	1.012541	302953.963391	0.000119	3.7
66	-0.065339	1.999213	289957.164020	0.000109	3.5
67	-0.061444	2.999213	277875.219256	0.000091	3.4
68	-0.062302	2.319330	285976.770079	0.000115	3.7
69	-0.066247	1.646397	294474.498916	0.000094	3.6
70	-0.067424	1.939112	290716.852242	0.000132	3.6
71	-0.064898	2.938125	278584.336034	0.000094	3.6
72	-0.064317	2.259331	286714.464311	0.000086	3.6
73	-0.065309	1.579746	295343.735294	0.000087	3.6
74	-0.065062	0.925037	304163.062592	0.000096	4.3
75	-0.065782	0.255203	313748.430728	0.000109	3.8
76	-0.066078	1.255203	299650.674699	0.000071	3.7
77	-0.065614	2.254966	286768.276701	0.000082	3.7
78	-0.068172	1.596983	295118.441065	0.000110	3.5
79	-0.066092	0.917076	304273.554325	0.000140	3.6
80	-0.064917	1.917067	290996.512753	0.000089	3.6
81	-0.064803	2.917063	278829.655481	0.000098	3.8
82	-0.064267	2.238641	286969.724719	0.000103	3.7
83	-0.068575	1.558734	295618.833191	0.000135	3.6
84	-0.064560	0.931067	304079.441651	0.000100	3.5
85	-0.065353	0.251159	313808.132870	0.000106	3.5
86	-0.065776	1.250991	299707.394818	0.000076	3.7
87	-0.063793	2.167482	287851.159253	0.000085	3.5
88	-0.066435	1.579650	295344.991572	0.000075	4.0
89	-0.065582	2.568055	282958.717971	0.000090	3.7
90	-0.068114	3.406930	273233.315688	0.000089	3.5
91	-0.066501	4.392280	262630.475581	0.000097	3.7
92	-0.068919	3.712600	269853.699979	0.000127	3.5
93	-0.068514	4.712592	259358.781135	0.000102	3.7
94	-0.064316	5.712591	249649.558021	0.000092	3.4
95	-0.066209	6.319748	244101.319938	0.000087	3.8
96	-0.067801	6.032436	246695.725444	0.000155	3.6
97	-0.064711	5.371648	252877.120630	0.000072	3.6
98	-0.066436	6.370798	243646.038137	0.000096	3.5
99	-0.067668	7.361928	235131.632165	0.000112	3.5
100	-0.066906	8.361916	227123.685872	0.000100	3.7
101	-0.069707	7.682086	232507.023955	0.000092	3.4
102	-0.064851	7.086522	237437.246853	0.000084	3.5
103	-0.065551	6.406675	243327.093043	0.000091	3.4
104	-0.064306	6.306540	244219.387863	0.000097	3.6
105	-0.066293	7.306449	235592.480179	0.000092	3.7
106	-0.067237	8.306252	227555.080377	0.000087	3.4
107	-0.068753	7.639319	232854.226755	0.000068	3.6
108	-0.065472	8.423397	226649.104702	0.000094	3.8
109	-0.065877	9.423282	219200.102602	0.000120	3.8
110	-0.067394	10.421918	212233.594232	0.000132	3.8
111	-0.066661	11.421918	205687.602839	0.000105	3.5
112	-0.064722	10.793212	209755.042812	0.000093	3.5
113	-0.068185	11.792875	203360.837648	0.000082	3.6
114	-0.063882	11.112977	207666.403808	0.000097	3.7
115	-0.065623	10.435446	212142.258308	0.000067	3.6
116	-0.064162	9.896718	215841.261666	0.000099	3.6
117	-0.064355	9.220453	220671.296693	0.000079	3.4
118	-0.066037	10.210056	213674.291342	0.000089	3.8
119	-0.067701	9.532067	218419.101159	0.000109	3.6
120	-0.065513	10.532066	211492.217379	0.000081	3.5
121	-0.065207	11.530147	205003.268923	0.000134	3.6
122	-0.068015	10.863843	209290.087740	0.000093	3.5
123	-0.067980	10.183937	213853.261105	0.000129	3.6
124	-0.064348	9.504029	218619.860383	0.000068	3.5
125	-0.067231	9.831853	216295.349769	0.000097	3.7
126	-0.067087	10.715456	210269.291232	0.000084	3.4
127	-0.067584	11.715229	203843.494447	0.000130	3.6
128	-0.067549	12.714701	197800.551491	0.000151	3.7
129	-0.067950	12.034794	201871.596284	0.000079	3.5
130	-0.066959	13.034794	195940.266181	0.000129	3.3
131	-0.066787	14.034731	190347.871268	0.000112	3.5
132	-0.064137	13.354824	194114.995498	0.000107	3.6
133	-0.068792	14.354824	188624.514348	0.000104	3.6
134	-0.066981	13.674919	192323.059174	0.000098	3.4
135	-0.067706	12.995019	196169.517137	0.000095	3.7
136	-0.067670	12.315152	200172.780474	0.000085	3.5
137	-0.068855	11.675279	204092.721328	0.000087	3.8
138	-0.065638	10.998558	208408.971935	0.000071	3.4
139	-0.067762	10.636835	210791.835007	0.000093	3.4
140	-0.069119	11.524830	205036.784705	0.000098	3.5
141	-0.066694	11.138921	207498.771157	0.000132	3.3
142	-0.065217	12.138919	201237.300256	0.000137	3.7
143	-0.068050	11.459011	205452.548516	0.000066	3.8
144	-0.067974	12.458958	199312.442183	0.000114	3.6
145	-0.066331	13.436824	193652.773735	0.000088	3.4
146	-0.068425	13.745296	191933.509100	0.000087	3.6
147	-0.064723	13.065394	195764.254401	0.000098	3.6
148	-0.067159	14.063861	190189.737670	0.000101	3.5
149	-0.064593	13.913414	191009.294678	0.000121	3.5
150	-0.067404	14.912965	185693.009873	0.000088	3.4
151	-0.068633	14.233308	189275.061437	0.000122	3.6
152	-0.066415	15.184363	184300.235111	0.000098	3.7
153	-0.067428	14.946749	185518.489102	0.000132	3.6
154	-0.068626	14.268621	189085.549117	0.000113	3.8
155	-0.070106	15.268598	183872.187536	0.000103	3.6
156	-0.071803	16.268594	178938.505821	0.000140	3.6
157	-0.068006	15.608919	182162.892453	0.000082	4.2
158	-0.065833	14.929011	185610.077775	0.000143	4.4
159	-0.066348	15.910649	180673.782648	0.000123	4.0
160	-0.069605	15.230742	184064.308142	0.000127	3.7
161	-0.069252	14.550839	187584.502976	0.000090	3.4
162	-0.067857	14.399942	188384.107546	0.000079	4.1
163	-0.065806	15.237489	184030.037251	0.000089	4.5
164	-0.070318	14.557727	187548.167799	0.000094	3.7
165	-0.068964	15.551519	182448.957217	0.000108	3.5
166	-0.070212	14.951355	185494.719052	0.000118	3.5
167	-0.067937	15.951355	180474.750544	0.000083	3.7
168	-0.069495	16.944296	175752.016454	0.000105	3.5
169	-0.071716	16.264388	178958.701348	0.000085	3.6
170	-0.070689	16.060725	179942.147832	0.000085	3.5
171	-0.068022	16.471593	177969.122371	0.000083	3.4
172	-0.072908	17.109258	174991.243511	0.000084	3.3
173	-0.069348	18.108885	170518.451651	0.000122	3.5
174	-0.069910	17.446635	173455.663358	0.000100	3.6
175	-0.069113	16.766727	176578.355061	0.000108	3.6
176	-0.068628	17.728398	172193.710145	0.000102	3.8
177	-0.071016	18.728320	167859.767157	0.000120	3.7
178	-0.068166	19.728316	163738.330839	0.000095	3.6
179	-0.066339	19.048411	166518.130231	0.000113	3.4
180	-0.066780	20.044771	162475.908784	0.000091	3.6
181	-0.069620	20.164264	162004.270101	0.000092	3.8
182	-0.071637	19.486438	164716.553750	0.000093	3.6
183	-0.068600	19.113030	166249.883343	0.000083	3.6
184	-0.070110	18.515059	168765.698036	0.000100	3.7
185	-0.068468	19.512595	164610.202273	0.000131	3.7
186	-0.070913	20.512595	160644.894867	0.000132	3.6
187	-0.071892	20.027093	162545.917627	0.000130	3.7
188	-0.067171	21.027093	158678.271669	0.000102	3.6
189	-0.068212	20.347630	161285.824669	0.000103	3.7
190	-0.070525	19.667722	163982.299286	0.000069	3.8
191	-0.068276	20.641451	160147.794432	0.000125	3.9
192	-0.069875	19.961547	162806.022214	0.000080	3.7
193	-0.072101	20.961516	158926.255060	0.000065	3.6
194	-0.068192	20.312197	161424.155772	0.000076	3.7
195	-0.070851	21.200514	158026.191051	0.000089	3.5
196	-0.069400	20.571035	160419.063755	0.000084	3.7
197	-0.069467	20.880819	159232.476795	0.000099	3.4
198	-0.067540	21.873585	155545.344583	0.000096	3.4
199	-0.067257	22.729654	152500.328000	0.000126	3.3
