1:ItNr	2:Metric	3a:Time	3b:StepSize	4:||Gradient||	Time[ms]
0	-0.220090	0.000000	747342.983513	0.000110	73.1
1	-0.215698	0.000000	747342.983513	0.000036	3.7
2	-0.226373	0.000000	747342.983513	0.000021	3.8
3	-0.222750	0.000000	747342.983513	0.000026	3.7
4	-0.224753	0.000000	747342.983513	0.000058	3.8
5	-0.224746	0.000000	747342.983513	0.000103	3.7
6	-0.234059	1.000000	713372.847899	0.000115	3.9
7	-0.220022	2.000000	682356.637120	0.000145	3.7
8	-0.225506	3.000000	653925.110574	0.000177	3.5
9	-0.217515	4.000000	627768.106151	0.000132	3.7
10	-0.223154	5.000000	603623.178991	0.000028	3.8
11	-0.223838	6.000000	581266.764954	0.000064	3.6
12	-0.226533	5.912418	583158.399381	0.000057	3.6
13	-0.226205	6.912418	562265.963706	0.000090	3.5
14	-0.230567	6.808546	564366.172052	0.000042	3.8
15	-0.226129	7.808546	544775.937538	0.000052	3.9
16	-0.225177	7.717456	546503.929797	0.000072	3.5
17	-0.226090	8.717456	528113.932801	0.000055	3.7
18	-0.228644	9.717456	510921.300385	0.000059	3.4
19	-0.225999	10.717456	494812.779652	0.000047	3.6
20	-0.228616	11.717456	479688.963882	0.000030	3.7
21	-0.230032	11.613584	481216.747753	0.000072	3.7
22	-0.225840	12.613584	466900.608395	0.000074	3.6
23	-0.229483	13.613584	453411.666794	0.000065	3.5
24	-0.224030	14.613584	440680.241860	0.000044	3.9
25	-0.226210	15.613584	428644.265099	0.000076	3.4
26	-0.229166	16.613584	417248.268670	0.000138	3.5
27	-0.223739	17.613584	406442.530655	0.000081	3.5
28	-0.230420	18.613584	396182.349846	0.000043	3.9
29	-0.227361	19.613584	386427.427628	0.000023	3.6
30	-0.229398	19.509711	387418.282196	0.000014	3.5
31	-0.225322	19.406101	388411.706773	0.000038	3.7
32	-0.232102	19.302231	389412.747915	0.000038	3.5
33	-0.230729	20.301308	379992.868917	0.000053	3.7
34	-0.230855	21.301308	371009.863813	0.000074	3.7
35	-0.230403	22.301308	362441.765576	0.000058	3.5
36	-0.230177	23.301308	354260.477506	0.000028	3.6
37	-0.229053	24.301308	346440.384528	0.000030	3.5
38	-0.234909	24.484370	345046.058195	0.000037	3.8
39	-0.227670	24.380498	345835.843306	0.000051	3.6
40	-0.231105	25.380498	338379.350571	0.000060	3.6
41	-0.225581	26.380498	331237.607285	0.000057	3.6
42	-0.233588	27.380498	324391.096319	0.000064	4.3
43	-0.225174	28.380498	317821.881504	0.000043	3.8
44	-0.231064	29.380498	311513.450729	0.000054	3.9
45	-0.231568	30.380498	305450.577356	0.000037	3.6
46	-0.233181	31.380498	299619.197522	0.000035	3.9
47	-0.226904	32.380496	294006.312190	0.000030	3.9
48	-0.227148	33.380496	288599.846417	0.000022	3.7
49	-0.228161	34.352108	283533.965691	0.000022	3.8
50	-0.231827	35.266151	278927.957795	0.000025	3.8
51	-0.229312	36.254162	274114.615505	0.000027	3.6
52	-0.228736	37.182609	269740.439753	0.000046	3.8
53	-0.225022	37.078752	270222.795109	0.000046	3.6
54	-0.228725	38.078752	265648.852925	0.000020	3.4
55	-0.234916	37.974879	266116.740985	0.000033	3.8
56	-0.228998	38.972058	261691.915447	0.000041	3.6
57	-0.227154	39.971162	257403.698808	0.000007	3.4
58	-0.231552	39.976567	257380.884310	0.000027	3.4
59	-0.227296	39.948568	257499.121910	0.000044	3.6
60	-0.230239	40.948568	253342.462093	0.000020	3.7
61	-0.223259	41.948504	249318.118673	0.000032	3.4
62	-0.232865	42.947768	245422.213129	0.000013	3.7
63	-0.237323	43.893662	241844.923113	0.000044	3.6
64	-0.232793	44.581226	239309.381174	0.000016	3.6
65	-0.232079	45.574506	235738.926103	0.000017	3.6
66	-0.227147	45.570210	235754.139141	0.000014	3.6
67	-0.227100	45.469772	236110.373622	0.000032	3.8
68	-0.222568	45.366191	236478.880378	0.000030	3.6
69	-0.225479	46.366190	232968.537118	0.000015	4.3
70	-0.227942	47.348322	229620.890950	0.000027	3.8
71	-0.224958	47.247072	229961.552121	0.000023	3.6
72	-0.224627	48.110536	227088.423503	0.000016	3.5
73	-0.224029	48.771438	224937.354201	0.000021	3.9
74	-0.229799	49.149571	223724.854606	0.000018	4.2
75	-0.227679	49.204451	223549.967157	0.000022	3.8
76	-0.230467	50.138848	220613.675338	0.000028	3.6
77	-0.229077	50.842815	218451.944534	0.000039	3.4
78	-0.231902	50.913702	218236.610311	0.000036	3.7
79	-0.227406	51.913702	215243.529739	0.000032	3.6
80	-0.228877	51.809830	215550.602444	0.000052	3.6
81	-0.224902	52.809830	212630.251546	0.000025	3.6
82	-0.223508	53.809828	209787.979057	0.000028	3.9
83	-0.228381	53.706087	210079.301512	0.000015	3.7
84	-0.228624	53.602343	210371.445014	0.000024	3.4
85	-0.225265	53.532989	210567.197423	0.000010	3.7
86	-0.229373	53.462711	210765.932510	0.000032	4.0
87	-0.233146	53.392226	210965.628517	0.000033	3.9
88	-0.220570	54.392225	208167.389496	0.000018	3.5
89	-0.229263	54.305394	208407.416545	0.000042	3.6
90	-0.227428	54.201522	208695.280704	0.000020	3.4
91	-0.229711	54.104578	208964.659492	0.000049	3.8
92	-0.230199	54.001025	209253.176626	0.000054	4.0
93	-0.228179	55.001025	206499.882475	0.000056	3.6
94	-0.227665	56.001025	203818.101505	0.000022	3.6
95	-0.227402	55.897198	204093.296471	0.000021	3.5
96	-0.225939	55.793338	204369.326266	0.000031	3.9
97	-0.226018	55.689486	204646.079110	0.000048	3.6
98	-0.225696	56.259939	203135.064956	0.000031	3.6
99	-0.231571	56.156066	203408.538895	0.000018	3.4
100	-0.232116	56.052352	203682.330991	0.000057	3.5
101	-0.227717	55.951427	203949.467974	0.000060	3.7
102	-0.226568	56.951427	201333.101922	0.000035	3.6
103	-0.234226	56.947574	201343.053576	0.000045	3.6
104	-0.228503	57.947574	198792.714904	0.000061	3.6
105	-0.230224	58.947574	196306.176490	0.000031	3.8
106	-0.231308	59.947574	193881.073849	0.000045	3.5
107	-0.227512	60.947574	191515.157895	0.000025	3.7
108	-0.225228	61.947159	189207.236326	0.000034	3.4
109	-0.229139	62.476527	188007.374555	0.000026	3.6
110	-0.230065	63.476481	185781.916840	0.000016	3.7
111	-0.232866	63.650741	185399.471244	0.000024	3.7
112	-0.228932	63.547380	185626.125619	0.000012	3.8
113	-0.229184	63.446308	185848.298859	0.000058	3.4
114	-0.224686	63.342448	186077.152734	0.000044	3.8
115	-0.222501	64.342448	183896.794000	0.000022	3.7
116	-0.231497	65.131921	182211.223107	0.000031	3.7
117	-0.231707	66.071882	180244.211724	0.000044	3.6
118	-0.228909	67.071877	178197.662705	0.000019	3.6
119	-0.224362	66.968005	178408.078329	0.000030	3.7
120	-0.228815	67.907073	176523.668728	0.000033	3.4
121	-0.232524	68.902101	174569.921517	0.000033	3.7
122	-0.224057	68.798228	174771.852414	0.000025	3.5
123	-0.229490	68.694356	174974.249447	0.000023	3.5
124	-0.232843	68.590488	175177.108265	0.000041	3.5
125	-0.231277	69.580057	173263.333469	0.000038	3.7
126	-0.228899	69.893871	172665.136828	0.000021	3.8
127	-0.227422	69.795085	172852.998356	0.000023	4.2
128	-0.230580	69.692997	173047.568536	0.000039	4.3
129	-0.225398	69.589161	173245.920349	0.000032	4.1
130	-0.230932	70.589160	171354.367849	0.000019	4.2
131	-0.225890	70.840796	170884.871274	0.000045	4.0
132	-0.232411	71.371091	169903.835868	0.000037	4.4
133	-0.231971	71.447472	169763.459517	0.000024	4.3
134	-0.234959	72.447312	167947.074359	0.000049	4.4
135	-0.230836	73.446590	166170.134807	0.000031	4.5
136	-0.225995	74.446590	164429.159732	0.000026	3.9
137	-0.225722	75.446579	162724.307033	0.000035	3.9
138	-0.227146	76.446125	161055.175100	0.000025	4.3
139	-0.230424	77.395249	159501.630115	0.000021	4.2
140	-0.231465	77.292115	159668.988886	0.000040	4.5
141	-0.229932	78.292103	158060.935159	0.000029	4.5
142	-0.230079	78.188230	158226.460896	0.000019	4.3
143	-0.227807	79.184554	156652.917884	0.000033	4.2
144	-0.229012	79.080681	156815.506121	0.000022	3.6
145	-0.228602	79.033636	156889.255224	0.000029	3.4
146	-0.232354	78.929803	157052.272313	0.000025	4.2
147	-0.228104	79.799066	155697.898328	0.000043	3.9
148	-0.233144	80.798215	154169.723464	0.000031	3.8
149	-0.230439	81.798215	152669.992100	0.000030	3.8
150	-0.231451	82.798053	151199.393104	0.000020	3.6
151	-0.230982	82.697005	151346.729767	0.000046	3.7
152	-0.230423	83.432156	150281.323181	0.000016	4.1
153	-0.228972	83.331523	150426.278125	0.000028	3.9
154	-0.232776	83.227728	150576.079007	0.000035	3.4
155	-0.226853	83.123856	150726.291767	0.000027	3.5
156	-0.231474	84.121945	149295.208373	0.000018	3.5
157	-0.231509	84.021374	149438.177417	0.000023	3.8
158	-0.236853	83.917559	149586.044674	0.000020	3.7
159	-0.229054	83.813898	149733.985173	0.000021	3.7
160	-0.228356	83.943706	149548.775044	0.000018	3.8
161	-0.229877	83.840183	149696.445371	0.000027	3.8
162	-0.228046	83.736497	149844.639044	0.000019	3.7
163	-0.231170	83.635358	149989.477994	0.000042	3.8
164	-0.233571	83.554486	150105.492352	0.000014	3.4
165	-0.233317	83.465062	150233.985964	0.000043	3.6
166	-0.237133	83.361359	150383.271484	0.000046	3.6
167	-0.232411	84.361359	148955.961964	0.000022	3.4
168	-0.230411	85.361062	147555.903701	0.000013	3.6
169	-0.231601	85.258178	147698.774290	0.000028	3.4
170	-0.232406	85.424345	147468.162878	0.000035	3.6
171	-0.231424	86.424345	146095.400129	0.000040	3.7
172	-0.231723	87.424345	144747.959200	0.000032	3.7
173	-0.229697	88.424345	143425.146349	0.000033	3.4
174	-0.230965	89.424273	142126.384156	0.000027	3.7
175	-0.229858	90.415243	140862.257647	0.000025	3.7
176	-0.236204	91.412812	139612.223772	0.000048	3.5
177	-0.234763	91.392611	139637.316692	0.000017	3.6
178	-0.233500	91.288740	139766.486328	0.000020	3.5
179	-0.225866	91.185250	139895.419551	0.000036	3.6
180	-0.228290	92.184887	138659.878200	0.000019	3.7
181	-0.231367	93.184686	137445.774682	0.000029	3.6
182	-0.229978	94.184289	136252.980035	0.000031	3.7
183	-0.229600	94.485588	135897.499619	0.000039	4.2
184	-0.229356	94.381715	136019.841626	0.000033	4.3
185	-0.230736	95.381715	134851.102699	0.000021	4.2
186	-0.233327	96.378676	133705.738749	0.000024	4.3
187	-0.232096	96.275030	133823.906823	0.000046	4.3
188	-0.231290	96.171790	133941.819201	0.000023	4.4
189	-0.236342	97.168958	132811.551285	0.000022	4.2
190	-0.228945	97.066757	132926.516355	0.000020	4.3
191	-0.231580	96.963729	133042.611925	0.000022	4.1
192	-0.233018	96.862348	133157.051220	0.000023	4.0
193	-0.228597	96.758476	133274.505120	0.000037	3.7
194	-0.231922	97.753220	132158.122875	0.000017	3.6
195	-0.231534	97.649526	132273.622406	0.000021	3.5
196	-0.234024	97.557974	132375.766320	0.000020	4.0
197	-0.232579	97.711658	132204.392293	0.000028	3.6
198	-0.231837	98.439001	131399.312926	0.000039	3.6
199	-0.239757	99.438900	130308.419054	0.000055	3.9
