1:ItNr	2:Metric	3a:Time	3b:StepSize	4:||Gradient||	Time[ms]
0	-0.098031	0.000000	419503.003231	0.000115	85.6
1	-0.099176	0.000000	419503.003231	0.000118	3.6
2	-0.098656	0.000000	419503.003231	0.000085	3.6
3	-0.100181	0.000000	419503.003231	0.000051	3.5
4	-0.100831	1.000000	400434.684905	0.000126	3.7
5	-0.104281	2.000000	383024.481214	0.000066	3.7
6	-0.100041	1.763276	387007.703219	0.000067	3.5
7	-0.099683	1.526579	391074.165942	0.000059	3.4
8	-0.102827	2.526034	374460.188398	0.000051	3.4
9	-0.098958	2.301259	378072.406889	0.000062	3.6
10	-0.101250	3.301237	362515.000864	0.000101	3.5
11	-0.103809	3.064513	366081.085466	0.000066	3.5
12	-0.097759	4.058539	351559.322050	0.000082	3.4
13	-0.099295	5.058539	338068.185085	0.000062	3.6
14	-0.101575	4.822916	341152.915593	0.000057	3.5
15	-0.099133	4.586288	344307.979464	0.000072	3.5
16	-0.099094	5.543435	331892.352647	0.000075	3.6
17	-0.100509	5.306711	334878.927720	0.000055	3.5
18	-0.099349	6.306538	322617.350194	0.000050	3.8
19	-0.102152	6.084826	325258.250346	0.000053	3.7
20	-0.103123	5.848610	328119.893666	0.000047	3.5
21	-0.098053	5.614181	331010.107157	0.000054	3.5
22	-0.101858	6.612149	319046.634411	0.000045	3.3
23	-0.101747	6.681739	318244.569258	0.000058	3.7
24	-0.104367	6.951434	315173.917295	0.000045	3.5
25	-0.097591	6.714711	317865.950065	0.000085	3.6
26	-0.099888	6.480654	320573.266394	0.000047	3.6
27	-0.095903	6.243930	323358.747930	0.000065	3.6
28	-0.099048	6.016053	326086.236294	0.000066	3.7
29	-0.101538	7.016053	314446.972358	0.000049	3.5
30	-0.097408	8.013376	303637.991330	0.000077	3.6
31	-0.101457	9.013376	293521.235546	0.000094	3.5
32	-0.103608	10.013376	284056.892160	0.000089	3.7
33	-0.101305	11.013376	275183.823092	0.000053	3.6
34	-0.102302	12.013375	266848.299090	0.000062	3.6
35	-0.101265	11.782557	268727.147210	0.000073	3.7
36	-0.101140	11.615220	270105.887780	0.000070	3.8
37	-0.100777	12.615220	262070.661951	0.000056	3.7
38	-0.100247	12.386072	263869.409617	0.000040	3.5
39	-0.102561	13.377774	256257.519931	0.000049	3.8
40	-0.106026	13.171091	257807.489593	0.000061	3.7
41	-0.100120	12.935188	259599.656665	0.000052	3.6
42	-0.100814	13.935139	252169.116691	0.000059	3.7
43	-0.104915	13.698415	253889.493519	0.000043	3.6
44	-0.100083	13.462178	255629.897054	0.000050	3.7
45	-0.105926	14.077576	251145.152321	0.000056	3.5
46	-0.097997	13.901466	252412.406835	0.000064	3.7
47	-0.104415	14.899750	245393.435160	0.000094	3.4
48	-0.100337	15.899750	238743.161578	0.000044	3.6
49	-0.102928	16.890293	232501.845562	0.000065	3.5
50	-0.102943	17.890179	226524.105514	0.000065	3.6
51	-0.101727	18.890179	220845.411930	0.000063	3.6
52	-0.104184	19.890179	215444.473518	0.000079	3.7
53	-0.101801	20.890179	210301.395138	0.000070	3.5
54	-0.101067	21.890176	205398.156398	0.000061	3.6
55	-0.100585	21.653452	206538.104548	0.000081	3.6
56	-0.102467	21.416828	207690.286208	0.000060	3.7
57	-0.105033	22.416828	202906.650591	0.000048	3.5
58	-0.104135	22.180105	204019.029201	0.000071	3.4
59	-0.104235	22.005324	204848.194787	0.000052	3.7
60	-0.101215	23.005323	200193.125339	0.000056	3.8
61	-0.099680	22.768598	201275.877975	0.000113	3.5
62	-0.104265	22.531874	202370.406549	0.000065	3.6
63	-0.102806	23.531868	197826.039399	0.000081	3.5
64	-0.102315	24.516204	193547.843015	0.000072	3.6
65	-0.102048	24.296715	194485.694197	0.000078	3.7
66	-0.102707	25.296715	190284.841198	0.000092	3.6
67	-0.105581	26.296715	186261.626456	0.000061	3.6
68	-0.103855	26.059991	187198.571874	0.000086	3.5
69	-0.101566	27.059991	183303.469759	0.000059	3.8
70	-0.101467	26.823268	184210.812062	0.000046	3.5
71	-0.102654	27.818285	180456.218501	0.000090	3.5
72	-0.103557	28.815954	176842.203132	0.000073	3.6
73	-0.104905	29.815267	173364.492782	0.000056	3.5
74	-0.103513	30.815267	170018.674044	0.000077	4.0
75	-0.102574	31.815267	166799.554228	0.000071	3.7
76	-0.103608	32.815267	163700.070344	0.000043	3.6
77	-0.100537	33.815260	160713.696191	0.000109	3.5
78	-0.105750	34.808600	157853.146753	0.000101	3.7
79	-0.103039	35.808600	155074.462755	0.000047	3.6
80	-0.101907	36.808600	152391.912757	0.000058	3.5
81	-0.102154	37.808329	149801.282343	0.000061	3.4
82	-0.103657	38.805398	147303.811561	0.000099	3.5
83	-0.101380	39.018768	146780.138572	0.000056	3.8
84	-0.105857	40.018768	144374.646890	0.000064	3.3
85	-0.103307	39.782098	144936.804879	0.000085	3.7
86	-0.096050	40.782098	142590.869572	0.000058	3.5
87	-0.100697	41.782098	140319.666884	0.000083	3.5
88	-0.104058	41.559114	140819.819349	0.000057	3.7
89	-0.101962	42.559114	138604.246923	0.000086	3.5
90	-0.102569	42.322389	139122.404655	0.000073	3.5
91	-0.101376	42.097637	139617.954790	0.000046	3.5
92	-0.103446	42.065092	139690.005590	0.000074	3.6
93	-0.101139	41.828379	140216.303856	0.000072	3.5
94	-0.104767	42.828379	138019.533302	0.000096	3.5
95	-0.104871	43.828379	135890.534619	0.000073	3.4
96	-0.104070	44.828379	133826.220031	0.000083	3.4
97	-0.106204	45.828379	131823.684237	0.000091	3.7
98	-0.098664	46.828379	129880.195580	0.000080	3.4
99	-0.101230	47.724144	128187.308627	0.000077	3.6
100	-0.102312	48.724144	126348.816232	0.000049	3.5
101	-0.100955	48.487432	126779.228896	0.000064	4.1
102	-0.105983	49.480549	124992.826687	0.000059	3.7
103	-0.101432	49.247940	125406.710058	0.000076	3.6
104	-0.100453	49.026838	125802.668069	0.000095	3.3
105	-0.102903	50.026838	124031.469020	0.000084	3.4
106	-0.104067	49.790114	124446.233934	0.000102	3.7
107	-0.101709	49.553390	124863.782091	0.000067	3.6
108	-0.101779	49.316669	125284.135270	0.000109	3.5
109	-0.103840	50.316669	123527.405222	0.000100	3.5
110	-0.105824	51.316632	121819.321382	0.000070	3.5
111	-0.103353	52.316632	120157.770413	0.000070	3.7
112	-0.108292	52.079908	120546.991721	0.000117	3.5
113	-0.102144	53.079908	118919.735493	0.000076	3.6
114	-0.104396	54.079908	117335.826580	0.000104	3.6
115	-0.102249	55.079908	115793.555702	0.000055	3.6
116	-0.103603	56.030334	114364.856562	0.000065	3.7
117	-0.104914	55.794198	114716.518446	0.000075	3.4
118	-0.103242	56.673177	113418.344140	0.000112	3.6
119	-0.100966	57.633037	112033.864849	0.000040	3.5
120	-0.104374	57.396365	112372.085633	0.000043	3.7
121	-0.100424	57.180265	112682.696434	0.000061	3.6
122	-0.104063	57.126121	112760.788848	0.000040	3.7
123	-0.107535	58.107697	111361.642926	0.000073	3.6
124	-0.103937	59.106676	109972.895472	0.000088	3.6
125	-0.104751	60.106676	108616.991108	0.000070	3.7
126	-0.102731	59.869952	108934.935968	0.000048	3.5
127	-0.100582	59.633240	109254.731877	0.000070	3.6
128	-0.102374	59.611269	109284.510968	0.000052	3.7
129	-0.104938	60.611267	107945.426780	0.000062	3.8
130	-0.101614	61.611179	106638.873898	0.000034	3.7
131	-0.105320	62.610113	105364.803410	0.000039	3.6
132	-0.101306	62.854516	105057.705444	0.000054	3.5
133	-0.104334	62.617851	105355.052681	0.000067	3.5
134	-0.104997	63.617851	104109.983859	0.000082	3.7
135	-0.103167	63.381145	104402.032918	0.000100	3.5
136	-0.105121	64.381145	103179.256706	0.000063	3.5
137	-0.103432	65.381143	101984.794399	0.000083	3.4
138	-0.104141	66.273018	100942.574186	0.000060	3.6
139	-0.102426	67.261399	99812.185238	0.000071	3.8
140	-0.101574	68.261396	98693.987038	0.000046	3.6
141	-0.104000	68.025146	98955.896033	0.000055	3.6
142	-0.098889	69.025134	97856.705807	0.000064	3.4
143	-0.103810	70.025134	96781.654679	0.000094	3.6
144	-0.102064	71.024742	95730.375130	0.000099	4.2
145	-0.102077	72.024742	94701.290038	0.000040	4.4
146	-0.101563	71.795296	94935.448313	0.000048	4.0
147	-0.104812	72.791467	93927.127741	0.000052	4.1
148	-0.101723	72.660978	94057.987473	0.000070	3.6
149	-0.102310	73.132639	93586.700043	0.000046	3.6
150	-0.102477	72.896839	93821.721076	0.000059	3.7
151	-0.103422	72.672268	94046.650967	0.000053	3.7
152	-0.102692	73.672126	93053.398374	0.000040	3.8
153	-0.098778	73.580594	93143.452068	0.000078	3.7
154	-0.099088	73.981335	92750.465645	0.000061	3.8
155	-0.101064	74.981335	91784.127081	0.000048	3.4
156	-0.103123	74.762338	91994.026113	0.000052	3.7
157	-0.106799	75.723580	91079.787427	0.000067	3.7
158	-0.104421	76.692125	90176.798205	0.000035	3.9
159	-0.103550	76.463687	90388.157146	0.000044	3.6
160	-0.101901	76.300240	90539.992765	0.000044	3.8
161	-0.103721	76.063533	90760.791298	0.000078	4.1
162	-0.101534	77.061697	89836.942623	0.000051	4.4
163	-0.104145	78.061697	88930.064032	0.000060	3.5
164	-0.103481	77.824973	89143.085759	0.000067	3.6
165	-0.104424	78.824972	88250.093422	0.000063	3.7
166	-0.102845	79.824972	87374.813303	0.000089	3.5
167	-0.102865	79.588247	87580.441069	0.000053	3.5
168	-0.100340	79.355678	87783.404015	0.000049	3.4
169	-0.103281	80.355608	86917.371737	0.000050	3.5
170	-0.103011	80.118884	87120.849088	0.000054	3.8
171	-0.102801	79.882172	87325.271321	0.000075	3.5
172	-0.101775	80.882172	86468.151219	0.000051	3.7
173	-0.105543	80.910783	86443.876118	0.000059	3.6
174	-0.104118	80.674058	86645.140380	0.000086	3.7
175	-0.106211	81.674058	85801.254965	0.000076	3.6
176	-0.103369	82.673146	84974.396928	0.000084	3.6
177	-0.104458	83.673146	84162.589889	0.000057	3.6
178	-0.101637	84.565266	83451.341434	0.000124	3.7
179	-0.101304	84.328542	83638.897014	0.000085	3.8
180	-0.103259	85.328542	82852.288939	0.000080	3.7
181	-0.102611	86.328542	82080.338743	0.000035	3.6
182	-0.103558	86.091826	82261.769261	0.000051	3.5
183	-0.104022	87.018845	81555.797828	0.000084	3.6
184	-0.105504	88.018845	80807.708882	0.000066	3.8
185	-0.105283	89.018845	80073.219177	0.000069	3.4
186	-0.100380	88.782120	80245.881831	0.000071	3.6
187	-0.105314	89.782120	79521.524145	0.000061	3.7
188	-0.102771	89.545396	79691.813215	0.000060	3.8
189	-0.106400	89.308672	79862.833171	0.000074	3.6
190	-0.105198	89.072915	80033.885441	0.000069	3.4
191	-0.104316	90.072915	79313.332771	0.000046	3.4
192	-0.106708	89.841441	79478.965768	0.000028	3.5
193	-0.104501	89.707902	79574.835473	0.000058	3.6
194	-0.103418	89.471513	79745.111195	0.000050	3.6
195	-0.102725	89.234789	79916.359972	0.000074	3.4
196	-0.104124	88.998065	80088.346088	0.000047	3.7
197	-0.103536	88.960386	80115.789034	0.000080	3.7
198	-0.102686	88.723681	80288.621022	0.000080	3.7
199	-0.103694	89.723681	79563.495014	0.000073	3.7
