(BSplineTransformSplineOrder 3)
(Direction 1 0 0 1)
(FixedImageDimension 2)
(FixedInternalImagePixelType "float")
(GridDirection 1 0 0 1)
(GridIndex 0 0)
(GridOrigin -154.5953935330517 -822.5229847890396)
(GridSize 45 34)
(GridSpacing 200.6111892253216 201.1071812466074)
(HowToCombineTransforms "Compose")
(Index 0 0)
(InitialTransformParameterFileName "results/HE_vs_XeniumR1/my_reg_project-modality_fluo_to_modality_brightfield_reg_output/TransformParameters.0.txt")
(MovingImageDimension 2)
(MovingInternalImagePixelType "float")
(NumberOfParameters 3060)
(Origin 0 0)
(Size 8276 6153)
(Spacing 1 1)
(Transform "BSplineTransform")
(TransformParameters -95.24212095646713 -78.49584813417877 -74.01552088250766 -69.12480051696699 -63.77776913599758 -57.53175877284603 -50.85092487323426 -43.31508730484124 -34.569172927072614 -24.586568046304407 -13.345333440604835 -0.7625327157325203 13.244434910586406 28.800003195020683 46.02858179838437 64.77850163689553 84.89809189676872 105.9117302951747 127.34379442507607 148.80378446972256 169.9012006034454 190.17398505451425 209.1600800505563 226.6700534912528 242.514473276226 256.77222362034934 269.52218873833135 280.79242488869727 290.61098832773496 299.0106942364974 306.0243577648468 311.72388259977 316.18117199382874 319.53372352142236 321.9190287062193 323.45176157690435 324.2465118863683 324.44288841325505 324.17932612580495 323.510047067568 322.4729242122424 321.2946827819294 319.97433483117993 318.6948696755402 314.4676413546891 -108.71392039616666 -95.72654882105599 -92.7031120385475 -89.48762405556074 -85.77002067632907 -81.1249627032023 -75.83401631853691 -69.38922167177363 -61.333372435137896 -51.63315057392766 -40.25888199242897 -27.045488416541826 -11.828153195214542 5.5987047224278585 25.440647603571 47.44183359915305 71.34641951150385 96.49850924169502 122.24220659397201 148.00560704321762 173.21680605736304 197.22481510949277 219.3786456721914 239.43272579770294 257.1414835382197 272.66424169660735 286.160323075513 297.70825305368487 307.38655700687946 315.27161725685744 321.43981608376095 326.03110804265197 329.185447108941 331.0911496047168 331.93652377856364 331.8651126190495 331.02034666534615 329.61052738031117 327.8423900087966 325.7304674247284 323.2674778994016 320.82249174643476 318.46074106068454 316.4290395585904 310.7422804965954 -111.32943723907091 -100.5194091959006 -98.05728808507325 -95.39602644810206 -92.18991985862242 -88.07735068284934 -83.2855312241068 -77.28820018154974 -69.60137234173452 -60.18502940837834 -49.00218837171025 -35.83373999474517 -20.460792964264623 -2.691703061131276 17.665158287570232 40.48112568704643 65.62753261915599 92.28498116846251 119.6340733388764 146.91796678355783 173.3798191498754 198.4247287382875 221.45779384883363 242.20370350192184 260.3871467179132 276.16173453941775 289.6810780088224 301.1030990053866 310.5857194052914 318.20991117026205 324.05664621917265 328.19912293936875 330.7105391214425 331.9608650167987 332.32006256520793 331.8363395577144 330.5577880192784 328.74558242037676 326.65928481794646 324.1432691364786 321.0194512769692 317.91333544476737 315.13762592981357 312.8906406495592 307.01395672923996 -117.10511420383062 -111.11805786067958 -109.26776990166769 -106.89878685972988 -103.84341330669052 -99.91365659088174 -95.24373625999182 -89.42687115384328 -82.07941342382402 -73.0174467714653 -62.0587159278907 -48.94609832597802 -33.4225902686533 -15.481895216208185 4.882274696645836 28.33779499413117 55.55253858252145 85.15919031759779 115.7904355037179 146.0006764397071 174.3443154131693 200.6713264457899 224.83168355902743 246.47053795088885 265.2330408193495 281.20760132328576 294.48262862134703 305.5079544812045 314.73341066738584 322.1593271786941 327.7860339701564 331.34932048883326 332.5849755721409 332.6347207652107 332.64026902636067 332.12954463455674 330.6303243213705 328.5908260088993 326.45767237520397 323.41729832097775 318.6289824300069 313.6996762567805 309.9150756010228 307.2368011113219 301.1767829888983 -123.54540905265604 -123.95738240658915 -122.99678319835442 -120.33750835912058 -117.20276215092953 -113.31660777105803 -108.29295452660863 -101.91639455432255 -94.6821555693614 -86.01159897952378 -75.33913943466467 -62.168422117544765 -46.55928772876818 -29.01166194958332 -10.110995753471936 13.069860799820367 42.69462698309195 76.22930834673618 111.03665047190648 144.66514869733086 174.5830899925964 201.7211238392847 226.86825885471353 249.52496228859653 269.1732894130583 285.50564012790005 298.23578603846676 308.4252411854938 317.1100782912152 324.3727163050336 330.3548651410668 333.6647027516978 332.9758551938578 331.1269696316739 330.74993564326013 330.51189192969565 329.1394343027417 327.4141539401064 325.9038927332988 322.98741220420453 315.82632888034857 308.1405063632982 302.85229617711155 299.7748601896756 293.7208140395874 -127.96195734628553 -134.85233005758914 -135.7910066043397 -131.16313233709056 -129.9799865006469 -127.95573708288498 -123.13445247535361 -115.05799898303835 -107.9311381464275 -99.85354609244916 -89.55115187333885 -74.96369063358178 -58.81304905476014 -42.8071306769064 -27.987985621229015 -6.403856318914102 25.685374831843276 64.48077468821317 103.65130009926541 140.62728430981224 170.7932225714142 198.1379029988489 224.75094212688404 249.84615413371932 272.2524483120291 290.43464300701055 302.8270503257336 311.31170551345446 318.38909051405693 325.0198677105221 332.79527952540053 337.3259931512241 333.49978659130727 327.74998395231484 325.3760151135649 324.7316348953458 322.9898307837241 321.84114645400894 321.65226437522557 320.5053107381499 312.00797998365556 301.1700342732742 294.3102285083787 291.0686638122988 284.5237602166762 -129.62946723163088 -137.34529634791764 -136.13331354843476 -136.2509486302729 -142.23364689540333 -143.11515260128672 -137.093609738968 -129.0995712451052 -122.12669144169783 -112.5361141440212 -101.24765076778522 -87.06523009434257 -70.71892719947557 -58.128479693287375 -46.58680999100564 -28.181231643704802 6.931513938388824 51.91949283082397 94.06005385951336 132.77038249087934 162.6118213389886 189.18430592818055 217.43380787019387 246.17191285658726 272.4396865668019 293.34721923152233 306.0338854241181 312.39044522049636 316.8002464079175 322.63263146149916 332.52450989952644 339.8184450085167 333.1811740380445 320.7575770951357 314.80890909118216 312.4504310018946 310.3833596695358 310.1843992102866 311.22713290179615 309.5087228477073 303.65885474491927 292.9262246702569 284.6255811475954 280.0761143440256 273.46248113875816 -130.65656822111745 -134.28311313380667 -135.8670441714221 -146.75607451622477 -156.6972782335466 -157.64419905745333 -146.82925687553657 -142.02508992519748 -133.8418897165907 -123.64847949064115 -115.09580212304631 -104.64453204134183 -88.3751362133944 -74.51915157055062 -60.5882980949004 -43.42176942982085 -7.048150998283299 40.717916617308454 85.69285623024976 124.72931151051998 152.80238423497968 179.80640044788305 207.24509380219592 235.90056660686912 266.2916892655485 290.13884038618943 303.8117335127136 309.77699890331274 310.4103044376366 313.7676633783287 326.9430498301437 336.81154067360734 327.73272806817687 309.91757048395544 299.6184779987789 294.3017155764896 293.43711309059535 294.2887490079316 293.9418233380267 292.12549312030467 288.9895269431724 282.05677050727587 271.68445437774454 264.71744227286416 260.1570904141011 -132.55162873595754 -137.37157696839313 -144.95612753047445 -158.88246712693083 -167.21963470189286 -166.9491535349325 -151.53272506641218 -148.02069663896953 -138.74265966601413 -131.34247319505863 -132.27259748695212 -127.34776488582071 -109.7167367241795 -89.74275799955649 -72.49325732462918 -51.878844057853165 -14.79948640974067 31.778176276574857 78.7852552190478 117.91323104166521 145.2102131414088 171.5678711410068 195.31934012360145 220.22730199763555 252.90145232323837 281.29427435753007 294.2505898885537 299.7985320244172 296.2792381044213 296.2122708100555 312.051519379805 324.4974928451222 313.101785129199 293.56245537109487 281.1654309029076 274.88004917657116 274.5832533328981 276.06865914906194 271.3480901829279 268.86818143421596 268.76741587083853 264.1212775506877 254.79316131630247 246.7810156015434 244.82886208223152 -136.07024921334073 -144.11026540956433 -153.80168471681944 -163.90596487413842 -172.26407605269097 -172.49418263932074 -159.4859594432368 -152.95256424305776 -144.79026408003813 -142.12391232395137 -147.07601798746722 -149.86343113057123 -130.73756264339772 -106.38700800334033 -84.40010927630992 -59.404371265992374 -21.355444137652277 22.706295403346672 64.21631227872996 101.1869894085354 132.50271282325514 159.1299645259538 182.4738790589451 206.10625429747745 237.94058046009647 266.02957855206586 278.2758535300172 282.07332784321636 276.07464327702314 272.4829594206402 286.31863956288845 297.36111832039467 286.88699257860264 270.04712164398615 260.2920142294592 256.4936896690725 256.812047974763 258.9864549460897 250.37225201248725 244.6646094807503 244.94567978198995 241.15289964163324 232.10855461502965 226.0542186250211 228.00238378792858 -140.97981371259394 -149.21179809505864 -157.27207521383713 -163.07618186132785 -169.72819959090992 -173.71683739090057 -170.34234526709318 -161.67774585579542 -156.79865217639383 -158.5569715261822 -162.8824391308816 -164.68509676566126 -150.66446560243895 -127.98994502752296 -98.46993226298194 -66.73410030889387 -30.17389261668179 8.158030273726224 43.18835589789253 77.3905042615304 110.60940791535707 140.756807818714 169.49934908943075 196.2382387323211 223.042114100026 247.1333822460423 256.59511443865586 257.42541111504215 250.07515156038318 244.49281840865004 252.47541061293012 259.9659199876022 251.80434761218598 237.96202483230016 232.71148230188612 235.87855853355214 237.43638462372596 239.58336624843693 230.79856152361347 222.71600537066945 222.29408467295124 218.3040389370439 209.81342953979123 204.66381440913224 210.1836925766265 -145.80052799957363 -150.76229733095698 -152.91130679015552 -153.5981581754995 -166.27512191466477 -175.10353464628636 -176.55630371174317 -176.89488901188545 -178.36477265014838 -184.44573022057915 -184.78593417861458 -178.98835524084595 -165.77160755673364 -143.9482616774159 -110.85236455997432 -74.03399462203603 -39.29838431145554 -5.87739849325106 24.68177410531691 54.14369201480671 86.2617889762991 118.68198967360425 149.22639976283727 177.14244788017453 203.08111337985 224.744557811762 231.42490871119202 231.28927115806533 224.89428294334144 219.18713022627708 220.16125195352987 219.90773239836452 212.87188371375672 202.26181100695146 199.91554267734142 210.78331286030792 214.362141464799 214.4656985462182 206.05828298548357 197.53039302973275 197.9724331207472 194.42216420785905 186.85598460049118 183.09396505506345 191.90047051596443 -151.05610445639047 -149.42257170923097 -147.50758505503538 -150.80555133386343 -163.78405564046795 -174.02327248073004 -182.25453325576464 -194.23228094854122 -207.39973132342624 -216.01453169280268 -207.1642467773514 -192.94066208482175 -176.81601040964912 -156.25161947740534 -124.30487688317567 -87.9085009633583 -54.019336059242434 -22.111678747783298 7.010893215932542 35.37899133905115 63.51279628300721 90.93665374027266 119.54138611790589 147.2515024430556 175.14734018672544 194.80935691911887 199.77882087641908 201.76982476089717 199.71595196096484 196.30391789282064 190.15370639478002 182.57224999004438 175.1374410634695 167.84810872294673 171.36313438317845 179.56301972650917 183.40645796897553 183.3564794082807 178.07904585243196 170.59820517584774 168.97344473606603 167.9374977454404 164.11319506918062 162.1025993054461 173.58892320186223 -160.0391651364684 -163.11241068291574 -164.8775923337746 -166.8962773239143 -172.98729733545372 -181.64479346089823 -192.0244556549208 -207.27137335910353 -226.5963550978509 -238.3694712091514 -228.52570667200317 -210.1775593770642 -196.26010148994797 -178.41565499611278 -150.19340608366713 -115.99593782562802 -79.22959338786421 -43.33185939568874 -13.289740779749092 12.964501997529162 40.24607439353443 67.47273981318732 94.24440716438777 120.32906276988659 142.95000738100947 159.38453208973 164.85380612622478 171.7129694224667 176.50351906874639 176.42315495411378 167.70048920784484 158.30973997947774 151.63718618387395 142.13630246540214 140.77398319921204 143.56181635097687 147.0829047122308 153.87422318736267 151.65425966191432 146.40208407252453 144.56218070743657 142.69414506691348 141.87002042106775 142.21606784212153 155.62783681993366 -172.28307083559014 -185.76282954456758 -193.07826853747596 -190.35962337778628 -194.5145016525538 -197.558253631549 -206.6611318233337 -219.24294466308524 -233.54568629607343 -245.04061435406396 -238.97904772282513 -228.23505913630075 -219.6786764415145 -206.97764956074118 -183.53169655190072 -150.2320140333321 -108.95175150642875 -68.20853359002811 -35.760102696344596 -10.389306688971784 19.144013925805954 46.79518667616288 71.00326810383292 94.40705978991083 112.97465003329512 124.50113875090925 129.67550435607293 140.99421902319224 154.7731866277872 161.61952446466228 156.30113947169707 144.74287906925318 134.5907498139913 127.32252989375364 117.19946117214413 115.82977466283458 117.53314416592964 124.22739391683923 124.69986557089246 121.90882013709027 119.12004107398832 116.2191908549252 117.7079222426031 121.57358654840094 137.99686167546704 -183.9368638263555 -203.1663271869504 -214.08996446078373 -211.16388310015842 -213.42666201583458 -214.1481749179766 -218.07126776390174 -227.07078616006058 -239.812930530197 -249.4629911882417 -246.92284614219216 -242.34828039787484 -237.4066677177786 -228.9460883202783 -211.56173473780467 -182.53026947068278 -133.3574838566306 -90.4638995328848 -57.08464121764614 -29.06498404272413 -1.2810440555161053 23.913639259959933 48.88587473283764 72.74569725879735 89.47146768278515 96.30336404138907 103.40085767181758 118.73192401807383 135.13808328644004 145.63440102520866 144.1740064041805 131.24221991123292 120.45655236129065 110.48367392394051 99.51522803491368 94.99031156783144 91.70246815151103 91.9276404665797 95.59352540462338 91.91666510087242 88.51484090009767 87.20865808907531 91.33834143394049 98.57254093860443 120.07986395496343 -194.52312338017228 -213.51087410794696 -225.3472853067527 -228.94527133322043 -230.04688549932143 -227.02614328017566 -225.80105830736565 -230.9149078228882 -241.26167184362288 -250.91714551976963 -251.99171014293836 -253.72412374137798 -247.9292692123263 -245.8613304790951 -233.25457163402484 -203.68890355666528 -159.15823216964125 -114.72001472330977 -76.81387718584963 -46.09434493846142 -21.27706953284263 2.614615814124221 30.442422889953296 56.645125288800536 72.8136265488576 81.64578868273675 91.51316449586892 101.53367443108459 115.7758163582618 127.05465847664897 123.0122989805583 109.74366878432903 102.09070454824028 94.24898763500353 88.42720266241018 82.9908221172838 74.55949476806492 65.69037884020211 58.665453433435516 53.361648809744054 52.36517098112317 55.62104425214902 64.67915816882635 75.53032381382675 102.54307301893246 -206.45880500178305 -224.91984585746704 -238.30192711940086 -246.32752078521148 -241.73196765616507 -237.4281955930444 -238.52550992428337 -244.1444507694274 -254.02113161831022 -263.47099105660095 -259.28066609689023 -260.1093749275386 -253.86167899851966 -246.98210198987712 -239.09544942784748 -214.22146484239272 -170.57575530807787 -129.3099908455844 -91.52936139943763 -61.83558137657496 -38.63993381679842 -17.681265523148188 10.762935672909085 38.797042789433426 57.19828224884939 68.38654453243556 77.92555705211068 83.93462891605489 98.23120827951043 108.7901345144831 102.86813301775251 91.1687008152755 82.45182279553924 76.84721144968516 74.83882183289467 68.69059659593064 53.05210037739804 36.766243699620254 27.5469649212933 24.670598696743244 26.31034548384856 31.610468763156813 44.06253716883936 57.23579657405471 87.42935590845067 -220.09708077144944 -238.9683055725353 -248.27452023020246 -252.152923658352 -250.32852249837106 -248.78219487309119 -252.22244434753912 -259.57346832580487 -269.90736504051125 -282.24325049587287 -275.88110281502543 -269.64613559342786 -256.01089644589 -245.80983345542592 -230.309743427306 -210.09740284764163 -175.18202579494763 -137.25400791556925 -102.16741723993923 -75.39459090648418 -53.281888655890896 -33.58346208957738 -8.07575311649515 21.3898174116199 43.88132550990616 56.85349768703272 62.628595843576825 67.11436996025836 79.70219127897806 90.74878782751607 87.22234976466635 79.70714951974477 69.98078427568454 57.757561346000614 56.688535915127346 51.10999609126096 29.773244624438583 6.067846589569939 -3.2169058119143035 -1.5806361275918386 5.155737524748374 17.585191755170918 30.7126221822678 43.20421029664767 75.18059621058207 -234.51939051065978 -256.04992706425946 -265.2482528709407 -265.29531305246394 -261.67849862770845 -259.58956891296856 -263.8208532750744 -270.7070238159644 -281.7588615129932 -293.7834550853032 -290.87432574305774 -276.3902554105125 -254.15803824772217 -242.26834671013083 -228.87194532397822 -208.72251107740013 -176.3319724699375 -140.89139939363244 -106.4608684880065 -79.38508012121096 -59.38804351350554 -41.584180219560395 -18.1716698386851 6.401057072078602 27.57602022583567 44.53954281273832 49.33160242325148 52.625452181543615 62.051936924109874 77.18492201686004 77.52154654044855 67.21044389883158 54.283663442052024 42.372875328108606 42.47158127976216 35.666490491279035 14.0239145968374 -10.595246745330634 -24.193424654779836 -25.024325537869338 -15.83652097292769 0.9925834368161678 17.71967836574143 31.88530457564065 65.19251642093433 -248.73125808661976 -273.57212889780106 -287.98377557238905 -286.05197357254684 -271.92382091417096 -263.58280839931115 -269.8638851324832 -278.8350044280829 -293.13063913709163 -308.84919046414933 -306.8280314700705 -286.8542585806245 -264.2744531531639 -247.4267310871385 -226.1470402091646 -199.78426273137896 -172.58850375909498 -140.72794017146435 -106.62488616224068 -79.36939073457681 -56.78667136361125 -39.565898727005006 -20.120305997100267 -3.323625252857921 15.740896270765905 33.21405240279512 38.17991580758561 44.20048805688863 56.3309218784258 69.96183314060072 67.00481842300229 55.43050920526473 42.65810219475884 31.88444956400004 29.658187257224203 20.593939955810885 0.7069978318577356 -22.730240604346076 -37.851043603158345 -40.025585631202745 -34.83657901589817 -17.182463919091816 3.8516108990571145 21.27831105785108 56.87547517635011 -260.86411957779177 -283.66382766015647 -292.63544018849734 -289.1242583490176 -278.76284354957005 -269.75922303286416 -275.2200812660977 -290.41149503802524 -311.3607706171271 -325.9437507567696 -316.1281126075915 -291.0329145731011 -265.1614586521316 -243.4644948143289 -216.69370891746297 -191.4840613271295 -170.95624338833488 -142.93191114818458 -106.31544373517258 -77.31384047850777 -53.94168915992818 -37.22127566044026 -20.43639062117362 -2.2607882624462055 17.211431860086808 31.943103967164863 38.41974329632836 45.586554173505796 57.50285994458239 65.69283721003141 59.364146325747775 47.21339318131941 36.16210836940666 24.963105414264632 20.088307286541717 10.762845019130854 -7.8056537512043285 -29.22976620506741 -43.188450183160015 -47.64443382761577 -43.367048763601765 -29.62348586133756 -8.070208816674096 10.693177544046994 49.13666203127958 -270.8444850209441 -287.9602475594874 -289.2209865875393 -283.5297034951344 -284.6538137683665 -281.67581822037613 -293.9428641015135 -312.5480452136975 -328.07590780632535 -334.85775277667346 -319.52369466142153 -285.42761824752046 -252.9848934616758 -229.02582433526402 -207.50850436735746 -188.45132610643736 -169.12262698830594 -143.13806175001008 -109.19412884676288 -78.8981141222487 -55.08536081817479 -34.209105645802616 -13.660841312487586 7.693080398238396 27.200623107123857 40.39456609917856 47.54323362072817 52.307551594318 60.045719246205294 60.94682025075219 52.90551633115664 40.75612042739498 30.846179900042937 22.195771523223424 14.15602572249727 3.343473428637595 -10.971445609632626 -23.860721402505575 -36.344967922867156 -46.35457981473504 -47.66872786339295 -37.09218221556796 -17.233660220599607 -0.0478385576214782 42.16299516800062 -280.72055081916113 -296.7456407406633 -303.15957532923574 -304.783693726841 -304.7198083084951 -304.4914763527679 -319.69854127647716 -334.80824007947433 -344.2537162007595 -344.0676268467397 -320.8520424664764 -284.1389229523556 -253.47433265586488 -227.73193254953677 -208.03116447959127 -188.10004400699393 -165.68033849997332 -137.9578642704937 -106.83280513106624 -77.41926728103405 -51.29116769947398 -25.843049930680216 -1.7627347180498079 18.92157879522802 37.28004963683499 50.28837417512508 56.597300472237905 59.08105538569989 59.43270414745347 55.368484798446865 47.017494279610176 36.69110451381585 29.319276763866974 20.642810577709643 11.925916799642467 3.7107933945569567 -6.831247727484499 -17.06428835998105 -27.56199427043502 -35.90275366565997 -37.22407068811736 -30.371141493704112 -18.215271637900685 -3.4583016154068518 38.01791567888689 -290.39269776418973 -310.01010005010454 -321.37148700758394 -325.3048395519377 -328.6899936882847 -332.6328468645001 -340.2464075848251 -349.1196202411514 -351.477421912332 -346.75520887368293 -320.70026921365655 -288.9272461948522 -266.039554924407 -240.75846300647035 -218.6542490735575 -196.32333293971345 -166.31350104408648 -132.0957385204393 -100.73559814629493 -74.49762986769963 -48.184595203603756 -20.37403686486273 6.120164287263048 28.41377691839711 47.531294077221034 58.95270794998139 62.21861644985661 61.28374986900191 56.242703656997726 47.19708807561096 39.507102249437004 32.617292609135916 26.784090703636487 19.466768241529568 12.718204323612396 8.258926594618863 0.5313671760917928 -7.520550418508228 -14.853052988781416 -17.255749417177576 -13.808397312821969 -12.79869528157226 -9.811111771252989 -0.4836988982468091 37.006797259080194 -297.7001183926491 -318.7942659468571 -333.47932324883664 -340.93552223398433 -338.13899541811395 -342.2529944501319 -347.3842450766558 -351.88623478628983 -351.27412162194196 -342.80865613816695 -322.00692317056576 -295.95992784581244 -273.9613277869951 -252.31829691792026 -229.20577728876046 -203.12000914056486 -167.70638738245103 -132.18614026445383 -103.471448206715 -75.48402564166635 -49.261910028717544 -21.526027766636776 10.560921070620859 37.07198824752623 53.17091127662025 62.561196032990416 64.33103732287863 59.726925212758495 52.724701696550994 44.53047366045069 39.619660239474875 35.720256456058976 28.985774445715982 21.500221552050732 17.0476965995523 12.892847305793163 6.192482029340905 0.9418618301593773 -1.7807280915147015 -1.5339997174635125 1.2121783425566985 1.1118525925400156 0.7729318547675984 3.861326799307052 38.5917506103269 -302.26743591762096 -321.40064270518155 -335.70716205391705 -346.2493294189157 -345.2974173587366 -342.19663500381046 -343.2968952217572 -346.98199762457534 -345.21990171138634 -337.0204572065618 -322.637645249707 -305.31027465847893 -285.3405953695326 -264.6813206985178 -239.660132280973 -208.67773183472727 -168.574528316809 -132.0590899202112 -106.5333020859345 -82.53866344152058 -57.73493037788967 -29.62419525771901 6.252113918832344 33.62988551053334 51.53313893906578 60.819765861104194 60.53890315889938 55.16323060521001 51.30395140454209 49.07112750878916 47.04742674435701 44.600531424876635 38.29502024197076 30.757717968950576 25.202329551154232 19.230883283265694 10.609179956200045 7.222268881398626 9.727217094345658 9.50841495995339 10.132164545210998 10.394582466258077 7.026098279238182 9.189410562737603 42.47431036445143 -305.0161359609256 -321.48991556218033 -333.52042602439207 -346.025811289522 -347.80138241775455 -336.3396310026407 -331.44644084785403 -330.99177562175043 -325.3846943493053 -320.7860957438955 -312.3095235992077 -303.4372027104378 -291.12382268837894 -271.41582118764575 -245.79782257531733 -210.77352675561013 -168.08127239391922 -130.10991013316303 -105.86838814296716 -84.12271548332667 -62.56331073973896 -35.4383833560537 -3.277864770384343 21.19877209321182 40.39148339168068 49.59816206695574 50.11013574412117 47.69672024708241 49.668919002120845 52.63939470366859 54.508738367447336 54.27737954295491 49.719520902548744 45.49226794149624 37.771509105511896 28.418249805924145 17.50382429152695 13.037988547562465 16.212356642009503 19.942556924274882 18.371927030464942 16.953822177545977 15.375452392692592 17.4679660158244 47.63105394895847 -306.6942576393352 -321.56032658818964 -335.98777491892173 -346.3747622805298 -342.697262802231 -326.43470263606025 -312.93404514369297 -307.9967025310273 -304.2831812591889 -305.0915732932714 -296.6715117594358 -290.0279375110182 -284.79393682575795 -267.2810109215686 -242.92654897024428 -209.15660934598918 -167.28044510302703 -126.52465150099324 -100.93984028007812 -78.28082382466397 -58.747038513682796 -35.37544739929768 -11.475660274185948 8.176223083234536 25.676458417986552 34.38712958870563 35.79121694240193 38.873925069717224 47.544354875894285 52.47003212425183 56.584094565377896 59.59527820364761 61.823706140026424 60.55766550753579 49.873065549641844 40.12619088660555 29.136512513785004 21.436700491924825 20.35542142027056 26.281297070619985 25.807336177877346 23.660181905471546 22.66923633848084 24.898148903953945 53.602228313883614 -308.54647550440905 -324.5745359940948 -342.3204442717032 -350.9902679173628 -339.6872303798462 -324.91103755901736 -304.9350296292613 -292.48123874328274 -294.5482375965283 -295.922912073337 -290.5701442087684 -278.0225145447268 -267.22188574412894 -253.07788995601695 -230.09579664147796 -201.6828175806064 -166.18605934828233 -127.96104365027806 -102.59631825489132 -78.49521445212186 -57.43040320406443 -37.4822982788186 -16.527732637069764 2.46658731736197 15.33126103813941 22.822741769666436 25.882135861636392 30.917225564687215 41.558753524648104 49.63886616858722 51.485910587403765 53.41872465600588 61.74116213211432 62.02835116131218 54.58173920933151 48.232499779926975 38.427927649423964 31.50938032841359 29.490149878602583 31.698305470517894 31.650282390083312 31.73961721334727 32.33927995022208 35.24132487295757 61.27941984602362 -310.49966796176454 -329.4330888641933 -347.1582650639239 -354.4436090089927 -339.91913444626346 -324.3653602884267 -307.78124454021105 -295.5577645622631 -295.3592007434066 -293.6152002761485 -283.4962590632826 -269.78359583505414 -253.87852341331967 -235.59948849543608 -213.51047371304625 -186.58629509930444 -154.849162804009 -123.03106768685525 -100.85531606716852 -81.12889373338452 -60.907757760624904 -41.11656851623415 -19.60245881856244 -1.913399058209444 8.574139316040856 16.412272356258384 19.947803560867758 25.200590158432536 35.130237352404 42.53263912542292 42.37291487064554 42.86745189798371 51.31727264521495 52.680192777563015 53.0634532333884 53.079020323496096 44.63629367301348 39.225221906267855 37.504438524049384 38.368487676634146 40.37854579652713 41.98930437482594 45.50796285546748 50.3534974093075 69.99003618936584 -310.15320346320516 -328.3667312089626 -343.1867047893882 -348.5233676002443 -335.24824423694474 -320.7840853408622 -308.75956331348664 -299.41428646124643 -295.2893389048603 -290.19990287141445 -279.2472055887277 -264.4061279054105 -246.17095913431817 -224.83034099556224 -203.2952262783539 -179.1440772372057 -149.40759137172458 -122.3240857723057 -102.95080202916645 -86.01065566225128 -66.80065134600308 -46.73380620443956 -25.483216168709546 -8.84739491160065 2.441182041740752 8.99474752217097 13.260206146841446 19.73034259488302 28.448281844816727 34.918727304990156 35.96198883817845 36.320484866051785 41.07697119029755 44.71118297600111 48.079122924328225 50.62795122075049 48.118022558100186 45.228800656766644 45.68223086881453 48.31697686135254 51.32270821066579 53.17087393183009 56.8254490244317 62.44016922320693 77.07762537827078 -308.76417649345075 -323.5493908514447 -333.2227074774363 -337.5424394654822 -328.9220300405806 -318.3638731032608 -310.32138878218717 -303.68744744078447 -298.04320697899976 -290.41768167368554 -278.52178105306456 -262.55112513098186 -242.6524139496172 -221.18118777714812 -200.13272592764545 -178.25170508953386 -155.36082860061248 -132.45865795354518 -111.02403223868913 -91.137925813135 -70.92109048045478 -51.22191776812989 -30.78757093794087 -14.191650293328165 -2.589357806741369 4.038055644726425 9.054456182118374 15.407405830916078 22.781196588354046 29.40718542908168 32.524820962608146 34.198171238117794 37.86889621032851 42.57213653598976 47.37842855486155 50.76405834562161 51.26828248721265 50.82059846140031 52.56360320124858 55.588614373111916 59.07782802244775 62.17225082568354 66.06375064825326 70.27119015467675 81.62975136394675 -298.81641746133124 -303.4244493434092 -305.8100080660662 -306.7564327375328 -303.9444525096901 -299.66024535837744 -295.54339703942634 -290.4985132229989 -283.44710536203576 -273.9196340283071 -261.51168031918473 -246.59600496254075 -229.50971382395076 -211.4119334440098 -193.27329888400658 -175.28918785014253 -157.7686917438992 -139.7575135036085 -120.33610462864608 -101.00848059463635 -83.0795293416663 -66.25893475445999 -50.05263574708817 -35.95867181002754 -25.228754872007865 -17.018570982758654 -10.273296164077824 -3.9821378335606226 2.711512183992688 9.319261759707322 15.211273758354357 20.58009513165242 25.767441004884432 31.164991019825905 37.16820929945607 42.78114766778569 47.05166808894188 50.64820714825327 54.383540727347416 58.23516410611554 62.25447297164175 65.81369991681454 68.85789622576719 71.46502741245614 80.87251735519146 -95.92993100180442 -118.49152518930859 -125.51243655997139 -132.96111633572664 -139.89986560868937 -146.2152835533166 -150.5801623762665 -153.32701949907695 -154.70122492393006 -155.07226860532026 -154.80338359454348 -154.25742619203652 -153.79680347279663 -153.85610700421026 -154.8698961007279 -156.88057037437332 -159.93052712151385 -163.6679546759581 -167.74104120525794 -171.8962718905584 -175.8801319010678 -179.3884464932118 -182.11704092255616 -183.92763433777193 -184.681945887437 -184.43389077658696 -183.23738420982548 -181.1127941521897 -178.08048856277196 -174.14740259797222 -169.32047133140523 -163.70208852404144 -157.3946467837822 -150.58892463806004 -143.4756845540969 -136.20958056143644 -128.94504299973428 -121.90506588026952 -115.309527616079 -109.11872337277966 -103.24955363048079 -98.0854858127141 -93.40557734415648 -89.48826234642216 -78.19362964267097 -109.53321619222754 -136.63352413272042 -145.05914464572308 -153.88937973776638 -161.8955115258948 -168.86094545376 -173.11103673744893 -175.0938834905453 -175.152900530197 -174.0187872369977 -172.41472706901158 -170.7464143764549 -169.4190038905856 -169.07734900944186 -170.36626438816447 -173.3364871915108 -178.0387518026226 -183.95446214725985 -190.56502195147172 -197.3881449503685 -203.9415448647221 -209.6729901761851 -214.0302493653793 -216.84898316267171 -217.96485229832368 -217.52401321853068 -215.6726223690196 -212.48087046329766 -208.01894820841943 -202.37400529789863 -195.63319133538045 -187.9403746872344 -179.4394224681426 -170.38792615541027 -161.0434597926178 -151.60809818156662 -142.28367330361388 -133.42831322959412 -125.39676397785546 -118.06598456632341 -111.26582809857625 -105.39331531737385 -100.18936621711428 -95.90041954256701 -83.63460947578463 -112.61436050035478 -141.12070720620724 -150.0353233016565 -159.37409935025298 -167.79707868151627 -174.9125269640554 -178.7954290203459 -179.95770994942046 -178.80121023847988 -176.52622935732757 -174.32516305624273 -172.38997988972488 -170.91208095074134 -170.57776598855932 -172.07329401053886 -175.43939772338172 -180.7168069086508 -187.50487712682462 -195.40296372836414 -203.58610466190603 -211.2293378610061 -217.86847221975196 -223.03931663114452 -226.4124183292127 -227.65832454787216 -227.04943485048557 -224.8581487999478 -221.18368462899394 -216.12526056392838 -209.78387758518932 -202.2605365836531 -193.78879592606853 -184.60221273174383 -174.92815280030308 -164.99396455676896 -154.94598338450908 -144.93030266991192 -135.45083535380218 -127.00812379389116 -119.42166233943601 -112.46399917305585 -106.53653630461152 -101.38679999412489 -97.17699418420604 -84.96200848636254 -117.1306463174297 -148.07863088469315 -158.10187766248734 -168.88369236021882 -178.96177370999334 -187.11493954105035 -190.46027197494595 -189.64412580220798 -185.19354202110716 -179.88611335799783 -176.49085821012997 -174.3775675725653 -172.91543253821476 -172.76213248805175 -174.5753321981991 -178.29578584016255 -183.86423211552236 -191.63811804649472 -201.9748868111019 -212.74493907795232 -221.8186751102594 -229.55604250625902 -236.31698886301166 -240.92050867463223 -242.18559643511853 -240.97016911807353 -238.132143696642 -233.7031947222097 -227.71499673987196 -220.19184575931874 -211.15803770262957 -201.32828870071387 -191.41731366442212 -181.3446106629472 -171.02966340901165 -160.34295653412872 -149.15471332725153 -138.3689056920304 -128.88678148754482 -120.5956716462318 -113.33621277692862 -107.46571996308757 -102.69237841193865 -98.87792120129389 -86.97234746725886 -120.51150991312493 -154.33333050143085 -167.08461636590067 -178.88251865502397 -190.50257519981383 -199.85955765263012 -202.01161759392505 -198.3930042069405 -189.82471271590381 -180.59161408269742 -175.45439922808433 -173.34283317056307 -172.38056296762028 -172.40590702446582 -174.3952332795171 -178.59347000318627 -184.66962141776966 -193.31466110074155 -206.51865166667324 -220.32849415409507 -230.15135379243677 -238.5995259016234 -247.73525774507468 -254.61230255055818 -256.32017215284554 -254.4570998509813 -250.54244325277216 -244.85563432145142 -237.70593117781723 -228.81966267149508 -217.80631296141473 -206.26709459901096 -195.7976781838276 -185.80095388040178 -175.7675402840502 -165.2205730235726 -152.9400408025988 -140.68768133090697 -130.06456892305218 -120.83723849819802 -113.10294204678435 -107.53227578398621 -103.23336071367441 -100.0935670217252 -88.82972692230356 -121.71758941816444 -157.5246533470589 -176.73708755314914 -186.32626582955518 -195.9787470350967 -204.5925583935768 -203.5315552781376 -198.53023074409438 -190.0612408439422 -179.1968304936462 -171.50406747609597 -169.0708122692921 -168.84281824972126 -168.27290122407518 -170.07204672023803 -175.16691452354755 -184.27474604909722 -194.0768387544622 -209.38408147945304 -225.90101973422966 -233.50280948283165 -241.5887200409043 -254.9585085498594 -266.53363033654693 -270.24633054542255 -269.172265349946 -263.4296469679472 -255.05955202488306 -246.29041704314295 -236.04629549507857 -222.63752525366596 -208.87219618314765 -196.85139160510033 -186.87188104648263 -177.7993402677453 -168.93678366764107 -156.44285127940734 -143.7344027510882 -132.36310452918622 -121.27460503612885 -112.90632798057844 -107.8599839961921 -103.91894019156555 -101.18525500497917 -90.57944564532801 -120.39745649113834 -154.54126712360025 -169.88833918357258 -176.92995309171488 -185.16823981140013 -191.65852213173463 -193.96321905833742 -193.67559918165196 -187.72894500235438 -178.95152226974776 -170.7103947362092 -165.05681450038185 -163.45136694311316 -162.31037941463714 -164.26976654546863 -169.5785192447231 -180.29143615641271 -194.16657290809917 -211.95933906199372 -227.08284548679842 -231.62942893518377 -237.66402663541675 -256.2862240749547 -274.449738477792 -282.2989571976624 -283.84150040164957 -275.40309210172154 -262.62852498916044 -251.01063325492726 -238.7962344440406 -224.3762735718064 -209.16392313961072 -194.19255584466416 -183.20519889719546 -176.84844987422878 -170.09006637491763 -159.07978720330436 -147.31052135115777 -135.4121505962202 -122.86626690898098 -112.98656469859262 -107.76972182407509 -103.86382694194094 -102.00971735807883 -92.10707831360192 -117.98412251309243 -152.31119761700717 -164.26622565936708 -169.32021448028033 -174.71055322001175 -176.7115412340997 -179.50437355389508 -178.9865834623182 -174.0742641191984 -168.19466907662854 -163.32435897001466 -158.87341472147955 -155.7578572069632 -151.2764856729577 -151.672786440064 -156.7700442044966 -170.0913743972094 -187.25111200937667 -206.79466321831225 -223.03399124418226 -230.72907167423315 -238.46623828113306 -258.84184053775743 -281.07814778737014 -296.4395442383733 -299.75801486006475 -285.58039680951885 -265.34022597807603 -249.26570068247392 -235.42429178189337 -221.84533907928719 -207.4467100275723 -191.2660820797673 -177.10211549918318 -171.97777377054857 -167.4519174069269 -158.0152344953133 -147.671594637801 -136.74859539049635 -126.09581029671641 -115.7100372076191 -108.35750247249085 -104.9512901525896 -103.3220918393463 -93.45611272276953 -113.8902725855826 -147.75411354495668 -154.67384800133868 -160.9926791346391 -161.0618254155629 -159.34242810565965 -160.13885190175648 -159.65114239068149 -153.59318889403983 -151.3206601738424 -154.24940509312117 -153.42189386473933 -147.20168159132925 -139.22815290476947 -136.941914193707 -140.90236842102647 -156.020565100231 -174.78175385149748 -197.60739189465838 -218.42937909695124 -229.39921286466233 -241.00311239384126 -264.3397352430889 -288.0333215705875 -309.01640810422987 -312.9502826834884 -291.23453847354006 -262.6006284864852 -241.1390372005932 -226.71703586892616 -216.00355470455025 -204.35279807107145 -188.53340246477904 -173.14517922274752 -166.66141825207993 -159.8945742327931 -152.96837932979602 -145.72367831551335 -135.48074957623825 -126.28578006352306 -119.15023412064119 -111.84750158808971 -108.81679109185326 -105.54541177836842 -94.68055571739401 -105.6484087265649 -136.7026863803476 -141.70982692945847 -146.81935409547086 -142.79553999135047 -140.6231193102753 -136.4640156906847 -137.65882885567743 -138.52451048022928 -142.65920744473325 -150.5387307202552 -150.52830682225922 -143.82602882708005 -135.6301522959144 -129.76533389963205 -131.5127557972835 -147.489032322232 -166.74548456118347 -190.0480513738286 -211.86131034776704 -226.88777747219942 -242.14470607137991 -262.44979097134814 -282.9598676322599 -302.583145319634 -307.9077940782856 -283.8507953944317 -251.09630565614057 -228.6570634915174 -215.81788721432764 -208.90436510722643 -198.8111398349383 -185.06720798674772 -171.6563389423025 -162.35373726353112 -152.81860872107907 -147.05337756066538 -140.95787294439538 -136.3149012535821 -129.59830104653764 -124.2308635247674 -118.44735578619706 -112.73809689940511 -107.30115478747649 -96.00425782866219 -93.09195490458983 -120.18891057385295 -127.36589823477631 -129.05319206377894 -123.46768419921115 -115.94889302423819 -112.77864066455383 -116.63604767564212 -126.98695497230085 -139.53647732938921 -148.22291883149543 -147.55243240154988 -142.73262941872002 -135.73208965865632 -128.9916920283982 -128.28733143541558 -142.75027276435475 -162.12237179885338 -183.79092294758104 -202.58983248723757 -218.2790907786973 -234.4520419410324 -251.23187017577308 -267.758998357017 -283.07084579804695 -284.7882736220373 -261.2827916963139 -231.9357120383753 -215.61428399099177 -205.72659362385028 -200.1131005491707 -192.0189047344555 -180.68414871671837 -166.23572183435326 -154.01111573782765 -145.3102304370901 -139.2431566866324 -135.0152216555961 -131.0809795862577 -129.35608273391463 -129.80007968731758 -125.53271803610146 -117.91900450639679 -110.27623151439278 -97.42128437798235 -77.9278541543025 -97.31163994860417 -103.14921015783001 -101.90505059168188 -94.59679901941287 -85.09277504135176 -82.31830456645532 -90.35709620640023 -105.15221552673599 -119.46568783434876 -125.35837242483491 -127.72897457184482 -127.84737142541238 -123.29656027020484 -120.44796574060562 -122.27486863318195 -135.31800041993725 -152.50056600678928 -170.99185221309133 -188.2401101841011 -201.07954966597669 -215.68787853679376 -230.15294126076301 -241.85099504043555 -252.76073632127057 -254.35686648723677 -236.16531695144076 -213.0164917582599 -201.54614725614633 -196.18302825698214 -190.52969431903045 -183.60090508162097 -172.65590175749367 -154.50811488121604 -141.10399009182242 -131.0234521295125 -129.75707721055824 -130.92790279912202 -128.6916914585462 -128.6867758481684 -130.27137051519915 -127.91953982429703 -120.01528118213147 -111.64746328803666 -98.40467957704848 -61.46051956160185 -71.0465883760311 -71.40006579231304 -68.58239121434481 -60.22816341982955 -53.33578328423997 -50.822062254772526 -56.326464136783166 -69.02717609576682 -80.71245811003976 -84.4482029867456 -89.19937269585249 -95.51435471482206 -101.1908277496282 -105.07904816700437 -109.38274790574128 -120.9166631845445 -137.55915816116433 -154.50340328601905 -170.42883470813345 -181.17496105669773 -193.01729062645066 -203.286760030954 -210.99304298147652 -220.39509915696345 -226.41467559565004 -214.10313531352452 -196.28720435152172 -188.78919602792118 -185.4778928141527 -179.9633404197511 -171.80397980066917 -161.73870903976987 -147.75396680154304 -128.7712895042889 -117.89546127290048 -119.59872991202066 -125.54154100877045 -128.6239581212113 -129.62971945872883 -127.04221620899474 -123.87195097095484 -116.99418076655932 -110.69921694051772 -98.9050939145767 -45.13822717656581 -47.00699479502654 -44.45702926116432 -40.63378456458587 -34.167385777143345 -29.088235210432437 -25.531972940008146 -27.016572675145262 -34.54074664998861 -43.11920054834026 -42.375389356084284 -47.13158878479156 -58.03798382800779 -73.39153056608339 -87.15485967066154 -98.34183743484509 -109.82329924815107 -122.59468076515572 -137.70591187006482 -153.34605127912732 -167.91952456630776 -178.5168507611211 -180.3352099323001 -183.286644589709 -194.76870168470063 -201.41201293717535 -191.24478260622115 -178.61017067684983 -172.17474547404242 -168.7993735806722 -162.5783555515924 -154.96764982650672 -143.14138893143212 -129.9130151873434 -112.38587649199835 -102.79132256564806 -108.78323920481003 -118.18943678458122 -124.39788331949052 -126.29956796309082 -123.57344182012545 -119.00476814485596 -114.3457920964811 -110.83456747868283 -99.50715124114974 -29.998980720558023 -27.07237863747512 -24.25962992359356 -16.82349173978986 -13.223473278196149 -10.659919449539343 -5.281739745526553 -3.3669640774173177 -7.8590270813671195 -6.899019045781769 -3.1638127526480937 -7.000350965323682 -22.68938997546354 -46.83223272409579 -69.5671676300072 -88.52273085498956 -100.71495823576689 -111.07148493666037 -124.06737667255227 -137.83909128113558 -154.34216530875932 -166.64006949361777 -165.01329442651456 -163.12391962058308 -170.70244776889584 -175.3223187616068 -170.34171845764345 -159.2796214105127 -151.5793250369237 -144.1706756355042 -132.71716428381163 -119.49009321599125 -109.18246310591583 -101.7382623955973 -89.20969556288993 -87.19983716112665 -99.43332803124451 -111.00761281075211 -116.46299658315324 -118.61711601776054 -118.25399604439481 -116.65179429015377 -114.39031473732203 -111.99892097628401 -99.9195304104317 -16.753233289197752 -10.635642020525358 -7.333798397825665 1.0948343154711666 5.2770507396389705 13.083342727524728 20.21179384054318 20.1670987755285 13.823893042799503 15.839941951622592 19.68631551427548 13.552250904115688 0.1515601964876236 -20.56724143205743 -44.39689563963214 -72.08525560105164 -93.55720596886852 -104.88312906593622 -112.24294691284054 -119.8409172079781 -130.98370966591082 -146.86350569818143 -145.2699312493184 -142.95365530797804 -149.60564960972786 -156.60093154367016 -152.29905185306507 -139.29289772459083 -126.41339346494055 -113.90038534832479 -99.71424988087507 -83.38129794767914 -75.13683189515056 -72.10813498614866 -69.94690661953707 -76.40102900672312 -86.56427689559062 -97.27416909225433 -106.44700023473074 -109.30626490590632 -113.24636817075007 -114.92285798037632 -113.76307805253604 -111.75536025884506 -98.95950219552256 -6.203972734087457 1.9281284360580364 3.849404527069143 8.790704203320253 17.834446968878062 35.5956908712071 44.049092708840035 41.689948591406996 34.78623815090385 28.128101706621283 24.937508306589773 17.820272612835875 4.7664844686075964 -9.103236420248926 -29.56385505056679 -53.190365853970874 -78.82079991504206 -96.82392557856662 -101.85868421801015 -106.78887648388131 -113.25485363525691 -121.99149231240922 -120.43603969653523 -121.13278515815371 -129.98391613272625 -139.0940837952365 -133.23124565792247 -117.6469572800976 -99.50961055785672 -82.19271030609268 -70.1169465855836 -54.24278697220503 -44.81811176071292 -44.73345975799542 -54.99615007046058 -68.62611877259168 -77.03118975652292 -81.2938188939083 -87.77700064051345 -99.24770936987346 -108.26810067017513 -113.39926647968687 -113.0663801992224 -109.72170317021912 -96.24490011127469 0.5701763105984827 7.819515460907414 6.890192970486308 11.186312674475595 25.329582575468375 40.98157171765617 46.82197324974825 42.39242487361098 34.994563946681566 25.959897257496635 18.5708908438382 12.85606083881985 -0.6688908983458247 -10.859258006341177 -23.6180679826551 -39.333245396749746 -62.321204738834915 -84.10076045716805 -96.13714187252434 -100.92134052278665 -104.03188727612407 -103.54206302672172 -99.76483353134249 -101.93805335168598 -112.25477883730825 -120.74519215914817 -114.44016760108894 -94.22277297005978 -72.36832810404898 -53.514232827173686 -41.85688074022531 -30.832752874079258 -22.67202756940337 -24.534427936099384 -44.581096756132894 -65.2651372772926 -71.1402470377142 -70.30598459588958 -75.49542940227431 -86.6066588198839 -100.81913830987165 -111.67035648476741 -111.320554283228 -105.61408726019553 -91.96647930280746 3.5478968701550855 8.417381975130311 6.250268628400529 6.917245269837107 21.844498037835145 35.764367906394085 36.21720787844995 29.955184544118826 26.630728547211728 16.97991846289591 6.174361330355277 -5.131620947181026 -12.695074708097318 -16.599372217116844 -19.976710084757176 -32.31666781372561 -53.725109015188835 -76.20848226042119 -90.12287963372674 -96.71092240633492 -99.96617602806977 -93.58930000442707 -85.32078273367945 -85.5000926146704 -93.59896334752948 -101.28356883553343 -92.67339896973547 -70.1105312145584 -49.59416126776582 -31.03394502406739 -23.60338009780636 -13.853433726933154 -9.272655320631214 -15.364086271086256 -39.69906856733147 -63.60098280036701 -68.58472409930664 -68.0690046373632 -74.1505228465403 -82.33572336813283 -95.95691018715894 -106.12687593822604 -105.43330080045985 -100.0334155989284 -86.33326175388216 3.788647639250837 5.730854890626156 1.9381726982773668 1.1176213696967012 12.531619806095469 21.16647431826935 25.257133211447965 23.755961642707028 20.426738182960356 14.0019876759255 -1.0098291724354322 -16.417582474827203 -18.14478430412094 -22.2740234553715 -29.35133242218925 -38.511547504336455 -59.36502578875813 -80.0592781203049 -91.71243494067126 -92.81840199218924 -93.91509912268177 -86.5417428144323 -77.52144250248931 -73.88411006279905 -76.50232932622909 -76.2558355532676 -66.32541929840251 -47.62990817080283 -35.323143479183514 -24.11216804346842 -15.578006398232196 -6.256946699436498 -2.126623501485059 -10.1283059908199 -34.38570257697327 -59.677243888190354 -67.56217574609231 -64.37399352547429 -68.7027275811278 -78.76404992246154 -91.09388328004924 -98.38050934950202 -95.73419867218098 -89.5826835891324 -79.11920806116969 1.995548540692901 1.5125426779417723 -1.88970997013113 -2.3943493381003154 -0.7156183467474966 8.497260522060156 14.980310626745856 17.08270640930402 13.609183990713133 5.980697574231094 -3.1510860530097253 -11.540306000743534 -22.01215821951065 -33.108824417569906 -40.96590333876522 -48.22111330977533 -69.72341476322731 -88.07887501256317 -93.42354733603777 -90.3298235905438 -86.87303919209377 -78.70834927120947 -70.99090700570291 -65.31911635233945 -59.420089757803794 -49.727793868677225 -39.228228522346754 -30.789429262650486 -25.203218571364143 -18.910574928785895 -8.280859500932099 1.7390459447580728 6.831981200470546 -0.40765348587509015 -25.952803130724785 -49.2960666581293 -56.56234411943415 -58.41055418927231 -63.11051810701228 -69.7653366339591 -80.58487311739707 -86.72262340314833 -83.13126246138026 -77.56176095400315 -71.11124014990146 -1.0313035147005125 -1.2465229079367974 -1.8786384837369738 -2.8545969821677 -7.411578338633146 3.6966017113623035 5.676049539693232 2.304473466742081 -3.046493901076827 -6.217855549997195 -7.020189159746926 -8.384547841767413 -24.31006840015021 -36.58786028108951 -50.10686275026554 -62.198906135744785 -79.97956374863112 -92.35028218491765 -92.65175430072392 -88.08381310124979 -83.58766394037205 -78.84069743037476 -72.95662436293739 -62.429017694822505 -47.32233312146919 -32.88157553536082 -23.683868789968827 -19.6654937266538 -15.714016875205836 -10.004084484209493 0.7390356719707358 11.113828990781021 15.55819073685187 9.133929430217167 -14.305363200268573 -38.23522411761624 -46.9772013392459 -50.58729163055004 -58.2148970814637 -59.195274600689466 -65.46397689236618 -68.98248163332038 -67.90335744638358 -66.80705809175815 -64.06215993941342 -5.126659492772517 -2.960404977495211 -3.0015656583628507 -3.130917564110793 -7.673484894829977 -6.452673971603743 -9.38420236164578 -19.967983286671014 -25.819509122964188 -24.985706623343088 -19.32675541024183 -16.138180714187598 -24.599269027242237 -40.06167413884033 -58.1038749153811 -70.92997917315002 -85.72004390476233 -93.4214108286535 -92.71152846779816 -88.90973176555948 -83.58100803319074 -81.65420138271571 -76.59616778734349 -67.57545047839905 -48.717480666925745 -29.181335488588445 -20.607051186086046 -13.784412754972461 -5.90873619772871 1.334308094327256 12.094308034943793 21.32790752525423 22.654528325984785 13.198559085177397 -6.371226843385348 -27.84458435062219 -40.59411470412602 -47.66850169074233 -49.12209487875568 -47.837620392868295 -46.586855472060634 -49.384926085795115 -53.48606818157928 -58.73211648535681 -58.068860780286776 -10.850700015296685 -6.8082275631077245 -6.903912767625179 -8.228627426506906 -15.980963249123667 -24.037448924005368 -30.8000569192299 -39.520273203722496 -40.89953413489436 -39.258399316584715 -35.569752845837264 -35.02219671501284 -39.67238836510076 -52.88898474801146 -70.08626094456686 -82.0206852059915 -91.76076345553498 -92.82502710679158 -90.33821168447687 -89.2570659129371 -85.24596632035069 -80.33747824440721 -72.71573871407595 -67.60864133014158 -52.61234419008816 -32.98227455145114 -23.11124600968575 -16.2931268124394 -7.087355991271988 4.588639288638629 16.757452128589946 24.247161233676515 21.85705640806747 13.25285137937737 -0.12925365957690263 -16.616779337832988 -30.220863072998416 -38.46072178803929 -40.440737486787995 -40.15359288404595 -34.09046867548844 -35.353193226794374 -43.903749435075156 -51.26970832407734 -51.30834628881097 -18.316863205878327 -14.079123178508494 -14.507458698354007 -18.545820605113764 -26.899706579274945 -36.385289399512835 -47.19361157493556 -51.352912490884655 -49.48113350479338 -52.63886533813689 -52.02709345342757 -52.944244037462695 -59.39329872136178 -71.23270133895764 -86.12524052417301 -99.19362994352053 -100.0383275919755 -94.49947831837895 -95.11200457431126 -93.83381677241788 -85.43068510831596 -77.42970752660703 -70.08307893922466 -61.642140064313324 -49.441502733663654 -36.98788887163886 -29.571561380447623 -24.076105927757464 -14.10771448515252 -2.0482431461931814 10.096737461765795 16.890990592675205 16.708690378897863 11.635303937153234 2.6920227283139075 -9.582631966500013 -21.52208013337703 -28.43525326211384 -32.66558672975512 -34.867690972873376 -33.277747043704984 -32.54228233797103 -38.44282690230457 -43.571184257146726 -44.042040310104255 -27.508690653927207 -25.03666627649038 -24.88463998996595 -27.50500060820195 -38.72128469851195 -50.32848306452673 -57.975205789549435 -61.37933226325292 -58.82972449995249 -62.44899815511949 -67.03957438358525 -69.38294696556578 -73.59428172027636 -83.0630871150486 -97.45361100208927 -109.58549570834334 -104.89393462462336 -94.15570918983092 -93.96617181161665 -96.53043818183163 -91.29694190816886 -79.89978647654087 -69.12188033097691 -59.621411745854225 -51.09232359718651 -41.81656171299395 -35.596619897947754 -30.676165220444165 -21.43417091694386 -11.549586976364878 -0.11797004248248578 4.276882070830374 3.252369078922798 -1.337988189376995 -7.206175733199171 -13.034720281176005 -19.001172431677187 -23.49289361469941 -28.980277107167037 -33.20117369924577 -35.29194055944114 -36.481891210510376 -38.80924197265171 -41.14692695029806 -39.00486171993825 -37.931972614995246 -38.75389558369368 -39.75381311222504 -42.395679865193465 -50.595633725466335 -63.51272895024476 -64.71266964187674 -66.37573017980213 -66.04515723519924 -71.9201020042017 -77.72525023518956 -83.61719519259252 -87.59514672903084 -92.2977479756474 -102.75250238917465 -110.22706565005419 -104.38854059597115 -90.33376803941843 -91.83595747754153 -98.88100917641651 -100.44951237160642 -92.83089570044368 -79.11561196625027 -65.45879958242408 -57.17053527676244 -47.374257441008254 -42.839089323892715 -37.9698090810896 -27.32937082102455 -17.38654371470536 -11.57021200175492 -11.126388561279297 -15.561034605665114 -20.687494654371456 -21.781075563436065 -22.103270701948567 -22.564769934591606 -24.22843152746698 -27.82223680270421 -30.08261378271686 -32.61444736300891 -39.294612889009535 -44.094122808124716 -44.2829569500473 -36.26176966994413 -48.41243355245882 -52.18113302696288 -54.75755792097213 -59.532559005330896 -65.31848116132883 -69.5870068631915 -69.7153515797219 -68.67618101023288 -69.6879125761062 -76.96021028947217 -87.64092253761515 -96.06588999468924 -101.72955279849013 -102.90486253597362 -107.8334356163053 -108.99974806516707 -103.18602535039734 -93.62041373945226 -93.9699254746294 -99.565750896004 -107.10543828135987 -104.0879905132807 -89.78389262701538 -72.93937827500802 -63.836602047753956 -57.91438714290948 -55.23505056257067 -50.93556864888998 -40.6615031785958 -29.00893056133261 -24.382991941590365 -23.845528141584367 -27.335168798275767 -31.91141309758594 -29.615839075446203 -29.758106378752906 -26.22573673217226 -24.76765409391241 -25.95983545203463 -29.784914994526634 -33.811866505959145 -40.89443039626007 -45.504693850002866 -45.209839448822194 -33.13373072105522 -58.42461810218982 -64.09074927764007 -68.4654722616034 -75.57494348444638 -79.20034912311232 -76.83517721097412 -78.48121481697575 -76.3498985128473 -76.30946668022257 -80.46586406427512 -95.56514904925056 -106.77571706241966 -111.49592708125981 -107.11983572050968 -105.33938441040718 -106.56644614145375 -106.1104782694523 -103.02451701261855 -103.61298162654747 -106.10217268277262 -111.64317613816627 -109.29572844348608 -95.997429308004 -81.06380050583293 -74.71230165650185 -71.92638877594334 -70.68495740512748 -67.34575025134338 -57.57178791319873 -46.42398163905396 -40.20200576522059 -36.60768288392507 -32.28661779020885 -30.235812777216047 -32.19429306486226 -35.19326807120092 -30.906368394670423 -27.313886382567286 -27.705023766049294 -31.12666167386187 -35.92434948591074 -42.53088565055274 -43.55387401154955 -42.362526367284154 -28.757291996410714 -68.0345626633871 -74.58317339169085 -79.00541743718519 -84.74722482611635 -87.29288321740775 -86.87030778026075 -84.21280807596737 -81.50060162569594 -78.53713940356944 -83.56891996394502 -98.65931583372303 -113.6431604673356 -120.66832936441172 -116.91836307672907 -110.49781369225113 -106.22994093109504 -107.95953599218318 -113.12034181609265 -114.64026288848257 -114.77980285095727 -117.7705701962668 -113.80804841946504 -103.24810684840347 -91.74280211775387 -86.63988994055589 -83.41604483538586 -80.54910791676322 -77.63787243615138 -68.48140515208232 -58.59460889045212 -49.29282924257 -42.86767158248741 -33.003455215681285 -26.500857545265983 -31.169763133365972 -36.59477371910295 -35.71387557499497 -32.660695072197214 -35.20624352514452 -38.54605545229892 -40.02903682332222 -40.87011712137958 -39.84443204666164 -37.26661270380949 -23.54560996154745 -76.87095948207104 -83.49844223218598 -86.66516001690067 -91.40279542171186 -93.04188643761589 -91.80778673636644 -84.7431269922895 -80.1201567983221 -82.23909197663897 -90.78069728370357 -102.84122184578268 -115.03865531420368 -123.75526956711037 -126.30321052253112 -118.15270449737227 -110.2624548768968 -112.50451938326194 -119.35883474306888 -122.4489457519382 -124.24925499123324 -124.57953124031293 -119.8660475024574 -112.49374093855587 -103.61268020366158 -95.98717390804042 -90.55869466107517 -87.43177419113118 -83.17471678682597 -73.4069238337659 -63.25253410209877 -51.951016383655485 -43.735742262146374 -37.3450830362486 -32.5131010937737 -31.05321660302119 -36.197696934493955 -38.25552110592223 -39.166173643882516 -46.92410991379711 -52.718630028361574 -43.80871875849995 -37.699470504395514 -33.065756915310395 -30.538619880767037 -18.0711459673272 -84.79812878782336 -91.53497606300269 -93.70575992376774 -96.27995418693632 -97.40748101253963 -94.68065911992636 -90.29711208839201 -87.91426044910962 -91.67958902957808 -99.85878408887962 -109.888574965047 -119.34576809839517 -127.38264915145251 -130.22945522468527 -123.56647292269427 -118.37022788743994 -120.55489718979042 -122.01867997552314 -124.4740143408162 -127.69015122291154 -127.06620669559895 -123.7916890701301 -119.87011945067324 -113.839895152274 -105.89124546717652 -99.14219734722842 -94.87924522050814 -89.46363847891193 -79.71012021593654 -69.16472392077696 -57.59635824004359 -50.318924547175335 -45.99922312192337 -42.044425185344444 -38.134066611406965 -37.66190375688457 -37.417578712311794 -39.292588519015055 -45.710397647485166 -49.46996762454321 -41.28091410214521 -32.66818647605286 -27.14749977311799 -24.144057564252655 -12.668463052527219 -90.21885081025917 -97.24655793097082 -99.76645715984644 -102.29382258824901 -103.22913924935973 -101.17748210028832 -98.66098087175457 -97.57440090515817 -102.20223379179212 -110.05959310077111 -118.18785461269565 -124.2230595035832 -128.70031599848053 -130.46257936358975 -127.81970162495828 -125.30736687636657 -125.89938827766814 -126.65139162502383 -128.58453483603355 -129.09457437124863 -127.83574205758995 -126.50646891599065 -123.8870279516392 -119.44559896446572 -113.77841509810627 -109.38041555479442 -104.63090057200002 -98.10218710903915 -87.8211462292915 -77.11425739786392 -66.75955312120782 -60.083280552486684 -55.29156656309371 -50.926499271458965 -46.042250277924666 -40.6774954967386 -36.347895695154065 -34.374918744140835 -37.17812677353155 -38.2591709387128 -33.32809013714716 -26.742097560543446 -22.725620970370414 -19.765361803653025 -9.133707874286355 -98.93922774720643 -106.42959671022017 -108.65224374187865 -110.84740626490499 -112.56860429072908 -113.49230915435103 -113.14646953049993 -113.4417108026281 -116.41826086805949 -120.2311046599358 -123.01087343527554 -124.64392701408984 -125.12046366782705 -125.27430938635754 -125.7577836282278 -126.01043563392174 -125.46116620194604 -124.74444519276848 -124.50985669157015 -124.05337606070339 -123.10433064021097 -121.68867175501623 -119.53498905496693 -116.57569537194881 -112.80935397372946 -108.46017444216182 -103.26038296385609 -96.76420801228441 -88.47119141343366 -79.86676014778344 -72.31801607340215 -65.91183733953645 -60.32722896807541 -54.47699646171274 -47.293905546607704 -39.62956467723753 -32.545025076521554 -26.943280899345382 -23.846450263461477 -21.303929823048293 -17.43474574028289 -13.48872582305593 -10.245032915512683 -7.531350482889276 1.7202578591237836)
(UseCyclicTransform "false")
(UseDirectionCosines "true")

// ResampleInterpolator specific
(ResampleInterpolator "FinalNearestNeighborInterpolator")

// Resampler specific
(CompressResultImage "true")
(DefaultPixelValue 0)
(Resampler "DefaultResampler")
(ResultImageFormat "mha")
(ResultImagePixelType "float")
