(BSplineTransformSplineOrder 3)
(Direction 1 0 0 1)
(FixedImageDimension 2)
(FixedInternalImagePixelType "float")
(GridDirection 1 0 0 1)
(GridIndex 0 0)
(GridOrigin -355.2065827583733 -1124.1837566589506)
(GridSize 24 19)
(GridSpacing 401.2223784506432 402.2143624932148)
(HowToCombineTransforms "Compose")
(Index 0 0)
(InitialTransformParameterFileName "results/HE_vs_XeniumR1/my_reg_project-modality_fluo_to_modality_brightfield_reg_output/TransformParameters.0.txt")
(MovingImageDimension 2)
(MovingInternalImagePixelType "float")
(NumberOfParameters 912)
(Origin 0 0)
(Size 8276 6153)
(Spacing 1 1)
(Transform "BSplineTransform")
(TransformParameters -92.69250243800097 -64.18950094243414 -54.35275809799599 -40.20426667241779 -24.991851477446318 -5.927732700704254 16.857827171715943 43.869674377491094 75.77280795569052 111.60580506937475 148.68663281085867 184.77597565805752 217.23355667056032 244.87819961009524 267.94665238006183 286.39823114694536 300.18202729764255 309.655519477982 315.6241593617987 318.7644165361185 319.91077231085603 319.34451274263495 318.2486928618494 313.59948674059433 -113.19937892360481 -90.99641483167984 -85.23356989950551 -75.62189023538764 -63.341132866966625 -45.114675753086544 -20.542357965598097 11.305791049720472 51.833501162018955 99.36566702557265 149.02703327017636 196.78004826936643 237.78250711710686 270.1859694024075 295.06725778516864 312.9040459181827 324.2581955322831 330.035840154425 331.5649653761325 330.02500406161954 326.8496230209521 322.5035129540938 318.75939481338514 310.81320440959314 -117.89380254829716 -102.27843519577813 -99.36621464374424 -92.8608439673599 -83.57956684438633 -66.93254339681482 -42.9400254846163 -9.4693808329673 35.46295009375823 89.59966378796571 146.62127611826517 200.5442864755013 245.7882244466142 280.12092874108254 305.0951689019351 321.82431406491355 331.01138415839455 333.8959893410157 332.8322899273361 328.6195691131594 323.4450465526696 316.2135153804567 311.2378325144563 302.5441243741247 -124.95970385691082 -133.040902312377 -128.48259142330073 -120.71364974305824 -108.77012410347727 -93.75798200287318 -70.39549328217446 -36.823517257256015 1.9312773028846888 71.11209728157874 147.1506318479497 204.63693365887377 253.62579935634076 289.60419409160613 310.57215664857415 326.69795705092434 336.94319581595244 329.64056985913396 331.6031782228993 327.9875730163877 325.52058635248585 304.1295952338303 295.64270584273913 288.0961498793713 -128.0090876034431 -134.55143109714038 -140.89518257005096 -157.88536933813737 -137.56564162842426 -123.55824494833797 -93.5159600693604 -60.98231405593394 -51.961381490797464 45.16179982971441 132.00894736371234 182.53821809194412 245.49279464156743 303.28151121637603 315.7173288314207 321.010475172273 351.269722968236 317.00506332440216 303.94887449704277 304.5888981818636 308.242978977632 289.826802083659 271.8736325166373 267.40792378986646 -132.85110746052587 -137.3095873471538 -166.82410492453226 -176.62500102167886 -143.99530375141134 -132.23791076675 -144.2145408881227 -93.43544176594031 -62.7703578834205 28.80717881870029 120.82502197673053 170.47304162896953 210.6156261188683 280.28612431152504 300.2346498108485 278.6898546250842 329.38049513103135 285.3842834411068 260.8855751484309 267.9611204037017 258.3282630721893 255.15171027171806 233.53837867987428 240.02949706731133 -142.63095548488556 -146.79776887113678 -160.05326662835594 -174.1759686764878 -163.29295662495886 -161.98840299272186 -181.3400355115523 -143.52479407161803 -69.19316997222673 1.3043639448047504 63.557901816799586 132.02775921413485 193.9278257249414 242.8541265708781 249.11455402754362 226.33150669825812 243.14526241482915 224.36979582011728 231.23487414728046 230.78297528935636 210.50183712374402 208.4983421919973 190.51787159452437 207.15547939314058 -154.60160951545973 -148.77699674252142 -146.3115830841528 -168.0464722027543 -208.22452000024285 -243.10977811982025 -198.80031434558316 -165.65931812578128 -92.14297559951676 -28.0234531903157 22.605256166390998 75.06372039429327 135.69295622105275 183.52317284541832 187.7881409990567 183.94236342566558 165.27471812278597 144.09453504762305 160.93811913814795 169.86921759473333 156.9555002921482 156.08553659916743 149.08743418657164 171.84047658986594 -172.38550049026654 -195.08365188782162 -209.35027057939078 -204.65520361317562 -222.3676840930365 -249.93128560639678 -240.6426371495487 -229.28537760651994 -179.31132565927373 -75.63259889384568 -14.497774562248782 32.78908391678528 80.6591659524947 101.64310058283644 122.9122342159809 166.67808201031508 141.13402491469975 118.47788747788118 93.91532775655509 108.8132991485863 116.54949022847526 99.7108921470063 109.99201670931967 137.6716413162346 -193.2380379975182 -214.5615136854893 -236.75097047463078 -235.5402261069519 -230.35721541603266 -250.55093663055982 -253.36465326178856 -251.15651612779376 -233.95056579274907 -119.91915054138141 -53.87095342481395 -7.70315986021509 49.68970776635717 81.92023686225743 89.24841788594856 123.2766626388015 92.25829747729942 86.52611742452345 82.3005515884748 51.689883945509735 29.303112089242635 37.608206298122184 62.27464675767725 106.20345193269645 -218.44370935574645 -246.29962626664786 -254.7947926852413 -249.1669162956937 -263.4372577829549 -299.0524737670269 -266.28338255721917 -240.3486147221876 -214.46299674033185 -140.6457671990157 -79.13071916885967 -48.06645125844623 12.019099000210359 58.17338311635498 51.73257344622473 88.09091440470088 73.99797450711449 49.41476040880415 53.83636200181746 -12.226233273362874 -23.758757357532627 12.075540887276029 36.35873393676064 82.89102340675056 -244.38712271774455 -284.0574389334305 -300.6476559273592 -266.0728345961569 -278.10645186294056 -318.3564006854012 -301.88812701824986 -254.48474286291682 -202.1168639814595 -141.1380659673679 -69.96853698807418 -37.98738407465071 -9.41797697995298 24.440995127428778 37.66948774344089 73.62065042932242 52.31978261749844 23.760639562469557 18.68983680581794 -30.5026184544899 -55.22060319364127 -27.74120200774977 18.506774629484557 66.52513638804294 -267.9700333359062 -290.40807454942404 -279.760943628844 -274.60269142091033 -328.6715260515867 -353.027496536153 -274.6375899163026 -211.19680561304514 -181.64978208974205 -143.558297973493 -79.5077031686321 -30.454159957957994 13.723664054045319 47.979304731201715 59.748656502956855 63.27263938413006 37.85561136868792 18.741027946413027 4.009225609444773 -24.121726483446142 -51.60286888088214 -45.27293405934074 -5.654711115735296 56.52119851915462 -287.3001244894677 -317.27852904836016 -343.94602158552436 -346.6805070352857 -358.3938876972602 -358.2390974099348 -290.75395631095427 -250.73503185186905 -208.5473809391805 -128.6407925978459 -71.04847267730335 -17.16932010507993 43.989175823060904 67.00162058268464 65.70733130394584 40.20457370367146 30.76471692898477 15.91079449319807 9.48938083520102 -0.6797157196014143 -7.942105412691879 -2.420505087806579 -3.4435584297793027 54.84784996478566 -299.02719956058166 -319.78664662343783 -349.74319113107236 -345.2024675667291 -343.85492173928077 -340.7632275359077 -312.74833103859123 -273.48891391253187 -214.77794736880682 -126.75061420215494 -91.5705375890132 -35.014368678762494 36.17054540978821 65.4530138999703 51.03338932876279 51.67724110776828 53.55236285873936 34.73745452622968 21.466829044150053 4.478718289793543 16.102539409920343 16.360626378021372 9.938557097382004 61.242066465490815 -304.51459633207355 -316.9309757320742 -350.5773278677671 -334.12890162701063 -287.17684096801196 -302.40445426344706 -282.8521374501372 -263.7956877671261 -215.9292318827814 -121.77578505622945 -74.31349079419974 -36.34277403905142 4.693649534668714 28.654846575953883 30.51069908954825 57.5148607754649 57.58159755286535 78.42369069950104 50.08142325879249 21.458980795065326 30.76219691630957 24.002221996334377 25.29601994046578 70.93064645959689 -304.7260599552875 -331.0780045614983 -363.4106881862645 -322.32415178955245 -292.7062379169741 -292.52406206261463 -267.31837146730936 -228.2833477529462 -179.88124217400792 -120.86387476031393 -81.50376372888294 -44.718937588465074 0.38340542329340827 12.868543960985988 22.374856313135297 43.10601794916875 33.40497142912279 47.93208963948875 53.43697163840941 39.73357281011858 44.5619961950481 45.846141553830506 58.66021127191212 82.06472018423462 -302.44085123627093 -317.6336267169013 -329.8173916618841 -314.5315778755252 -306.4555971985897 -293.1345343483585 -262.2215233638825 -219.31277847114922 -177.7592638389725 -139.86130856888948 -93.37435576181983 -55.161255892192806 -16.491699765450452 0.4072936640897586 9.8628509080104 25.064880308383213 32.443245748893375 40.17418155703262 52.2847975707291 54.23618004227639 60.770292785706054 68.98870336375956 74.42808619487802 88.59523938143465 -291.4647432844218 -289.12037215259653 -288.97739068587157 -284.2762709008416 -273.8884957564305 -256.2287175969982 -232.42192047372805 -203.84145618849345 -172.23773869466444 -139.1425468411231 -106.27823247819869 -76.42163200709767 -51.585377447951124 -33.019886945472535 -18.171004423862822 -5.058025892626129 7.969077564342673 21.507585250387436 34.19617924062066 45.24701076099709 53.789271543704025 61.05484195140839 65.7499123073387 81.0599575808286 -76.60983691094728 -105.30237507899785 -116.80825581271525 -129.47259541031994 -136.35490229113384 -139.1531178777434 -139.79264595159196 -140.14619434844724 -142.4826439145794 -147.13427271041536 -152.47764307058398 -157.34282916008385 -160.29696685872455 -160.6541831340844 -158.42482376764565 -153.5086130772967 -145.7002921987783 -135.46972932445047 -124.01644348433048 -112.27139918317224 -101.6547010535589 -91.70624847683231 -84.57703861210075 -69.43329965927859 -94.77099901916354 -133.32667754712904 -148.77769209048384 -164.91632183716644 -171.5390929401382 -171.2335110667914 -168.19307257007333 -166.17048725457687 -169.891888072248 -179.72399186966268 -191.64802528834178 -202.6968604162083 -209.17576769632313 -209.7192287911537 -205.1928341167311 -196.0288798417502 -182.63218045705233 -166.10582243029043 -148.3534594152057 -130.94437775985173 -116.13981686700902 -103.4231815920949 -94.77630033997332 -77.04418027980546 -101.72302146396788 -145.4823802860576 -163.04897472601397 -180.2785529131081 -184.41949432614825 -179.11780728441974 -174.2303999202703 -171.42994503168234 -176.65674138952068 -190.35643547272724 -208.57767049198276 -224.97762045706978 -234.25620324021986 -234.70121030117193 -228.3330624262425 -216.02955004123763 -199.00343368926517 -178.7302838030519 -157.43503777401747 -136.61800698579003 -120.56991167143254 -107.1168507051789 -98.49385144375955 -80.52123979967094 -107.47988593726183 -158.40425728719472 -183.05103729073065 -212.85677044620962 -209.4312098873017 -179.03082329643462 -173.85884698312955 -172.72217567677598 -179.40769162922453 -191.30905579698836 -227.44223521223913 -244.24976945989005 -265.61690616545695 -262.08982343441556 -251.90608517360536 -234.94960402411505 -208.63275509169532 -189.14885718726157 -169.1609416916862 -141.01329365578627 -119.25180495506449 -105.84353311633535 -101.39475857335493 -84.65010419012575 -105.25179691542895 -152.4261996734943 -169.67490644350568 -188.5886140667281 -192.60862166749214 -178.02978204618321 -162.88846605617138 -157.9277514477746 -168.45062520849473 -194.9855641572224 -230.85104755870282 -227.16451255053425 -282.50005101743227 -297.7904676167733 -265.6607077527712 -244.00545875365773 -206.95744539583757 -181.27808007142914 -173.04970977337587 -149.4541470751331 -122.21641626522121 -106.7776353565718 -103.5674602629681 -88.0685484789276 -96.29595484217927 -149.43172870079385 -162.290815704 -152.16382791481956 -143.54739625481247 -143.52483923830778 -150.46838702149188 -130.1741031102905 -123.07566496728899 -169.57647151011773 -220.69200412129706 -243.59739017005 -293.60111462472696 -337.38260624400823 -257.725515851215 -218.04974259436233 -204.56832312436063 -168.14544113869712 -158.6629296473827 -145.89448206239928 -130.26394391910634 -114.6994454657561 -104.97106804809574 -91.13886117398631 -75.26369717114937 -112.6567012734977 -125.94914221117469 -100.2433482561608 -103.58325877809428 -142.91900943466652 -155.17591245895036 -140.27713897322684 -124.95565740591366 -161.5775369567557 -199.5251672820536 -229.3810087369082 -264.46124916992943 -278.98483756961826 -215.71712176817482 -200.31705275276008 -191.97097563661072 -169.41588248941164 -134.95934154637524 -130.79635624611043 -126.1212326467792 -132.6420967927007 -110.7117262209857 -93.60049521040341 -49.24347004446194 -59.50927853189283 -51.093777034119455 -31.672599423071027 -35.12564672061393 -60.81721143490901 -64.26268837419553 -90.0086298847913 -99.58056903740865 -127.73251609311592 -162.20494361824223 -179.1138042871386 -187.59980438850923 -217.61448512018922 -182.61576564725314 -183.10326226888236 -165.8501193908353 -146.20986731246387 -101.9112789162868 -122.5538485393808 -131.76172676031928 -122.0082741345035 -109.49234877158649 -94.85361650673784 -24.03703019553021 -16.504582727533595 -7.873115179313627 0.8047370330792123 8.6264677292664 9.619871278546677 26.736339548547264 -32.593222335920565 -89.04345721362975 -107.43127664021641 -129.63705752422405 -168.8048729178937 -151.64544128600818 -168.31919479352987 -149.13233701509597 -136.2843596136458 -101.01434248885322 -85.86601036711741 -73.27532480554152 -110.36350440611494 -118.59443060271806 -114.60870974004776 -114.48306685069434 -93.98821037638038 -4.701679608228157 9.561542439139876 12.07023781906329 55.3476801449903 58.592075875428144 26.325800408752574 23.326748220491694 -5.278727082212817 -42.580539084048 -93.85064884697212 -98.30112673028093 -108.74774247204574 -104.9860404643456 -132.75484461256065 -113.9751620964037 -59.39004189633072 -34.717899403344504 -21.231553463720196 -68.24811724606387 -69.25138675457708 -86.05262026808893 -118.32211585668576 -110.00695960237584 -88.51397036320212 2.7397835275148323 9.794490872566904 5.669237095164754 30.250572396030055 25.159207222081406 13.906259941035229 -26.695688656981524 -21.50453756876164 -17.25260018652102 -77.19356325748787 -108.85660909569259 -87.95673391042554 -72.80470355375861 -104.62440350180933 -62.00337924122547 -16.86741094660619 -10.424593900150768 -7.7553490353646986 -73.61560165920072 -66.32822613822775 -82.07812200911853 -111.09550367502636 -94.79153941052789 -79.12084074987192 0.567996812768388 0.5894943325268587 -13.076191149673795 5.47972501341711 17.33229975356808 6.314152693100196 -4.245422668720725 -28.002563281471232 -61.882240677854945 -101.42535527978049 -91.17841107867561 -75.47851324287937 -60.005539286471205 -27.615986191865396 -18.33023997937406 -20.973045560447066 7.137946982809151 12.72142813494647 -50.73487917931522 -62.916599614287584 -65.32492657861452 -84.33989408189767 -70.30908894252475 -65.73871152248852 -9.016926773297321 -2.318296843449963 -2.237779056754463 -4.7590038871215175 -30.93261699660683 -40.824278371239394 -15.469229598757295 -38.06998395671468 -72.694774871803 -92.77156558347161 -88.99355978198902 -81.66347257255212 -73.64582107589429 -27.020949390708516 -12.84612145679156 8.339851027403231 34.298147569589034 21.986908159382196 -22.411802586104468 -47.53330203354565 -38.937328895540176 -32.46394393164063 -57.56827151336029 -53.05331662213009 -24.0235487248649 -16.996159747894435 -14.270730562559804 -48.53795035413095 -58.48030988216124 -58.6004095052612 -68.58517939911842 -79.68888442826413 -118.28688548347122 -95.54630099681329 -99.16594368478084 -70.47007073968227 -56.688046220964246 -37.87615717223778 -29.59773602889723 -5.675385053910244 16.727522536428687 13.537244220913255 -7.606805277160643 -23.40051329095436 -36.26780442538589 -33.638408205821804 -40.23024771234988 -39.074739602693086 -42.4432669332624 -45.95919540677107 -50.447521619479694 -75.96048711302389 -65.68460235480933 -74.69270066792878 -91.77877351013286 -95.74941037149516 -118.98495374274304 -81.88103448694122 -95.29409754983025 -105.62370842154004 -64.84111965512011 -48.55061629288341 -42.64986477168921 -18.33864611786747 -18.926101359891774 -35.58400711386347 -27.826399229398373 -20.381154637481465 -29.04035004281875 -41.24739694332759 -48.20754904969823 -29.08336725554613 -61.479322290275306 -69.27504160336014 -81.29850857870505 -90.74586885341051 -77.31412018086245 -77.48711600100684 -117.56347448078539 -119.72151662996123 -100.5430552205763 -107.18841488698894 -113.58565941326137 -114.5761663665887 -81.26772149662156 -80.93687877551646 -77.80215436839384 -55.17565852211251 -41.7152345893857 -21.469955508905436 -39.62040330341266 -27.938466928160878 -31.305497799165977 -44.01782174173659 -42.145005684199084 -19.32380514216795 -78.87754312985321 -88.13956401611168 -93.60256240164213 -90.46585696090577 -76.95248281510017 -92.1770256351164 -118.13482002139918 -134.14674368059195 -111.1972060045012 -121.53487925100328 -134.42900070855882 -124.99225307143179 -110.95527517999678 -93.28172208040839 -86.43002485820114 -64.61928187238257 -45.65739025237626 -30.852403328376266 -37.720706753618174 -42.83185602018635 -63.536778682645355 -35.06651918953932 -27.376220155100814 -9.595332536938608 -90.97350327819024 -101.62248535467472 -106.5015874569022 -109.07637875609298 -102.79475761562047 -118.52023278010354 -128.2463019115736 -129.82674981185744 -130.25401202538308 -127.89343067411122 -130.39168100417191 -127.64188344231025 -122.7636117919865 -114.2913861596917 -104.09335816678662 -81.56964918719717 -66.97391884205126 -57.917561159036126 -41.35939460437624 -27.993855886765775 -31.35767769767847 -20.504482153710512 -16.33312520177169 -1.5709352983075362 -99.18539910405592 -110.92452383663219 -114.25797914605045 -117.92229210631619 -119.31442035292294 -120.43036765424762 -120.80508192908782 -120.42692072502452 -120.36491407343507 -120.12979099000994 -118.72448833037313 -115.66960920157696 -109.51640598932575 -100.47500802786446 -88.74586289333578 -75.16396585683634 -61.821596427766224 -49.12185537980124 -36.771699268698974 -25.04741288144838 -15.425329268576778 -6.30981478686923 0.10272094089742992 13.30506013691097)
(UseCyclicTransform "false")
(UseDirectionCosines "true")

// ResampleInterpolator specific
(ResampleInterpolator "FinalNearestNeighborInterpolator")

// Resampler specific
(CompressResultImage "true")
(DefaultPixelValue 0)
(Resampler "DefaultResampler")
(ResultImageFormat "mha")
(ResultImagePixelType "float")
