(BSplineTransformSplineOrder 3)
(Direction 1 0 0 1)
(FixedImageDimension 2)
(FixedInternalImagePixelType "float")
(GridDirection 1 0 0 1)
(GridIndex 0 0)
(GridOrigin -2160.7072857862677 -2330.8268441385953)
(GridSize 9 7)
(GridSpacing 1604.8895138025728 1608.8574499728593)
(HowToCombineTransforms "Compose")
(Index 0 0)
(InitialTransformParameterFileName "results/HE_vs_XeniumR1/my_reg_project-modality_fluo_to_modality_brightfield_reg_output/TransformParameters.0.txt")
(MovingImageDimension 2)
(MovingInternalImagePixelType "float")
(NumberOfParameters 126)
(Origin 0 0)
(Size 8276 6153)
(Spacing 1 1)
(Transform "BSplineTransform")
(TransformParameters -157.0217238643262 -36.78835356554225 15.660260153837065 85.9776960103094 173.14875795299443 251.41925714061165 290.52252665482763 303.0354079007374 290.77408602179344 -233.00747330683967 -107.47223141281506 -75.85101214509031 25.629564632768776 238.56258094290152 341.3711941958206 348.8618882185938 325.7564154851682 306.03933379991014 -257.32508104397266 -78.53802116193506 -189.3686864485952 -123.85762667533918 296.62912995231363 372.0046532152369 290.31009803496323 247.2003845500211 267.6953518981746 -288.92007172570635 -148.01990311843443 -239.44556125793912 -237.6949725496326 -0.07760707512200851 102.14847894951801 -27.25463021402936 80.39997557510296 222.4904631592075 -318.96855728326517 -284.61024690760723 -397.7926258645197 -280.2625463306807 72.10667083825093 74.72636832155834 -73.18556561960507 25.054611219342082 194.16179856816484 -336.1519740270922 -292.67453498956445 -350.57186205741306 -214.19933850044808 -12.046705355005281 34.273153690709236 99.74110381943049 93.88783564334521 177.84512636820938 -329.26863901301294 -262.60542665270754 -222.08025457099814 -164.98593158490337 -103.6042792248774 -52.358511287767705 3.0212528199824615 39.09145544029133 110.77399885357906 -3.7135531033127585 -49.50111053546586 -69.40850532385507 -86.59582243686594 -93.57217336276034 -91.9202738954324 -76.91101548934112 -59.681009264047205 -32.4489075250374 -19.477759853408774 -94.92348818462358 -196.53175452597486 -168.8262870224362 -208.32872765641946 -198.60094119332138 -121.46147670693735 -78.65373527735869 -30.093940870540568 -14.00655776602872 -118.42998618752456 -264.9555960750735 -115.17796979544107 -376.8198124244697 -287.9353001138447 -120.0416064686496 -103.50260335336291 -24.1794094800963 -12.656418077106897 13.216715000197294 122.97246268692325 28.501049169813143 -130.63514794381973 13.837099062594056 -106.22737616102316 -116.61899158331833 -11.92490595328039 -35.868744030051 -10.03980568560441 -23.72837447106277 -134.81369339003098 -80.80377568625393 75.17873121818324 -43.71980612775712 -44.092980179563106 11.901985539127924 -61.21079747013007 -113.9172301186055 -138.72221909469116 -134.9656906238317 -162.73926042336163 -106.74696798763648 -38.379014557479906 0.6257823313204328 33.300178661812986 -52.42463796163035 -95.10472747298812 -105.00051550158656 -96.30069762493598 -66.74859509774637 -20.68854977408839 14.276338672959977 31.99780296105906 59.946049312929155)
(UseCyclicTransform "false")
(UseDirectionCosines "true")

// ResampleInterpolator specific
(ResampleInterpolator "FinalNearestNeighborInterpolator")

// Resampler specific
(CompressResultImage "true")
(DefaultPixelValue 0)
(Resampler "DefaultResampler")
(ResultImageFormat "mha")
(ResultImagePixelType "float")
