1:ItNr	2:Metric	3a:Time	3b:StepSize	4:||Gradient||	Time[ms]
0	-0.085220	0.000000	29179.270588	0.000283	30.0
1	-0.085483	0.000000	29179.270588	0.000056	0.7
2	-0.086679	0.000000	29179.270588	0.000045	0.8
3	-0.084483	0.537917	28450.508475	0.000173	0.8
4	-0.088483	1.437327	27310.057656	0.000167	1.0
5	-0.087379	2.437327	26144.819907	0.000049	0.8
6	-0.085227	2.633882	25927.382217	0.000137	0.7
7	-0.084434	3.016095	25514.750647	0.000115	0.8
8	-0.084499	3.601625	24907.488055	0.000146	1.0
9	-0.083421	4.601286	23934.917696	0.000063	1.0
10	-0.088794	5.600700	23035.660179	0.000113	1.1
11	-0.088961	5.444932	23171.346596	0.000260	0.9
12	-0.087929	6.444932	22327.061513	0.000217	0.8
13	-0.085590	7.024772	21865.108925	0.000161	0.7
14	-0.083763	6.974128	21904.693083	0.000140	0.7
15	-0.085113	7.974127	21148.684836	0.000140	0.9
16	-0.086580	8.971815	20444.697417	0.000126	0.8
17	-0.086541	9.241742	20262.214855	0.000186	0.8
18	-0.085243	10.241742	19613.652602	0.000149	0.7
19	-0.080933	11.240509	19006.048441	0.000097	0.9
20	-0.088203	12.238738	18435.257155	0.000076	0.8
21	-0.083737	12.081839	18522.690880	0.000045	0.8
22	-0.085257	12.805958	18125.937290	0.000133	0.9
23	-0.083938	12.771903	18144.215617	0.000049	0.9
24	-0.084832	12.686173	18190.391698	0.000104	0.9
25	-0.084160	13.569936	17725.363449	0.000058	1.0
26	-0.083575	14.039294	17487.928868	0.000115	1.2
27	-0.084461	13.882380	17566.596373	0.000121	0.9
28	-0.088610	14.869695	17083.074609	0.000264	1.0
29	-0.077952	15.869695	16619.738219	0.000144	1.0
30	-0.084721	16.869695	16180.871782	0.000076	1.1
31	-0.082788	16.712676	16248.241887	0.000159	0.8
32	-0.079172	16.870009	16180.737740	0.000107	0.9
33	-0.085806	17.870007	15764.460149	0.000068	0.9
34	-0.085528	17.735310	15819.279083	0.000073	0.8
35	-0.083758	17.598216	15875.466627	0.000044	0.7
36	-0.082608	18.071510	15683.158569	0.000031	0.8
37	-0.085900	17.978084	15720.749271	0.000081	0.8
38	-0.083308	17.970421	15723.840423	0.000148	0.8
39	-0.084689	17.813496	15787.412641	0.000154	0.9
40	-0.082624	18.810242	15392.136508	0.000106	0.9
41	-0.083340	19.803120	15017.593691	0.000122	0.9
42	-0.087726	20.803112	14658.350899	0.000243	0.8
43	-0.086982	21.803111	14315.891394	0.000196	0.9
44	-0.089735	22.803111	13989.067769	0.000129	1.0
45	-0.089864	22.646073	14039.400048	0.000174	0.9
46	-0.088127	22.489568	14089.923545	0.000025	0.9
47	-0.083636	22.334533	14140.331906	0.000163	0.9
48	-0.085443	23.117694	13889.318150	0.000083	0.8
49	-0.083766	24.117684	13581.474733	0.000112	1.0
50	-0.081382	23.967375	13626.872305	0.000059	1.1
51	-0.079976	24.959636	13332.670353	0.000076	1.0
52	-0.086946	24.804840	13377.727727	0.000107	0.9
53	-0.084630	25.295694	13235.889326	0.000054	0.8
54	-0.083171	25.985200	13041.653028	0.000063	0.8
55	-0.086023	26.545700	12887.909531	0.000152	0.7
56	-0.092914	27.526367	12627.458467	0.000166	0.9
57	-0.087180	28.526360	12372.495816	0.000147	0.8
58	-0.082647	28.369323	12411.851092	0.000102	0.8
59	-0.088686	29.369320	12165.434821	0.000102	0.8
60	-0.084818	30.271852	11951.288321	0.000076	0.9
61	-0.088848	30.114898	11987.985995	0.000174	0.7
62	-0.091855	31.098329	11761.695432	0.000154	0.8
63	-0.084811	30.941292	11797.255296	0.000161	0.9
64	-0.084855	30.784255	11833.030793	0.000178	0.7
65	-0.084602	31.784255	11608.853511	0.000073	0.7
66	-0.079343	31.627220	11643.493298	0.000098	0.9
67	-0.087512	32.597742	11432.658571	0.000039	0.7
68	-0.085278	33.194495	11306.769751	0.000066	0.8
69	-0.081858	33.048965	11337.214035	0.000043	0.7
70	-0.085665	33.317241	11281.218850	0.000091	0.8
71	-0.082846	33.198314	11305.973157	0.000066	0.8
72	-0.085270	33.054803	11335.989515	0.000169	0.9
73	-0.084510	34.054614	11130.124083	0.000142	0.8
74	-0.084744	33.897576	11161.962376	0.000074	0.8
75	-0.089105	34.866219	10968.429466	0.000219	0.8
76	-0.086090	35.443143	10856.317504	0.000112	0.8
77	-0.088115	35.286335	10886.562041	0.000242	0.8
78	-0.080514	36.281339	10697.457350	0.000166	0.8
79	-0.083732	36.124423	10726.842372	0.000174	0.7
80	-0.089734	37.124423	10542.292715	0.000149	0.7
81	-0.082000	38.124423	10363.985824	0.000064	0.8
82	-0.079869	39.124013	10191.679751	0.000088	0.8
83	-0.080568	39.059568	10202.615506	0.000090	0.9
84	-0.085373	38.906609	10228.665869	0.000104	0.8
85	-0.090320	39.903382	10061.258672	0.000053	0.8
86	-0.085691	39.796365	10078.969027	0.000063	0.8
87	-0.085593	40.206480	10011.434770	0.000144	0.7
88	-0.082212	41.194118	9852.453921	0.000033	0.8
89	-0.085992	41.148043	9859.758225	0.000124	1.0
90	-0.083509	40.994209	9884.224519	0.000118	0.8
91	-0.084598	41.986879	9728.449695	0.000164	0.8
92	-0.086052	41.844232	9750.531847	0.000178	0.7
93	-0.085157	41.687789	9774.865132	0.000109	0.9
94	-0.080683	42.687786	9621.384658	0.000072	0.8
95	-0.083304	43.641199	9479.475828	0.000172	0.8
96	-0.082979	44.617740	9338.399641	0.000101	0.8
97	-0.084407	45.600839	9200.554966	0.000122	0.8
98	-0.083183	45.568742	9204.991237	0.000057	0.9
99	-0.085699	45.412617	9226.630621	0.000116	1.0
100	-0.085430	45.876997	9162.562706	0.000071	0.8
101	-0.084016	45.720105	9184.108455	0.000112	0.9
102	-0.081443	46.709269	9049.937887	0.000066	0.8
103	-0.083613	47.427457	8954.953255	0.000121	0.8
104	-0.086943	48.287519	8843.796004	0.000155	0.8
105	-0.082516	48.426322	8826.114703	0.000064	0.9
106	-0.083842	49.425444	8700.899065	0.000145	1.0
107	-0.087800	50.423224	8579.347862	0.000068	1.0
108	-0.078359	50.518168	8567.958369	0.000177	1.0
109	-0.080912	51.518083	8449.819094	0.000140	0.9
110	-0.081425	52.518003	8334.892886	0.000153	0.9
111	-0.081184	52.360966	8352.734658	0.000111	1.1
112	-0.081604	53.099913	8269.438627	0.000081	1.0
113	-0.081032	52.945300	8286.729319	0.000158	1.1
114	-0.088746	52.816536	8301.184461	0.000067	0.9
115	-0.083169	53.812363	8190.687486	0.000054	0.8
116	-0.083179	53.659356	8207.473430	0.000035	0.8
117	-0.085008	53.530847	8221.625119	0.000111	1.0
118	-0.081313	53.498013	8225.248724	0.000062	0.9
119	-0.086113	54.488300	8117.346455	0.000126	0.9
120	-0.086302	54.455965	8120.824940	0.000253	0.9
121	-0.087388	54.299343	8137.716161	0.000144	0.8
122	-0.080989	55.299343	8031.061040	0.000100	0.8
123	-0.082071	56.299342	7927.165561	0.000129	0.8
124	-0.085278	57.135241	7842.359957	0.000103	0.8
125	-0.085370	58.134907	7743.291844	0.000108	0.8
126	-0.086652	59.134655	7646.687682	0.000136	0.8
127	-0.086504	60.134303	7552.473614	0.000095	0.7
128	-0.094077	59.982347	7566.645113	0.000019	0.9
129	-0.084539	59.867628	7577.379211	0.000142	1.0
130	-0.087417	60.301124	7536.976754	0.000123	0.9
131	-0.086729	61.301117	7445.399377	0.000122	0.9
132	-0.085308	61.144219	7459.620325	0.000170	0.8
133	-0.083018	62.088569	7374.837358	0.000090	0.9
134	-0.085151	62.055815	7377.745724	0.000058	0.9
135	-0.081609	61.900354	7391.580981	0.000071	0.7
136	-0.082916	61.841720	7396.812633	0.000117	0.7
137	-0.087356	61.696987	7409.758282	0.000091	0.9
138	-0.088825	61.540032	7423.848365	0.000187	0.9
139	-0.083430	62.491199	7339.272751	0.000096	0.9
140	-0.086794	62.334333	7353.087999	0.000099	0.9
141	-0.085074	62.680083	7322.706414	0.000015	0.9
142	-0.087097	62.921597	7301.632776	0.000076	0.8
143	-0.082280	62.827998	7309.785505	0.000084	0.8
144	-0.085113	62.734657	7317.933877	0.000092	0.9
145	-0.083095	63.655430	7238.338743	0.000120	0.9
146	-0.083868	63.836908	7222.854972	0.000119	0.8
147	-0.087181	64.836883	7138.710804	0.000125	0.8
148	-0.081816	65.836882	7056.502604	0.000024	0.8
149	-0.084451	65.694010	7068.131716	0.000034	0.9
150	-0.087226	65.620942	7074.093932	0.000045	0.8
151	-0.083505	65.629081	7073.429351	0.000176	0.8
152	-0.084398	66.215539	7025.865931	0.000097	0.8
153	-0.086142	67.215539	6946.221629	0.000088	0.9
154	-0.086412	67.472265	6926.065238	0.000033	0.8
155	-0.081992	67.731471	6905.832607	0.000106	0.8
156	-0.087681	68.053877	6880.831070	0.000159	0.8
157	-0.084371	69.053622	6804.442392	0.000067	0.8
158	-0.083155	68.896901	6816.304823	0.000126	0.7
159	-0.084131	69.892507	6741.641347	0.000148	0.8
160	-0.088926	69.735470	6753.309194	0.000090	0.7
161	-0.081759	70.727588	6680.265944	0.000088	0.8
162	-0.088298	70.572007	6691.615711	0.000257	0.7
163	-0.089705	70.416637	6702.988640	0.000083	0.7
164	-0.088878	71.416608	6630.460640	0.000150	0.7
165	-0.089161	72.060226	6584.603421	0.000081	0.8
166	-0.082926	73.051763	6515.185512	0.000077	0.8
167	-0.082221	73.206549	6504.480740	0.000084	0.8
168	-0.086448	73.162288	6507.538183	0.000122	0.9
169	-0.085319	73.005261	6518.408373	0.000139	0.8
170	-0.083399	72.848386	6529.304419	0.000086	0.8
171	-0.082737	73.848285	6460.471953	0.000050	0.8
172	-0.088423	73.692858	6471.076000	0.000046	0.7
173	-0.084276	74.238491	6434.002437	0.000106	0.8
174	-0.085183	74.424922	6421.432386	0.000097	0.8
175	-0.087710	75.424567	6354.860600	0.000148	0.8
176	-0.086241	75.267531	6365.226924	0.000098	0.8
177	-0.082999	75.154337	6372.720154	0.000061	0.9
178	-0.090970	75.002406	6382.805455	0.000052	0.7
179	-0.087446	74.856209	6392.540362	0.000099	0.8
180	-0.086934	75.213048	6368.831395	0.000095	0.8
181	-0.080676	76.132767	6308.527012	0.000135	0.9
182	-0.085299	77.132318	6244.269903	0.000152	0.8
183	-0.085145	76.975566	6254.260186	0.000087	1.0
184	-0.088815	76.818529	6264.300725	0.000154	0.7
185	-0.084163	76.661526	6274.371336	0.000055	0.8
186	-0.083476	76.508587	6284.212499	0.000167	0.8
187	-0.085816	77.508106	6220.449324	0.000177	0.8
188	-0.087278	77.351134	6230.377417	0.000124	0.8
189	-0.083431	77.202219	6239.825201	0.000023	0.8
190	-0.082307	77.191723	6240.492201	0.000097	0.6
191	-0.080035	77.052116	6249.377468	0.000061	0.8
192	-0.087912	77.076879	6247.799588	0.000160	0.9
193	-0.085154	77.457156	6223.668286	0.000141	1.0
194	-0.083526	77.300119	6233.610781	0.000079	0.9
195	-0.084493	78.299850	6170.852037	0.000179	1.1
196	-0.091166	79.299843	6109.328458	0.000089	0.9
197	-0.086017	80.117619	6059.919984	0.000198	0.8
198	-0.087355	79.960610	6069.344077	0.000190	0.9
199	-0.089087	80.960610	6009.817740	0.000070	0.9
