1:ItNr	2:Metric	3a:Time	3b:StepSize	4:||Gradient||	Time[ms]
0	-0.221031	0.000000	43615.160975	0.000590	81.9
1	-0.226098	0.000000	43615.160975	0.000798	3.9
2	-0.216146	1.000000	41632.653658	0.001267	3.5
3	-0.207038	2.000000	39822.538281	0.001477	3.7
4	-0.209327	3.000000	38163.265853	0.001415	3.6
5	-0.210201	4.000000	36636.735219	0.001446	3.5
6	-0.211425	5.000000	35227.630018	0.001305	3.5
7	-0.221912	6.000000	33922.902981	0.001192	3.5
8	-0.221885	7.000000	32711.370731	0.001191	3.9
9	-0.224829	8.000000	31583.392430	0.001163	3.7
10	-0.226784	9.000000	30530.612682	0.001194	3.7
11	-0.227591	10.000000	29545.754209	0.001161	3.6
12	-0.228849	11.000000	28622.449390	0.001069	3.9
13	-0.229771	12.000000	27755.102439	0.000954	3.5
14	-0.232262	13.000000	26938.775896	0.000862	3.7
15	-0.232778	14.000000	26169.096585	0.000778	4.1
16	-0.230916	15.000000	25442.177235	0.000753	3.6
17	-0.231089	16.000000	24754.550824	0.000777	3.7
18	-0.233372	17.000000	24103.115276	0.000781	3.8
19	-0.234221	18.000000	23485.086679	0.000663	4.2
20	-0.230797	19.000000	22897.959512	0.000487	3.9
21	-0.233931	20.000000	22339.472694	0.000321	3.5
22	-0.236929	21.000000	21807.580487	0.000236	4.0
23	-0.231339	22.000000	21300.427453	0.000221	3.5
24	-0.236907	23.000000	20816.326829	0.000110	4.0
25	-0.238822	24.000000	20353.741788	0.000071	3.7
26	-0.237059	24.999972	19911.281094	0.000204	4.2
27	-0.240670	25.999972	19487.636567	0.000297	3.9
28	-0.235404	26.999972	19081.643905	0.000182	3.8
29	-0.239818	27.999972	18692.222381	0.000135	4.2
30	-0.232329	28.999972	18318.377727	0.000135	3.6
31	-0.240658	29.999972	17959.193655	0.000119	3.7
32	-0.236793	30.999972	17613.824363	0.000075	3.9
33	-0.236208	31.999972	17281.487881	0.000179	3.9
34	-0.236131	32.999972	16961.460164	0.000150	3.7
35	-0.235436	33.999972	16653.069825	0.000120	3.7
36	-0.233828	34.999972	16355.693431	0.000143	4.1
37	-0.236991	35.999972	16068.751302	0.000079	3.6
38	-0.235497	36.999972	15791.703734	0.000092	3.6
39	-0.233688	37.999972	15524.047699	0.000071	4.0
40	-0.234978	38.999972	15265.313452	0.000088	3.8
41	-0.234336	39.999199	15015.252481	0.000072	3.6
42	-0.234210	40.999111	14773.088948	0.000057	3.8
43	-0.234525	40.985298	14776.381009	0.000158	3.9
44	-0.234184	41.985298	14541.780532	0.000143	3.3
45	-0.233227	42.985298	14314.513003	0.000060	3.4
46	-0.233789	43.984082	14094.503674	0.000103	3.3
47	-0.237312	43.970269	14097.500229	0.000081	4.0
48	-0.231836	44.970269	13883.805478	0.000083	3.5
49	-0.238898	45.970268	13676.492601	0.000127	3.8
50	-0.235792	46.970268	13475.279733	0.000132	4.2
51	-0.232090	47.970268	13279.901637	0.000098	3.7
52	-0.242748	47.956455	13282.561790	0.000112	3.6
53	-0.238274	48.956455	13092.692796	0.000052	3.6
54	-0.234593	48.942705	13095.266816	0.000080	4.0
55	-0.234783	48.928896	13097.852749	0.000193	3.7
56	-0.237141	49.928896	12913.191017	0.000095	3.4
57	-0.235238	50.928896	12733.663849	0.000083	3.9
58	-0.235906	50.915434	12736.047507	0.000058	3.9
59	-0.235337	51.915428	12561.379740	0.000129	3.4
60	-0.238162	52.914590	12391.577629	0.000108	3.5
61	-0.237193	53.914590	12226.168226	0.000109	4.4
62	-0.232361	54.914590	12065.116637	0.000125	3.9
63	-0.233346	55.914590	11908.252814	0.000069	3.6
64	-0.234728	56.914578	11755.417328	0.000080	3.9
65	-0.236348	57.896910	11609.052626	0.000080	3.9
66	-0.238187	58.896910	11463.752231	0.000066	3.7
67	-0.235785	59.896062	11322.162712	0.000098	3.5
68	-0.235383	60.896062	11183.912353	0.000073	4.1
69	-0.235819	61.896062	11048.997472	0.000040	3.6
70	-0.233842	61.886578	11050.261777	0.000078	3.6
71	-0.236989	62.390238	10983.520439	0.000083	3.8
72	-0.237776	63.332922	10860.745226	0.000058	4.1
73	-0.234047	64.332921	10733.470339	0.000155	4.0
74	-0.233591	64.319108	10735.208063	0.000129	3.4
75	-0.234057	65.319108	10610.841532	0.000076	3.9
76	-0.231985	66.319108	10489.323554	0.000103	3.7
77	-0.235700	67.319108	10370.557369	0.000082	4.2
78	-0.233187	67.305295	10372.179562	0.000115	3.9
79	-0.238427	68.305295	10256.036622	0.000043	3.8
80	-0.235127	69.223767	10151.630869	0.000072	4.0
81	-0.238790	69.560939	10113.834830	0.000110	3.7
82	-0.236836	70.560939	10003.374684	0.000113	3.7
83	-0.230868	71.560939	9895.301292	0.000060	3.7
84	-0.236305	72.560939	9789.538124	0.000046	4.4
85	-0.234790	73.412535	9701.237043	0.000059	4.2
86	-0.235537	74.002005	9641.042641	0.000053	3.6
87	-0.240537	75.001063	9540.710796	0.000096	4.0
88	-0.235218	74.987271	9542.081707	0.000123	3.6
89	-0.238365	74.973472	9543.453624	0.000037	3.9
90	-0.238894	75.973436	9445.044110	0.000057	4.0
91	-0.236487	75.959681	9446.383996	0.000097	3.9
92	-0.234695	76.959681	9349.952708	0.000124	3.7
93	-0.238453	77.959681	9255.470262	0.000090	3.7
94	-0.236569	78.959681	9162.878227	0.000095	4.3
95	-0.236723	79.959681	9072.120430	0.000071	3.7
96	-0.236027	79.946523	9073.302915	0.000044	3.7
97	-0.234452	80.211296	9049.566723	0.000065	3.7
98	-0.238360	80.732619	9003.192804	0.000052	3.6
99	-0.235735	81.265554	8956.274577	0.000039	3.8
100	-0.234818	81.252250	8957.439823	0.000106	3.7
101	-0.235757	81.240168	8958.498395	0.000068	4.2
102	-0.233987	82.240167	8871.725103	0.000061	3.5
103	-0.234651	83.238575	8786.750780	0.000101	3.6
104	-0.236266	84.238565	8703.257974	0.000129	3.7
105	-0.229473	85.238565	8621.336141	0.000117	3.8
106	-0.240605	86.234581	8541.259471	0.000054	3.7
107	-0.234824	87.234579	8462.345293	0.000100	3.6
108	-0.232175	87.315073	8456.056545	0.000084	3.9
109	-0.232137	87.301260	8457.135039	0.000054	3.5
110	-0.234339	87.287710	8458.193265	0.000086	3.7
111	-0.238738	88.284743	8381.026997	0.000076	3.5
112	-0.236712	89.277081	8305.609604	0.000047	4.0
113	-0.235295	89.263331	8306.645337	0.000099	3.6
114	-0.239352	90.262402	8232.056493	0.000104	3.7
115	-0.234410	91.262402	8158.727788	0.000046	4.0
116	-0.241687	91.248589	8159.731774	0.000144	3.8
117	-0.234032	92.248589	8087.680265	0.000104	3.8
118	-0.235467	93.248589	8016.890067	0.000097	3.7
119	-0.236025	93.234776	8017.859448	0.000078	4.2
120	-0.232692	94.234776	7948.280978	0.000080	3.8
121	-0.234358	94.220963	7949.233837	0.000066	3.7
122	-0.236988	95.220475	7880.869378	0.000066	4.0
123	-0.239078	95.566913	7857.447368	0.000089	3.9
124	-0.238250	95.894781	7835.408651	0.000069	3.7
125	-0.234855	96.894781	7768.947621	0.000073	4.1
126	-0.241523	96.880968	7769.857965	0.000094	3.9
127	-0.240269	96.867215	7770.764606	0.000106	3.8
128	-0.237926	97.867215	7705.391117	0.000062	3.8
129	-0.244517	98.728718	7649.947258	0.000061	4.1
130	-0.238555	99.170150	7621.846044	0.000077	3.8
131	-0.235908	99.727802	7586.640051	0.000057	3.9
132	-0.233864	99.750807	7585.194678	0.000075	3.9
133	-0.235542	99.736994	7586.062466	0.000033	3.8
134	-0.233426	99.723192	7586.929786	0.000059	3.7
135	-0.233386	99.882135	7576.954021	0.000047	3.7
136	-0.231332	99.868327	7577.819622	0.000112	4.1
137	-0.236943	100.851369	7516.685161	0.000112	3.7
138	-0.236859	101.851369	7455.499965	0.000109	3.7
139	-0.231314	102.851369	7395.302811	0.000067	3.7
140	-0.234811	103.850671	7336.110973	0.000128	3.9
141	-0.238918	103.836859	7336.922693	0.000106	3.6
142	-0.237270	104.836859	7278.617656	0.000106	3.7
143	-0.235305	104.919829	7273.821639	0.000083	4.1
144	-0.234834	105.919829	7216.511275	0.000027	3.6
145	-0.233193	105.917791	7216.627164	0.000108	3.6
146	-0.234728	105.904258	7217.396740	0.000115	3.8
147	-0.236473	105.890452	7218.182048	0.000084	3.8
148	-0.234694	106.890452	7161.741697	0.000100	3.7
149	-0.236328	107.890452	7106.177133	0.000050	3.7
150	-0.235713	107.876658	7106.937713	0.000100	4.2
151	-0.237263	108.876654	7052.217267	0.000083	3.7
152	-0.232943	108.867640	7052.706734	0.000098	3.7
153	-0.235372	108.853827	7053.456953	0.000095	3.9
154	-0.233879	108.840014	7054.207332	0.000132	3.6
155	-0.236252	109.840014	7000.292576	0.000061	3.7
156	-0.236574	109.826201	7001.031685	0.000061	3.8
157	-0.234936	109.812408	7001.769874	0.000053	4.0
158	-0.233068	109.798596	7002.509284	0.000081	3.7
159	-0.233924	110.798593	6949.379028	0.000145	3.7
160	-0.237178	111.798593	6897.048812	0.000055	3.9
161	-0.237618	112.798593	6845.500821	0.000071	3.9
162	-0.236208	112.784780	6846.207596	0.000052	3.7
163	-0.232572	113.692656	6800.061750	0.000083	3.6
164	-0.233300	113.678853	6800.758705	0.000085	3.6
165	-0.233227	114.678853	6750.634765	0.000063	3.4
166	-0.234182	114.665040	6751.322093	0.000098	3.7
167	-0.236920	115.665040	6701.921587	0.000097	3.7
168	-0.236425	116.665040	6653.238773	0.000049	3.6
169	-0.234182	116.651228	6653.906375	0.000042	3.6
170	-0.238440	116.637706	6654.560076	0.000084	3.6
171	-0.236220	117.634386	6606.718641	0.000056	3.6
172	-0.232216	117.620583	6607.376468	0.000081	3.7
173	-0.237796	117.607400	6608.004907	0.000120	3.7
174	-0.236223	118.602451	6560.904730	0.000037	3.6
175	-0.231755	118.588640	6561.553873	0.000034	4.0
176	-0.240785	118.577857	6562.060777	0.000078	3.6
177	-0.235235	119.213737	6532.301322	0.000083	3.4
178	-0.234205	119.199959	6532.943282	0.000060	3.5
179	-0.234338	119.186147	6533.586944	0.000043	3.6
180	-0.235347	119.253971	6530.427460	0.000042	3.5
181	-0.234790	119.253156	6530.465367	0.000059	3.9
182	-0.235575	119.239365	6531.107567	0.000046	3.6
183	-0.233578	119.243052	6530.935898	0.000064	3.3
184	-0.237260	119.240081	6531.074232	0.000046	3.2
185	-0.233742	119.226476	6531.707886	0.000080	3.3
186	-0.238720	120.220404	6485.736871	0.000047	3.3
187	-0.235366	120.206602	6486.370791	0.000064	3.5
188	-0.235329	120.194089	6486.945660	0.000053	3.2
189	-0.236538	120.180278	6487.580247	0.000064	3.3
190	-0.236714	120.166494	6488.213711	0.000057	3.4
191	-0.240531	121.165990	6442.598385	0.000094	3.6
192	-0.239809	121.849639	6411.765465	0.000064	3.3
193	-0.236410	122.849354	6367.205394	0.000074	3.2
194	-0.232898	123.849100	6323.259041	0.000066	3.5
195	-0.236661	124.848919	6279.912005	0.000088	3.4
196	-0.236635	125.848919	6237.147572	0.000112	3.2
197	-0.234760	126.848919	6194.961619	0.000083	3.2
198	-0.232419	126.835129	6195.539488	0.000071	3.4
199	-0.240325	126.821351	6196.116983	0.000043	3.6
