1:ItNr	2:Metric	3a:Time	3b:StepSize	4:||Gradient||	Time[ms]
0	-1.513652	0.000000	234001.286455	0.000401	71.1
1	-1.540645	0.000000	234001.286455	0.000456	3.7
2	-1.553252	0.000000	234001.286455	0.000193	4.3
3	-1.561179	1.000000	223364.864343	0.000234	4.0
4	-1.571349	0.989450	223472.027768	0.000281	4.0
5	-1.569558	1.989450	213751.393900	0.000384	3.9
6	-1.573767	2.989450	204841.169092	0.000096	3.8
7	-1.573803	3.989450	196644.063201	0.000284	3.5
8	-1.569344	3.978900	196727.115875	0.000282	3.8
9	-1.569244	4.978900	189154.542997	0.000277	3.9
10	-1.566444	5.978900	182143.340137	0.000277	3.7
11	-1.567697	6.978900	175633.315150	0.000237	3.5
12	-1.564621	7.978900	169572.584298	0.000208	3.6
13	-1.575882	8.978900	163916.186547	0.000217	3.7
14	-1.572212	9.978900	158624.966235	0.000200	3.6
15	-1.571891	10.978900	153664.665390	0.000061	3.6
16	-1.573134	11.978900	149005.181176	0.000016	3.5
17	-1.572942	11.968350	149052.862713	0.000018	3.5
18	-1.570737	11.962697	149078.425635	0.000046	3.5
19	-1.574858	11.952147	149126.154068	0.000100	3.6
20	-1.570666	12.952147	144733.908942	0.000049	3.8
21	-1.568281	13.952147	140592.992874	0.000012	3.7
22	-1.571051	13.941599	140635.434791	0.000016	3.7
23	-1.568091	13.931049	140677.909383	0.000040	3.7
24	-1.569948	13.920500	140720.409640	0.000100	3.6
25	-1.572609	14.920500	136802.858074	0.000029	3.7
26	-1.570927	15.920500	133097.522031	0.000019	3.9
27	-1.574017	15.909950	133135.564843	0.000018	4.3
28	-1.571761	15.899400	133173.629409	0.000023	4.2
29	-1.572947	15.888850	133211.715746	0.000018	3.7
30	-1.571693	15.878300	133249.823816	0.000015	4.0
31	-1.569851	15.867750	133287.953754	0.000016	4.3
32	-1.571152	15.857201	133326.105521	0.000117	3.6
33	-1.572028	16.857201	129804.289237	0.000088	3.7
34	-1.574065	17.857201	126463.742639	0.000053	3.5
35	-1.569512	17.846651	126498.087246	0.000085	3.5
36	-1.571400	18.846651	123323.464414	0.000023	3.6
37	-1.573521	19.846651	120304.282616	0.000021	3.7
38	-1.572322	19.836101	120335.362753	0.000077	3.5
39	-1.574137	19.825551	120366.458952	0.000110	3.6
40	-1.572088	20.825551	117488.637718	0.000020	3.6
41	-1.571791	21.825551	114745.213878	0.000019	3.7
42	-1.576185	21.815001	114773.487713	0.000012	3.7
43	-1.568258	21.804451	114801.775485	0.000099	3.4
44	-1.575399	21.793902	114830.077204	0.000104	3.7
45	-1.569783	22.793902	112208.020862	0.000019	3.7
46	-1.568048	22.783352	112235.058018	0.000014	3.5
47	-1.573083	22.773033	112261.516233	0.000061	3.6
48	-1.571717	22.762483	112288.579177	0.000096	3.9
49	-1.573358	23.762483	109780.036931	0.000028	3.5
50	-1.574145	24.762483	107381.127820	0.000087	3.6
51	-1.572605	24.751933	107405.888616	0.000106	3.7
52	-1.569027	25.751933	105108.531442	0.000020	3.6
53	-1.575408	26.751933	102907.394756	0.000021	3.6
54	-1.571623	26.741397	102930.105268	0.000076	3.4
55	-1.568997	26.730847	102952.855686	0.000087	3.8
56	-1.576533	27.730847	100840.172206	0.000025	3.6
57	-1.571205	28.730847	98812.453435	0.000035	4.0
58	-1.573277	28.720297	98833.419844	0.000015	3.6
59	-1.572359	28.709747	98854.395153	0.000025	3.9
60	-1.570557	28.699198	98875.379367	0.000100	3.4
61	-1.570950	29.699198	96925.143780	0.000030	3.5
62	-1.572392	30.699198	95050.353680	0.000076	3.8
63	-1.572741	30.688648	95069.753811	0.000105	3.5
64	-1.573662	31.688648	93265.384979	0.000019	3.6
65	-1.569307	32.688648	91528.232175	0.000025	3.5
66	-1.573943	32.678098	91546.221051	0.000089	3.7
67	-1.571391	32.667548	91564.217001	0.000118	3.6
68	-1.573550	33.667548	89889.288816	0.000016	3.5
69	-1.573635	34.667548	88274.536740	0.000028	3.6
70	-1.574894	34.656998	88291.269276	0.000069	3.7
71	-1.570355	34.646448	88308.008156	0.000019	3.7
72	-1.573710	34.635899	88324.753384	0.000081	3.7
73	-1.571451	35.635899	86765.234498	0.000046	3.6
74	-1.571469	36.635899	85259.831846	0.000034	3.6
75	-1.567980	36.625349	85275.440915	0.000053	3.6
76	-1.568720	36.614799	85291.055700	0.000151	3.6
77	-1.572654	37.614799	83835.944407	0.000036	3.6
78	-1.569944	38.614799	82429.650231	0.000048	3.4
79	-1.571208	38.604249	82444.240131	0.000031	3.6
80	-1.575614	38.593699	82458.835198	0.000033	3.4
81	-1.569920	38.583149	82473.435432	0.000102	3.8
82	-1.574891	39.583149	81112.109116	0.000037	3.7
83	-1.572670	40.583149	79794.993801	0.000028	3.9
84	-1.569331	40.572599	79808.665870	0.000022	3.7
85	-1.572838	40.562050	79822.342625	0.000079	3.8
86	-1.567526	41.562050	78546.451839	0.000037	3.5
87	-1.575923	42.562050	77310.707361	0.000014	3.5
88	-1.571246	42.551500	77323.541299	0.000021	3.7
89	-1.572550	42.540950	77336.379498	0.000034	3.7
90	-1.569012	42.530400	77349.221962	0.000072	3.6
91	-1.573613	43.530400	76150.574164	0.000017	3.7
92	-1.570868	44.530400	74988.509319	0.000023	3.6
93	-1.573261	44.519850	75000.583785	0.000045	3.6
94	-1.569801	44.509300	75012.662139	0.000081	3.6
95	-1.573762	45.509300	73884.809918	0.000010	3.6
96	-1.574082	45.498751	73896.531542	0.000028	4.0
97	-1.573978	45.488201	73908.256053	0.000011	3.7
98	-1.569903	45.477652	73919.985011	0.000018	3.5
99	-1.573586	45.467102	73931.717778	0.000023	3.8
100	-1.570986	45.456552	73943.454291	0.000032	3.5
101	-1.577308	45.446002	73955.194531	0.000077	3.5
102	-1.572602	46.446002	72858.684846	0.000014	3.5
103	-1.572839	46.435452	72870.082997	0.000022	3.7
104	-1.572021	46.424903	72881.484838	0.000026	3.7
105	-1.574592	46.414353	72892.890249	0.000037	3.5
106	-1.573594	46.403803	72904.299230	0.000081	3.7
107	-1.574614	47.403803	71838.506158	0.000022	3.6
108	-1.571063	48.403803	70803.425901	0.000021	3.7
109	-1.569930	48.393253	70814.190134	0.000037	3.7
110	-1.567629	48.382703	70824.957642	0.000034	3.5
111	-1.567488	48.372153	70835.728424	0.000113	3.6
112	-1.570891	49.372153	69829.140945	0.000015	3.9
113	-1.573273	50.372153	68850.760195	0.000011	3.6
114	-1.578293	50.361604	68860.938400	0.000031	3.7
115	-1.566253	50.351054	68871.120058	0.000021	3.6
116	-1.575394	50.340504	68881.304731	0.000015	3.5
117	-1.575056	50.329954	68891.492416	0.000037	3.7
118	-1.569556	50.319405	68901.683115	0.000071	3.7
119	-1.577189	51.319405	67948.941821	0.000012	3.6
120	-1.572669	52.319405	67022.189317	0.000033	3.6
121	-1.578676	52.308855	67031.834451	0.000027	4.0
122	-1.576283	52.298305	67041.482361	0.000059	3.6
123	-1.568399	53.298305	66139.153803	0.000022	3.7
124	-1.574179	54.298305	65260.792014	0.000024	3.6
125	-1.570880	54.287755	65269.936811	0.000041	3.8
126	-1.571170	54.277205	65279.084172	0.000106	3.5
127	-1.571796	55.277205	64423.270381	0.000036	3.6
128	-1.573100	56.277205	63589.605781	0.000029	3.8
129	-1.574179	56.266655	63598.288187	0.000023	3.6
130	-1.573424	56.256106	63606.972965	0.000039	3.7
131	-1.572100	56.245556	63615.660115	0.000183	3.5
132	-1.573477	57.245556	62802.634256	0.000085	3.7
133	-1.573655	58.245556	62010.127551	0.000016	3.6
134	-1.571836	58.235006	62018.383968	0.000024	3.5
135	-1.571879	58.224456	62026.642584	0.000016	3.5
136	-1.571711	58.213906	62034.903400	0.000036	3.6
137	-1.576315	58.203356	62043.166416	0.000093	3.7
138	-1.575508	59.203356	61269.593223	0.000013	3.6
139	-1.574003	60.203356	60515.072770	0.000016	3.8
140	-1.574409	60.192806	60522.935839	0.000020	3.3
141	-1.567105	60.182257	60530.800952	0.000028	3.9
142	-1.571092	60.171707	60538.668109	0.000032	3.6
143	-1.571276	60.161157	60546.537312	0.000048	3.6
144	-1.576868	60.150607	60554.408561	0.000165	3.4
145	-1.574559	61.150607	59817.294001	0.000040	3.6
146	-1.576290	62.150607	59097.909067	0.000013	3.4
147	-1.575467	62.140057	59105.408145	0.000017	3.6
148	-1.574406	62.129507	59112.909127	0.000025	3.6
149	-1.573547	62.118958	59120.412013	0.000029	3.6
150	-1.575905	62.108408	59127.916803	0.000023	3.7
151	-1.575036	62.097858	59135.423500	0.000026	3.7
152	-1.572803	62.087308	59142.932102	0.000137	3.6
153	-1.573489	63.087308	58439.580627	0.000022	3.6
154	-1.573677	64.087308	57752.761618	0.000024	3.9
155	-1.571023	64.076758	57759.923182	0.000021	3.6
156	-1.575818	64.066208	57767.086523	0.000014	3.6
157	-1.569972	64.055658	57774.251641	0.000033	3.6
158	-1.570101	64.045109	57781.418537	0.000032	3.6
159	-1.570771	64.034559	57788.587211	0.000142	3.5
160	-1.575293	65.034559	57116.896811	0.000033	3.6
161	-1.572359	66.034559	56460.641438	0.000019	3.7
162	-1.569607	66.024009	56467.486113	0.000022	3.5
163	-1.568432	66.013459	56474.332447	0.000017	3.6
164	-1.575512	66.002909	56481.180442	0.000017	3.5
165	-1.572483	65.992359	56488.030098	0.000021	3.5
166	-1.576845	65.981810	56494.881415	0.000024	3.5
167	-1.570358	65.971260	56501.734395	0.000034	3.9
168	-1.578324	65.960710	56508.589037	0.000145	3.5
169	-1.576048	66.960710	55866.159149	0.000016	3.8
170	-1.571674	67.960710	55238.172263	0.000013	3.6
171	-1.575487	67.950160	55244.723731	0.000011	3.6
172	-1.573362	67.939610	55251.276642	0.000018	3.6
173	-1.571744	67.929061	55257.831217	0.000023	3.4
174	-1.571861	67.918511	55264.387350	0.000028	3.5
175	-1.571506	67.907961	55270.945039	0.000026	3.5
176	-1.574780	67.897411	55277.504284	0.000035	3.9
177	-1.571882	67.886861	55284.065087	0.000034	3.6
178	-1.574644	67.876311	55290.627447	0.000128	3.5
179	-1.569584	68.876311	54675.441680	0.000021	3.5
180	-1.574009	69.876311	54073.794882	0.000012	3.6
181	-1.573019	69.865761	54080.073046	0.000027	3.5
182	-1.571720	69.855212	54086.352669	0.000028	3.4
183	-1.574197	69.844662	54092.633750	0.000024	3.8
184	-1.573415	69.834112	54098.916289	0.000021	3.8
185	-1.577060	69.823562	54105.200289	0.000024	3.5
186	-1.571982	70.823562	53515.970276	0.000043	3.5
187	-1.570832	71.823562	52939.435944	0.000161	3.8
188	-1.571185	72.823562	52375.191369	0.000021	3.5
189	-1.570971	73.823562	51822.847729	0.000012	3.7
190	-1.575269	73.818711	51825.499150	0.000022	3.5
191	-1.572907	73.808161	51831.265893	0.000020	3.6
192	-1.580925	73.797611	51837.034096	0.000014	3.6
193	-1.580125	73.787062	51842.803582	0.000025	3.4
194	-1.581224	73.776512	51848.574354	0.000038	3.6
195	-1.575051	73.765962	51854.346410	0.000020	3.5
196	-1.582476	73.755412	51860.119751	0.000031	3.7
197	-1.575141	73.744862	51865.894378	0.000128	3.6
198	-1.578499	74.744862	51324.184952	0.000020	3.7
199	-1.576284	75.744862	50793.674248	0.000023	3.4
