1:ItNr	2:Metric	3a:Time	3b:StepSize	4:||Gradient||	Time[ms]
0	-0.563624	0.000000	136801.168727	0.000637	71.2
1	-0.612901	0.000000	136801.168727	0.000331	3.5
2	-0.618369	0.000000	136801.168727	0.000096	3.9
3	-0.616993	0.000000	136801.168727	0.000092	3.9
4	-0.625146	0.000000	136801.168727	0.000094	4.2
5	-0.625407	0.000000	136801.168727	0.000103	3.8
6	-0.628791	0.000000	136801.168727	0.000086	4.0
7	-0.625212	0.000000	136801.168727	0.000089	3.8
8	-0.627683	0.000000	136801.168727	0.000094	3.9
9	-0.629587	0.000000	136801.168727	0.000091	3.9
10	-0.637710	0.000000	136801.168727	0.000091	3.8
11	-0.629947	0.000000	136801.168727	0.000116	3.6
12	-0.628348	0.000000	136801.168727	0.000095	4.0
13	-0.636610	0.000000	136801.168727	0.000089	3.7
14	-0.636121	0.000000	136801.168727	0.000103	4.0
15	-0.640651	0.000000	136801.168727	0.000107	3.3
16	-0.636208	0.000000	136801.168727	0.000115	3.8
17	-0.635940	0.000000	136801.168727	0.000127	3.8
18	-0.633301	0.000000	136801.168727	0.000099	4.0
19	-0.646810	0.000000	136801.168727	0.000139	3.9
20	-0.644283	0.000000	136801.168727	0.000118	3.9
21	-0.646112	0.000000	136801.168727	0.000110	3.8
22	-0.650816	0.000000	136801.168727	0.000124	3.9
23	-0.648821	0.000000	136801.168727	0.000118	3.7
24	-0.645092	0.000000	136801.168727	0.000101	3.9
25	-0.649165	0.000000	136801.168727	0.000099	3.6
26	-0.653293	0.000000	136801.168727	0.000103	4.0
27	-0.648672	0.000000	136801.168727	0.000121	3.6
28	-0.652828	0.000000	136801.168727	0.000149	4.0
29	-0.652418	0.000000	136801.168727	0.000174	3.7
30	-0.654827	1.000000	130582.933785	0.000221	3.7
31	-0.651654	2.000000	124905.414925	0.000188	3.9
32	-0.658951	3.000000	119701.022636	0.000098	3.7
33	-0.657045	2.989066	119755.581711	0.000101	4.0
34	-0.662970	2.978132	119810.190545	0.000099	4.0
35	-0.668057	2.967198	119864.849204	0.000102	3.9
36	-0.661420	2.956264	119919.557758	0.000136	3.8
37	-0.666230	2.945330	119974.316275	0.000111	4.3
38	-0.664215	2.934395	120029.124823	0.000107	3.9
39	-0.666746	2.923461	120083.983471	0.000116	4.1
40	-0.663152	2.912527	120138.892288	0.000112	3.8
41	-0.672877	2.901593	120193.851342	0.000130	3.8
42	-0.671911	2.890659	120248.860702	0.000173	3.6
43	-0.665741	3.890659	115417.776880	0.000212	3.9
44	-0.668114	4.890659	110959.884316	0.000225	3.6
45	-0.676989	5.890659	106833.548708	0.000259	4.0
46	-0.676472	6.890659	103003.106833	0.000209	3.5
47	-0.674760	7.890659	99437.833146	0.000126	4.1
48	-0.676102	8.890659	96111.113830	0.000114	3.5
49	-0.680011	8.879725	96146.284407	0.000112	3.9
50	-0.677623	8.868791	96181.480733	0.000120	3.9
51	-0.678249	8.857857	96216.702838	0.000142	3.4
52	-0.680085	8.846923	96251.950749	0.000122	3.6
53	-0.681165	8.835989	96287.224495	0.000099	3.4
54	-0.677414	8.825055	96322.524104	0.000112	3.9
55	-0.679423	8.814121	96357.849605	0.000100	4.4
56	-0.688541	8.803186	96393.201026	0.000106	4.8
57	-0.681637	8.792252	96428.578396	0.000108	4.6
58	-0.686858	8.781318	96463.981743	0.000129	5.1
59	-0.690256	8.770384	96499.411096	0.000150	4.1
60	-0.685286	8.759982	96533.139977	0.000157	4.2
61	-0.686335	9.759982	93394.869648	0.000154	3.7
62	-0.687884	10.759982	90454.223505	0.000138	3.7
63	-0.699762	11.759982	87693.104085	0.000132	4.1
64	-0.689106	12.270265	86348.110308	0.000124	4.1
65	-0.696547	12.259331	86376.497459	0.000140	4.2
66	-0.692843	12.248397	86404.903277	0.000143	4.3
67	-0.687966	13.248397	83882.014314	0.000108	4.0
68	-0.692172	13.237463	83908.802898	0.000102	4.0
69	-0.699042	13.226529	83935.608597	0.000101	3.6
70	-0.692820	13.215595	83962.431429	0.000098	4.6
71	-0.699757	13.204661	83989.271409	0.000091	4.0
72	-0.700334	13.193727	84016.128555	0.000105	3.8
73	-0.701194	13.182793	84043.002882	0.000125	4.2
74	-0.699619	13.171859	84069.894408	0.000123	3.6
75	-0.702552	13.160925	84096.803148	0.000091	3.7
76	-0.699778	13.149990	84123.729119	0.000089	3.9
77	-0.698196	13.139056	84150.672338	0.000092	3.6
78	-0.700822	13.128122	84177.632821	0.000091	3.6
79	-0.705272	13.117188	84204.610585	0.000089	3.9
80	-0.698645	13.106254	84231.605647	0.000088	4.0
81	-0.702340	13.095320	84258.618023	0.000092	3.9
82	-0.702068	13.084386	84285.647730	0.000098	3.6
83	-0.708191	13.073452	84312.694784	0.000090	3.8
84	-0.707227	13.062518	84339.759203	0.000110	3.9
85	-0.702682	13.051584	84366.841002	0.000101	3.7
86	-0.706687	13.040650	84393.940199	0.000091	3.9
87	-0.705407	13.029715	84421.056811	0.000090	3.8
88	-0.712454	13.018781	84448.190854	0.000092	3.8
89	-0.710148	13.007847	84475.342345	0.000102	3.7
90	-0.710048	12.996913	84502.511301	0.000108	3.8
91	-0.710277	12.985979	84529.697739	0.000102	3.6
92	-0.715913	12.975045	84556.901676	0.000105	3.8
93	-0.707263	12.964111	84584.123128	0.000099	3.8
94	-0.706457	12.953177	84611.362112	0.000106	3.8
95	-0.707837	12.942243	84638.618646	0.000109	3.8
96	-0.713654	12.931309	84665.892746	0.000100	3.7
97	-0.711225	12.920375	84693.184430	0.000111	3.9
98	-0.712409	12.909441	84720.493714	0.000103	3.7
99	-0.717660	12.898506	84747.820615	0.000107	3.9
100	-0.716969	12.887572	84775.165151	0.000136	4.0
101	-0.716307	12.876638	84802.527339	0.000107	3.9
102	-0.719088	12.865704	84829.907195	0.000105	3.8
103	-0.722269	12.854770	84857.304737	0.000121	3.6
104	-0.718009	12.843836	84884.719982	0.000124	4.1
105	-0.723054	12.832902	84912.152947	0.000110	4.1
106	-0.717892	12.821968	84939.603649	0.000091	3.8
107	-0.720903	12.811034	84967.072105	0.000093	4.0
108	-0.722122	12.800100	84994.558334	0.000084	3.8
109	-0.722412	12.789166	85022.062351	0.000099	3.7
110	-0.722496	12.778232	85049.584174	0.000093	3.6
111	-0.724523	12.767297	85077.123821	0.000090	4.1
112	-0.726076	12.756363	85104.681309	0.000091	3.8
113	-0.723442	12.745429	85132.256655	0.000087	3.5
114	-0.728075	12.734495	85159.849876	0.000087	4.0
115	-0.726613	12.723561	85187.460991	0.000092	4.3
116	-0.722456	12.712627	85215.090016	0.000087	4.2
117	-0.725305	12.701693	85242.736968	0.000096	4.2
118	-0.726607	12.690759	85270.401866	0.000099	3.6
119	-0.726412	12.679825	85298.084726	0.000095	3.8
120	-0.732634	12.668891	85325.785567	0.000092	3.7
121	-0.731528	12.657957	85353.504405	0.000089	4.2
122	-0.731101	12.647022	85381.241259	0.000091	3.5
123	-0.735795	12.636088	85408.996146	0.000084	4.1
124	-0.732293	12.625154	85436.769083	0.000114	3.9
125	-0.729033	12.614220	85464.560088	0.000107	4.0
126	-0.730589	12.603286	85492.369178	0.000086	3.8
127	-0.739884	12.592352	85520.196372	0.000087	3.6
128	-0.730199	12.581418	85548.041687	0.000087	4.0
129	-0.736950	12.570484	85575.905141	0.000094	3.7
130	-0.737828	12.559550	85603.786751	0.000100	4.1
131	-0.733761	12.548616	85631.686536	0.000096	4.1
132	-0.734835	12.537682	85659.604512	0.000097	3.8
133	-0.739870	12.526748	85687.540699	0.000083	4.2
134	-0.736322	12.515813	85715.495113	0.000083	4.0
135	-0.738111	12.504879	85743.467772	0.000099	3.8
136	-0.737099	12.493945	85771.458695	0.000116	3.5
137	-0.735786	12.483011	85799.467898	0.000081	3.5
138	-0.737003	12.472077	85827.495401	0.000093	3.7
139	-0.740357	12.461143	85855.541222	0.000099	3.4
140	-0.746378	12.450209	85883.605377	0.000098	3.8
141	-0.738942	12.439275	85911.687885	0.000085	3.3
142	-0.741349	12.428341	85939.788764	0.000089	3.8
143	-0.749619	12.417407	85967.908032	0.000085	3.4
144	-0.742488	12.406473	85996.045708	0.000102	3.7
145	-0.742639	12.395538	86024.201808	0.000098	4.0
146	-0.744697	12.384604	86052.376352	0.000086	3.7
147	-0.746561	12.373670	86080.569357	0.000096	3.4
148	-0.746874	12.362736	86108.780842	0.000106	3.4
149	-0.745868	12.351802	86137.010825	0.000092	3.7
150	-0.748598	12.340868	86165.259324	0.000087	3.7
151	-0.746399	12.329934	86193.526356	0.000087	3.4
152	-0.749357	12.319000	86221.811942	0.000090	3.3
153	-0.745311	12.308066	86250.116098	0.000087	3.6
154	-0.748417	12.297132	86278.438842	0.000084	3.6
155	-0.752204	12.286198	86306.780195	0.000095	3.5
156	-0.757322	12.275264	86335.140173	0.000099	3.5
157	-0.757257	12.264329	86363.518794	0.000135	3.8
158	-0.753495	12.339269	86169.393181	0.000096	3.7
159	-0.757963	12.328335	86197.662927	0.000091	3.9
160	-0.753513	12.317400	86225.951227	0.000087	3.8
161	-0.756918	12.306466	86254.258101	0.000085	3.7
162	-0.758752	12.295532	86282.583567	0.000081	3.5
163	-0.751525	12.284598	86310.927643	0.000090	3.5
164	-0.765480	12.273664	86339.290347	0.000098	3.9
165	-0.758578	12.262730	86367.671697	0.000091	3.5
166	-0.762823	12.251796	86396.071713	0.000118	3.6
167	-0.761506	12.240862	86424.490413	0.000111	3.8
168	-0.763616	12.239643	86427.660397	0.000103	3.4
169	-0.763318	12.228709	86456.099885	0.000094	4.0
170	-0.761038	12.217774	86484.558095	0.000084	3.4
171	-0.763050	12.206840	86513.035046	0.000101	3.8
172	-0.760431	12.195906	86541.530757	0.000090	3.6
173	-0.769558	12.184972	86570.045246	0.000090	3.6
174	-0.761723	12.174038	86598.578532	0.000116	3.5
175	-0.767427	12.163104	86627.130632	0.000094	3.8
176	-0.764944	12.152170	86655.701567	0.000093	3.5
177	-0.765295	12.141236	86684.291354	0.000092	3.6
178	-0.770420	12.130302	86712.900012	0.000088	3.7
179	-0.766963	12.119368	86741.527560	0.000098	3.8
180	-0.772033	12.108434	86770.174017	0.000087	3.7
181	-0.769490	12.097499	86798.839401	0.000085	3.7
182	-0.766971	12.086565	86827.523730	0.000102	3.8
183	-0.767878	12.075631	86856.227025	0.000103	3.6
184	-0.771757	12.064697	86884.949303	0.000093	3.6
185	-0.766719	12.053763	86913.690584	0.000102	3.7
186	-0.771700	12.042829	86942.450886	0.000121	3.5
187	-0.770570	12.031895	86971.230229	0.000107	3.6
188	-0.770901	12.020961	87000.028630	0.000089	3.5
189	-0.773929	12.010027	87028.846110	0.000092	3.9
190	-0.774199	11.999093	87057.682687	0.000087	3.8
191	-0.777523	11.988159	87086.538380	0.000088	4.3
192	-0.777220	11.977225	87115.413207	0.000083	3.8
193	-0.779849	11.966290	87144.307189	0.000105	3.6
194	-0.777291	11.955356	87173.220344	0.000092	3.3
195	-0.773474	11.944422	87202.152692	0.000087	3.6
196	-0.778725	11.933488	87231.104250	0.000098	3.3
197	-0.785564	11.922554	87260.075040	0.000108	3.4
198	-0.781736	11.911620	87289.065079	0.000090	3.3
199	-0.776230	11.900686	87318.074386	0.000093	3.2
