1:ItNr	2:Metric	3a:Time	3b:StepSize	4:||Gradient||	Time[ms]
0	-0.444931	0.000000	43602.857386	0.000610	15.1
1	-0.455498	0.000000	43602.857386	0.000156	0.7
2	-0.451609	1.000000	41620.909323	0.000093	0.7
3	-0.452009	2.000000	39811.304570	0.000110	0.8
4	-0.446590	3.000000	38152.500225	0.000144	0.9
5	-0.447938	3.990076	36640.945874	0.000054	0.7
6	-0.458141	4.989103	35232.458531	0.000034	0.8
7	-0.443617	5.714555	34275.697135	0.000079	0.8
8	-0.454197	6.348721	33480.907317	0.000071	0.8
9	-0.455215	7.348440	32300.190506	0.000091	0.8
10	-0.451260	7.321808	32330.563049	0.000161	0.7
11	-0.442904	8.321808	31227.951544	0.000122	0.7
12	-0.440618	9.321808	30198.067332	0.000092	0.6
13	-0.454494	10.321808	29233.944884	0.000036	0.8
14	-0.458759	11.164744	28467.816161	0.000069	0.6
15	-0.453255	11.656594	28039.054388	0.000164	0.7
16	-0.450408	12.189813	27588.585889	0.000080	0.7
17	-0.444431	13.189813	26781.661735	0.000055	0.7
18	-0.447025	13.163178	26802.541425	0.000104	0.8
19	-0.454127	14.162980	26040.455232	0.000058	0.7
20	-0.445125	15.162850	25320.460118	0.000087	0.7
21	-0.454622	16.041277	24719.990156	0.000057	0.8
22	-0.447743	17.013739	24087.607079	0.000106	0.8
23	-0.445720	16.987104	24104.496409	0.000019	0.8
24	-0.458340	17.744026	23633.579438	0.000060	1.0
25	-0.450787	17.757587	23625.310112	0.000069	0.8
26	-0.450954	18.681254	23075.379667	0.000100	0.8
27	-0.449005	18.654621	23090.877917	0.000177	1.0
28	-0.450268	19.654621	22522.901202	0.000091	0.8
29	-0.458833	20.654621	21982.195253	0.000048	0.7
30	-0.450197	20.628332	21996.077145	0.000032	0.8
31	-0.452679	21.163719	21716.774999	0.000054	0.8
32	-0.457672	21.150132	21723.775282	0.000067	0.8
33	-0.445432	21.123955	21737.275195	0.000111	0.7
34	-0.447053	22.123945	21233.215066	0.000159	0.7
35	-0.449077	22.097397	21246.294979	0.000076	0.9
36	-0.451911	23.097397	20764.491142	0.000114	0.8
37	-0.450799	23.072941	20776.013442	0.000062	0.9
38	-0.470144	23.052211	20785.789770	0.000123	0.8
39	-0.449992	24.052208	20324.419951	0.000040	0.8
40	-0.449603	24.025640	20336.412780	0.000055	0.9
41	-0.454726	24.168135	20272.256395	0.000068	0.8
42	-0.441470	24.142721	20283.669064	0.000099	0.8
43	-0.455543	24.116187	20295.598175	0.000106	0.9
44	-0.450794	25.116187	19855.501122	0.000183	0.8
45	-0.454918	25.089552	19866.975611	0.000029	0.7
46	-0.460747	25.062917	19878.463373	0.000090	0.9
47	-0.452666	25.153854	19839.296733	0.000057	0.7
48	-0.464349	25.693155	19610.154855	0.000055	0.8
49	-0.449300	25.681623	19614.999310	0.000064	0.7
50	-0.452294	26.659899	19212.378288	0.000066	0.8
51	-0.456761	26.633973	19222.835185	0.000133	0.8
52	-0.453732	27.633972	18827.580012	0.000031	0.7
53	-0.448900	27.607341	18837.895520	0.000075	1.0
54	-0.448958	27.596635	18842.045546	0.000074	0.8
55	-0.451796	27.570000	18852.378275	0.000082	0.8
56	-0.443543	27.544740	18862.187821	0.000055	0.8
57	-0.457352	28.526062	18488.447802	0.000080	0.7
58	-0.461092	28.503380	18496.918846	0.000081	0.9
59	-0.448250	28.476745	18506.876418	0.000066	0.8
60	-0.454994	28.713349	18418.795251	0.000133	1.0
61	-0.449997	29.186653	18245.090230	0.000121	0.9
62	-0.447623	29.160018	18254.778391	0.000161	0.9
63	-0.451145	30.158714	17898.417265	0.000079	1.1
64	-0.452933	31.158714	17555.264300	0.000084	0.8
65	-0.449570	31.132079	17564.233584	0.000121	0.8
66	-0.448035	32.131958	17233.695722	0.000039	1.0
67	-0.456413	33.125533	16917.339212	0.000027	0.8
68	-0.441950	33.101397	16924.886511	0.000132	0.8
69	-0.458966	33.504701	16799.652022	0.000074	0.9
70	-0.456304	33.478078	16807.861637	0.000039	0.9
71	-0.450320	33.584049	16775.230469	0.000104	0.8
72	-0.447057	33.575052	16777.996123	0.000079	0.8
73	-0.430502	34.571391	16477.183342	0.000056	0.8
74	-0.444799	35.274895	16271.198744	0.000036	0.8
75	-0.441231	35.258763	16275.864435	0.000012	0.8
76	-0.446906	35.270003	16272.613509	0.000053	0.8
77	-0.454202	35.287343	16267.600453	0.000032	0.9
78	-0.452173	35.318379	16258.635610	0.000045	0.7
79	-0.468025	35.293589	16265.795364	0.000118	0.8
80	-0.460796	36.291988	15982.339520	0.000121	0.9
81	-0.450105	37.291988	15708.162227	0.000141	0.9
82	-0.456105	37.489988	15654.987143	0.000069	0.8
83	-0.455262	38.480915	15394.181670	0.000099	0.9
84	-0.449593	39.480897	15139.656397	0.000144	0.8
85	-0.453984	40.480895	14893.407249	0.000122	0.8
86	-0.446508	41.480895	14655.039868	0.000067	0.8
87	-0.455942	41.522620	14645.259613	0.000074	0.8
88	-0.443101	42.522509	14414.732975	0.000100	0.8
89	-0.456480	43.522507	14191.327076	0.000103	0.9
90	-0.435994	44.522502	13974.741178	0.000141	0.8
91	-0.445935	44.495867	13980.424278	0.000121	0.8
92	-0.456677	45.495867	13770.179267	0.000017	0.9
93	-0.455320	45.478434	13773.790312	0.000053	1.0
94	-0.446399	45.457392	13778.151296	0.000119	0.9
95	-0.453228	45.430809	13783.664834	0.000044	0.8
96	-0.443646	46.430736	13579.267537	0.000090	0.8
97	-0.445279	46.509480	13563.428585	0.000068	0.6
98	-0.461094	47.505454	13366.235061	0.000058	0.9
99	-0.449678	48.318114	13209.534373	0.000078	1.0
100	-0.451649	48.310255	13211.032103	0.000083	0.9
101	-0.455043	48.544776	13166.481492	0.000065	0.9
102	-0.454230	48.518141	13171.526090	0.000033	0.8
103	-0.456792	48.496109	13175.701661	0.000109	0.9
104	-0.459049	49.446556	12997.938533	0.000140	0.8
105	-0.452136	49.419921	13002.854788	0.000046	0.8
106	-0.461459	50.350000	12833.356756	0.000072	0.8
107	-0.452712	51.087904	12701.992353	0.000105	1.2
108	-0.456748	51.061269	12706.687241	0.000036	1.0
109	-0.437630	52.059454	12533.080382	0.000058	1.0
110	-0.448349	52.228852	12504.087951	0.000132	0.9
111	-0.457780	52.206659	12507.878589	0.000147	0.8
112	-0.453722	53.206659	12339.323924	0.000066	0.8
113	-0.453287	53.180024	12343.754496	0.000023	0.8
114	-0.453547	53.157059	12347.577202	0.000086	0.9
115	-0.444971	53.156803	12347.619666	0.000073	0.7
116	-0.457200	53.130168	12352.056183	0.000046	0.8
117	-0.446909	54.115601	12190.010995	0.000073	0.7
118	-0.438284	54.089064	12194.319142	0.000060	0.9
119	-0.447160	54.062961	12198.559625	0.000141	0.9
120	-0.450751	54.990291	12049.697340	0.000065	0.8
121	-0.450569	54.963686	12053.917529	0.000120	0.7
122	-0.456969	55.963684	11897.299550	0.000129	0.8
123	-0.443176	56.963684	11744.699020	0.000117	0.8
124	-0.452126	57.963684	11595.963571	0.000135	0.8
125	-0.450166	58.963684	11450.948197	0.000026	0.8
126	-0.447354	58.938346	11454.577782	0.000069	0.8
127	-0.462746	58.968447	11450.266232	0.000034	0.9
128	-0.449723	58.942402	11453.996651	0.000143	0.7
129	-0.452481	58.915769	11457.813842	0.000094	0.7
130	-0.451917	59.915720	11316.218936	0.000123	0.8
131	-0.449086	60.915720	11178.074281	0.000093	0.9
132	-0.449108	60.889093	11181.708988	0.000163	0.9
133	-0.459240	61.889093	11046.809345	0.000091	0.9
134	-0.443608	61.866212	11049.859576	0.000069	0.9
135	-0.444299	62.860987	10918.784073	0.000062	1.1
136	-0.442962	62.834366	10922.251258	0.000048	1.1
137	-0.457464	63.583501	10825.515500	0.000095	1.0
138	-0.449230	64.547560	10703.519827	0.000063	1.1
139	-0.442944	64.520925	10706.853392	0.000060	1.1
140	-0.446595	65.509141	10584.546233	0.000069	1.0
141	-0.445936	65.482516	10587.804909	0.000079	0.9
142	-0.451211	66.345607	10483.183264	0.000121	0.9
143	-0.450431	67.345495	10364.535309	0.000059	0.9
144	-0.464791	67.319261	10367.614036	0.000076	0.9
145	-0.453724	68.303397	10253.361382	0.000078	1.0
146	-0.447115	68.276764	10256.420213	0.000124	0.9
147	-0.455736	68.250129	10259.481066	0.000100	1.0
148	-0.442841	69.250129	10145.802767	0.000120	0.9
149	-0.443556	69.223493	10148.797942	0.000070	1.0
150	-0.453054	69.196858	10151.794886	0.000150	1.0
151	-0.450194	70.196858	10040.477511	0.000038	0.9
152	-0.457753	70.170224	10043.410751	0.000047	0.8
153	-0.448235	70.505302	10006.633295	0.000054	0.8
154	-0.446737	70.562868	10000.342162	0.000082	0.9
155	-0.446160	70.574617	9999.059046	0.000126	13.9
156	-0.451255	70.548621	10001.898428	0.000098	6.5
157	-0.440048	71.548621	9893.826603	0.000096	1.0
158	-0.459116	71.521985	9896.674831	0.000083	1.3
159	-0.460702	71.927960	9853.439174	0.000109	1.2
160	-0.448377	72.927947	9748.536324	0.000053	3.7
161	-0.451122	72.914800	9749.901046	0.000072	2.1
162	-0.447763	73.882849	9650.426982	0.000024	1.1
163	-0.447418	73.860040	9652.747402	0.000070	1.0
164	-0.453196	74.050254	9633.430428	0.000080	1.0
165	-0.450728	74.058495	9632.595179	0.000048	0.9
166	-0.445962	74.032026	9635.278126	0.000102	0.8
167	-0.450978	74.006210	9637.896373	0.000062	1.1
168	-0.441999	75.006206	9537.508531	0.000073	0.9
169	-0.457106	75.013891	9536.745153	0.000107	0.9
170	-0.455173	75.015276	9536.607579	0.000041	1.0
171	-0.450850	74.996407	9538.482027	0.000105	0.9
172	-0.450848	74.992850	9538.835518	0.000059	1.0
173	-0.451223	75.992817	9440.492913	0.000152	1.0
174	-0.457230	76.992817	9344.154293	0.000107	0.9
175	-0.444856	76.966182	9346.694793	0.000124	0.8
176	-0.438828	77.966182	9252.251473	0.000090	1.2
177	-0.446468	77.939547	9254.742239	0.000219	1.1
178	-0.445599	78.939547	9162.138836	0.000100	0.9
179	-0.448209	78.912912	9164.581314	0.000040	0.9
180	-0.450276	79.900341	9074.895048	0.000034	0.8
181	-0.452299	79.993487	9066.525272	0.000156	0.8
182	-0.461046	80.934709	8982.808824	0.000073	0.9
183	-0.451367	80.910128	8984.975549	0.000063	0.9
184	-0.463212	81.246364	8955.428530	0.000033	0.8
185	-0.457712	81.225162	8957.285889	0.000068	0.9
186	-0.460568	81.198641	8959.610400	0.000057	0.8
187	-0.457737	81.484073	8934.656670	0.000095	0.7
188	-0.469848	82.477385	8848.890078	0.000077	0.8
189	-0.450830	83.461820	8765.499256	0.000133	0.8
190	-0.444888	84.461820	8682.383880	0.000034	1.0
191	-0.449665	84.435355	8684.563218	0.000168	0.8
192	-0.444449	84.742666	8659.324023	0.000103	1.0
193	-0.459073	85.742666	8578.200660	0.000043	0.9
194	-0.460019	85.716057	8580.339570	0.000073	0.8
195	-0.453859	85.695807	8581.968064	0.000088	0.9
196	-0.455733	85.976061	8559.485133	0.000048	0.7
197	-0.450847	85.949443	8561.615493	0.000036	0.7
198	-0.457546	86.636768	8506.944460	0.000101	0.8
199	-0.452072	86.610146	8509.049008	0.000089	0.9
