1:ItNr	2:Metric	3a:Time	3b:StepSize	4:||Gradient||	Time[ms]
0	-0.037178	0.000000	18337.616323	0.000408	68.5
1	-0.035507	0.000000	18337.616323	0.000228	0.8
2	-0.034921	0.000000	18337.616323	0.000106	0.8
3	-0.038937	0.000000	18337.616323	0.000185	0.9
4	-0.035376	0.999982	17504.102495	0.000225	0.8
5	-0.038468	0.691708	17752.864170	0.000136	1.0
6	-0.034169	0.382989	18009.173078	0.000200	1.0
7	-0.039480	0.185159	18177.345288	0.000169	0.8
8	-0.036210	0.000000	18337.616323	0.000217	0.9
9	-0.036869	0.999823	17504.229093	0.000187	0.7
10	-0.039671	0.691291	17753.205045	0.000160	0.8
11	-0.038474	0.382565	18009.529704	0.000268	0.8
12	-0.036192	1.382565	17204.906571	0.000074	0.8
13	-0.039478	1.073840	17445.534935	0.000353	1.0
14	-0.038252	2.073839	16689.460956	0.000101	0.9
15	-0.036353	1.800200	16889.761946	0.000202	0.7
16	-0.036656	1.491829	17121.326448	0.000165	0.7
17	-0.035127	2.491829	16392.505945	0.000134	0.8
18	-0.038383	3.491828	15723.201183	0.000064	0.9
19	-0.040738	4.106504	15338.254584	0.000146	0.9
20	-0.037556	4.635214	15021.912274	0.000118	0.9
21	-0.037869	4.327332	15204.520757	0.000064	0.7
22	-0.038891	5.245313	14672.713176	0.000162	0.8
23	-0.035060	4.939447	14845.726528	0.000116	0.9
24	-0.036175	4.635769	15021.587462	0.000157	0.9
25	-0.037017	5.634981	14458.051854	0.000141	0.9
26	-0.035041	5.327114	14627.123162	0.000121	0.8
27	-0.036240	5.913251	14308.562565	0.000131	0.9
28	-0.034593	5.604967	14474.362871	0.000151	0.9
29	-0.037407	6.604880	13950.067579	0.000168	0.9
30	-0.035741	7.603791	13462.898563	0.000173	0.9
31	-0.038058	7.295065	13609.791638	0.000130	1.0
32	-0.037693	6.993860	13756.228702	0.000192	0.9
33	-0.036113	7.993860	13281.775668	0.000117	0.8
34	-0.039090	8.993799	12838.985259	0.000124	0.7
35	-0.037542	9.442697	12649.665781	0.000126	0.7
36	-0.035045	9.141475	12776.081637	0.000138	0.8
37	-0.039098	10.141449	12365.832401	0.000130	0.9
38	-0.035226	9.832731	12489.647505	0.000191	0.9
39	-0.038263	9.765583	12516.907061	0.000231	0.9
40	-0.037296	9.456858	12643.784442	0.000195	1.1
41	-0.038411	9.573212	12595.665170	0.000049	0.8
42	-0.036103	9.266579	12723.272784	0.000029	0.7
43	-0.037398	9.202494	12750.269645	0.000102	0.8
44	-0.036908	9.003535	12834.818858	0.000200	0.9
45	-0.037876	8.717968	12958.151982	0.000140	0.9
46	-0.038216	9.717968	12536.309237	0.000238	0.8
47	-0.038582	9.423608	12657.602637	0.000323	0.9
48	-0.035133	10.423608	12254.797123	0.000129	0.9
49	-0.037982	11.423608	11876.838042	0.000093	0.8
50	-0.037974	11.116673	11990.343504	0.000097	1.0
51	-0.039285	12.101354	11633.661190	0.000242	0.9
52	-0.040021	11.798093	11741.229532	0.000184	0.9
53	-0.038611	11.489367	11852.799111	0.000092	1.0
54	-0.037660	12.488963	11499.010755	0.000240	0.9
55	-0.037093	13.480772	11168.251733	0.000110	1.0
56	-0.034913	14.480772	10853.482623	0.000143	1.1
57	-0.039553	14.180980	10945.969689	0.000224	0.9
58	-0.035679	15.175577	10645.025658	0.000064	0.8
59	-0.034648	16.173845	10359.163726	0.000122	0.9
60	-0.040084	16.376807	10302.911757	0.000081	1.0
61	-0.037972	16.078421	10385.823805	0.000057	1.0
62	-0.033782	16.584501	10245.977268	0.000089	1.0
63	-0.036254	16.976676	10140.169862	0.000103	0.8
64	-0.036910	17.953669	9885.845343	0.000175	0.9
65	-0.038144	18.450817	9761.266558	0.000099	0.8
66	-0.037923	19.296518	9556.407361	0.000189	1.1
67	-0.041650	20.296502	9325.001409	0.000193	0.9
68	-0.034913	21.296502	9104.533973	0.000101	1.0
69	-0.033922	21.828664	8991.406851	0.000058	1.1
70	-0.036625	22.479067	8856.904399	0.000059	0.9
71	-0.036861	22.236491	8906.595678	0.000128	0.8
72	-0.039973	23.063597	8739.412300	0.000078	0.8
73	-0.036689	23.898274	8576.943146	0.000088	0.8
74	-0.035697	24.041637	8549.643618	0.000056	0.9
75	-0.036485	24.178295	8523.782077	0.000162	0.9
76	-0.040520	23.871627	8582.036547	0.000069	1.1
77	-0.036074	23.978044	8561.731620	0.000035	0.9
78	-0.037920	24.128133	8533.256721	0.000202	0.9
79	-0.037492	24.340641	8493.262036	0.000100	0.8
80	-0.037542	24.031922	8551.488070	0.000108	1.0
81	-0.036940	23.735091	8608.229842	0.000261	0.9
82	-0.037513	24.710032	8424.626328	0.000097	1.0
83	-0.037382	25.701251	8245.816375	0.000215	1.1
84	-0.038388	25.392525	8300.689400	0.000091	1.0
85	-0.037486	26.392285	8125.582968	0.000117	0.9
86	-0.034224	26.104302	8175.260521	0.000085	0.8
87	-0.037812	26.974522	8026.967823	0.000243	0.9
88	-0.038953	26.665802	8078.956457	0.000133	1.0
89	-0.035507	27.665802	7912.947580	0.000068	0.8
90	-0.037556	28.573708	7768.027774	0.000306	1.0
91	-0.039376	29.566358	7615.536483	0.000142	0.9
92	-0.035778	29.257632	7662.317747	0.000104	0.8
93	-0.034927	30.256974	7512.927735	0.000186	0.8
94	-0.036703	29.948252	7558.452560	0.000107	0.9
95	-0.032355	30.948240	7412.954606	0.000224	1.1
96	-0.038943	31.948238	7272.951081	0.000158	1.0
97	-0.038553	31.698442	7307.425612	0.000183	1.0
98	-0.035464	32.698439	7171.343276	0.000098	1.0
99	-0.035249	32.389722	7212.810426	0.000149	0.9
100	-0.034944	33.389496	7080.226299	0.000068	0.8
101	-0.039147	33.081700	7120.522213	0.000315	0.8
102	-0.036472	32.773528	7161.329342	0.000159	0.7
103	-0.036894	33.773528	7030.584991	0.000086	0.7
104	-0.036810	33.464967	7070.415374	0.000138	0.7
105	-0.039312	33.348918	7085.512535	0.000215	0.8
106	-0.036404	33.593825	7053.727126	0.000147	0.7
107	-0.034751	33.285210	7093.828029	0.000160	0.7
108	-0.034696	34.285209	6965.514793	0.000247	0.8
109	-0.036707	34.872082	6892.350009	0.000123	0.7
110	-0.039074	34.563356	6930.645884	0.000133	0.7
111	-0.038493	35.563261	6808.128435	0.000138	0.8
112	-0.039107	35.254583	6845.485633	0.000068	0.7
113	-0.036498	36.068505	6747.854088	0.000117	0.8
114	-0.036054	36.894648	6651.563808	0.000123	0.8
115	-0.040020	36.624755	6682.717253	0.000089	0.9
116	-0.038422	36.318320	6718.444348	0.000117	0.8
117	-0.035560	37.310774	6604.095887	0.000236	0.8
118	-0.035396	37.002048	6639.247357	0.000150	0.9
119	-0.037410	38.000327	6526.912052	0.000047	0.8
120	-0.039781	38.806924	6438.885660	0.000157	0.9
121	-0.037591	39.125971	6404.718862	0.000092	0.8
122	-0.040458	39.166678	6400.385635	0.000065	0.9
123	-0.037284	39.560500	6358.764209	0.000160	0.8
124	-0.037425	39.602601	6354.346759	0.000177	0.8
125	-0.034261	40.600706	6251.388420	0.000077	0.7
126	-0.037152	40.292038	6282.870627	0.000137	0.8
127	-0.039829	40.329510	6279.031809	0.000056	1.0
128	-0.037170	41.185188	6192.631281	0.000074	0.9
129	-0.038498	41.026105	6208.514018	0.000120	1.0
130	-0.037696	40.798741	6231.355796	0.000058	0.9
131	-0.040111	41.743094	6137.567026	0.000138	0.8
132	-0.036288	41.482702	6163.144883	0.000139	0.8
133	-0.035072	41.174073	6193.738386	0.000081	0.8
134	-0.034717	40.865506	6224.630943	0.000118	0.8
135	-0.032941	41.413370	6169.991183	0.000101	0.9
136	-0.034617	42.405475	6073.449380	0.000185	0.8
137	-0.037179	42.096752	6103.165880	0.000228	0.9
138	-0.035452	43.096752	6007.947858	0.000180	0.8
139	-0.035975	44.096752	5915.655268	0.000290	0.8
140	-0.036772	45.096221	5826.202129	0.000246	0.9
141	-0.037320	46.096221	5739.368593	0.000259	1.0
142	-0.038541	47.096221	5655.085375	0.000086	1.0
143	-0.036128	47.744822	5601.730152	0.000111	1.1
144	-0.036023	47.438558	5626.798038	0.000107	0.9
145	-0.034017	48.429470	5546.491191	0.000048	1.0
146	-0.038631	48.139978	5569.714570	0.000127	1.0
147	-0.035844	48.148997	5568.988100	0.000193	0.9
148	-0.034825	47.840280	5593.962470	0.000165	0.9
149	-0.036503	48.840280	5513.865967	0.000148	0.9
150	-0.033429	48.531601	5538.344287	0.000073	0.9
151	-0.036203	49.529211	5460.006377	0.000094	0.9
152	-0.035283	50.477035	5387.603751	0.000066	0.7
153	-0.036479	51.335370	5323.674162	0.000078	0.8
154	-0.037467	51.437829	5316.144182	0.000154	0.9
155	-0.038259	51.129388	5338.877171	0.000109	0.9
156	-0.033788	52.127303	5266.021386	0.000154	0.9
157	-0.039107	53.024146	5202.220661	0.000073	0.8
158	-0.039512	53.958723	5137.359963	0.000089	0.9
159	-0.036742	53.740697	5152.346185	0.000148	1.0
160	-0.037097	54.740217	5084.352249	0.000136	0.9
161	-0.036460	55.344630	5044.099917	0.000172	0.9
162	-0.039725	55.035904	5064.580308	0.000184	0.8
163	-0.039069	54.727178	5085.227698	0.000118	0.9
164	-0.037590	54.419294	5105.987137	0.000121	0.8
165	-0.036944	54.110586	5126.972952	0.000115	0.8
166	-0.036126	55.090663	5060.935592	0.000097	0.9
167	-0.039085	54.782208	5081.535012	0.000333	0.8
168	-0.032228	55.772190	5016.008322	0.000115	0.8
169	-0.036686	55.463464	5036.260781	0.000168	0.8
170	-0.035850	56.445265	4972.414295	0.000122	0.8
171	-0.036740	56.874342	4945.016946	0.000072	0.9
172	-0.034695	57.074023	4932.369649	0.000170	0.8
173	-0.036976	58.064098	4870.604370	0.000181	0.8
174	-0.034436	58.995581	4813.890213	0.000054	0.8
175	-0.035633	59.992314	4754.647972	0.000119	1.1
176	-0.037943	59.691770	4772.357133	0.000201	1.0
177	-0.037168	59.640082	4775.416075	0.000098	0.9
178	-0.037432	59.333235	4793.656603	0.000059	0.8
179	-0.038889	59.096253	4807.839680	0.000202	0.9
180	-0.033500	60.095418	4748.602982	0.000024	0.7
181	-0.038284	60.012458	4753.465704	0.000160	1.0
182	-0.037594	59.730172	4770.087007	0.000069	0.9
183	-0.036496	60.711694	4712.788628	0.000154	0.9
184	-0.035811	60.405212	4730.531798	0.000164	0.9
185	-0.036465	60.096486	4748.540453	0.000067	1.1
186	-0.040887	59.879917	4761.255435	0.000121	1.1
187	-0.037946	59.592112	4778.258461	0.000218	1.0
188	-0.036590	59.283390	4796.632804	0.000072	0.9
189	-0.038607	60.279530	4737.846599	0.000102	1.0
190	-0.037546	60.061856	4750.569041	0.000137	0.9
191	-0.037748	61.059850	4692.793646	0.000104	0.9
192	-0.038477	62.021941	4638.411731	0.000190	0.9
193	-0.039636	61.713217	4655.724418	0.000232	0.9
194	-0.034897	62.711691	4600.193114	0.000155	0.8
195	-0.037931	62.402967	4617.221132	0.000124	0.9
196	-0.035712	62.099409	4634.087632	0.000158	0.8
197	-0.040385	61.792934	4651.241634	0.000068	0.8
198	-0.038657	61.779002	4652.024464	0.000059	0.8
199	-0.038329	61.736488	4654.414897	0.000188	1.0
