1:ItNr	2:Metric	3a:Time	3b:StepSize	4:||Gradient||	Time[ms]
0	-0.796714	0.000000	79541.044705	0.000680	15.0
1	-0.840702	0.000000	79541.044705	0.000606	0.8
2	-0.868123	0.000000	79541.044705	0.000566	0.8
3	-0.894043	0.000000	79541.044705	0.000486	0.9
4	-0.913685	0.000000	79541.044705	0.000291	0.9
5	-0.907006	0.000000	79541.044705	0.000222	0.8
6	-0.913296	0.000000	79541.044705	0.000132	0.9
7	-0.920183	0.000000	79541.044705	0.000133	0.8
8	-0.919421	1.000000	75925.542673	0.000050	0.9
9	-0.921554	0.986244	75973.047828	0.000046	0.8
10	-0.922535	0.972487	76020.612465	0.000023	0.9
11	-0.918648	1.004052	75911.560961	0.000029	0.9
12	-0.920714	1.820887	73194.434043	0.000042	0.9
13	-0.923189	1.807131	73238.582056	0.000071	0.9
14	-0.926527	1.793375	73282.783344	0.000097	0.8
15	-0.921550	1.779618	73327.038042	0.000136	0.7
16	-0.947171	2.779618	70243.429337	0.000101	0.8
17	-0.952382	3.779618	67408.703295	0.000069	1.0
18	-0.947318	3.765862	67446.145929	0.000066	0.9
19	-0.952786	3.752106	67483.630182	0.000114	0.8
20	-0.962165	3.738349	67521.156122	0.000106	0.9
21	-0.970507	3.724593	67558.723820	0.000166	0.8
22	-0.986032	3.710836	67596.333346	0.000256	0.9
23	-0.986556	4.710836	64967.234388	0.000233	0.8
24	-0.982338	4.697080	65002.013178	0.000164	0.8
25	-0.973774	4.683324	65036.829224	0.000206	1.0
26	-0.977143	4.669567	65071.682585	0.000259	0.8
27	-0.959928	4.655811	65106.573323	0.000309	0.9
28	-0.959603	5.655811	62664.082514	0.000265	0.8
29	-1.007753	5.642055	62696.438515	0.000257	0.8
30	-1.034431	5.628298	62728.827946	0.000341	0.7
31	-1.036270	5.614542	62761.250860	0.000230	0.7
32	-1.041828	5.600785	62793.707309	0.000186	0.7
33	-1.043333	5.587029	62826.197343	0.000119	0.8
34	-1.048128	5.573273	62858.721017	0.000098	0.8
35	-1.042668	5.559516	62891.278381	0.000156	0.8
36	-1.053370	5.545760	62923.869489	0.000249	0.7
37	-1.047914	6.545760	60639.529923	0.000132	0.8
38	-1.049359	7.545760	58515.237913	0.000131	0.7
39	-1.053278	7.532004	58543.450348	0.000263	0.8
40	-1.045987	8.532004	56561.077223	0.000068	0.8
41	-1.049376	9.532004	54708.559521	0.000180	0.7
42	-1.049977	9.518247	54733.219890	0.000216	1.0
43	-1.044647	10.518247	52996.663304	0.000258	0.8
44	-1.042412	11.518247	51366.911772	0.000431	0.8
45	-1.044322	12.518247	49834.405870	0.000163	0.8
46	-1.057589	13.518247	48390.693926	0.000230	0.8
47	-1.048922	13.504491	48409.986497	0.000245	0.8
48	-1.048182	14.504491	47046.497392	0.000097	0.7
49	-1.053511	15.504491	45757.710829	0.000120	0.8
50	-1.055629	15.490735	45774.960688	0.000101	0.7
51	-1.051561	15.476978	45792.223557	0.000249	0.8
52	-1.055907	16.476978	44570.347467	0.000131	0.8
53	-1.048647	17.476978	43411.983438	0.000156	0.8
54	-1.059137	17.463222	43427.509733	0.000251	0.8
55	-1.053192	18.463222	42327.054479	0.000133	0.7
56	-1.048590	19.463222	41280.992090	0.000107	0.8
57	-1.054336	19.449465	41295.031252	0.000221	0.8
58	-1.053493	20.449465	40298.757095	0.000154	0.9
59	-1.058793	21.449465	39349.422240	0.000051	0.9
60	-1.043886	21.435709	39362.178130	0.000238	0.8
61	-1.050852	22.435709	38455.961126	0.000207	0.9
62	-1.053653	23.435709	37590.531903	0.000060	0.8
63	-1.047364	24.435709	36763.197353	0.000166	0.7
64	-1.050996	25.435709	35971.496352	0.000245	0.7
65	-1.046731	26.435709	35213.175309	0.000122	0.9
66	-1.054057	27.435709	34486.166745	0.000196	0.8
67	-1.048512	28.435709	33788.570465	0.000135	0.9
68	-1.046572	29.435709	33118.636977	0.000060	0.7
69	-1.058959	29.421953	33127.672570	0.000186	0.8
70	-1.047642	30.421953	32483.440470	0.000156	0.8
71	-1.049616	31.421953	31863.787084	0.000152	0.8
72	-1.050768	31.408196	31872.150853	0.000258	0.8
73	-1.051544	32.408196	31275.385693	0.000117	0.7
74	-1.055917	33.408196	30700.557122	0.000123	0.9
75	-1.054210	33.394440	30708.321303	0.000236	1.0
76	-1.056963	34.394440	30153.963838	0.000127	0.9
77	-1.048055	35.394440	29619.266377	0.000112	0.8
78	-1.054370	35.380684	29626.493207	0.000210	0.9
79	-1.049337	36.380684	29110.178458	0.000128	0.8
80	-1.049179	37.380684	28611.551572	0.000068	0.7
81	-1.054785	37.366927	28618.294965	0.000213	0.8
82	-1.047589	38.366927	28136.237086	0.000118	0.7
83	-1.052936	39.366927	27670.150135	0.000134	0.8
84	-1.051436	39.353171	27676.457025	0.000237	0.7
85	-1.046617	40.353171	27225.356346	0.000165	0.9
86	-1.055032	41.353171	26788.724881	0.000078	0.8
87	-1.051063	41.339414	26794.636319	0.000224	0.8
88	-1.052457	42.339414	26371.603733	0.000111	0.8
89	-1.047169	43.339414	25961.721176	0.000124	0.8
90	-1.050671	43.325658	25967.273222	0.000191	0.7
91	-1.051017	44.325658	25569.768261	0.000096	1.0
92	-1.044938	45.325658	25184.249760	0.000116	1.0
93	-1.051747	45.311902	25189.474220	0.000250	0.9
94	-1.046994	46.311902	24815.254007	0.000178	0.9
95	-1.048766	47.311902	24451.990016	0.000111	0.7
96	-1.050511	47.298145	24456.915049	0.000197	0.8
97	-1.047012	48.298145	24103.991967	0.000086	0.8
98	-1.050125	49.298145	23761.109636	0.000082	0.9
99	-1.054920	49.284389	23765.760265	0.000208	0.9
100	-1.047045	50.284389	23432.366648	0.000135	0.8
101	-1.049165	51.284389	23108.197530	0.000105	0.8
102	-1.059728	51.270633	23112.596065	0.000262	0.8
103	-1.052958	52.270633	22797.154595	0.000136	0.8
104	-1.056135	53.270633	22490.207504	0.000099	0.7
105	-1.044414	53.256876	22494.373901	0.000235	0.8
106	-1.057043	54.256876	22195.472658	0.000116	0.8
107	-1.051330	55.256876	21904.410740	0.000145	1.0
108	-1.049295	55.243120	21908.362902	0.000197	0.9
109	-1.048370	56.243120	21624.734238	0.000102	1.0
110	-1.053226	57.243120	21348.355506	0.000104	0.9
111	-1.056146	57.229363	21352.109543	0.000170	0.7
112	-1.054995	58.229363	21082.612116	0.000135	0.8
113	-1.056009	59.229363	20819.832865	0.000270	0.8
114	-1.051008	60.229363	20563.523668	0.000131	0.7
115	-1.057744	61.229363	20313.448479	0.000112	0.8
116	-1.050218	61.215607	20316.847339	0.000286	0.8
117	-1.058160	62.215607	20072.700260	0.000147	0.8
118	-1.042310	63.215607	19834.351326	0.000158	0.8
119	-1.053459	63.201851	19837.591737	0.000300	0.6
120	-1.044629	64.201851	19604.761211	0.000147	0.8
121	-1.052190	65.201851	19377.332670	0.000080	0.9
122	-1.054776	65.188094	19380.425461	0.000119	0.8
123	-1.048788	66.188094	19158.142526	0.000115	0.9
124	-1.052240	67.188094	18940.900702	0.000106	0.8
125	-1.050730	68.188094	18728.530420	0.000126	0.8
126	-1.047766	69.188094	18520.869636	0.000167	0.8
127	-1.051208	70.188094	18317.763411	0.000102	0.9
128	-1.053394	71.188094	18119.063530	0.000108	0.8
129	-1.044904	71.174338	18121.767672	0.000204	0.8
130	-1.049462	72.174338	17927.274552	0.000140	0.8
131	-1.051802	73.174338	17736.911924	0.000108	0.8
132	-1.052173	74.174338	17550.549588	0.000101	0.9
133	-1.047512	75.174338	17368.062763	0.000020	0.8
134	-1.050872	76.174337	17189.331919	0.000067	0.9
135	-1.052839	77.174337	17014.242192	0.000197	0.9
136	-1.049347	78.174337	16842.683271	0.000110	0.8
137	-1.049690	79.174337	16674.549556	0.000097	0.8
138	-1.049261	79.160580	16676.839692	0.000221	1.0
139	-1.056461	80.160580	16511.984571	0.000114	0.9
140	-1.051318	81.160580	16350.356822	0.000123	0.8
141	-1.050240	81.146824	16352.558766	0.000243	0.8
142	-1.046031	82.146824	16194.022049	0.000169	0.7
143	-1.052250	83.146824	16038.529818	0.000157	0.8
144	-1.054773	83.133067	16040.648568	0.000212	0.8
145	-1.050640	84.133067	15888.073845	0.000070	0.8
146	-1.047916	85.133067	15738.374282	0.000110	0.7
147	-1.051694	85.119311	15740.414466	0.000264	0.9
148	-1.054493	86.119311	15593.471638	0.000159	0.8
149	-1.056688	87.119311	15449.246971	0.000118	0.8
150	-1.049554	87.105555	15451.212879	0.000261	0.9
151	-1.050345	88.105555	15309.595773	0.000183	0.8
152	-1.050799	89.105555	15170.551056	0.000095	0.8
153	-1.048592	90.105555	15034.009268	0.000159	0.7
154	-1.051681	91.105555	14899.903431	0.000218	0.8
155	-1.053373	92.105555	14768.168933	0.000113	0.9
156	-1.053964	93.105555	14638.743429	0.000111	0.9
157	-1.054899	93.091798	14640.508464	0.000252	0.9
158	-1.051866	94.091798	14513.301237	0.000120	0.8
159	-1.045704	95.091798	14388.285504	0.000162	1.0
160	-1.052566	95.078042	14389.990655	0.000267	0.9
161	-1.052548	96.078042	14267.081266	0.000162	0.8
162	-1.056068	97.078042	14146.253709	0.000082	0.8
163	-1.050387	97.064286	14147.901973	0.000121	0.9
164	-1.050978	98.064286	14029.076232	0.000101	0.9
165	-1.048372	99.064286	13912.229860	0.000108	1.0
166	-1.048153	100.064286	13797.313807	0.000150	0.9
167	-1.055219	101.064286	13684.280631	0.000126	0.9
168	-1.049392	102.064286	13573.084434	0.000116	0.7
169	-1.053156	103.064286	13463.680794	0.000141	0.8
170	-1.049395	104.064286	13356.026712	0.000136	0.9
171	-1.052983	105.064286	13250.080554	0.000103	0.9
172	-1.048311	106.064286	13145.801996	0.000118	0.7
173	-1.052534	107.064286	13043.151971	0.000223	0.9
174	-1.056247	108.064286	12942.092628	0.000121	1.0
175	-1.042924	109.064286	12842.587275	0.000141	0.7
176	-1.052301	109.050529	12843.945727	0.000257	0.8
177	-1.052649	110.050529	12745.938143	0.000130	0.8
178	-1.050894	111.050529	12649.414955	0.000093	0.9
179	-1.053087	111.036773	12650.732845	0.000150	0.8
180	-1.048188	112.036773	12555.640845	0.000120	0.9
181	-1.050435	113.036773	12461.967739	0.000119	0.9
182	-1.057337	114.036773	12369.682004	0.000120	0.8
183	-1.049447	115.036773	12278.753046	0.000064	0.8
184	-1.050922	116.036773	12189.151162	0.000075	0.9
185	-1.048302	117.036773	12100.847510	0.000081	0.8
186	-1.057953	118.036773	12013.814078	0.000161	0.8
187	-1.050576	119.036773	11928.023655	0.000236	0.8
188	-1.050431	120.036773	11843.449799	0.000125	0.8
189	-1.052207	121.036773	11760.066816	0.000110	0.8
190	-1.046027	121.023016	11761.205898	0.000246	0.8
191	-1.054972	122.023016	11678.972939	0.000098	0.9
192	-1.053844	123.023016	11597.881921	0.000137	0.9
193	-1.045691	123.009260	11598.989800	0.000165	0.8
194	-1.053125	124.009260	11519.001875	0.000130	0.8
195	-1.053723	125.009260	11440.109605	0.000113	0.9
196	-1.050001	126.009260	11362.290633	0.000085	0.9
197	-1.052558	127.009260	11285.523202	0.000108	0.9
198	-1.053059	126.995504	11286.572206	0.000225	0.9
199	-1.045714	127.995504	11210.821113	0.000147	0.7
