1:ItNr	2:Metric	3a:Time	3b:StepSize	4:||Gradient||	Time[ms]
0	-0.159145	0.000000	73949.923229	0.000254	35.3
1	-0.155008	0.000000	73949.923229	0.000651	4.1
2	-0.134080	1.000000	70588.563082	0.001028	5.2
3	-0.131122	2.000000	67519.495122	0.001016	4.3
4	-0.138929	3.000000	64706.182825	0.000951	4.0
5	-0.145783	4.000000	62117.935512	0.001068	3.8
6	-0.134652	5.000000	59728.784147	0.001092	4.1
7	-0.142377	6.000000	57516.606956	0.001066	4.0
8	-0.135738	7.000000	55462.442422	0.001003	3.8
9	-0.149553	8.000000	53549.944407	0.001003	3.9
10	-0.144917	9.000000	51764.946260	0.001012	4.1
11	-0.155708	10.000000	50095.109284	0.001015	3.9
12	-0.136192	11.000000	48529.637119	0.000944	3.8
13	-0.152680	12.000000	47059.042055	0.000875	4.4
14	-0.145092	13.000000	45674.952583	0.000987	4.1
15	-0.151670	14.000000	44369.953937	0.000968	3.9
16	-0.147509	15.000000	43137.455217	0.000953	4.2
17	-0.151532	16.000000	41971.578049	0.000829	3.9
18	-0.156037	17.000000	40867.062837	0.000823	3.9
19	-0.157420	18.000000	39819.189431	0.000867	3.9
20	-0.154567	19.000000	38823.709695	0.000793	4.3
21	-0.155481	20.000000	37876.789947	0.000771	3.7
22	-0.154832	21.000000	36974.961615	0.000800	3.7
23	-0.160192	22.000000	36115.078786	0.000853	4.6
24	-0.153882	23.000000	35294.281541	0.000865	3.8
25	-0.159806	24.000000	34509.964174	0.000775	3.7
26	-0.156729	25.000000	33759.747561	0.000768	4.0
27	-0.156310	26.000000	33041.455060	0.000757	4.2
28	-0.160790	27.000000	32353.091413	0.000706	4.0
29	-0.162360	28.000000	31692.824241	0.000652	4.5
30	-0.160590	29.000000	31058.967756	0.000581	4.1
31	-0.165938	30.000000	30449.968388	0.000584	4.2
32	-0.160884	31.000000	29864.392073	0.000598	4.0
33	-0.161597	32.000000	29300.912978	0.000539	4.3
34	-0.158162	33.000000	28758.303478	0.000482	4.0
35	-0.158590	34.000000	28235.425233	0.000378	4.2
36	-0.160683	35.000000	27731.221211	0.000361	4.3
37	-0.163593	36.000000	27244.708558	0.000320	3.9
38	-0.163286	37.000000	26774.972204	0.000281	3.7
39	-0.157399	38.000000	26321.159115	0.000280	4.5
40	-0.166076	39.000000	25882.473130	0.000247	3.9
41	-0.165046	40.000000	25458.170292	0.000186	3.9
42	-0.165712	41.000000	25047.554642	0.000150	4.4
43	-0.164695	42.000000	24649.974410	0.000212	4.2
44	-0.163018	43.000000	24264.818560	0.000283	3.8
45	-0.165310	44.000000	23891.513659	0.000277	3.9
46	-0.162235	45.000000	23529.521027	0.000237	4.2
47	-0.168394	46.000000	23178.334146	0.000114	3.9
48	-0.162367	47.000000	22837.476291	0.000143	3.8
49	-0.166738	48.000000	22506.498374	0.000127	4.5
50	-0.166331	49.000000	22184.976969	0.000125	3.9
51	-0.164539	50.000000	21872.512504	0.000109	4.3
52	-0.162493	51.000000	21568.727608	0.000111	4.2
53	-0.162784	52.000000	21273.265586	0.000124	4.0
54	-0.160703	53.000000	20985.789024	0.000158	3.9
55	-0.163494	54.000000	20705.978504	0.000197	3.9
56	-0.165775	55.000000	20433.531419	0.000127	4.0
57	-0.165414	56.000000	20168.160881	0.000101	3.7
58	-0.163887	56.720683	19981.146872	0.000114	3.6
59	-0.162230	57.720683	19727.323530	0.000109	3.7
60	-0.165209	57.726123	19725.960501	0.000096	3.8
61	-0.161633	58.725771	19478.624817	0.000136	4.3
62	-0.162174	59.725771	19237.331058	0.000111	4.0
63	-0.163136	60.725771	19001.942260	0.000101	4.0
64	-0.162245	60.706372	19006.453765	0.000150	3.8
65	-0.168478	61.706372	18776.647364	0.000128	4.4
66	-0.162436	62.706372	18552.331737	0.000091	3.9
67	-0.162484	63.706372	18333.312421	0.000082	3.7
68	-0.161957	63.707092	18333.156712	0.000073	4.3
69	-0.165232	64.664340	18128.294605	0.000136	4.1
70	-0.165457	64.644947	18132.399398	0.000116	3.7
71	-0.163751	65.644947	17923.126959	0.000082	3.6
72	-0.162687	66.644947	17718.630092	0.000107	4.1
73	-0.158642	67.644943	17518.747616	0.000128	3.7
74	-0.164304	68.644943	17323.323904	0.000128	3.8
75	-0.165062	69.644943	17132.212041	0.000083	4.8
76	-0.166254	70.644943	16945.270881	0.000123	4.4
77	-0.163936	71.644943	16762.365368	0.000076	4.1
78	-0.160506	71.625549	16765.875165	0.000152	4.3
79	-0.159992	72.625549	16586.801447	0.000218	3.7
80	-0.161326	73.625549	16411.512620	0.000152	3.6
81	-0.168338	74.625549	16239.889943	0.000120	3.7
82	-0.163494	75.625549	16071.819592	0.000189	3.9
83	-0.162809	76.625549	15907.192403	0.000149	3.6
84	-0.165965	77.625549	15745.903644	0.000141	3.6
85	-0.164223	78.625549	15587.852784	0.000134	4.2
86	-0.164191	79.625549	15432.943291	0.000116	3.6
87	-0.167624	80.625549	15281.082430	0.000137	3.6
88	-0.164049	81.625549	15132.181083	0.000118	4.0
89	-0.162502	81.704936	15120.484515	0.000110	4.0
90	-0.165947	82.704936	14974.681574	0.000067	4.0
91	-0.163605	82.685537	14977.483256	0.000179	3.5
92	-0.163382	83.685537	14834.412076	0.000172	4.2
93	-0.161218	84.685537	14694.048384	0.000100	3.7
94	-0.164346	85.685537	14556.316046	0.000129	3.6
95	-0.158951	85.666150	14558.961722	0.000143	3.9
96	-0.163780	86.651702	14425.674283	0.000129	4.0
97	-0.168426	87.651702	14292.904395	0.000101	3.7
98	-0.162540	88.651701	14162.556240	0.000124	3.3
99	-0.162690	89.651701	14034.564031	0.000134	4.3
100	-0.163139	90.651701	13908.864522	0.000107	3.6
101	-0.163339	91.651701	13785.396662	0.000121	3.8
102	-0.166216	92.651701	13664.101543	0.000153	3.8
103	-0.166167	93.651701	13544.922312	0.000127	3.8
104	-0.160208	94.651701	13427.804085	0.000116	4.0
105	-0.165446	95.540086	13325.443952	0.000099	3.5
106	-0.164847	96.540086	13212.074595	0.000123	4.3
107	-0.165690	97.540086	13100.617998	0.000115	3.7
108	-0.164345	98.540086	12991.026158	0.000121	3.7
109	-0.159880	99.540086	12883.252665	0.000066	3.7
110	-0.163122	99.520687	12885.326352	0.000100	3.7
111	-0.168121	100.520687	12779.292338	0.000133	3.6
112	-0.159011	100.501288	12781.332690	0.000144	3.6
113	-0.163645	101.501288	12676.996378	0.000142	4.2
114	-0.161325	101.481889	12679.004193	0.000110	3.7
115	-0.164323	101.462490	12681.012645	0.000152	3.7
116	-0.164022	102.462490	12578.301185	0.000088	4.8
117	-0.164306	103.462490	12477.240206	0.000079	4.5
118	-0.165480	104.462490	12377.790241	0.000107	3.9
119	-0.164879	104.455523	12378.477657	0.000114	4.3
120	-0.163139	105.455289	12280.612366	0.000138	4.5
121	-0.166404	106.455289	12184.260049	0.000088	4.1
122	-0.162071	106.435890	12186.114805	0.000153	3.8
123	-0.161797	107.435814	12091.241065	0.000186	4.0
124	-0.166614	108.435814	11997.826107	0.000122	3.7
125	-0.161238	109.435814	11905.843501	0.000080	3.9
126	-0.164440	110.435814	11815.260553	0.000106	4.2
127	-0.163430	110.416415	11817.004660	0.000111	3.7
128	-0.163320	111.416415	11727.763423	0.000188	4.4
129	-0.167688	112.416415	11639.859971	0.000129	4.0
130	-0.162537	113.416415	11553.264446	0.000075	3.8
131	-0.161317	113.426656	11552.384245	0.000083	3.8
132	-0.165510	114.426656	11467.080625	0.000100	3.6
133	-0.162866	115.400293	11385.227666	0.000108	4.0
134	-0.164792	116.400293	11302.365923	0.000127	3.6
135	-0.161901	117.400293	11220.701603	0.000125	3.5
136	-0.166366	118.400293	11140.208934	0.000085	3.8
137	-0.157890	118.381479	11141.712679	0.000083	3.6
138	-0.163600	119.381479	11062.345281	0.000118	3.5
139	-0.164447	120.381479	10984.100624	0.000086	3.2
140	-0.164935	121.381479	10906.955062	0.000093	4.1
141	-0.164512	121.362287	10908.425390	0.000133	3.3
142	-0.161611	122.362287	10832.335467	0.000146	3.5
143	-0.159929	123.362287	10757.299697	0.000123	3.5
144	-0.162811	124.362287	10683.296323	0.000091	3.8
145	-0.164658	124.342888	10684.722228	0.000181	3.6
146	-0.159754	125.342888	10611.710671	0.000082	3.5
147	-0.163052	126.342888	10539.690156	0.000114	3.5
148	-0.164962	126.772559	10509.044424	0.000090	3.7
149	-0.164231	126.753160	10510.424191	0.000107	3.5
150	-0.163222	127.753016	10439.777479	0.000111	3.4
151	-0.162733	128.753016	10370.064175	0.000095	3.8
152	-0.163480	129.753016	10301.275747	0.000070	3.6
153	-0.165312	129.733728	10302.593930	0.000103	3.5
154	-0.162866	130.676896	10238.529559	0.000113	3.5
155	-0.166598	131.676886	10171.470172	0.000158	3.9
156	-0.160091	132.676886	10105.282793	0.000125	3.6
157	-0.164046	133.676504	10039.975971	0.000121	3.7
158	-0.167034	134.676504	9975.483413	0.000124	3.9
159	-0.161914	135.676504	9911.814113	0.000087	8.3
160	-0.159714	136.676504	9848.952407	0.000078	5.6
161	-0.161741	136.657105	9850.164274	0.000122	7.0
162	-0.162937	137.633725	9789.522283	0.000092	8.6
163	-0.162773	138.633725	9728.197383	0.000066	6.5
164	-0.163896	138.984194	9706.886343	0.000098	4.0
165	-0.162677	139.983998	9646.600938	0.000109	3.7
166	-0.160305	140.981719	9587.183059	0.000154	3.7
167	-0.163124	140.962471	9588.322397	0.000108	3.4
168	-0.160580	141.962471	9529.484786	0.000104	6.6
169	-0.163554	142.962471	9471.364872	0.000147	4.6
170	-0.162402	143.962471	9413.949601	0.000080	8.0
171	-0.161028	144.962471	9357.226238	0.000172	5.6
172	-0.162036	145.962471	9301.182348	0.000092	4.4
173	-0.160583	146.962471	9245.805797	0.000124	4.6
174	-0.167158	147.962471	9191.084736	0.000122	4.6
175	-0.165264	148.962471	9137.007593	0.000117	3.9
176	-0.166797	149.962471	9083.563071	0.000110	4.8
177	-0.164268	150.962471	9030.740132	0.000061	4.0
178	-0.168717	150.948014	9031.499434	0.000066	3.9
179	-0.161711	150.929881	9032.451926	0.000109	4.7
180	-0.166422	151.929881	8980.220051	0.000054	4.6
181	-0.163969	151.911364	8981.181759	0.000109	4.6
182	-0.164824	151.952691	8979.035723	0.000061	5.1
183	-0.165978	151.933292	8980.042957	0.000109	5.0
184	-0.165838	152.932021	8928.478970	0.000094	4.2
185	-0.159609	153.932021	8877.439264	0.000111	3.9
186	-0.166842	154.932021	8826.979778	0.000072	3.7
187	-0.164236	155.932020	8777.090683	0.000101	3.6
188	-0.165947	155.912745	8778.046961	0.000071	3.7
189	-0.159007	155.893346	8779.009605	0.000146	3.9
190	-0.165478	156.893346	8729.659757	0.000110	3.7
191	-0.165953	156.896265	8729.516557	0.000136	3.9
192	-0.164732	156.876866	8730.468586	0.000119	3.6
193	-0.164172	157.876866	8681.661444	0.000074	3.8
194	-0.165126	158.876866	8633.396975	0.000091	3.7
195	-0.164552	159.850913	8586.898251	0.000153	4.0
196	-0.161937	159.831514	8587.819425	0.000171	3.7
197	-0.165559	160.831514	8540.589881	0.000134	3.6
198	-0.161586	161.831514	8493.876983	0.000122	3.8
199	-0.162478	162.773227	8450.351611	0.000081	3.9
