1:ItNr	2:Metric	3a:Time	3b:StepSize	4:||Gradient||	Time[ms]
0	-0.010898	0.000000	2613.542328	0.000167	57.3
1	-0.014251	0.000000	2613.542328	0.000115	1.0
2	-0.011653	0.000000	2613.542328	0.000248	0.9
3	-0.013054	0.000000	2613.542328	0.000140	1.0
4	-0.012468	0.998510	2494.913935	0.000234	1.0
5	-0.012357	0.052985	2606.964766	0.000212	1.1
6	-0.010215	1.052493	2488.806509	0.000134	1.1
7	-0.012900	1.633829	2424.883078	0.000313	1.1
8	-0.013487	2.633673	2322.296173	0.000181	1.1
9	-0.013279	2.041331	2381.997304	0.000163	1.0
10	-0.012968	1.083852	2485.272492	0.000172	1.0
11	-0.012682	0.569335	2544.556360	0.000136	0.9
12	-0.011721	1.067070	2487.162540	0.000105	0.9
13	-0.011675	1.914108	2395.222545	0.000174	1.1
14	-0.013350	2.077003	2378.315292	0.000206	1.0
15	-0.012278	1.120563	2481.147900	0.000124	1.0
16	-0.013231	0.259982	2581.582089	0.000285	1.0
17	-0.011773	1.259359	2465.676952	0.000193	1.0
18	-0.013263	0.299726	2576.765039	0.000211	1.0
19	-0.012729	1.299365	2461.253455	0.000268	1.1
20	-0.012094	2.299361	2355.617738	0.000193	1.1
21	-0.012464	1.671368	2420.867965	0.000237	1.0
22	-0.014203	0.731123	2525.612183	0.000396	1.3
23	-0.013625	0.000000	2613.542328	0.000259	1.0
24	-0.013516	0.000000	2613.542328	0.000142	0.9
25	-0.012771	0.000000	2613.542328	0.000287	1.2
26	-0.012324	0.000000	2613.542328	0.000151	1.1
27	-0.011837	0.000000	2613.542328	0.000290	1.2
28	-0.014497	0.000000	2613.542328	0.000117	0.9
29	-0.011201	0.000000	2613.542328	0.000176	0.8
30	-0.011435	0.405105	2564.079384	0.000150	0.9
31	-0.011457	0.872133	2509.329556	0.000337	0.9
32	-0.012013	0.000000	2613.542328	0.000237	0.9
33	-0.011765	0.000000	2613.542328	0.000131	1.0
34	-0.011753	0.969740	2498.181062	0.000155	1.0
35	-0.011206	1.109801	2482.355650	0.000168	0.9
36	-0.010680	0.517943	2550.633565	0.000168	1.0
37	-0.013677	0.000000	2613.542328	0.000273	0.8
38	-0.012797	0.749944	2523.426698	0.000392	0.9
39	-0.011965	1.749891	2412.512182	0.000203	1.0
40	-0.011426	0.921273	2503.704491	0.000080	1.1
41	-0.014302	0.459792	2557.545260	0.000119	1.1
42	-0.012083	0.919993	2503.850616	0.000198	1.0
43	-0.013404	0.025925	2610.319765	0.000307	1.0
44	-0.012251	0.000000	2613.542328	0.000076	1.2
45	-0.009588	0.920795	2503.759011	0.000199	1.3
46	-0.012581	1.676357	2420.335355	0.000118	1.3
47	-0.013806	1.252169	2466.473662	0.000176	1.3
48	-0.012820	0.882708	2508.116881	0.000126	1.4
49	-0.010795	0.442351	2559.625506	0.000321	1.3
50	-0.013685	0.103042	2600.780906	0.000172	1.3
51	-0.013814	1.019048	2492.586836	0.000160	1.5
52	-0.012194	0.066972	2605.233911	0.000454	1.2
53	-0.012934	1.065536	2487.335401	0.000161	1.3
54	-0.011818	1.226360	2469.337732	0.000128	1.4
55	-0.012771	0.283408	2578.740640	0.000238	1.2
56	-0.012055	0.000000	2613.542328	0.000397	1.1
57	-0.010598	0.000000	2613.542328	0.000239	1.1
58	-0.013283	1.000000	2494.744950	0.000109	0.9
59	-0.015309	0.093650	2601.938901	0.000191	1.0
60	-0.012866	0.000000	2613.542328	0.000093	1.2
61	-0.011923	0.000000	2613.542328	0.000176	1.0
62	-0.012379	0.638298	2536.446701	0.000335	0.9
63	-0.011625	0.000000	2613.542328	0.000125	0.8
64	-0.013111	0.745632	2523.927017	0.000374	1.2
65	-0.010274	0.000000	2613.542328	0.000084	1.3
66	-0.012736	0.000000	2613.542328	0.000260	1.1
67	-0.010511	0.000000	2613.542328	0.000088	1.0
68	-0.011644	0.000000	2613.542328	0.000232	0.9
69	-0.011325	0.000000	2613.542328	0.000049	0.9
70	-0.011584	0.807341	2516.785065	0.000166	0.9
71	-0.011415	0.397523	2564.987919	0.000181	0.8
72	-0.011912	1.392979	2450.964179	0.000212	0.9
73	-0.011031	2.370841	2348.413083	0.000247	1.1
74	-0.012829	1.411928	2448.891938	0.000122	1.1
75	-0.012239	2.389470	2346.542651	0.000095	0.9
76	-0.013046	3.260930	2262.254105	0.000232	0.9
77	-0.013101	2.502098	2335.297446	0.000184	0.9
78	-0.011587	3.501915	2240.004072	0.000177	1.0
79	-0.011597	2.545872	2330.955871	0.000313	1.2
80	-0.011964	3.545442	2236.031838	0.000246	1.2
81	-0.010893	2.585762	2327.013576	0.000188	1.1
82	-0.010135	3.585423	2232.395578	0.000267	1.0
83	-0.012422	2.625790	2323.071024	0.000160	0.9
84	-0.013695	1.666568	2421.380619	0.000261	1.1
85	-0.012268	2.660422	2319.670792	0.000209	1.5
86	-0.011432	1.839556	2403.041006	0.000082	1.1
87	-0.014234	1.178712	2474.642750	0.000322	1.2
88	-0.012596	1.524412	2436.662463	0.000174	1.0
89	-0.010377	1.248907	2466.835339	0.000132	1.0
90	-0.009735	1.889242	2397.824650	0.000261	0.9
91	-0.010042	2.884102	2297.946532	0.000181	0.9
92	-0.011263	3.133302	2274.217995	0.000225	0.9
93	-0.010192	3.439830	2245.694362	0.000280	0.9
94	-0.011233	2.482112	2337.284999	0.000119	0.9
95	-0.014199	3.202908	2267.677443	0.000281	1.0
96	-0.014692	4.200066	2177.946213	0.000243	0.9
97	-0.013078	3.246190	2263.629423	0.000173	1.1
98	-0.014747	2.326500	2352.877198	0.000187	1.1
99	-0.014065	1.369555	2453.530696	0.000115	1.1
100	-0.011787	0.450937	2558.600968	0.000100	1.1
101	-0.013035	1.278978	2463.505686	0.000184	1.1
102	-0.011783	1.249782	2466.738308	0.000214	1.2
103	-0.014748	2.186946	2367.038317	0.000425	0.9
104	-0.010329	1.227266	2469.237019	0.000157	1.0
105	-0.010882	2.227106	2362.945659	0.000121	1.1
106	-0.011246	1.292289	2462.034714	0.000343	1.0
107	-0.013569	2.281894	2357.385042	0.000278	1.1
108	-0.010154	3.281862	2260.303925	0.000147	0.8
109	-0.012002	4.276112	2171.393654	0.000341	0.9
110	-0.013674	5.276069	2088.759509	0.000231	0.8
111	-0.011655	4.327638	2166.976193	0.000274	0.9
112	-0.011264	5.327620	2084.669590	0.000091	1.0
113	-0.011139	4.641470	2140.454109	0.000198	0.8
114	-0.012159	3.710690	2221.078807	0.000197	1.0
115	-0.011595	2.927833	2293.746760	0.000149	1.1
116	-0.011617	3.834779	2209.980931	0.000092	0.9
117	-0.011378	3.350791	2253.905803	0.000145	1.0
118	-0.012419	3.030361	2283.960218	0.000075	0.9
119	-0.011018	3.134477	2274.107197	0.000341	1.1
120	-0.012407	2.324954	2353.033114	0.000393	1.1
121	-0.012256	3.324954	2256.299812	0.000227	1.0
122	-0.012105	2.710643	2314.757492	0.000093	1.0
123	-0.011790	3.669389	2224.797223	0.000170	1.0
124	-0.012075	4.486245	2153.490616	0.000369	1.0
125	-0.010425	5.486217	2072.186779	0.000412	1.2
126	-0.013249	6.486217	1996.796747	0.000304	1.1
127	-0.012581	5.526538	2069.037030	0.000146	1.2
128	-0.010139	4.586731	2145.033239	0.000147	1.0
129	-0.011793	3.667319	2224.983918	0.000378	1.0
130	-0.012520	4.667266	2138.302914	0.000443	0.9
131	-0.012173	3.707586	2221.357781	0.000198	1.0
132	-0.012662	4.707586	2134.949133	0.000450	1.2
133	-0.011054	3.747908	2217.738538	0.000087	1.0
134	-0.012373	2.814015	2304.709582	0.000055	1.2
135	-0.012453	2.411036	2344.380998	0.000138	1.0
136	-0.013152	2.722181	2313.631694	0.000196	0.9
137	-0.010752	3.007029	2286.179925	0.000150	1.2
138	-0.011119	2.503494	2335.158763	0.000219	1.0
139	-0.012439	1.545640	2434.368228	0.000254	1.0
140	-0.013453	0.972754	2497.838397	0.000305	1.2
141	-0.012888	1.972259	2389.159423	0.000207	1.0
142	-0.012862	1.030821	2491.254793	0.000109	0.9
143	-0.010770	1.984517	2387.885242	0.000127	0.8
144	-0.011728	2.680780	2317.676615	0.000272	1.0
145	-0.011894	1.736191	2413.965827	0.000176	0.9
146	-0.013682	2.735587	2312.324946	0.000135	0.9
147	-0.012033	3.687109	2223.200296	0.000320	1.1
148	-0.012607	3.740877	2218.368796	0.000111	0.9
149	-0.012244	2.823503	2303.791763	0.000177	0.9
150	-0.012574	1.927459	2393.827775	0.000146	1.0
151	-0.011918	2.569885	2328.581140	0.000115	1.0
152	-0.014103	2.050287	2381.071826	0.000185	0.8
153	-0.011533	2.009767	2385.264883	0.000098	1.1
154	-0.010900	1.610802	2427.352586	0.000147	0.9
155	-0.011143	1.436156	2446.247412	0.000254	0.9
156	-0.011030	0.476773	2555.523123	0.000359	1.0
157	-0.013683	0.000000	2613.542328	0.000056	0.9
158	-0.011861	0.297965	2576.978078	0.000236	0.9
159	-0.012335	0.000000	2613.542328	0.000260	0.8
160	-0.011550	0.999998	2494.745186	0.000351	0.9
161	-0.010549	0.040488	2608.513101	0.000088	0.8
162	-0.011446	0.000000	2613.542328	0.000206	0.9
163	-0.010111	0.678215	2531.776250	0.000104	0.9
164	-0.013051	0.000000	2613.542328	0.000219	1.1
165	-0.010138	0.977768	2497.268523	0.000155	1.2
166	-0.010523	1.767347	2410.662516	0.000085	1.2
167	-0.012433	0.903900	2505.690224	0.000315	1.1
168	-0.011924	1.896632	2397.050726	0.000212	0.9
169	-0.012391	0.936999	2501.909582	0.000237	0.9
170	-0.011375	1.658793	2422.211518	0.000165	1.0
171	-0.011988	0.700286	2529.201146	0.000089	1.3
172	-0.009430	1.375977	2452.826429	0.000336	1.1
173	-0.012520	2.355813	2349.924147	0.000383	1.1
174	-0.011249	3.355813	2253.441055	0.000186	1.0
175	-0.012573	4.355770	2164.571964	0.000260	1.0
176	-0.011358	3.396270	2249.704088	0.000045	2.0
177	-0.012232	3.492289	2240.884378	0.000266	3.0
178	-0.012249	2.721566	2313.691595	0.000209	1.3
179	-0.010859	1.765178	2410.892118	0.000105	1.0
180	-0.010598	1.104247	2482.979296	0.000105	1.2
181	-0.011283	1.231949	2468.716977	0.000089	6.3
182	-0.011361	0.603197	2540.567873	0.000242	1.3
183	-0.012446	0.701348	2529.077401	0.000434	1.3
184	-0.012128	0.000000	2613.542328	0.000073	1.3
185	-0.012737	0.868642	2509.730047	0.000078	1.1
186	-0.014278	1.140693	2478.892052	0.000365	1.1
187	-0.011508	1.752591	2412.225906	0.000572	1.9
188	-0.012076	2.752591	2310.669577	0.000252	1.8
189	-0.011338	1.792916	2407.958232	0.000145	1.4
190	-0.011356	2.727527	2313.110332	0.000049	7.9
191	-0.011793	3.323982	2256.389962	0.000111	5.5
192	-0.013768	2.898887	2296.524884	0.000178	1.9
193	-0.011470	2.775572	2308.436076	0.000117	1.1
194	-0.010924	3.651786	2226.385864	0.000353	1.1
195	-0.014235	2.708857	2314.931894	0.000142	1.1
196	-0.011409	1.749279	2412.577095	0.000211	0.9
197	-0.011656	1.980274	2388.326117	0.000238	1.1
198	-0.013723	2.816653	2304.454296	0.000179	1.3
199	-0.012205	3.804842	2212.648234	0.000284	1.1
