1:ItNr	2:Metric	3a:Time	3b:StepSize	4:||Gradient||	Time[ms]
0	-0.021524	0.000000	10197.519167	0.000232	75.2
1	-0.018675	0.000000	10197.519167	0.000245	0.8
2	-0.022286	0.000000	10197.519167	0.000128	0.8
3	-0.019774	0.892955	9781.589541	0.000196	0.8
4	-0.020823	0.176481	10112.535085	0.000243	0.9
5	-0.020814	0.000000	10197.519167	0.000205	0.9
6	-0.021873	0.134456	10132.643387	0.000168	0.9
7	-0.017818	1.134453	9674.867530	0.000121	0.9
8	-0.018951	2.127307	9259.525969	0.000016	0.8
9	-0.019043	2.300171	9190.829508	0.000023	0.8
10	-0.019638	2.378792	9159.921557	0.000155	0.7
11	-0.022116	1.958379	9327.657829	0.000114	0.7
12	-0.018717	1.230327	9633.142287	0.000207	0.8
13	-0.020435	2.230277	9218.482512	0.000314	0.9
14	-0.018170	3.230277	8838.029473	0.000095	0.9
15	-0.019313	2.501299	9112.173047	0.000118	0.9
16	-0.019782	1.822183	9383.322552	0.000211	0.8
17	-0.019607	1.544106	9499.063689	0.000122	0.7
18	-0.019564	2.543268	9095.929217	0.000314	0.8
19	-0.019732	1.814015	9386.681889	0.000171	0.8
20	-0.017837	1.084762	9696.636287	0.000112	0.8
21	-0.018035	2.008320	9307.411524	0.000082	0.8
22	-0.017805	1.290214	9607.260967	0.000110	0.9
23	-0.018994	0.573622	9926.377025	0.000157	0.9
24	-0.019126	0.294412	10056.530274	0.000296	0.8
25	-0.020888	0.000000	10197.519167	0.000097	0.8
26	-0.020029	0.000000	10197.519167	0.000338	1.0
27	-0.021237	0.000000	10197.519167	0.000172	1.0
28	-0.016811	0.000000	10197.519167	0.000120	0.9
29	-0.020309	0.983776	9741.179035	0.000102	1.0
30	-0.020137	0.298767	10054.474322	0.000187	1.2
31	-0.018064	0.000000	10197.519167	0.000126	1.0
32	-0.020874	0.000000	10197.519167	0.000135	0.9
33	-0.017623	0.999780	9734.092830	0.000088	0.9
34	-0.021695	0.304626	10051.708854	0.000157	1.0
35	-0.022008	1.282715	9610.494088	0.000094	0.9
36	-0.020676	2.280463	9198.610088	0.000248	0.8
37	-0.020287	2.136871	9255.698416	0.000109	1.0
38	-0.019464	3.136865	8872.233694	0.000249	0.8
39	-0.019624	2.407612	9148.643805	0.000039	0.9
40	-0.017873	2.978175	8930.950770	0.000313	1.0
41	-0.019933	2.895369	8961.899756	0.000166	0.8
42	-0.021387	2.166116	9244.014170	0.000322	0.9
43	-0.019009	3.166112	8861.495893	0.000100	1.0
44	-0.019456	4.166111	8509.375924	0.000135	0.9
45	-0.019021	3.443909	8760.787786	0.000041	0.9
46	-0.021134	3.906240	8598.162493	0.000268	0.9
47	-0.017388	4.515200	8392.954027	0.000098	0.9
48	-0.018944	5.463395	8092.231041	0.000188	0.8
49	-0.019373	6.462191	7797.917717	0.000122	0.9
50	-0.019994	5.837765	7979.349486	0.000141	0.8
51	-0.019673	6.834183	7693.701863	0.000210	0.8
52	-0.018686	7.833936	7426.939551	0.000149	0.9
53	-0.019755	8.582228	7239.072725	0.000121	0.8
54	-0.019518	7.868357	7418.084294	0.000174	1.0
55	-0.018253	8.867377	7169.960072	0.000052	1.0
56	-0.020047	9.647689	6987.407806	0.000117	1.0
57	-0.017942	9.091491	7116.559987	0.000151	0.9
58	-0.019916	8.446285	7272.493070	0.000088	1.0
59	-0.020486	9.230620	7083.807789	0.000113	0.9
60	-0.018466	10.215029	6860.410161	0.000271	1.0
61	-0.021837	11.215029	6647.453387	0.000257	1.0
62	-0.020531	12.214956	6447.333588	0.000224	0.9
63	-0.019560	13.202961	6261.092500	0.000228	0.8
64	-0.019977	12.473708	6397.495751	0.000036	0.7
65	-0.020851	13.410904	6223.257132	0.000204	0.8
66	-0.020005	12.702384	6354.087623	0.000113	0.8
67	-0.022633	13.697305	6171.888613	0.000147	1.0
68	-0.021003	14.694479	5999.468478	0.000168	0.9
69	-0.020183	15.694474	5835.971406	0.000079	1.1
70	-0.020432	16.691753	5681.558558	0.000208	0.9
71	-0.021936	15.962736	5793.616123	0.000130	1.2
72	-0.020652	16.869232	5654.931215	0.000168	1.4
73	-0.020835	16.139987	5765.965994	0.000209	1.4
74	-0.021394	17.139554	5614.850665	0.000206	1.1
75	-0.020216	18.134784	5472.060389	0.000243	1.1
76	-0.020850	17.405531	5575.965170	0.000297	1.3
77	-0.020889	16.707413	5679.198992	0.000151	1.2
78	-0.020544	15.978160	5791.199554	0.000137	1.2
79	-0.020838	16.610522	5693.829542	0.000041	1.1
80	-0.020024	17.190238	5607.399063	0.000198	1.1
81	-0.020664	16.511187	5708.907672	0.000106	1.1
82	-0.019111	15.811528	5817.414189	0.000061	0.9
83	-0.018882	16.045100	5780.734944	0.000267	1.1
84	-0.019351	17.043755	5628.989640	0.000166	1.1
85	-0.018358	18.009224	5489.673540	0.000184	1.1
86	-0.020056	19.009212	5352.464841	0.000084	1.2
87	-0.022097	18.421394	5432.276283	0.000221	1.0
88	-0.019222	18.223124	5459.736055	0.000104	1.0
89	-0.018634	17.493898	5563.164859	0.000088	1.1
90	-0.021339	18.336881	5443.947141	0.000168	1.0
91	-0.018828	17.830392	5514.955971	0.000110	1.0
92	-0.019399	17.570373	5552.134539	0.000129	1.0
93	-0.019898	16.842034	5658.995493	0.000183	1.2
94	-0.018876	17.840871	5513.468072	0.000266	0.9
95	-0.020770	17.111618	5618.966480	0.000175	1.3
96	-0.021453	16.382364	5728.581002	0.000112	1.5
97	-0.019692	15.653182	5842.546052	0.000219	1.0
98	-0.019077	16.608620	5694.117528	0.000049	1.0
99	-0.019061	16.116908	5769.551180	0.000126	1.0
100	-0.020310	15.756580	5826.110655	0.000233	1.0
101	-0.020655	16.756520	5671.812556	0.000173	1.2
102	-0.019393	17.756520	5525.467822	0.000128	1.1
103	-0.020665	18.756373	5386.505067	0.000234	1.0
104	-0.017858	18.027120	5487.156235	0.000108	0.9
105	-0.020327	17.298083	5591.608896	0.000088	1.1
106	-0.019676	18.011849	5489.304097	0.000101	1.1
107	-0.018462	18.735844	5389.287819	0.000118	1.1
108	-0.023978	18.054560	5483.300851	0.000171	0.8
109	-0.017611	18.319406	5446.366736	0.000113	0.7
110	-0.021034	17.592173	5548.998336	0.000219	0.7
111	-0.018985	16.863357	5655.808649	0.000225	0.8
112	-0.017851	16.134104	5766.879521	0.000100	0.9
113	-0.021429	15.405190	5882.345409	0.000291	0.8
114	-0.017285	16.397580	5726.250277	0.000245	0.8
115	-0.021435	17.397580	5577.119778	0.000218	0.9
116	-0.018353	18.396744	5435.675209	0.000152	0.8
117	-0.019927	17.667519	5538.185701	0.000105	0.8
118	-0.020025	18.661261	5399.422410	0.000196	0.7
119	-0.019363	18.400815	5435.113469	0.000092	0.9
120	-0.022463	17.675174	5537.089601	0.000046	0.9
121	-0.020332	17.895539	5505.718796	0.000134	0.9
122	-0.018015	17.752245	5526.077265	0.000079	0.8
123	-0.020885	18.735359	5389.353631	0.000272	0.8
124	-0.018247	18.006645	5490.036474	0.000066	0.8
125	-0.017959	18.561105	5413.092050	0.000142	0.7
126	-0.019206	17.886647	5506.977866	0.000103	0.8
127	-0.019406	18.841484	5374.998161	0.000116	0.9
128	-0.019024	19.397270	5301.048874	0.000175	0.9
129	-0.021701	19.704130	5261.085425	0.000178	0.7
130	-0.019675	20.674416	5138.594003	0.000088	0.9
131	-0.019370	20.097397	5210.741264	0.000332	0.8
132	-0.021304	19.368153	5304.872434	0.000149	0.7
133	-0.017714	18.638988	5402.456307	0.000058	0.8
134	-0.021577	19.057845	5345.966563	0.000193	0.8
135	-0.019734	19.055190	5346.321042	0.000159	0.7
136	-0.017683	20.053910	5216.260806	0.000203	0.9
137	-0.021783	20.050326	5216.716247	0.000321	0.8
138	-0.021450	19.321073	5311.066607	0.000258	0.7
139	-0.020166	18.591819	5408.892700	0.000091	0.7
140	-0.020179	19.345871	5307.802178	0.000137	0.8
141	-0.018026	19.948975	5229.627972	0.000170	0.7
142	-0.018951	19.413242	5298.953773	0.000133	0.7
143	-0.019090	18.688145	5395.764916	0.000090	0.7
144	-0.019248	18.653225	5400.516665	0.000201	0.8
145	-0.023653	19.648400	5268.298421	0.000275	0.8
146	-0.020668	18.919429	5364.503130	0.000087	0.8
147	-0.021919	19.919190	5233.434566	0.000103	0.9
148	-0.017150	19.372713	5304.273228	0.000184	0.7
149	-0.019914	19.848693	5242.466467	0.000322	0.8
150	-0.020066	20.848693	5117.194538	0.000226	0.8
151	-0.019676	21.848693	4997.769786	0.000149	0.8
152	-0.018711	22.848322	4883.833516	0.000270	0.8
153	-0.019702	23.848319	4774.937068	0.000218	0.7
154	-0.022574	24.847175	4670.907270	0.000099	0.8
155	-0.018120	25.847154	4571.204061	0.000210	0.7
156	-0.019879	26.847042	4475.676897	0.000139	0.8
157	-0.018485	26.209110	4536.156303	0.000024	0.8
158	-0.019584	25.698410	4585.764292	0.000144	0.8
159	-0.018025	25.546388	4600.741591	0.000131	0.8
160	-0.019056	24.856632	4669.944018	0.000185	0.7
161	-0.019462	24.127710	4745.374912	0.000206	0.9
162	-0.023061	25.127709	4642.500258	0.000124	0.9
163	-0.021478	24.398465	4717.073660	0.000184	0.9
164	-0.020002	24.093271	4748.999040	0.000214	0.9
165	-0.023063	23.364023	4827.062297	0.000268	0.8
166	-0.021015	22.634770	4907.735377	0.000288	0.8
167	-0.021449	21.905516	4991.150814	0.000138	0.8
168	-0.020142	22.905462	4877.477442	0.000089	0.9
169	-0.023334	22.859229	4882.618892	0.000173	0.8
170	-0.020301	22.242897	4952.209953	0.000150	0.8
171	-0.018758	21.513753	5037.144176	0.000113	0.7
172	-0.018746	21.057670	5091.768049	0.000031	0.7
173	-0.019779	20.662294	5140.089085	0.000355	0.7
174	-0.018359	19.936155	5231.265652	0.000190	0.8
175	-0.017559	19.206977	5326.137891	0.000113	0.8
176	-0.018728	19.930190	5232.028080	0.000192	0.8
177	-0.018215	19.201855	5326.816408	0.000167	0.8
178	-0.019611	18.519894	5418.736724	0.000378	0.9
179	-0.019952	19.224402	5323.830598	0.000266	0.8
180	-0.019013	20.224402	5194.687897	0.000215	0.9
181	-0.018454	19.516133	5285.497090	0.000223	0.8
182	-0.020442	18.786880	5382.374916	0.000085	0.7
183	-0.019392	18.065558	5481.757183	0.000108	0.6
184	-0.018013	17.362863	5582.166918	0.000138	0.7
185	-0.017374	17.712319	5531.776656	0.000230	0.6
186	-0.019706	16.983066	5637.983602	0.000226	0.8
187	-0.019815	16.273390	5745.329355	0.000084	0.8
188	-0.019317	17.271722	5595.460378	0.000230	0.8
189	-0.018048	18.271596	5452.997222	0.000122	0.8
190	-0.019700	19.271545	5317.598423	0.000188	0.7
191	-0.017763	18.816529	5378.366925	0.000187	0.7
192	-0.019763	19.816527	5246.597828	0.000169	0.8
193	-0.019107	19.088785	5341.840661	0.000361	0.7
194	-0.019095	20.088785	5211.833394	0.000153	0.8
195	-0.021735	19.359532	5306.005618	0.000120	0.7
196	-0.019737	19.764609	5253.279925	0.000062	0.7
197	-0.020387	19.435463	5296.041791	0.000138	0.7
198	-0.017548	19.530452	5283.629780	0.000103	0.9
199	-0.018332	20.507107	5159.306860	0.000226	0.9
