1:ItNr	2:Metric	3a:Time	3b:StepSize	4:||Gradient||	Time[ms]
0	-0.122942	0.000000	345849.833177	0.000143	29.5
1	-0.123549	0.000000	345849.833177	0.000242	4.2
2	-0.117415	1.000000	330129.386214	0.000318	4.2
3	-0.114131	2.000000	315775.934640	0.000313	4.3
4	-0.109389	3.000000	302618.604030	0.000307	4.3
5	-0.115454	4.000000	290513.859869	0.000318	4.3
6	-0.118382	5.000000	279340.249874	0.000312	4.2
7	-0.116245	6.000000	268994.314693	0.000320	4.1
8	-0.120742	7.000000	259387.374883	0.000357	4.6
9	-0.116363	8.000000	250442.982645	0.000342	4.3
10	-0.118468	9.000000	242094.883224	0.000315	4.3
11	-0.118756	10.000000	234285.370862	0.000305	4.5
12	-0.122787	11.000000	226963.953022	0.000313	4.8
13	-0.123369	12.000000	220086.257476	0.000304	6.4
14	-0.125316	13.000000	213613.132256	0.000324	7.0
15	-0.122461	14.000000	207509.899906	0.000315	7.1
16	-0.118896	15.000000	201745.736020	0.000285	5.0
17	-0.120839	16.000000	196293.148560	0.000280	4.8
18	-0.123220	17.000000	191127.539387	0.000281	4.8
19	-0.125491	18.000000	186226.833249	0.000275	4.7
20	-0.122508	19.000000	181571.162418	0.000239	5.4
21	-0.125157	20.000000	177142.597481	0.000263	5.4
22	-0.120351	21.000000	172924.916589	0.000250	4.8
23	-0.124089	22.000000	168903.406900	0.000250	5.7
24	-0.125043	23.000000	165064.693107	0.000256	5.3
25	-0.127563	24.000000	161396.588816	0.000246	5.3
26	-0.124507	25.000000	157887.967320	0.000256	5.2
27	-0.123944	26.000000	154528.648866	0.000238	5.0
28	-0.124828	27.000000	151309.302015	0.000244	5.9
29	-0.124278	28.000000	148221.357076	0.000239	5.8
30	-0.127537	29.000000	145256.929934	0.000216	5.5
31	-0.124693	30.000000	142408.754838	0.000191	5.0
32	-0.121916	31.000000	139670.124937	0.000178	5.6
33	-0.125770	32.000000	137034.839561	0.000187	4.8
34	-0.126552	33.000000	134497.157347	0.000174	4.0
35	-0.129997	34.000000	132051.754486	0.000194	4.1
36	-0.122034	35.000000	129693.687441	0.000189	4.3
37	-0.127954	36.000000	127418.359592	0.000167	4.2
38	-0.126662	37.000000	125221.491323	0.000188	4.6
39	-0.125580	38.000000	123099.093165	0.000180	4.1
40	-0.126903	39.000000	121047.441612	0.000173	3.9
41	-0.126620	40.000000	119063.057323	0.000190	4.4
42	-0.126333	41.000000	117142.685431	0.000200	4.5
43	-0.127571	42.000000	115283.277726	0.000197	4.0
44	-0.124266	43.000000	113481.976511	0.000164	4.7
45	-0.125333	44.000000	111736.099950	0.000147	4.6
46	-0.129834	45.000000	110043.128738	0.000165	4.0
47	-0.124431	46.000000	108400.693981	0.000153	5.0
48	-0.124725	47.000000	106806.566128	0.000169	5.3
49	-0.126587	48.000000	105258.644880	0.000159	4.4
50	-0.126008	49.000000	103754.949953	0.000166	4.6
51	-0.132326	50.000000	102293.612630	0.000161	4.2
52	-0.130216	51.000000	100872.868010	0.000147	4.5
53	-0.127644	52.000000	99491.047900	0.000151	4.6
54	-0.121065	53.000000	98146.574280	0.000138	4.3
55	-0.126632	54.000000	96837.953290	0.000132	4.3
56	-0.124870	54.992504	95573.195625	0.000161	4.6
57	-0.122521	55.992504	94331.864455	0.000182	4.4
58	-0.126798	56.992504	93122.365349	0.000179	4.5
59	-0.129186	57.992504	91943.489379	0.000161	4.5
60	-0.127451	58.992504	90794.088070	0.000179	4.3
61	-0.123896	59.992504	89673.069666	0.000153	4.4
62	-0.130157	60.992504	88579.395675	0.000180	4.4
63	-0.130847	61.992504	87512.077653	0.000221	4.1
64	-0.125358	62.992504	86470.174233	0.000159	4.4
65	-0.124455	63.992504	85452.788350	0.000166	4.7
66	-0.128307	64.992504	84459.064666	0.000162	4.9
67	-0.125687	65.992504	83488.187173	0.000152	4.6
68	-0.127147	66.992504	82539.376957	0.000165	5.7
69	-0.126479	67.992504	81611.890115	0.000203	4.9
70	-0.123749	68.992504	80705.015808	0.000166	4.6
71	-0.127304	69.992504	79818.074447	0.000162	4.5
72	-0.125966	70.992504	78950.415990	0.000160	4.6
73	-0.122917	71.992504	78101.418359	0.000141	5.8
74	-0.125345	72.992504	77270.485949	0.000148	5.7
75	-0.123028	73.992504	76457.048232	0.000156	4.6
76	-0.127656	74.992504	75660.558457	0.000156	4.2
77	-0.128974	75.992145	74880.769625	0.000143	4.3
78	-0.124753	76.992145	74116.618895	0.000132	4.4
79	-0.125375	77.992145	73367.906776	0.000158	4.2
80	-0.127510	78.992145	72634.170684	0.000150	4.0
81	-0.123872	79.992145	71914.964542	0.000131	3.9
82	-0.128276	80.990616	71210.928490	0.000147	4.2
83	-0.125107	81.990616	70519.497261	0.000156	3.8
84	-0.121110	82.990616	69841.363987	0.000169	3.8
85	-0.123775	83.990616	69176.148691	0.000157	4.6
86	-0.126673	84.990616	68523.485738	0.000165	4.1
87	-0.130995	85.990616	67883.023163	0.000160	4.0
88	-0.124902	86.990616	67254.422037	0.000138	4.7
89	-0.123679	87.990616	66637.355869	0.000152	3.8
90	-0.123517	88.990616	66031.510043	0.000130	4.0
91	-0.127126	89.990616	65436.581281	0.000150	4.4
92	-0.127746	90.990616	64852.277138	0.000132	4.1
93	-0.127342	91.714717	64435.654117	0.000162	4.1
94	-0.125647	92.714717	63869.011069	0.000142	4.2
95	-0.129341	93.714717	63312.247186	0.000140	4.1
96	-0.126178	94.714717	62765.106346	0.000146	4.0
97	-0.128836	95.714717	62227.341203	0.000130	3.9
98	-0.124415	96.714717	61698.712813	0.000137	4.2
99	-0.126851	97.714717	61178.990308	0.000141	3.8
100	-0.124624	98.714716	60667.950810	0.000146	4.0
101	-0.130601	99.714713	60165.379110	0.000172	4.2
102	-0.125696	100.714713	59671.064352	0.000142	3.9
103	-0.131432	101.714713	59184.805918	0.000143	4.4
104	-0.127323	102.714630	58706.447891	0.000155	4.4
105	-0.123666	103.714630	58235.721660	0.000166	4.2
106	-0.130320	104.714630	57772.484234	0.000135	3.8
107	-0.127403	105.714630	57316.558316	0.000145	3.8
108	-0.128256	106.714630	56867.772157	0.000153	4.3
109	-0.125727	106.465448	56978.943036	0.000140	3.9
110	-0.131739	107.465448	56535.407876	0.000174	3.9
111	-0.126765	108.465448	56098.724507	0.000142	4.3
112	-0.130421	109.465448	55668.735377	0.000174	4.1
113	-0.126189	110.465446	55245.288642	0.000148	3.9
114	-0.131443	111.465446	54828.234305	0.000148	4.5
115	-0.125281	112.118723	54559.166010	0.000143	4.0
116	-0.126418	113.118723	54152.368474	0.000149	3.8
117	-0.126006	114.118723	53751.592273	0.000154	4.3
118	-0.127883	115.118723	53356.704698	0.000150	3.9
119	-0.124162	116.118723	52967.576915	0.000142	3.9
120	-0.125530	117.118723	52584.083817	0.000139	3.9
121	-0.129572	118.118722	52206.104079	0.000140	4.5
122	-0.129052	119.118584	51833.570505	0.000142	3.9
123	-0.128205	120.117950	51466.496581	0.000140	3.7
124	-0.125773	121.090408	51114.263013	0.000138	4.2
125	-0.122773	122.090402	50757.048553	0.000128	3.9
126	-0.127762	123.090402	50404.790194	0.000156	4.1
127	-0.128937	124.090402	50057.387545	0.000156	3.9
128	-0.126655	125.090402	49714.740891	0.000125	3.8
129	-0.129726	126.090402	49376.753231	0.000140	3.8
130	-0.125685	127.090402	49043.330184	0.000143	3.7
131	-0.127273	128.090402	48714.379932	0.000133	4.0
132	-0.128248	129.090402	48389.813010	0.000151	3.9
133	-0.125709	130.090402	48069.542425	0.000148	3.6
134	-0.126513	131.090402	47753.483412	0.000145	4.4
135	-0.127435	130.841083	47831.893388	0.000139	3.7
136	-0.127427	131.841083	47518.941579	0.000146	3.8
137	-0.127380	132.841083	47210.058279	0.000143	3.8
138	-0.127504	133.841083	46905.164659	0.000143	3.9
139	-0.127594	134.145872	46813.018031	0.000131	3.8
140	-0.127823	135.145821	46513.229968	0.000124	3.6
141	-0.126548	136.145821	46217.242270	0.000149	4.1
142	-0.126617	137.145821	45924.997802	0.000140	3.8
143	-0.126218	138.145821	45636.426118	0.000134	3.7
144	-0.128213	139.145821	45351.458169	0.000162	4.1
145	-0.125597	140.145821	45070.026991	0.000124	3.8
146	-0.130115	139.960466	45121.927641	0.000143	3.7
147	-0.128612	140.960466	44843.329235	0.000157	3.6
148	-0.126469	141.960466	44568.150044	0.000124	3.9
149	-0.127836	142.960466	44296.327505	0.000142	3.7
150	-0.129353	143.874776	44050.682902	0.000128	3.7
151	-0.128569	144.874775	43785.117332	0.000170	3.9
152	-0.129715	145.874775	43522.734265	0.000141	4.0
153	-0.121605	145.991830	43492.226494	0.000132	4.3
154	-0.127084	146.991830	43233.331604	0.000142	3.9
155	-0.129340	146.742508	43297.590869	0.000138	4.0
156	-0.125999	147.306649	43152.463343	0.000125	3.8
157	-0.125979	148.306261	42897.684121	0.000135	3.5
158	-0.123885	149.306258	42645.799193	0.000130	4.1
159	-0.129363	150.306189	42396.871588	0.000134	3.7
160	-0.128053	150.056883	42458.662785	0.000132	3.9
161	-0.125780	151.056883	42211.891721	0.000157	3.8
162	-0.124912	152.056733	41968.008826	0.000147	4.1
163	-0.129327	153.056733	41726.891989	0.000156	3.8
164	-0.124632	154.056733	41488.529881	0.000134	3.6
165	-0.129137	155.056733	41252.875560	0.000129	4.3
166	-0.129800	156.056733	41019.883162	0.000151	3.8
167	-0.127633	156.785919	40851.640711	0.000153	3.7
168	-0.125426	157.785919	40623.145979	0.000136	3.9
169	-0.122850	158.785919	40397.193100	0.000124	3.8
170	-0.128557	159.781530	40174.715347	0.000149	3.8
171	-0.125953	160.781491	39953.718353	0.000142	3.7
172	-0.130311	161.781491	39735.131022	0.000158	4.0
173	-0.126441	162.781491	39518.922466	0.000128	3.8
174	-0.127917	163.781491	39305.054062	0.000147	3.7
175	-0.126913	164.781491	39093.488024	0.000131	3.8
176	-0.125624	164.532859	39145.877078	0.000130	3.8
177	-0.125310	165.532004	38936.195148	0.000137	3.8
178	-0.128534	166.532004	38728.570879	0.000143	3.9
179	-0.124797	166.282682	38780.128652	0.000125	4.1
180	-0.130347	167.282682	38574.161074	0.000154	3.8
181	-0.124987	168.279969	38370.919743	0.000134	3.5
182	-0.128042	169.279969	38169.264677	0.000128	3.8
183	-0.128647	169.030665	38219.339488	0.000136	3.8
184	-0.125330	170.030665	38019.270355	0.000141	3.6
185	-0.125738	171.030628	37821.292296	0.000136	3.5
186	-0.131320	172.030588	37625.365830	0.000130	4.1
187	-0.125222	171.850432	37660.514588	0.000137	3.8
188	-0.126997	172.850432	37466.238443	0.000163	3.7
189	-0.122512	173.850432	37273.956403	0.000152	3.9
190	-0.126612	174.850432	37083.637924	0.000133	3.9
191	-0.128625	175.849567	36895.415129	0.000126	3.7
192	-0.127403	176.773762	36723.003231	0.000152	3.7
193	-0.128790	177.773179	36538.362728	0.000151	4.3
194	-0.127180	178.773179	36355.463487	0.000126	3.6
195	-0.132317	179.773179	36174.386195	0.000144	3.7
196	-0.128775	180.773178	35995.103795	0.000152	3.9
197	-0.124017	181.773173	35817.590683	0.000134	3.9
198	-0.124581	182.773173	35641.818818	0.000139	3.8
199	-0.125875	183.773173	35467.763699	0.000139	3.7
