1:ItNr	2:Metric	3a:Time	3b:StepSize	4:||Gradient||	Time[ms]
0	-0.367398	0.000000	39014.354773	0.000335	72.4
1	-0.371888	0.000000	39014.354773	0.000345	3.5
2	-0.369571	1.000000	37240.975010	0.000436	3.4
3	-0.364117	2.000000	35621.802184	0.000515	3.7
4	-0.367619	3.000000	34137.560426	0.000557	3.6
5	-0.369046	4.000000	32772.058009	0.000634	3.9
6	-0.365526	5.000000	31511.594240	0.000684	3.5
7	-0.366023	6.000000	30344.498157	0.000617	4.1
8	-0.373104	7.000000	29260.766080	0.000508	3.5
9	-0.374038	8.000000	28251.774146	0.000439	3.6
10	-0.371679	9.000000	27310.048341	0.000304	3.7
11	-0.371719	10.000000	26429.079040	0.000107	3.7
12	-0.371608	11.000000	25603.170320	0.000043	3.7
13	-0.371787	11.998824	24828.201609	0.000046	3.5
14	-0.371898	11.988649	24835.859719	0.000041	4.0
15	-0.374608	11.978155	24843.762639	0.000067	3.5
16	-0.374516	11.967420	24851.852441	0.000067	3.6
17	-0.375188	12.967374	24120.246795	0.000058	3.4
18	-0.374610	12.956639	24127.872256	0.000085	3.9
19	-0.375382	13.956639	23437.649389	0.000041	4.0
20	-0.372635	14.056991	23370.558243	0.000059	3.6
21	-0.375484	14.046256	23377.716980	0.000073	3.8
22	-0.372455	15.046256	22729.169262	0.000135	3.8
23	-0.368178	16.046256	22115.634405	0.000173	3.8
24	-0.373071	17.046256	21534.351598	0.000140	3.7
25	-0.371606	18.046256	20982.842852	0.000075	4.0
26	-0.370951	19.046256	20458.877692	0.000090	3.5
27	-0.370360	20.046256	19960.443004	0.000105	4.1
28	-0.376354	21.046256	19485.717191	0.000017	4.1
29	-0.368783	21.037097	19489.962579	0.000044	3.8
30	-0.370124	21.026682	19494.792605	0.000055	3.7
31	-0.369648	22.026611	19041.737937	0.000054	3.5
32	-0.368827	23.026611	18609.232742	0.000029	3.9
33	-0.377489	23.015876	18613.771407	0.000130	3.5
34	-0.374524	24.015876	18200.277921	0.000181	3.7
35	-0.371860	25.015876	17804.756210	0.000151	3.7
36	-0.373938	26.015876	17426.059527	0.000108	3.8
37	-0.370789	27.015876	17063.136655	0.000090	3.8
38	-0.374960	28.015876	16715.022167	0.000180	3.9
39	-0.367186	29.015876	16380.827836	0.000074	3.9
40	-0.370742	29.005141	16384.344495	0.000117	3.5
41	-0.373995	30.005141	16063.115217	0.000109	3.5
42	-0.377132	31.005141	15754.239690	0.000058	3.7
43	-0.372047	32.005141	15457.018713	0.000101	3.7
44	-0.374465	31.994405	15460.149869	0.000066	3.4
45	-0.372107	32.994405	15173.821133	0.000109	4.0
46	-0.373695	33.994405	14897.905410	0.000102	3.5
47	-0.371855	34.994405	14631.844805	0.000040	3.5
48	-0.373207	35.992472	14375.608235	0.000072	3.8
49	-0.370135	36.992472	14127.720821	0.000059	3.7
50	-0.377520	37.992472	13888.237369	0.000071	3.8
51	-0.373242	37.981737	13890.765145	0.000055	3.8
52	-0.373182	38.981737	13659.181901	0.000045	4.0
53	-0.374730	39.981737	13435.193824	0.000052	3.5
54	-0.372591	40.266995	13372.639678	0.000044	4.1
55	-0.374884	41.266993	13157.877148	0.000032	3.8
56	-0.375250	41.259489	13159.463128	0.000077	3.6
57	-0.371724	41.248754	13161.732544	0.000013	3.4
58	-0.374334	41.238815	13163.834409	0.000062	3.5
59	-0.375808	41.280787	13154.962924	0.000031	3.6
60	-0.379720	42.131351	12977.727226	0.000037	3.5
61	-0.371679	42.901952	12821.227321	0.000076	3.4
62	-0.377976	42.891218	12823.381256	0.000051	3.5
63	-0.370590	43.891218	12625.767749	0.000060	3.9
64	-0.371806	43.884071	12627.158606	0.000096	3.5
65	-0.373529	44.884071	12435.501374	0.000071	3.6
66	-0.375194	45.884071	12249.575169	0.000054	3.8
67	-0.371232	46.884070	12069.126907	0.000035	3.8
68	-0.374210	47.884069	11893.917691	0.000064	3.6
69	-0.374502	48.884069	11723.722779	0.000049	3.5
70	-0.371913	49.884069	11558.329864	0.000068	4.0
71	-0.376242	50.024681	11535.447049	0.000056	3.5
72	-0.372648	50.068722	11528.298585	0.000078	3.8
73	-0.378822	51.068722	11368.336010	0.000061	3.7
74	-0.372979	51.057987	11370.029660	0.000025	3.5
75	-0.373216	52.057980	11214.400558	0.000075	3.5
76	-0.375214	52.047245	11216.048572	0.000023	3.5
77	-0.374985	52.036511	11217.697026	0.000073	3.8
78	-0.370102	53.000820	11071.518543	0.000040	3.7
79	-0.372922	54.000815	10923.900646	0.000027	3.8
80	-0.374761	54.975781	10783.718753	0.000060	3.9
81	-0.375567	55.653107	10688.431044	0.000065	3.7
82	-0.372611	56.653107	10550.787729	0.000040	3.7
83	-0.374759	57.653107	10416.644424	0.000059	3.5
84	-0.373476	58.653107	10285.869319	0.000035	3.6
85	-0.372189	58.642372	10287.255773	0.000070	3.7
86	-0.371735	58.631637	10288.642602	0.000104	3.7
87	-0.377442	59.631637	10161.042035	0.000063	3.6
88	-0.375621	60.631637	10036.567720	0.000076	3.9
89	-0.372326	61.631637	9915.106158	0.000036	3.6
90	-0.369178	62.631637	9796.549278	0.000053	3.6
91	-0.376442	62.620902	9797.806946	0.000128	3.7
92	-0.375797	63.620902	9682.022232	0.000049	4.0
93	-0.371897	64.620902	9568.942107	0.000133	3.7
94	-0.370821	64.610271	9570.130329	0.000068	3.5
95	-0.371483	65.610271	9459.633846	0.000083	3.7
96	-0.373767	66.610271	9351.659818	0.000021	3.8
97	-0.371963	67.606719	9246.493446	0.000049	3.6
98	-0.373537	68.154437	9189.687872	0.000031	3.5
99	-0.371237	69.086126	9094.646246	0.000033	4.2
100	-0.374871	69.075392	9095.730023	0.000101	3.7
101	-0.370713	70.075353	8995.863539	0.000075	3.6
102	-0.378323	71.075353	8898.162436	0.000073	3.7
103	-0.369383	71.066645	8899.004072	0.000081	3.5
104	-0.369779	72.066645	8803.384378	0.000063	3.5
105	-0.369866	73.066645	8709.797705	0.000084	3.5
106	-0.375519	73.055910	8710.791807	0.000093	3.6
107	-0.372542	74.055910	8619.153194	0.000097	3.7
108	-0.370851	75.055910	8529.422607	0.000039	3.6
109	-0.370573	75.045175	8530.375958	0.000023	3.8
110	-0.375014	75.034441	8531.329433	0.000094	3.5
111	-0.371966	76.034440	8443.408827	0.000021	3.6
112	-0.375970	76.023705	8444.343047	0.000049	3.7
113	-0.373553	76.970122	8362.768531	0.000041	3.6
114	-0.374068	77.739976	8297.565820	0.000072	3.5
115	-0.369691	78.739975	8214.373953	0.000044	3.5
116	-0.373935	79.739975	8132.833592	0.000051	3.5
117	-0.373379	79.729240	8133.700345	0.000040	3.6
118	-0.371804	80.729233	8053.746437	0.000024	3.5
119	-0.373909	81.690027	7978.393565	0.000024	3.6
120	-0.373002	81.680119	7979.163412	0.000051	3.5
121	-0.369712	81.669425	7979.994531	0.000053	3.6
122	-0.372833	82.669425	7903.019140	0.000041	3.5
123	-0.375915	82.658690	7903.837598	0.000025	3.5
124	-0.370927	83.602134	7832.550018	0.000075	3.5
125	-0.370650	83.591399	7833.353940	0.000029	3.5
126	-0.369858	84.591399	7759.168410	0.000046	3.6
127	-0.371076	84.583538	7759.746122	0.000057	3.7
128	-0.372648	84.572803	7760.535172	0.000059	3.5
129	-0.376310	85.572803	7687.716076	0.000051	3.6
130	-0.372664	86.572803	7616.250837	0.000059	3.8
131	-0.373797	87.572802	7546.102091	0.000065	3.7
132	-0.373245	88.572802	7477.233705	0.000078	4.0
133	-0.371090	89.572802	7409.610984	0.000020	3.5
134	-0.374645	89.562355	7410.311141	0.000046	4.1
135	-0.368554	90.538306	7345.471503	0.000046	3.6
136	-0.377362	91.538306	7280.200649	0.000031	4.0
137	-0.370328	92.537885	7216.106316	0.000058	3.7
138	-0.378076	92.527568	7216.762125	0.000066	3.5
139	-0.369229	93.527568	7153.748806	0.000050	3.9
140	-0.373700	94.527568	7091.826367	0.000026	3.6
141	-0.372765	95.460242	7035.031313	0.000032	3.6
142	-0.372148	95.449625	7035.672744	0.000060	3.5
143	-0.373243	96.449622	6975.769130	0.000066	3.8
144	-0.376096	97.449622	6916.876843	0.000025	3.5
145	-0.375345	97.466656	6915.882320	0.000055	3.4
146	-0.376459	97.456808	6916.457254	0.000027	3.5
147	-0.375718	98.456318	6858.586190	0.000020	3.5
148	-0.373557	98.458500	6858.460870	0.000124	3.5
149	-0.370746	99.194498	6816.463846	0.000069	3.4
150	-0.369094	100.194498	6760.219842	0.000040	3.7
151	-0.370121	100.183763	6760.818696	0.000112	3.7
152	-0.370127	100.173028	6761.417662	0.000042	3.5
153	-0.372159	101.173028	6706.074696	0.000044	3.5
154	-0.373139	102.172584	6651.654309	0.000074	3.7
155	-0.372560	103.172584	6598.086491	0.000038	3.5
156	-0.371283	103.161852	6598.656792	0.000041	3.5
157	-0.378626	104.081293	6550.151773	0.000072	3.7
158	-0.371457	105.081293	6498.199961	0.000030	3.8
159	-0.371238	106.081293	6447.065764	0.000047	3.6
160	-0.372327	107.080973	6396.746002	0.000014	4.1
161	-0.368789	107.070244	6397.281867	0.000071	3.9
162	-0.372843	107.996659	6351.338504	0.000033	4.0
163	-0.369209	108.993110	6302.652905	0.000056	4.5
164	-0.368223	108.984599	6303.065572	0.000107	3.9
165	-0.371933	109.984599	6254.944910	0.000061	3.6
166	-0.373067	110.096614	6249.600381	0.000072	3.6
167	-0.369187	111.096614	6202.289552	0.000022	3.6
168	-0.372422	111.085985	6202.788668	0.000065	3.9
169	-0.367892	111.702851	6173.955157	0.000074	3.5
170	-0.375869	111.736339	6172.397531	0.000051	3.6
171	-0.372059	111.725675	6172.893473	0.000047	3.5
172	-0.371716	111.717162	6173.289405	0.000040	3.6
173	-0.366494	111.718742	6173.215914	0.000054	3.5
174	-0.370630	112.718661	6127.053969	0.000027	3.6
175	-0.373198	113.717177	6081.640579	0.000033	3.7
176	-0.370798	113.707153	6082.093122	0.000078	3.5
177	-0.373530	114.707149	6037.275514	0.000056	3.4
178	-0.373262	114.696414	6037.753133	0.000046	3.4
179	-0.373155	115.696414	5993.584071	0.000054	3.8
180	-0.375460	115.685679	5994.054802	0.000090	3.5
181	-0.372514	116.685679	5950.520464	0.000031	3.6
182	-0.369357	117.685679	5907.613940	0.000068	3.5
183	-0.375432	117.674944	5908.071263	0.000054	4.0
184	-0.371902	118.674944	5865.772544	0.000071	3.4
185	-0.369732	118.664209	5866.223411	0.000032	3.6
186	-0.373261	119.664209	5824.519673	0.000034	3.7
187	-0.374759	119.653474	5824.964216	0.000037	3.7
188	-0.374236	119.642741	5825.408723	0.000033	3.6
189	-0.372775	119.632487	5825.833485	0.000056	3.8
190	-0.374307	120.625626	5784.980271	0.000045	3.8
191	-0.374413	121.619718	5744.657627	0.000028	3.6
192	-0.371655	122.599702	5705.453688	0.000041	3.7
193	-0.374445	122.757983	5699.171846	0.000063	3.6
194	-0.374791	122.747248	5699.597465	0.000032	3.8
195	-0.374770	123.739579	5660.521168	0.000049	3.6
196	-0.370259	123.728845	5660.940970	0.000084	3.5
197	-0.374309	123.718110	5661.360898	0.000060	3.6
198	-0.370688	124.718110	5622.509441	0.000064	3.6
199	-0.371612	124.707375	5622.923686	0.000027	3.5
