1:ItNr	2:Metric	3a:Time	3b:StepSize	4:||Gradient||	Time[ms]
0	-0.850660	0.000000	295765.448489	0.000281	67.7
1	-0.875049	0.000000	295765.448489	0.000149	3.6
2	-0.874218	0.000000	295765.448489	0.000239	4.0
3	-0.873941	1.000000	282321.564466	0.000247	3.5
4	-0.883740	2.000000	270046.713837	0.000325	3.8
5	-0.873490	3.000000	258794.767427	0.000236	4.0
6	-0.882817	4.000000	248442.976730	0.000058	4.3
7	-0.885608	5.000000	238887.477625	0.000098	4.7
8	-0.879705	4.987044	239006.577908	0.000074	4.5
9	-0.880953	5.987044	230150.232644	0.000210	4.8
10	-0.892512	6.987044	221926.776320	0.000404	4.6
11	-0.871484	7.987044	214270.708405	0.000222	4.2
12	-0.882852	8.987044	207125.265541	0.000253	3.8
13	-0.886955	8.974088	207214.794470	0.000389	3.7
14	-0.878435	9.974088	200524.854266	0.000274	3.6
15	-0.886377	10.974088	194253.374177	0.000152	3.9
16	-0.881204	11.974088	188362.282479	0.000232	4.0
17	-0.887387	12.974088	182817.989892	0.000304	3.9
18	-0.885194	13.974088	177590.748754	0.000324	4.2
19	-0.890292	14.974088	172654.119080	0.000294	4.1
20	-0.882581	15.974088	167984.521264	0.000350	4.1
21	-0.890374	16.974088	163560.859459	0.000362	4.2
22	-0.885693	17.974088	159364.202931	0.000328	3.7
23	-0.887540	18.974088	155377.515250	0.000293	4.0
24	-0.881551	19.974088	151585.423124	0.000236	4.1
25	-0.885116	20.974088	147974.018291	0.000228	4.2
26	-0.881125	21.974088	144530.687059	0.000274	3.9
27	-0.885159	22.974088	141243.963111	0.000246	4.2
28	-0.885730	23.974088	138103.399947	0.000189	4.7
29	-0.890100	24.974088	135099.459969	0.000239	4.2
30	-0.881976	25.974088	132223.417737	0.000291	4.2
31	-0.886326	26.974088	129467.275325	0.000244	4.6
32	-0.885498	27.974088	126823.688043	0.000151	4.3
33	-0.882950	28.974088	124285.899082	0.000125	4.0
34	-0.884555	29.974088	121847.681848	0.000037	4.7
35	-0.885880	30.974088	119503.288954	0.000145	4.0
36	-0.889163	30.961132	119533.086297	0.000184	4.1
37	-0.882773	31.961132	117276.089838	0.000203	4.5
38	-0.887353	32.961132	115102.746053	0.000231	4.0
39	-0.887302	33.961132	113008.488841	0.000268	4.0
40	-0.886594	34.961132	110989.078480	0.000257	4.2
41	-0.889779	35.961132	109040.572972	0.000217	4.2
42	-0.889562	36.961132	107159.302367	0.000185	4.1
43	-0.882151	37.961132	105341.845687	0.000130	3.8
44	-0.890782	38.961132	103585.010167	0.000111	3.8
45	-0.888925	39.961132	101885.812537	0.000087	3.6
46	-0.886351	40.961132	100241.462119	0.000105	3.5
47	-0.886885	41.961132	98649.345527	0.000027	3.9
48	-0.883934	42.961132	97107.012814	0.000043	3.6
49	-0.886366	42.948175	97126.687088	0.000052	3.8
50	-0.887556	42.935219	97146.369337	0.000084	3.6
51	-0.888691	43.935219	95650.318803	0.000049	3.9
52	-0.888728	44.935219	94199.647675	0.000080	3.6
53	-0.890738	45.935219	92792.322073	0.000046	4.0
54	-0.886391	46.935219	91426.427870	0.000040	3.8
55	-0.885746	46.922263	91443.867445	0.000077	3.6
56	-0.882402	47.922263	90117.099237	0.000073	3.6
57	-0.887423	48.922263	88828.280836	0.000102	3.6
58	-0.895622	49.922263	87575.806972	0.000096	3.9
59	-0.880550	50.922263	86358.161652	0.000117	4.1
60	-0.881709	51.922263	85173.912041	0.000060	3.8
61	-0.892473	52.922263	84021.702835	0.000038	3.9
62	-0.888866	52.909307	84036.431678	0.000041	3.5
63	-0.879491	52.896351	84051.165685	0.000113	3.3
64	-0.892537	53.896351	82928.932561	0.000055	3.2
65	-0.892047	54.896351	81836.272219	0.000044	3.6
66	-0.884814	54.883395	81850.244759	0.000032	3.3
67	-0.883965	54.870438	81864.222072	0.000043	3.3
68	-0.885329	54.857877	81877.778386	0.000048	3.3
69	-0.891864	55.857877	80812.464304	0.000073	3.8
70	-0.889058	56.857877	79774.515831	0.000059	3.3
71	-0.888009	57.857877	78762.891892	0.000047	3.5
72	-0.887237	58.857875	77776.605544	0.000061	3.5
73	-0.885774	59.857875	76814.712768	0.000078	3.6
74	-0.883772	60.857875	75876.321525	0.000064	3.4
75	-0.888150	61.857875	74960.580905	0.000033	3.3
76	-0.885702	62.857809	74066.738585	0.000078	3.4
77	-0.884344	62.844853	74078.183773	0.000073	3.5
78	-0.886800	63.844853	73205.082091	0.000042	3.4
79	-0.887215	64.844853	72352.321795	0.000079	3.4
80	-0.885271	65.844853	71519.200206	0.000044	3.5
81	-0.888307	66.844852	70705.047289	0.000062	3.7
82	-0.893319	67.844852	69909.221244	0.000069	3.6
83	-0.884023	68.844852	69131.110761	0.000062	3.5
84	-0.891695	69.844852	68370.130813	0.000042	3.7
85	-0.890091	70.844852	67625.721853	0.000048	3.5
86	-0.885434	71.844852	66897.348449	0.000047	3.4
87	-0.885703	71.831896	66906.685032	0.000033	3.3
88	-0.884819	72.831896	66193.636625	0.000085	3.6
89	-0.888135	72.818940	66202.777800	0.000093	3.3
90	-0.890945	73.818940	65504.575753	0.000079	3.5
91	-0.896312	74.818940	64820.947067	0.000097	3.4
92	-0.887426	75.818940	64151.440179	0.000051	3.7
93	-0.889618	76.818940	63495.621987	0.000048	3.7
94	-0.891159	76.805984	63504.033123	0.000070	3.6
95	-0.888034	77.805984	62861.318675	0.000054	3.5
96	-0.888409	78.805984	62231.483504	0.000062	3.6
97	-0.878818	78.793027	62239.563037	0.000056	3.5
98	-0.881991	79.793027	61622.064340	0.000022	3.3
99	-0.887610	79.800454	61617.524038	0.000060	3.6
100	-0.889283	79.787498	61625.444926	0.000100	3.5
101	-0.886125	80.787498	61020.012569	0.000045	3.4
102	-0.885808	81.787498	60426.360484	0.000047	3.3
103	-0.889609	81.774542	60433.978067	0.000068	3.7
104	-0.886505	82.768010	59855.387419	0.000058	3.4
105	-0.887915	83.768010	59284.073832	0.000035	3.4
106	-0.889410	83.755053	59291.406117	0.000058	3.4
107	-0.887109	84.755053	58730.757673	0.000066	3.7
108	-0.880806	85.755053	58180.612685	0.000036	3.3
109	-0.888156	85.742097	58187.674540	0.000061	3.7
110	-0.890201	86.742097	57647.610109	0.000060	3.7
111	-0.885421	87.742097	57117.478618	0.000068	3.7
112	-0.883905	88.742097	56597.008534	0.000039	3.7
113	-0.884826	89.742097	56085.938129	0.000022	3.9
114	-0.888752	89.729142	56092.500008	0.000054	3.7
115	-0.886097	89.716186	56099.064029	0.000058	3.5
116	-0.887425	90.716186	55596.907044	0.000076	3.9
117	-0.889083	91.716186	55103.660165	0.000061	3.6
118	-0.890841	92.716186	54619.088338	0.000038	3.9
119	-0.895186	93.716186	54142.964696	0.000018	3.8
120	-0.885247	93.703234	54149.078516	0.000033	3.6
121	-0.890329	93.690287	54155.191179	0.000045	3.8
122	-0.896232	94.607631	53725.470789	0.000060	3.5
123	-0.886566	95.607631	53264.733612	0.000071	3.4
124	-0.887650	96.607631	52811.831594	0.000057	3.9
125	-0.884196	97.607631	52366.566554	0.000072	3.7
126	-0.884607	97.594675	52372.287466	0.000100	3.5
127	-0.890921	98.594675	51934.372588	0.000046	3.7
128	-0.888579	99.594675	51503.720302	0.000063	3.4
129	-0.886896	100.594675	51080.151422	0.000051	3.5
130	-0.889353	101.594675	50663.492613	0.000021	3.5
131	-0.889727	101.581719	50668.847443	0.000059	3.4
132	-0.888564	101.568763	50674.203405	0.000086	3.4
133	-0.889006	102.568763	50264.114300	0.000056	3.5
134	-0.887109	103.568763	49860.609334	0.000065	3.3
135	-0.889325	104.568763	49463.531206	0.000042	3.3
136	-0.883852	105.568763	49072.727582	0.000032	3.2
137	-0.889542	105.555807	49077.751406	0.000118	3.6
138	-0.888728	106.555807	48692.996272	0.000121	3.6
139	-0.888512	107.555807	48314.226946	0.000067	3.7
140	-0.887261	108.555807	47941.304819	0.000062	4.1
141	-0.888526	109.555807	47574.095531	0.000082	3.6
142	-0.891483	109.542851	47578.817181	0.000110	3.7
143	-0.892305	110.542851	47217.118943	0.000029	3.8
144	-0.890491	111.542802	46860.895788	0.000054	3.6
145	-0.885331	111.529846	46865.476924	0.000084	3.6
146	-0.892541	112.529846	46514.503127	0.000042	3.7
147	-0.887638	113.529846	46168.747113	0.000033	3.8
148	-0.890788	113.516889	46173.193912	0.000048	3.6
149	-0.890575	113.503943	46177.638303	0.000036	3.9
150	-0.886151	114.503942	45836.853954	0.000073	3.5
151	-0.885321	115.503942	45501.062524	0.000046	3.9
152	-0.892189	116.503942	45170.155194	0.000030	3.7
153	-0.890669	116.490986	45174.411704	0.000042	3.5
154	-0.883469	117.487540	44849.337613	0.000041	3.7
155	-0.888587	117.474941	44853.417993	0.000065	3.6
156	-0.894326	118.474941	44531.830371	0.000042	3.5
157	-0.888902	119.474941	44214.821301	0.000039	3.3
158	-0.885314	119.461985	44218.899659	0.000068	3.5
159	-0.886681	120.461985	43906.314623	0.000049	3.4
160	-0.887556	121.461985	43598.117917	0.000087	3.3
161	-0.893201	122.461985	43294.217772	0.000054	3.4
162	-0.884394	123.461985	42994.524965	0.000059	4.0
163	-0.894592	123.449029	42998.381301	0.000058	3.6
164	-0.892835	124.449029	42702.756217	0.000033	3.5
165	-0.888122	125.449029	42411.168376	0.000025	3.7
166	-0.885392	125.436073	42414.920770	0.000049	3.8
167	-0.895319	125.423116	42418.673828	0.000055	3.8
168	-0.889309	126.423116	42130.939619	0.000049	3.8
169	-0.881242	127.423116	41847.082625	0.000044	3.9
170	-0.893235	128.423116	41567.025003	0.000034	3.6
171	-0.891130	128.410160	41570.629504	0.000051	3.7
172	-0.886477	128.397204	41574.234628	0.000069	3.7
173	-0.889823	129.397204	41297.805057	0.000038	3.8
174	-0.891624	129.384248	41301.363015	0.000021	3.6
175	-0.886064	129.371294	41304.921034	0.000045	3.6
176	-0.887075	129.358338	41308.480219	0.000054	3.6
177	-0.886121	130.358338	41035.561787	0.000056	3.7
178	-0.885768	131.358338	40766.225941	0.000029	3.7
179	-0.884753	132.358338	40500.402599	0.000064	3.5
180	-0.892142	132.345382	40503.824480	0.000041	3.8
181	-0.885882	133.345382	40241.401179	0.000036	3.6
182	-0.885202	134.345347	39982.365402	0.000050	3.5
183	-0.890138	135.345347	39726.634315	0.000059	3.3
184	-0.891156	136.345347	39474.153799	0.000039	3.7
185	-0.894577	137.345347	39224.862269	0.000052	3.2
186	-0.884045	138.345347	38978.699685	0.000083	3.4
187	-0.891616	139.345347	38735.607507	0.000072	3.4
188	-0.891350	140.345347	38495.528643	0.000072	3.6
189	-0.896277	141.345347	38258.407411	0.000023	3.5
190	-0.892246	141.332391	38261.460912	0.000080	3.2
191	-0.892403	141.319434	38264.514899	0.000034	3.5
192	-0.893741	142.319424	38030.224797	0.000082	3.6
193	-0.892931	143.319424	37798.783962	0.000058	3.4
194	-0.890714	144.319424	37570.143050	0.000037	3.7
195	-0.890130	144.306468	37573.087670	0.000043	3.5
196	-0.895430	145.306468	37347.160956	0.000019	3.6
197	-0.894439	145.293514	37350.070098	0.000036	3.4
198	-0.894717	145.280558	37352.980321	0.000082	3.3
199	-0.889756	146.280558	37129.684914	0.000040	3.6
