1:ItNr	2:Metric	3a:Time	3b:StepSize	4:||Gradient||	Time[ms]
0	-0.006466	0.000000	278.876458	0.000477	71.3
1	-0.009608	0.000000	278.876458	0.000508	1.0
2	-0.010858	0.000000	278.876458	0.000505	1.2
3	-0.007322	1.000000	266.200256	0.000323	1.1
4	-0.007650	0.053389	278.169262	0.000318	1.0
5	-0.007877	0.000000	278.876458	0.000336	0.9
6	-0.007373	0.000000	278.876458	0.000464	1.0
7	-0.006318	1.000000	266.200256	0.000410	1.0
8	-0.005774	0.053389	278.169262	0.000304	1.0
9	-0.008929	1.053389	265.555814	0.000366	1.2
10	-0.007084	2.053369	254.036863	0.000211	0.9
11	-0.008107	1.376414	261.722262	0.000253	0.9
12	-0.007494	2.145043	253.030667	0.000136	1.0
13	-0.007792	1.736867	257.573119	0.000213	1.0
14	-0.008294	1.122169	264.730175	0.000304	1.1
15	-0.008879	0.203359	276.201787	0.000265	0.9
16	-0.007092	0.000000	278.876458	0.000258	1.0
17	-0.008092	0.000000	278.876458	0.000243	1.0
18	-0.007531	0.664719	270.319950	0.000606	1.1
19	-0.008814	1.664718	258.393045	0.000587	1.0
20	-0.007041	2.664718	247.474130	0.000512	1.3
21	-0.007710	3.664718	237.440606	0.000139	1.3
22	-0.007543	4.664712	228.189025	0.000431	1.3
23	-0.007026	3.719804	236.911495	0.000277	1.3
24	-0.008260	2.773198	246.344878	0.000347	1.1
25	-0.006382	3.732342	236.791388	0.000222	1.1
26	-0.007754	4.732341	227.589306	0.000261	1.2
27	-0.008432	4.032902	233.948326	0.000146	1.2
28	-0.009888	3.190137	242.098902	0.000257	1.0
29	-0.006699	4.153032	232.831001	0.000322	1.0
30	-0.008863	4.781688	227.153690	0.000357	1.1
31	-0.009887	5.781688	218.672010	0.000197	1.1
32	-0.007052	6.777055	210.836087	0.000249	1.1
33	-0.007790	7.776751	203.511705	0.000465	1.3
34	-0.008682	6.830147	210.433874	0.000374	1.0
35	-0.008185	6.881812	210.043936	0.000242	1.0
36	-0.007083	5.935204	217.425703	0.000220	1.1
37	-0.008122	5.043770	224.867813	0.000114	1.3
38	-0.008488	4.789316	227.086507	0.000525	1.8
39	-0.009278	3.934221	234.874221	0.000231	1.0
40	-0.009494	4.934221	225.817684	0.000318	1.0
41	-0.007897	5.934145	217.434249	0.000353	1.0
42	-0.008799	4.987534	225.354418	0.000111	1.1
43	-0.006978	4.042380	233.859787	0.000124	1.1
44	-0.007589	4.609587	228.680207	0.000521	1.0
45	-0.006036	5.501908	220.980530	0.000148	1.0
46	-0.007826	6.500747	212.954423	0.000466	1.0
47	-0.007130	5.571270	220.403678	0.000149	1.3
48	-0.008576	5.528574	220.758403	0.000340	1.2
49	-0.008590	5.162466	223.847618	0.000122	1.3
50	-0.007383	4.855922	226.501518	0.000208	1.4
51	-0.007864	5.134357	224.088378	0.000211	1.1
52	-0.008216	5.982185	217.047123	0.000174	1.2
53	-0.009042	6.862222	210.191621	0.000204	1.4
54	-0.008169	7.461147	205.768433	0.000367	1.3
55	-0.006959	6.514563	212.847488	0.000287	1.3
56	-0.008891	7.484888	205.596935	0.000233	1.4
57	-0.008604	6.538284	212.664144	0.000770	1.4
58	-0.009702	5.591673	220.234568	0.000402	1.4
59	-0.009146	6.591673	212.252647	0.000368	1.6
60	-0.007690	5.645062	219.793283	0.000392	1.3
61	-0.007438	4.730625	227.604486	0.000385	1.4
62	-0.007726	5.730625	219.089741	0.000262	1.2
63	-0.008588	4.784016	227.133187	0.000473	1.8
64	-0.007917	3.837404	235.789761	0.000354	1.2
65	-0.008215	2.890866	245.131579	0.000205	1.2
66	-0.007421	2.027431	254.323012	0.000066	1.1
67	-0.007935	1.243667	263.284178	0.000191	1.2
68	-0.007272	0.628290	270.775248	0.000196	1.2
69	-0.007859	1.625981	258.835432	0.000626	1.1
70	-0.005993	0.680021	270.129154	0.000137	1.1
71	-0.008558	0.000000	278.876458	0.000174	0.9
72	-0.008639	0.000000	278.876458	0.000496	1.1
73	-0.008546	0.000000	278.876458	0.000376	1.2
74	-0.007404	0.000000	278.876458	0.000149	1.2
75	-0.010537	0.493283	272.476084	0.000094	1.2
76	-0.008695	0.954513	266.751789	0.000178	1.2
77	-0.007542	0.118217	277.315339	0.000297	1.1
78	-0.008618	1.018976	265.970843	0.000480	1.2
79	-0.007730	0.072365	277.918762	0.000417	1.1
80	-0.008742	0.000000	278.876458	0.000465	1.2
81	-0.008314	0.000000	278.876458	0.000227	1.0
82	-0.007015	0.999999	266.200271	0.000228	1.1
83	-0.007778	0.053926	278.162171	0.000163	1.2
84	-0.007653	0.033379	278.433898	0.000164	1.2
85	-0.008400	0.000000	278.876458	0.000446	1.2
86	-0.009081	0.000000	278.876458	0.000228	1.1
87	-0.008194	0.999999	266.200269	0.000418	1.2
88	-0.008871	1.999999	254.626345	0.000169	1.1
89	-0.007812	2.972315	244.298708	0.000264	1.1
90	-0.008074	3.949048	234.734632	0.000143	1.1
91	-0.008569	4.724435	227.659251	0.000238	1.3
92	-0.010059	3.855251	235.620458	0.000113	1.1
93	-0.007022	4.818587	226.829054	0.000315	1.1
94	-0.007197	3.882040	235.366776	0.000178	1.1
95	-0.008322	4.871360	226.366358	0.000281	1.1
96	-0.008425	3.925208	234.959143	0.000158	1.1
97	-0.006285	4.924751	225.900168	0.000386	1.2
98	-0.010080	5.924142	217.515037	0.000505	1.2
99	-0.009572	4.977530	225.441200	0.000338	1.3
100	-0.009880	5.977530	217.084572	0.000546	0.9
101	-0.008102	5.030919	224.978826	0.000235	1.0
102	-0.007782	6.030919	216.655808	0.000197	1.0
103	-0.009614	5.267278	222.954418	0.000292	1.1
104	-0.006872	6.265072	214.795161	0.000065	1.2
105	-0.008542	7.181486	207.810394	0.000189	1.2
106	-0.009166	6.490418	213.034436	0.000461	1.0
107	-0.007087	5.543830	220.631521	0.000047	1.0
108	-0.008708	5.719188	219.183515	0.000124	1.4
109	-0.007295	5.958814	217.235283	0.000595	1.3
110	-0.010461	5.012458	225.138498	0.000606	1.2
111	-0.008325	4.065846	233.640849	0.000312	1.2
112	-0.008283	3.119235	242.810586	0.000123	1.1
113	-0.007424	2.280803	251.555138	0.000312	1.1
114	-0.007414	3.049572	243.513924	0.000266	1.2
115	-0.008024	2.102996	253.491171	0.000300	1.3
116	-0.008911	1.156658	264.318100	0.000226	1.2
117	-0.008848	0.216454	276.031311	0.000243	1.3
118	-0.007201	1.216303	263.608467	0.000419	1.2
119	-0.007581	2.213588	252.283514	0.000074	1.4
120	-0.008900	1.339793	262.151299	0.000068	1.3
121	-0.007765	1.327037	262.301065	0.000290	1.2
122	-0.007740	2.238321	252.015005	0.000471	1.2
123	-0.008119	1.291710	262.716750	0.000438	1.1
124	-0.007994	0.345099	274.367697	0.000295	1.2
125	-0.008616	1.345099	262.089046	0.000125	1.3
126	-0.009871	2.006063	254.559223	0.000281	1.2
127	-0.009590	2.554767	248.629319	0.000317	1.1
128	-0.009621	3.156694	242.434067	0.000115	1.1
129	-0.009976	3.284279	241.160363	0.000484	0.9
130	-0.008677	2.401048	250.262533	0.000354	1.0
131	-0.007793	3.397234	240.043834	0.000111	1.0
132	-0.008272	2.860612	245.442389	0.000080	1.1
133	-0.006404	2.291049	251.444476	0.000064	1.0
134	-0.007844	1.888889	255.862384	0.000074	0.9
135	-0.007394	1.871647	256.055262	0.000383	1.0
136	-0.007786	1.372120	261.772490	0.000160	0.9
137	-0.007271	0.511225	272.248823	0.000536	1.0
138	-0.009112	0.000000	278.876458	0.000195	0.9
139	-0.010687	0.000000	278.876458	0.000447	0.9
140	-0.008360	0.070452	277.944000	0.000364	1.0
141	-0.008731	1.070452	265.350510	0.000221	0.9
142	-0.009829	2.039846	254.185975	0.000542	0.9
143	-0.008922	1.093239	265.076825	0.000309	1.0
144	-0.008006	2.093239	253.598278	0.000232	1.2
145	-0.009529	1.235365	263.382476	0.000380	1.0
146	-0.008062	0.288766	275.093710	0.000260	1.1
147	-0.006452	0.000000	278.876458	0.000293	1.0
148	-0.007092	0.000000	278.876458	0.000284	1.0
149	-0.008383	0.998384	266.219808	0.000258	1.0
150	-0.008666	1.035999	265.765374	0.000076	1.0
151	-0.008732	0.190382	276.370931	0.000177	0.9
152	-0.007878	0.000000	278.876458	0.000127	1.0
153	-0.009032	0.000000	278.876458	0.000306	0.9
154	-0.009720	0.000000	278.876458	0.000679	1.0
155	-0.008938	0.999909	266.201359	0.000287	1.1
156	-0.006528	1.999909	254.627341	0.000284	1.1
157	-0.006790	1.053299	265.556900	0.000134	1.0
158	-0.007703	1.719140	257.774085	0.000173	1.1
159	-0.007158	1.396969	261.482066	0.000063	1.2
160	-0.008704	1.013776	266.033675	0.000386	0.9
161	-0.007966	1.484017	260.469715	0.000228	0.9
162	-0.008722	2.484004	249.378496	0.000222	0.9
163	-0.009478	1.537655	259.849819	0.000348	1.0
164	-0.008228	2.537654	248.810078	0.000330	1.0
165	-0.008609	1.816908	256.669554	0.000244	1.0
166	-0.007700	2.816332	245.898720	0.000271	1.0
167	-0.006993	2.411669	250.149001	0.000461	1.0
168	-0.007605	1.465058	260.689541	0.000335	1.1
169	-0.007411	1.578664	259.377861	0.000091	1.3
170	-0.009010	1.544850	259.766890	0.000244	1.1
171	-0.007061	2.159056	252.877558	0.000228	1.2
172	-0.008063	1.611606	258.999988	0.000782	1.0
173	-0.008859	0.664995	270.316505	0.000441	0.9
174	-0.008285	1.664994	258.389909	0.000239	1.1
175	-0.008015	1.397251	261.478769	0.000180	1.0
176	-0.009424	2.393568	250.342553	0.000438	1.1
177	-0.008260	3.392973	240.085771	0.000314	1.0
178	-0.007203	2.446361	249.778869	0.000208	1.0
179	-0.007257	1.500398	260.280085	0.000224	0.9
180	-0.006992	2.453917	249.698408	0.000294	1.0
181	-0.008572	3.452139	239.504837	0.000357	0.9
182	-0.007922	4.452110	230.095097	0.000177	1.4
183	-0.006520	3.505514	238.983182	0.000212	1.2
184	-0.008516	2.565655	248.514439	0.000119	1.1
185	-0.008212	1.645459	258.612799	0.000206	1.0
186	-0.008433	2.283361	251.527498	0.000174	1.0
187	-0.007353	3.245041	241.550657	0.000249	1.1
188	-0.009637	4.241211	232.017618	0.000509	1.0
189	-0.010586	3.294600	241.057918	0.000553	1.1
190	-0.006181	2.347989	250.831270	0.000217	1.1
191	-0.007814	1.401378	261.430601	0.000175	1.1
192	-0.006977	2.055477	254.013641	0.000168	1.3
193	-0.008025	1.168369	264.178463	0.000318	1.2
194	-0.008274	0.225320	275.916008	0.000231	1.2
195	-0.008313	1.225269	263.502127	0.000313	1.1
196	-0.007739	0.337578	274.464399	0.000343	1.2
197	-0.007842	0.000000	278.876458	0.000206	1.0
198	-0.007962	0.000000	278.876458	0.000179	0.9
199	-0.009105	0.000000	278.876458	0.000169	1.2
