1:ItNr	2:Metric	3a:Time	3b:StepSize	4:||Gradient||	Time[ms]
0	-0.597356	0.000000	48917.349948	0.000693	14.2
1	-0.639291	0.000000	48917.349948	0.000586	0.9
2	-0.641066	0.000000	48917.349948	0.000330	0.8
3	-0.635017	0.000000	48917.349948	0.000226	1.0
4	-0.651194	0.000000	48917.349948	0.000189	0.9
5	-0.647975	0.000000	48917.349948	0.000148	0.8
6	-0.643407	0.000000	48917.349948	0.000153	0.9
7	-0.642948	0.000000	48917.349948	0.000061	0.8
8	-0.646327	0.000000	48917.349948	0.000051	0.8
9	-0.639795	0.000000	48917.349948	0.000064	0.7
10	-0.648871	0.998074	46697.923024	0.000038	0.8
11	-0.641170	1.093541	46496.138835	0.000117	0.8
12	-0.642290	1.818061	45019.791286	0.000040	0.9
13	-0.645237	2.818055	43129.647986	0.000110	0.7
14	-0.640132	3.811940	41402.017286	0.000125	0.7
15	-0.640699	4.811940	39798.030214	0.000053	0.8
16	-0.645825	4.792264	39828.389364	0.000060	0.8
17	-0.647134	5.541634	38703.884233	0.000078	0.8
18	-0.641101	6.399804	37491.667268	0.000060	0.8
19	-0.650359	6.380130	37518.607829	0.000082	0.9
20	-0.644766	7.380123	36196.613446	0.000047	0.7
21	-0.654803	8.380070	34964.666400	0.000056	0.7
22	-0.639970	8.360401	34988.089405	0.000056	0.7
23	-0.644996	9.134644	34089.148558	0.000054	0.7
24	-0.646149	9.115095	34111.277033	0.000025	0.7
25	-0.655046	9.095660	34133.304731	0.000135	0.8
26	-0.649915	10.095454	33035.836465	0.000042	0.8
27	-0.642114	10.075779	33056.752652	0.000076	0.9
28	-0.652847	11.075532	32026.416639	0.000073	0.7
29	-0.644002	11.958539	31168.382650	0.000065	1.0
30	-0.654877	12.958357	30250.708294	0.000029	0.9
31	-0.644737	13.128054	30100.290767	0.000108	0.8
32	-0.646568	14.127920	29243.528683	0.000066	0.8
33	-0.651438	14.108245	29259.917486	0.000050	0.7
34	-0.654615	15.080391	28471.541696	0.000143	0.8
35	-0.647975	15.160778	28408.247644	0.000039	0.8
36	-0.634803	15.141103	28423.713343	0.000059	0.7
37	-0.637484	15.121433	28439.191792	0.000038	0.9
38	-0.652764	15.187238	28387.475894	0.000029	0.8
39	-0.648657	15.222617	28359.749717	0.000068	0.8
40	-0.641813	15.942733	27806.940070	0.000021	0.7
41	-0.647248	15.940071	27808.943276	0.000059	0.7
42	-0.638823	16.011843	27755.017415	0.000042	0.8
43	-0.642274	16.949586	27069.184698	0.000043	0.7
44	-0.643036	16.930171	27083.040337	0.000102	1.0
45	-0.650540	17.925990	26390.191760	0.000050	0.9
46	-0.652668	17.906316	26403.537053	0.000047	0.9
47	-0.642138	18.828257	25792.349865	0.000068	0.9
48	-0.637651	19.828126	25160.703005	0.000058	0.8
49	-0.642341	19.808450	25172.833981	0.000016	0.8
50	-0.637457	19.996786	25057.192406	0.000079	0.9
51	-0.648368	20.534648	24732.708700	0.000098	0.9
52	-0.638887	21.534648	24151.236655	0.000056	1.1
53	-0.648340	21.514973	24162.413549	0.000036	0.9
54	-0.646432	22.499668	23615.452789	0.000087	0.9
55	-0.651164	22.686221	23514.607808	0.000058	0.9
56	-0.655209	23.686221	22988.391777	0.000099	0.8
57	-0.639494	23.666545	22998.518124	0.000065	1.1
58	-0.647037	23.647546	23008.304902	0.000109	0.9
59	-0.641292	24.647546	22504.262363	0.000048	1.0
60	-0.644717	25.647546	22021.830574	0.000043	0.8
61	-0.648956	25.628046	22031.039887	0.000091	0.8
62	-0.642576	26.627553	21568.698873	0.000021	0.8
63	-0.652733	27.574078	21148.406450	0.000060	0.9
64	-0.649285	27.554907	21156.756552	0.000094	0.9
65	-0.638785	28.554907	20729.820927	0.000071	1.0
66	-0.650886	28.535232	20738.054868	0.000070	1.0
67	-0.639128	29.499872	20341.919868	0.000040	0.9
68	-0.652071	29.480201	20349.846625	0.000021	0.7
69	-0.653262	29.462426	20357.014919	0.000117	0.8
70	-0.649437	30.331860	20012.217350	0.000090	0.9
71	-0.648089	30.312185	20019.890988	0.000031	0.9
72	-0.651022	30.594121	19910.492291	0.000064	0.8
73	-0.650876	30.575495	19917.682894	0.000095	1.1
74	-0.650981	31.567087	19541.968348	0.000048	0.9
75	-0.632931	31.880145	19426.277172	0.000036	0.8
76	-0.646595	32.328778	19262.851938	0.000062	0.8
77	-0.644988	33.234952	18941.002430	0.000103	0.9
78	-0.645390	34.234952	18598.085456	0.000048	1.0
79	-0.649297	34.302640	18575.322107	0.000064	0.8
80	-0.641919	35.226144	18270.225897	0.000055	0.8
81	-0.656975	36.226047	17950.992555	0.000044	1.0
82	-0.655554	36.267518	17937.993132	0.000105	0.9
83	-0.643979	36.247843	17944.158249	0.000027	0.8
84	-0.638768	37.141670	17668.297894	0.000120	0.8
85	-0.655437	37.125819	17673.116080	0.000112	0.9
86	-0.655884	38.125819	17374.209167	0.000030	0.9
87	-0.647183	38.106145	17379.992430	0.000094	0.9
88	-0.642054	38.086582	17385.746632	0.000056	0.9
89	-0.633568	38.066907	17391.537844	0.000040	0.9
90	-0.642156	38.749020	17192.990670	0.000082	0.9
91	-0.644010	38.729345	17198.654163	0.000039	1.0
92	-0.637400	39.729231	16915.484330	0.000118	1.0
93	-0.648084	40.729227	16641.458270	0.000055	0.8
94	-0.645487	41.729215	16376.171003	0.000132	1.1
95	-0.644946	41.709539	16381.309136	0.000098	1.0
96	-0.647649	42.709539	16124.184233	0.000069	0.9
97	-0.651589	42.729522	16119.128377	0.000016	1.0
98	-0.652359	42.715363	16122.710424	0.000041	1.2
99	-0.645713	42.707030	16124.819414	0.000040	0.8
100	-0.640747	42.687405	16129.788139	0.000089	1.0
101	-0.642755	42.667760	16134.765032	0.000047	1.1
102	-0.650156	42.649879	16139.297725	0.000069	1.1
103	-0.648285	43.649746	15889.688957	0.000101	1.0
104	-0.644058	44.649746	15647.651656	0.000045	0.7
105	-0.648442	44.630347	15652.276663	0.000028	1.0
106	-0.643900	44.799617	15612.011072	0.000038	0.9
107	-0.640516	44.782283	15616.124827	0.000054	0.8
108	-0.654478	44.800827	15611.724064	0.000128	1.0
109	-0.637288	44.781151	15616.393625	0.000024	1.1
110	-0.657479	44.761476	15621.065945	0.000032	0.9
111	-0.643634	44.750312	15623.718266	0.000092	1.0
112	-0.639015	44.730725	15628.373846	0.000025	0.9
113	-0.646937	45.709922	15398.973925	0.000049	0.9
114	-0.650717	45.705858	15399.912065	0.000063	1.0
115	-0.648316	46.619707	15191.789410	0.000061	1.1
116	-0.630058	46.600036	15196.209986	0.000101	0.9
117	-0.643389	47.600026	14974.693277	0.000062	1.0
118	-0.638940	48.285650	14826.509526	0.000116	0.9
119	-0.648100	48.265989	14830.718075	0.000039	0.9
120	-0.650941	49.265133	14619.830701	0.000053	0.8
121	-0.644076	50.189072	14430.084856	0.000133	0.8
122	-0.653457	50.169396	14434.074206	0.000075	0.9
123	-0.657223	51.169396	14234.071505	0.000061	0.8
124	-0.641386	52.169330	14039.548448	0.000161	0.8
125	-0.644077	53.169330	13850.257969	0.000042	0.9
126	-0.644800	54.169328	13666.004102	0.000059	1.0
127	-0.639052	55.165562	13487.254931	0.000083	1.0
128	-0.642921	56.154724	13314.341643	0.000111	0.9
129	-0.640804	57.154724	13143.982885	0.000075	1.2
130	-0.643389	58.154724	12977.928577	0.000037	0.9
131	-0.645247	58.139248	12980.466349	0.000049	1.0
132	-0.646732	58.334205	12948.567971	0.000090	1.0
133	-0.646689	59.334201	12787.384887	0.000060	0.9
134	-0.646751	59.314526	12790.517536	0.000028	1.0
135	-0.655134	59.312050	12790.911777	0.000068	1.0
136	-0.652667	60.093915	12667.588574	0.000082	1.0
137	-0.637928	61.093915	12513.282515	0.000063	0.9
138	-0.635325	62.093901	12362.692542	0.000133	0.9
139	-0.643118	63.093901	12215.681969	0.000052	0.9
140	-0.661147	64.093710	12072.153693	0.000049	0.9
141	-0.644800	64.960693	11950.396373	0.000083	0.9
142	-0.650830	65.921747	11818.266194	0.000060	1.1
143	-0.645970	65.902072	11820.941973	0.000107	1.1
144	-0.651378	66.902072	11686.463460	0.000051	1.0
145	-0.644321	67.897288	11555.632066	0.000085	1.0
146	-0.641859	67.878418	11558.085417	0.000060	0.9
147	-0.653702	67.862138	11560.202941	0.000086	0.9
148	-0.655393	67.842462	11562.763126	0.000062	0.9
149	-0.648438	68.265566	11507.957622	0.000108	0.9
150	-0.644807	68.556826	11470.530987	0.000032	1.0
151	-0.649187	68.537151	11473.051580	0.000050	0.8
152	-0.647700	68.527280	11474.316546	0.000036	0.8
153	-0.641425	68.955375	11419.710616	0.000084	0.8
154	-0.656607	69.524331	11347.936346	0.000038	0.7
155	-0.638762	70.330687	11247.745791	0.000050	0.7
156	-0.654950	70.315884	11249.569144	0.000070	0.7
157	-0.646070	71.315785	11127.721515	0.000090	0.9
158	-0.645423	71.296110	11130.093677	0.000050	0.8
159	-0.644391	72.284624	11012.150833	0.000065	0.8
160	-0.643666	73.227155	10901.998961	0.000070	0.7
161	-0.650923	73.207930	10904.223748	0.000059	0.8
162	-0.646306	73.188322	10906.493789	0.000084	0.7
163	-0.643024	73.168667	10908.770211	0.000031	0.6
164	-0.652717	73.163349	10909.386242	0.000027	0.7
165	-0.654737	73.144486	10911.572092	0.000079	0.8
166	-0.650464	74.135132	10797.949460	0.000092	0.8
167	-0.645921	74.117647	10799.934422	0.000052	0.9
168	-0.646375	74.097971	10802.168902	0.000035	0.8
169	-0.648724	74.507380	10755.863610	0.000026	0.8
170	-0.645562	74.924011	10709.147133	0.000028	0.9
171	-0.648032	74.906940	10711.053299	0.000052	0.7
172	-0.647116	74.887448	10713.230653	0.000068	0.8
173	-0.647738	74.894831	10712.405854	0.000082	0.8
174	-0.655007	74.875155	10714.604258	0.000043	0.8
175	-0.640927	74.855542	10716.796639	0.000037	0.8
176	-0.646371	75.725461	10620.413052	0.000113	0.9
177	-0.646380	75.705827	10622.569345	0.000030	1.0
178	-0.645591	75.686325	10624.711946	0.000029	1.0
179	-0.649886	75.746421	10618.112106	0.000071	0.8
180	-0.645484	75.726920	10620.252891	0.000055	0.8
181	-0.650223	75.710269	10622.081399	0.000015	0.7
182	-0.642203	75.750135	10617.704515	0.000118	0.7
183	-0.651672	75.731121	10619.791645	0.000091	0.9
184	-0.654070	76.731121	10511.128288	0.000034	0.8
185	-0.643293	77.728706	10404.920618	0.000038	0.8
186	-0.645268	77.710604	10406.828733	0.000055	0.8
187	-0.639342	77.690948	10408.901381	0.000090	0.7
188	-0.644459	77.756115	10402.032855	0.000097	0.8
189	-0.649265	77.736439	10404.105695	0.000071	0.8
190	-0.645748	78.736344	10299.799580	0.000039	0.9
191	-0.647490	78.716679	10301.830738	0.000024	0.9
192	-0.647378	78.698600	10303.698803	0.000034	0.9
193	-0.638666	78.688321	10304.761229	0.000051	0.7
194	-0.639608	78.668691	10306.790814	0.000041	0.8
195	-0.660695	78.650151	10308.708388	0.000063	0.7
196	-0.640485	79.476432	10223.933406	0.000097	0.7
197	-0.638530	79.466856	10224.907931	0.000042	0.8
198	-0.645709	79.836665	10187.409002	0.000040	0.8
199	-0.653321	80.537572	10117.085973	0.000085	0.8
