1:ItNr	2:Metric	3a:Time	3b:StepSize	4:||Gradient||	Time[ms]
0	-0.096880	0.000000	81162.762511	0.000202	76.2
1	-0.102251	0.000000	81162.762511	0.000210	5.0
2	-0.098678	1.000000	77473.546034	0.000208	5.0
3	-0.100416	2.000000	74105.130993	0.000198	5.2
4	-0.094349	2.999965	71017.520131	0.000197	5.2
5	-0.099847	3.999965	68176.815373	0.000216	5.3
6	-0.097216	4.999965	65554.626658	0.000192	5.1
7	-0.103171	5.999965	63126.674395	0.000220	6.3
8	-0.101293	5.259699	64906.228438	0.000218	5.2
9	-0.099541	4.777566	66120.207220	0.000207	5.5
10	-0.101381	5.777481	63651.169748	0.000207	5.2
11	-0.096471	6.777481	61359.703187	0.000193	5.4
12	-0.097284	7.777481	59227.490768	0.000205	5.4
13	-0.098909	8.281195	58208.621909	0.000212	5.2
14	-0.098834	9.280619	56287.423759	0.000213	5.7
15	-0.099629	8.541176	57696.349097	0.000201	5.3
16	-0.098597	9.541176	55807.215925	0.000211	6.3
17	-0.096694	10.541176	54037.871138	0.000196	5.6
18	-0.099465	11.541022	52377.519265	0.000212	5.5
19	-0.098368	10.798427	53600.702762	0.000201	5.9
20	-0.095961	11.064501	53155.918377	0.000197	5.7
21	-0.096458	12.064474	51548.318349	0.000218	5.4
22	-0.094895	13.064468	50035.068924	0.000211	6.4
23	-0.100602	14.064468	48608.123884	0.000212	6.0
24	-0.094440	15.064046	47260.865049	0.000208	5.6
25	-0.100632	14.321450	48254.474598	0.000208	7.5
26	-0.099903	15.133992	47169.380066	0.000206	6.3
27	-0.102760	16.133992	45899.132047	0.000203	6.8
28	-0.100632	15.391402	46835.733594	0.000229	5.3
29	-0.095483	16.391402	45583.153299	0.000204	5.8
30	-0.095834	17.391402	44395.826174	0.000216	5.7
31	-0.095265	18.391402	43268.782610	0.000211	5.6
32	-0.101359	17.650538	44098.170068	0.000211	6.0
33	-0.097103	18.650517	42986.022758	0.000200	5.7
34	-0.100757	19.650517	41928.569486	0.000217	8.4
35	-0.097160	20.650504	40921.906225	0.000200	8.9
36	-0.098646	19.907908	41664.756358	0.000201	8.2
37	-0.096036	20.904524	40673.842950	0.000192	8.5
38	-0.098482	20.302080	41267.123201	0.000207	8.2
39	-0.098434	21.302080	40291.589093	0.000222	6.1
40	-0.099778	22.302080	39361.112098	0.000210	6.3
41	-0.096602	21.559489	40047.896844	0.000208	6.9
42	-0.098607	21.544597	40061.914362	0.000212	7.4
43	-0.098374	22.544596	39141.895128	0.000200	5.8
44	-0.101581	21.837099	39788.362614	0.000202	6.2
45	-0.100815	22.635952	39059.947487	0.000214	6.1
46	-0.100632	21.898386	39731.518337	0.000218	5.8
47	-0.102792	22.898386	38826.439087	0.000207	6.4
48	-0.097309	22.155812	39494.518456	0.000201	6.2
49	-0.101193	21.413216	40186.012159	0.000207	5.8
50	-0.094208	22.413100	39260.453863	0.000205	4.9
51	-0.100858	21.758062	39861.909873	0.000209	5.0
52	-0.101184	22.379269	39291.073158	0.000209	5.3
53	-0.098773	21.636674	39975.397994	0.000201	5.1
54	-0.094049	21.304876	40288.925989	0.000196	5.8
55	-0.102421	22.304876	39358.570569	0.000210	5.7
56	-0.099234	23.304876	38470.213104	0.000212	5.8
57	-0.100761	24.304876	37621.072495	0.000209	6.1
58	-0.097237	25.304876	36808.607890	0.000200	7.1
59	-0.101072	26.245948	36075.432630	0.000213	6.0
60	-0.099794	27.245948	35327.692474	0.000203	5.3
61	-0.099402	26.503842	35879.582616	0.000211	5.0
62	-0.099573	25.761572	36449.116836	0.000208	4.8
63	-0.099605	26.761572	35685.969497	0.000205	5.0
64	-0.098427	26.027679	36242.868712	0.000201	4.7
65	-0.096046	27.027679	35488.244105	0.000196	4.7
66	-0.101026	26.285329	36045.387572	0.000219	5.1
67	-0.094699	25.542890	36620.373624	0.000198	4.7
68	-0.098191	25.392018	36739.467267	0.000186	4.5
69	-0.098484	26.392018	35964.242489	0.000183	5.4
70	-0.100303	27.373366	35234.637484	0.000197	4.6
71	-0.101065	26.978357	35524.726775	0.000195	5.0
72	-0.101159	27.978348	34799.418085	0.000211	5.3
73	-0.099336	28.974135	34106.002971	0.000192	4.6
74	-0.101322	29.971208	33438.839061	0.000239	4.9
75	-0.100372	30.971084	32795.506376	0.000210	4.9
76	-0.098184	31.925600	32204.037568	0.000200	4.8
77	-0.099247	32.925600	31606.843702	0.000216	5.3
78	-0.101099	32.233393	32017.835268	0.000199	4.8
79	-0.097736	31.490797	32470.796892	0.000193	5.0
80	-0.099780	30.748202	32936.758438	0.000212	4.8
81	-0.101437	30.005633	33416.269923	0.000197	4.6
82	-0.102226	29.263037	33909.968482	0.000215	4.8
83	-0.098550	28.520441	34418.473769	0.000206	4.5
84	-0.100939	27.777845	34942.462084	0.000210	4.6
85	-0.101142	28.677680	34309.533003	0.000224	4.8
86	-0.102429	29.608269	33678.646929	0.000207	4.8
87	-0.099321	28.866731	34179.461175	0.000209	29.8
88	-0.102006	29.866731	33507.519806	0.000209	33.1
89	-0.097542	30.866731	32861.488741	0.000199	8.2
90	-0.098593	31.866731	32239.897709	0.000206	13.7
91	-0.095506	32.866731	31641.385476	0.000209	5.5
92	-0.100910	33.866731	31064.690188	0.000202	4.9
93	-0.098872	33.654084	31185.556073	0.000217	5.2
94	-0.099854	34.616605	30645.847668	0.000206	4.9
95	-0.099931	35.616461	30104.637204	0.000200	5.0
96	-0.100071	36.448684	29668.530251	0.000195	5.3
97	-0.103550	37.448682	29160.931491	0.000202	5.0
98	-0.098856	38.402317	28692.786777	0.000190	5.0
99	-0.103209	39.402293	28217.769986	0.000213	5.4
100	-0.098967	40.402293	27758.214348	0.000205	5.3
101	-0.102136	41.393999	27317.018497	0.000196	5.4
102	-0.102751	42.393918	26886.144009	0.000215	5.0
103	-0.099056	43.393880	26468.633357	0.000210	4.8
104	-0.100464	42.721592	26747.887963	0.000216	6.0
105	-0.097323	43.721589	26334.613328	0.000198	5.8
106	-0.099799	44.721589	25933.913743	0.000211	6.1
107	-0.102735	43.978993	26230.292933	0.000212	5.0
108	-0.099524	44.723903	25933.000421	0.000191	5.0
109	-0.096214	45.723875	25544.349902	0.000196	5.3
110	-0.099175	45.103245	25784.180545	0.000216	5.0
111	-0.097077	45.486009	25635.739441	0.000202	5.1
112	-0.103142	46.486009	25255.871974	0.000219	5.0
113	-0.103169	47.486009	24887.097794	0.000212	4.8
114	-0.098520	48.486009	24528.937957	0.000212	5.2
115	-0.096570	48.568807	24499.744657	0.000209	5.2
116	-0.096728	49.568807	24152.569390	0.000198	5.2
117	-0.099470	48.826211	24409.429982	0.000202	5.1
118	-0.101622	48.092233	24668.735250	0.000221	4.9
119	-0.102621	49.091898	24316.904930	0.000214	5.5
120	-0.099112	49.760725	24087.062480	0.000209	5.0
121	-0.101768	50.760725	23751.404467	0.000212	5.0
122	-0.098141	51.657195	23458.351443	0.000220	5.6
123	-0.098096	50.958747	23686.043650	0.000207	4.9
124	-0.095517	50.216151	23933.026416	0.000200	5.4
125	-0.097204	51.216146	23601.619712	0.000233	5.4
126	-0.099190	52.190953	23287.277343	0.000201	5.0
127	-0.102231	53.190867	22973.420747	0.000228	5.2
128	-0.099077	54.156988	22678.104218	0.000192	5.0
129	-0.099670	53.428367	22900.112901	0.000221	5.2
130	-0.102027	53.768404	22795.966297	0.000221	5.1
131	-0.099665	54.766730	22495.599422	0.000222	4.9
132	-0.099920	54.024150	22718.258310	0.000201	5.4
133	-0.096991	55.024136	22419.432939	0.000211	4.8
134	-0.102766	54.281540	22640.583859	0.000215	5.0
135	-0.101471	53.538944	22866.141221	0.000204	5.2
136	-0.096282	54.538944	22563.434573	0.000202	5.1
137	-0.099286	53.796766	22787.322180	0.000211	5.5
138	-0.101340	53.054181	23015.824332	0.000211	5.0
139	-0.097470	53.974007	22733.452352	0.000208	5.1
140	-0.101399	53.254314	22953.791224	0.000213	5.3
141	-0.102205	54.254314	22648.774938	0.000197	4.9
142	-0.101965	55.239015	22356.243744	0.000208	5.2
143	-0.098977	54.506664	22573.080668	0.000209	5.1
144	-0.098465	55.392052	22311.457390	0.000216	5.3
145	-0.103003	55.230780	22358.659046	0.000213	5.2
146	-0.100882	56.230779	22069.154713	0.000205	4.9
147	-0.097112	57.205058	21794.217056	0.000213	5.3
148	-0.101660	58.204403	21519.232991	0.000204	5.0
149	-0.098479	59.197480	21252.762634	0.000211	4.8
150	-0.099207	59.789027	21097.147485	0.000196	5.1
151	-0.098851	59.046505	21292.847261	0.000209	4.7
152	-0.099524	59.896717	21069.062755	0.000209	4.6
153	-0.101133	60.223852	20984.205677	0.000208	5.1
154	-0.099639	61.223852	20728.997423	0.000218	5.0
155	-0.100961	62.223852	20479.922225	0.000209	5.2
156	-0.098675	61.481256	20664.307255	0.000201	5.1
157	-0.096792	62.396865	20437.435177	0.000188	4.9
158	-0.097718	61.723927	20603.688389	0.000206	5.5
159	-0.099061	62.723927	20357.597649	0.000204	5.0
160	-0.094485	61.982250	20539.549198	0.000191	5.0
161	-0.101872	62.982250	20294.979076	0.000196	5.0
162	-0.096987	62.938255	20305.616417	0.000202	4.6
163	-0.098519	62.195660	20486.862189	0.000208	5.1
164	-0.098613	61.453070	20671.371211	0.000218	5.1
165	-0.099964	62.453070	20423.670662	0.000204	4.9
166	-0.101467	61.710474	20607.039659	0.000223	5.0
167	-0.098755	60.977273	20791.347963	0.000198	4.6
168	-0.097547	61.977273	20540.781190	0.000221	4.7
169	-0.102433	62.977270	20296.182656	0.000198	5.1
170	-0.099222	62.941349	20304.867924	0.000209	4.6
171	-0.101467	62.338796	20451.675615	0.000203	4.8
172	-0.100477	61.596200	20635.550091	0.000227	5.0
173	-0.101978	62.596200	20388.702145	0.000196	4.5
174	-0.096709	61.861102	20569.579337	0.000201	4.8
175	-0.100547	61.259561	20719.998858	0.000204	5.2
176	-0.099710	60.557740	20898.298615	0.000204	4.7
177	-0.100315	61.554102	20646.073040	0.000201	5.3
178	-0.101554	62.189075	20488.483710	0.000210	4.7
179	-0.102536	62.554085	20398.978744	0.000220	4.7
180	-0.098853	63.554084	20157.725486	0.000204	5.0
181	-0.097914	64.553982	19922.135363	0.000220	4.6
182	-0.100629	65.553923	19691.978674	0.000211	5.1
183	-0.099583	65.246996	19762.056475	0.000206	5.0
184	-0.098966	66.246843	19535.583890	0.000197	4.8
185	-0.099139	67.246843	19314.209580	0.000199	5.4
186	-0.097503	66.505269	19477.890139	0.000203	5.1
187	-0.097743	66.055191	19578.591318	0.000196	5.5
188	-0.093255	65.312596	19747.036848	0.000214	5.4
189	-0.099449	66.312596	19520.872090	0.000213	4.9
190	-0.095591	67.312596	19299.829193	0.000198	5.6
191	-0.098409	66.570004	19463.491259	0.000197	5.5
192	-0.102692	65.827408	19629.953802	0.000199	5.5
193	-0.097609	65.107852	19793.990679	0.000196	5.0
194	-0.096652	64.365375	19966.151518	0.000197	5.1
195	-0.098257	63.623222	20141.256375	0.000211	5.5
196	-0.098912	62.880626	20319.567031	0.000202	4.9
197	-0.102550	63.880560	20080.192740	0.000212	5.1
198	-0.099251	63.155776	20253.131634	0.000205	5.1
199	-0.100077	63.545252	20159.831225	0.000223	4.9
