1:ItNr	2:Metric	3a:Time	3b:StepSize	4:||Gradient||	Time[ms]
0	-0.478271	0.000000	83900.242035	0.000319	72.1
1	-0.488447	0.000000	83900.242035	0.000208	3.5
2	-0.488795	0.000000	83900.242035	0.000194	3.5
3	-0.492175	0.000000	83900.242035	0.000195	3.5
4	-0.499893	0.000000	83900.242035	0.000194	3.5
5	-0.500924	0.000000	83900.242035	0.000194	3.6
6	-0.503896	0.000000	83900.242035	0.000192	3.5
7	-0.504395	0.000000	83900.242035	0.000197	3.5
8	-0.508642	0.000000	83900.242035	0.000185	3.2
9	-0.513405	0.000000	83900.242035	0.000192	3.4
10	-0.515294	0.000000	83900.242035	0.000180	3.1
11	-0.518008	0.000000	83900.242035	0.000180	3.7
12	-0.518370	0.000000	83900.242035	0.000178	3.4
13	-0.522430	0.000000	83900.242035	0.000181	3.6
14	-0.522155	0.000000	83900.242035	0.000185	3.4
15	-0.528334	0.000000	83900.242035	0.000202	3.8
16	-0.530311	0.000000	83900.242035	0.000218	3.5
17	-0.530316	0.000000	83900.242035	0.000222	3.3
18	-0.535437	0.000000	83900.242035	0.000203	3.5
19	-0.535038	0.000000	83900.242035	0.000183	3.7
20	-0.540389	0.000000	83900.242035	0.000183	3.3
21	-0.549279	0.000000	83900.242035	0.000227	3.2
22	-0.544058	0.000000	83900.242035	0.000284	3.9
23	-0.545392	1.000000	80086.594670	0.000206	3.5
24	-0.546044	2.000000	76604.568814	0.000184	3.6
25	-0.553683	1.987238	76647.099160	0.000180	3.6
26	-0.554828	1.974475	76689.676757	0.000177	3.7
27	-0.559891	1.961713	76732.301684	0.000172	3.3
28	-0.558074	1.948951	76774.974020	0.000148	3.4
29	-0.560620	1.936188	76817.693844	0.000149	3.4
30	-0.566118	1.923426	76860.461236	0.000150	3.7
31	-0.565324	1.910663	76903.276275	0.000141	3.1
32	-0.565881	1.897901	76946.139041	0.000146	3.6
33	-0.566658	1.885139	76989.049613	0.000180	3.5
34	-0.569566	1.872376	77032.008072	0.000217	3.7
35	-0.567997	2.871637	73807.467493	0.000271	3.6
36	-0.570675	3.871637	70839.931940	0.000288	3.4
37	-0.574691	4.871637	68101.800930	0.000287	3.7
38	-0.570398	5.871637	65567.463310	0.000292	3.5
39	-0.567988	6.871637	63214.983513	0.000232	3.6
40	-0.574397	7.871637	61025.465018	0.000174	3.3
41	-0.575482	8.871637	58982.541668	0.000180	3.5
42	-0.577008	9.871637	57071.967850	0.000154	3.4
43	-0.582220	10.871630	55281.297960	0.000162	3.3
44	-0.578042	11.871630	53599.565453	0.000174	3.2
45	-0.574989	12.871630	52017.133031	0.000140	3.8
46	-0.574054	13.551318	50993.859690	0.000133	3.5
47	-0.570389	13.538556	51012.702459	0.000099	3.4
48	-0.575993	13.525794	51031.559159	0.000103	3.4
49	-0.578789	13.513031	51050.429804	0.000096	3.8
50	-0.582364	13.500269	51069.314411	0.000106	3.3
51	-0.579186	13.487507	51088.212995	0.000116	3.5
52	-0.580174	13.474744	51107.125570	0.000104	3.4
53	-0.581399	13.461982	51126.052154	0.000134	3.6
54	-0.585881	13.449220	51144.992761	0.000129	3.4
55	-0.581810	14.449219	49702.226367	0.000112	3.8
56	-0.581698	14.436456	49720.126489	0.000082	3.7
57	-0.582026	14.423694	49738.039533	0.000094	3.6
58	-0.583893	14.410931	49755.965490	0.000123	3.3
59	-0.583338	14.398169	49773.904372	0.000135	3.4
60	-0.585388	15.398169	48406.420634	0.000153	3.7
61	-0.584476	16.398169	47112.067947	0.000147	3.6
62	-0.582974	17.398169	45885.132677	0.000122	3.5
63	-0.584998	18.398169	44720.481279	0.000090	3.3
64	-0.585722	19.397979	43613.693610	0.000093	4.0
65	-0.585337	19.385239	43627.452648	0.000082	3.4
66	-0.584580	19.372476	43641.243957	0.000076	3.5
67	-0.587071	19.359714	43655.043988	0.000072	3.5
68	-0.585755	19.346951	43668.852750	0.000147	3.6
69	-0.589576	19.719165	43269.676397	0.000093	3.5
70	-0.583320	20.719165	42232.510944	0.000086	3.4
71	-0.585216	20.706402	42245.434297	0.000089	3.7
72	-0.581192	20.757105	42194.138789	0.000077	3.5
73	-0.587466	21.753211	41211.058610	0.000059	3.6
74	-0.588043	21.740449	41223.364292	0.000060	3.4
75	-0.579827	21.727686	41235.677326	0.000098	3.9
76	-0.587214	21.714924	41247.997718	0.000119	3.4
77	-0.582512	22.714924	40304.429845	0.000087	3.4
78	-0.582941	23.714924	39403.065684	0.000085	3.7
79	-0.589156	24.714924	38541.135657	0.000126	3.3
80	-0.587787	25.714924	37716.107327	0.000087	3.8
81	-0.586381	26.714924	36925.660560	0.000061	4.2
82	-0.587485	26.702162	36935.539727	0.000054	4.0
83	-0.584065	26.689399	36945.424203	0.000092	4.1
84	-0.588834	27.556859	36285.400300	0.000062	3.8
85	-0.586565	28.556668	35553.340439	0.000047	3.7
86	-0.588546	28.543905	35562.498872	0.000050	4.2
87	-0.585473	28.531143	35571.662021	0.000054	3.7
88	-0.590375	28.518384	35580.827692	0.000090	4.1
89	-0.583266	29.518381	34876.514934	0.000085	3.7
90	-0.590885	30.518381	34199.542676	0.000065	3.6
91	-0.591898	30.505619	34208.016837	0.000101	3.8
92	-0.589797	31.505619	33556.505295	0.000058	3.9
93	-0.586139	32.505619	32929.346831	0.000078	3.5
94	-0.588643	32.492857	32937.203137	0.000051	3.7
95	-0.587334	33.492148	32333.192210	0.000039	4.0
96	-0.587162	33.479385	32340.766591	0.000059	3.6
97	-0.587603	33.466626	32348.342749	0.000090	3.8
98	-0.584978	34.466626	31765.139026	0.000057	3.5
99	-0.587989	35.465904	31202.990681	0.000063	3.6
100	-0.588755	35.673096	31088.915459	0.000037	3.8
101	-0.586427	35.678094	31086.173878	0.000054	3.7
102	-0.584712	35.665332	31093.175212	0.000045	3.9
103	-0.586070	35.671613	31089.728709	0.000039	3.7
104	-0.585220	35.659076	31096.608132	0.000045	3.7
105	-0.589473	35.658540	31096.902373	0.000041	3.9
106	-0.586479	35.733961	31055.562802	0.000052	5.0
107	-0.590111	36.033105	30892.673117	0.000039	4.7
108	-0.587155	36.020358	30899.579540	0.000033	4.7
109	-0.589708	36.007614	30906.486857	0.000033	4.0
110	-0.589410	35.994870	30913.397729	0.000036	3.8
111	-0.592212	35.982222	30920.259348	0.000058	3.2
112	-0.587029	36.980021	30388.141622	0.000124	4.1
113	-0.586464	37.980021	29872.913902	0.000088	3.6
114	-0.584079	38.980021	29374.866160	0.000040	3.4
115	-0.589901	39.945883	28909.336983	0.000026	3.8
116	-0.584477	39.933147	28915.379510	0.000064	3.8
117	-0.583596	39.920933	28921.176759	0.000055	3.6
118	-0.589329	40.920931	28454.111772	0.000055	3.4
119	-0.587615	40.908168	28459.977583	0.000062	4.0
120	-0.586218	41.230883	28312.391075	0.000087	3.7
121	-0.590399	42.230883	27864.629001	0.000060	3.5
122	-0.589084	43.230883	27430.809195	0.000070	3.7
123	-0.586618	44.230883	27010.290445	0.000055	4.1
124	-0.584981	44.237833	27007.412944	0.000038	3.9
125	-0.588440	44.225070	27012.697388	0.000071	3.9
126	-0.588640	45.201765	26614.170669	0.000059	4.1
127	-0.584003	46.192655	26221.691488	0.000039	3.7
128	-0.585475	47.191833	25837.479342	0.000049	3.6
129	-0.585774	47.179071	25842.315829	0.000041	3.8
130	-0.588737	48.163636	25474.442867	0.000036	3.8
131	-0.590191	48.151088	25479.065072	0.000044	3.6
132	-0.580080	49.148520	25116.782102	0.000066	3.6
133	-0.583206	49.135757	25121.352516	0.000060	3.6
134	-0.590223	50.135757	24768.205892	0.000020	3.8
135	-0.585967	50.123839	24772.356351	0.000039	3.6
136	-0.588916	50.114893	24775.472578	0.000025	3.5
137	-0.593363	50.118256	24774.301159	0.000039	4.1
138	-0.586009	50.105496	24778.746851	0.000031	3.5
139	-0.586166	50.119637	24773.820011	0.000039	3.5
140	-0.588317	50.637043	24594.888487	0.000040	3.6
141	-0.585427	51.399442	24335.893258	0.000023	3.4
142	-0.584648	51.388798	24339.471444	0.000018	3.3
143	-0.586144	51.376793	24343.508514	0.000046	3.2
144	-0.587877	51.367616	24346.595720	0.000042	3.5
145	-0.588740	52.367229	24014.878310	0.000018	3.6
146	-0.585738	52.358742	24017.656856	0.000028	3.2
147	-0.587801	52.347922	24021.199575	0.000056	3.2
148	-0.585997	53.257154	23727.075334	0.000027	3.4
149	-0.588806	54.179882	23435.858517	0.000011	3.5
150	-0.590232	54.168384	23439.443260	0.000023	3.4
151	-0.593273	54.157991	23442.684564	0.000021	3.4
152	-0.586680	54.145529	23446.572414	0.000052	3.5
153	-0.586385	54.168163	23439.512330	0.000033	3.4
154	-0.590764	54.155401	23443.492659	0.000033	3.4
155	-0.588758	54.741216	23262.170479	0.000031	3.2
156	-0.589371	54.728476	23266.083837	0.000013	3.4
157	-0.589940	54.716713	23269.698499	0.000032	3.5
158	-0.589331	54.705722	23273.076894	0.000096	3.7
159	-0.587670	55.705722	22969.669582	0.000046	3.5
160	-0.588027	55.692959	22973.491930	0.000078	4.0
161	-0.586104	56.692959	22677.796097	0.000031	3.5
162	-0.586136	56.681352	22681.184430	0.000032	3.9
163	-0.590648	57.127921	22551.541870	0.000033	3.8
164	-0.590142	57.246476	22517.372873	0.000021	3.6
165	-0.589903	57.236025	22520.381035	0.000066	3.5
166	-0.583182	57.225467	22523.420508	0.000045	3.6
167	-0.589413	57.212705	22527.095744	0.000040	3.8
168	-0.584939	57.261381	22513.084610	0.000054	3.3
169	-0.582930	57.248916	22516.670930	0.000033	3.5
170	-0.586785	58.243636	22234.026252	0.000036	3.6
171	-0.591814	58.231119	22237.538802	0.000022	3.8
172	-0.588946	58.218394	22241.110795	0.000059	3.4
173	-0.589118	59.147342	21983.325288	0.000030	3.5
174	-0.586672	60.146959	21712.521353	0.000038	3.5
175	-0.591260	60.134286	21715.912721	0.000062	3.6
176	-0.582610	61.134286	21451.517541	0.000021	3.7
177	-0.584888	61.121530	21454.849781	0.000037	3.6
178	-0.586434	61.108788	21458.179191	0.000083	3.5
179	-0.587416	62.108788	21199.985325	0.000070	3.2
180	-0.583457	62.096026	21203.241251	0.000104	3.2
181	-0.587421	63.096026	20951.109940	0.000043	3.5
182	-0.589181	64.096026	20704.904435	0.000040	3.8
183	-0.583106	64.083263	20708.010139	0.000043	3.5
184	-0.586120	65.037666	20478.299302	0.000070	3.5
185	-0.584999	65.024904	20481.337389	0.000023	3.5
186	-0.588450	65.012142	20484.376263	0.000044	3.6
187	-0.587613	65.163133	20448.479693	0.000038	3.5
188	-0.587158	66.162932	20213.926210	0.000038	3.5
189	-0.587598	67.157840	19985.801493	0.000031	3.7
190	-0.590454	67.988776	19799.183157	0.000030	3.8
191	-0.588922	68.081142	19778.653877	0.000051	3.4
192	-0.591951	68.068380	19781.487904	0.000057	3.9
193	-0.587260	69.068380	19561.860512	0.000032	3.6
194	-0.592171	69.223356	19528.259131	0.000039	3.5
195	-0.585994	69.210596	19531.021527	0.000036	3.4
196	-0.589721	70.112720	19337.641207	0.000039	3.2
197	-0.594526	70.100021	19340.336686	0.000032	3.5
198	-0.590704	70.087284	19343.041246	0.000057	3.4
199	-0.590872	70.075094	19345.630200	0.000066	3.3
