1:ItNr	2:Metric	3a:Time	3b:StepSize	4:||Gradient||	Time[ms]
0	-0.215451	0.000000	55236.078665	0.000436	17.5
1	-0.209303	0.000000	55236.078665	0.000285	1.0
2	-0.216755	1.000000	52725.347817	0.000143	0.9
3	-0.219033	2.000000	50432.941390	0.000083	0.8
4	-0.214290	2.993851	48343.955818	0.000099	0.8
5	-0.212422	3.993849	46409.723852	0.000137	0.7
6	-0.222363	4.872257	44834.033950	0.000124	0.7
7	-0.217087	5.872257	43165.620545	0.000111	0.7
8	-0.214968	6.872257	41616.925711	0.000178	0.7
9	-0.212417	7.872257	40175.509974	0.000107	0.8
10	-0.220531	8.872257	38830.599548	0.000134	0.7
11	-0.210785	8.952356	38726.758525	0.000151	0.8
12	-0.222553	9.952356	37475.585312	0.000082	0.7
13	-0.215183	10.873242	36392.835430	0.000086	0.8
14	-0.217569	10.801425	36475.021440	0.000075	0.8
15	-0.202110	11.801319	35363.140312	0.000070	0.9
16	-0.212305	12.798629	34319.666081	0.000112	0.9
17	-0.218944	13.798189	33333.850748	0.000186	0.9
18	-0.211133	14.798188	32402.691375	0.000178	0.9
19	-0.220459	15.798188	31522.140111	0.000144	0.7
20	-0.215577	16.798188	30688.181093	0.000063	0.8
21	-0.204975	17.798178	29897.219689	0.000111	0.8
22	-0.221065	17.726360	29952.663901	0.000085	0.9
23	-0.210522	17.756111	29929.671253	0.000035	0.9
24	-0.215255	17.686040	29983.881778	0.000203	0.8
25	-0.216661	17.614222	30039.648157	0.000069	1.0
26	-0.217937	18.614222	29281.343583	0.000097	0.8
27	-0.222486	18.542431	29334.505520	0.000104	0.9
28	-0.212328	19.542431	28610.954842	0.000100	1.0
29	-0.219880	20.542430	27922.238853	0.000090	1.1
30	-0.210565	20.493568	27955.119188	0.000027	0.9
31	-0.213353	21.341498	27395.290859	0.000052	0.9
32	-0.215918	21.276273	27437.557059	0.000154	0.9
33	-0.220789	21.601004	27228.411377	0.000175	0.9
34	-0.215559	22.601004	26603.920904	0.000069	0.7
35	-0.202910	23.601004	26007.433859	0.000133	0.8
36	-0.217786	24.599906	25437.719970	0.000172	1.0
37	-0.210546	25.599906	24891.845056	0.000075	0.8
38	-0.216618	26.599906	24368.906110	0.000104	0.9
39	-0.213544	27.599283	23867.793309	0.000089	0.8
40	-0.213191	28.437778	23462.980938	0.000046	0.8
41	-0.225270	28.812624	23286.419215	0.000063	0.9
42	-0.218301	28.748471	23316.448258	0.000052	1.0
43	-0.216457	29.727407	22866.488278	0.000067	1.0
44	-0.212591	29.693327	22881.860726	0.000151	0.9
45	-0.211603	30.693327	22439.214480	0.000096	1.0
46	-0.215709	31.693327	22013.369013	0.000026	1.2
47	-0.214670	32.551814	21660.473407	0.000153	1.0
48	-0.216679	32.480029	21689.547841	0.000103	0.9
49	-0.218606	33.480029	21291.428601	0.000038	1.0
50	-0.213605	33.712063	21201.131828	0.000070	1.0
51	-0.220876	33.826663	21156.816513	0.000099	1.3
52	-0.211868	34.824345	20778.706087	0.000032	1.1
53	-0.214250	34.753562	20805.086092	0.000095	0.8
54	-0.217251	35.469939	20541.153094	0.000107	0.9
55	-0.211806	35.398121	20567.310285	0.000049	1.1
56	-0.209697	35.584640	20499.514613	0.000050	0.9
57	-0.221759	36.466307	20185.004301	0.000174	0.9
58	-0.208410	36.394552	20210.239695	0.000048	0.8
59	-0.213998	36.322744	20235.557014	0.000110	1.0
60	-0.211949	37.283521	19901.983122	0.000076	0.9
61	-0.214989	38.283519	19566.275291	0.000076	0.8
62	-0.212724	38.257155	19574.980626	0.000097	0.7
63	-0.220674	38.185371	19598.722398	0.000099	0.9
64	-0.222983	39.145362	19285.903627	0.000090	0.8
65	-0.213995	39.271634	19245.498651	0.000127	0.9
66	-0.220727	39.199816	19268.458354	0.000177	0.8
67	-0.215825	40.199816	18953.613318	0.000181	0.8
68	-0.208916	41.199816	18648.891947	0.000199	0.8
69	-0.216362	42.199816	18353.813684	0.000055	0.8
70	-0.217547	42.128000	18374.693548	0.000092	0.8
71	-0.211319	43.127493	18088.304957	0.000086	0.8
72	-0.211020	44.127255	17810.633138	0.000087	0.9
73	-0.210067	44.114923	17814.006249	0.000136	0.8
74	-0.217040	45.111801	17545.394785	0.000118	0.7
75	-0.214755	46.111801	17283.959472	0.000099	0.9
76	-0.213543	46.039983	17302.475211	0.000070	0.7
77	-0.217127	46.101967	17286.492655	0.000125	0.7
78	-0.219147	47.099129	17033.369801	0.000036	0.7
79	-0.210969	47.029460	17050.813716	0.000066	0.8
80	-0.215223	47.208704	17006.006225	0.000098	0.7
81	-0.215980	48.207716	16760.525003	0.000132	0.8
82	-0.216685	48.135898	16777.935706	0.000071	0.7
83	-0.209041	49.135898	16538.715442	0.000118	0.8
84	-0.215459	49.064080	16555.668085	0.000052	0.7
85	-0.208786	50.062526	16323.056952	0.000121	0.7
86	-0.217820	51.062429	16096.566150	0.000045	0.9
87	-0.211367	50.990617	16112.622796	0.000158	0.7
88	-0.219708	51.990530	15891.892507	0.000122	0.8
89	-0.215526	52.989316	15677.366950	0.000158	0.8
90	-0.209960	53.989316	15468.305608	0.000031	0.9
91	-0.215858	53.917733	15483.085270	0.000094	0.7
92	-0.226861	54.874143	15287.917636	0.000134	0.9
93	-0.208491	55.874143	15089.048199	0.000075	0.7
94	-0.220999	55.802326	15103.157902	0.000170	0.7
95	-0.210858	56.802326	14909.035714	0.000097	0.7
96	-0.216572	57.802326	14719.840349	0.000112	0.8
97	-0.222920	58.802326	14535.386582	0.000151	0.7
98	-0.216148	58.765607	14542.077666	0.000125	0.8
99	-0.209870	59.702418	14373.270116	0.000183	0.8
100	-0.220504	60.677877	14201.613689	0.000088	0.8
101	-0.214614	60.606059	14214.111846	0.000056	0.9
102	-0.209662	60.536341	14226.265765	0.000119	0.9
103	-0.215886	60.464523	14238.807396	0.000055	0.9
104	-0.212128	60.393602	14251.214075	0.000165	0.9
105	-0.220284	60.743954	14190.133874	0.000140	0.8
106	-0.204708	61.743954	14018.639364	0.000043	1.0
107	-0.216457	62.032000	13970.007388	0.000093	0.9
108	-0.211029	62.035070	13969.490821	0.000197	0.9
109	-0.216963	63.035070	13803.256762	0.000039	0.8
110	-0.214308	62.969635	13814.013254	0.000100	0.8
111	-0.215999	62.899590	13825.546126	0.000043	0.7
112	-0.210130	62.827788	13837.388243	0.000097	0.8
113	-0.216161	63.822643	13675.094357	0.000047	0.8
114	-0.222520	64.816828	13516.668916	0.000066	0.9
115	-0.212613	64.745211	13527.958448	0.000118	0.8
116	-0.214045	65.680491	13381.992219	0.000072	1.0
117	-0.214078	66.679948	13229.451821	0.000089	0.9
118	-0.206934	67.679536	13080.330627	0.000068	0.9
119	-0.217360	67.607726	13090.931228	0.000127	0.8
120	-0.217345	68.607725	12944.839927	0.000042	0.8
121	-0.212034	69.226915	12856.004797	0.000188	0.7
122	-0.219858	69.155133	12866.240838	0.000105	0.8
123	-0.211753	70.155133	12725.094197	0.000092	0.8
124	-0.214802	70.083331	12735.125513	0.000054	0.9
125	-0.219389	70.029338	12742.679149	0.000082	0.9
126	-0.211989	69.957660	12752.720910	0.000115	1.0
127	-0.213837	70.957659	12614.040744	0.000070	0.9
128	-0.212679	70.994623	12608.972245	0.000070	0.9
129	-0.213289	71.958402	12478.244365	0.000128	0.8
130	-0.215281	72.958212	12345.463300	0.000142	0.7
131	-0.217110	72.886394	12354.906888	0.000106	0.7
132	-0.211507	73.886394	12224.699531	0.000034	0.8
133	-0.222702	73.818743	12233.421474	0.000056	0.8
134	-0.221569	73.795697	12236.395632	0.000074	0.8
135	-0.214011	74.667003	12124.950212	0.000027	1.0
136	-0.218193	74.597309	12133.789823	0.000111	2.2
137	-0.219417	74.526263	12142.814037	0.000097	1.0
138	-0.217348	75.107046	12069.433989	0.000104	1.0
139	-0.207881	75.740176	11990.443922	0.000074	0.9
140	-0.222878	75.671983	11998.901998	0.000139	1.0
141	-0.212653	76.671913	11876.061581	0.000060	0.9
142	-0.216729	77.670568	11755.862697	0.000083	1.0
143	-0.210457	78.669236	11638.071119	0.000074	2.0
144	-0.213980	79.664478	11523.008705	0.000027	1.0
145	-0.219207	80.154572	11467.179726	0.000066	1.6
146	-0.214061	80.607335	11416.081849	0.000064	2.5
147	-0.215148	80.535879	11424.115893	0.000100	1.9
148	-0.215452	80.465912	11431.993521	0.000143	2.3
149	-0.212007	81.465912	11320.424783	0.000097	4.0
150	-0.207302	82.465912	11211.012663	0.000109	2.4
151	-0.213224	82.396244	11218.566650	0.000052	1.7
152	-0.216042	82.324781	11226.325727	0.000161	1.4
153	-0.212547	83.321130	11119.105550	0.000105	1.3
154	-0.211967	84.321130	11013.532190	0.000047	1.4
155	-0.216059	84.249577	11021.019609	0.000091	1.0
156	-0.215248	85.171388	10925.331936	0.000045	1.0
157	-0.213573	86.159011	10824.639425	0.000111	0.9
158	-0.217534	86.087317	10831.886385	0.000163	1.0
159	-0.214381	87.087317	10731.672169	0.000113	1.2
160	-0.217823	88.087317	10633.295269	0.000181	1.2
161	-0.212748	88.015503	10640.299954	0.000109	1.0
162	-0.220754	89.015503	10543.583587	0.000092	1.1
163	-0.215570	90.015503	10448.609627	0.000041	1.0
164	-0.219188	89.964053	10453.454245	0.000116	0.9
165	-0.223564	89.916652	10457.921658	0.000053	1.0
166	-0.227389	90.881455	10367.738312	0.000128	0.9
167	-0.220213	91.873670	10276.600812	0.000039	0.9
168	-0.221787	91.877819	10276.223125	0.000025	0.8
169	-0.210679	91.827733	10280.784898	0.000109	0.8
170	-0.205003	92.351496	10233.280507	0.000149	0.8
171	-0.217921	92.279678	10239.768273	0.000096	0.8
172	-0.209218	93.099895	10166.158788	0.000092	0.8
173	-0.217106	94.091679	10078.553543	0.000013	1.0
174	-0.215543	94.081948	10079.405746	0.000236	1.0
175	-0.218818	94.010394	10085.676720	0.000089	0.9
176	-0.213722	95.010394	9998.739024	0.000144	1.0
177	-0.204412	96.010394	9913.287314	0.000064	0.9
178	-0.213273	95.938576	9919.375560	0.000027	1.0
179	-0.225363	95.873272	9924.918054	0.000107	0.8
180	-0.209872	95.801896	9930.983096	0.000142	0.9
181	-0.214508	95.804077	9930.797671	0.000087	1.1
182	-0.215636	96.803420	9846.553251	0.000118	1.1
183	-0.222962	97.802089	9763.781615	0.000052	1.0
184	-0.226511	98.772762	9684.653117	0.000048	0.8
185	-0.216133	99.212164	9649.253558	0.000089	1.0
186	-0.223043	99.140553	9655.005083	0.000137	0.9
187	-0.211778	100.140553	9575.304233	0.000060	0.9
188	-0.213010	100.088586	9579.413638	0.000044	1.0
189	-0.212888	100.026392	9584.336396	0.000060	0.9
190	-0.217182	100.472997	9549.098829	0.000114	1.2
191	-0.221286	100.853725	9519.262937	0.000069	0.9
192	-0.218793	101.787242	9446.890649	0.000068	1.0
193	-0.212136	102.781031	9371.045325	0.000108	0.9
194	-0.203787	102.723112	9375.432196	0.000051	0.9
195	-0.214766	102.673492	9379.193836	0.000055	1.0
196	-0.213553	103.601600	9309.331913	0.000087	0.9
197	-0.219466	103.919559	9285.636770	0.000058	0.8
198	-0.212528	104.912226	9212.430687	0.000130	0.8
199	-0.206300	105.900172	9140.709823	0.000053	0.9
