1:ItNr	2:Metric	3a:Time	3b:StepSize	4:||Gradient||	Time[ms]
0	-0.009199	0.000000	1565.465747	0.000301	73.7
1	-0.010775	0.000000	1565.465747	0.000050	1.0
2	-0.009117	0.960643	1496.986244	0.000241	0.9
3	-0.009093	0.107921	1557.461785	0.000133	0.9
4	-0.010247	1.087335	1488.399576	0.000186	0.9
5	-0.008617	0.150093	1554.356348	0.000338	1.1
6	-0.009171	0.000000	1565.465747	0.000578	1.2
7	-0.010733	0.000000	1565.465747	0.000181	1.4
8	-0.009685	1.000000	1494.308213	0.000452	1.0
9	-0.009000	0.047378	1561.941875	0.000113	1.2
10	-0.010011	0.922848	1499.567084	0.000201	1.2
11	-0.010488	1.911927	1434.832619	0.000160	1.1
12	-0.008879	2.902850	1375.349840	0.000171	1.1
13	-0.008742	2.462965	1401.134956	0.000254	1.0
14	-0.009181	3.462650	1343.876498	0.000426	1.0
15	-0.007997	4.388358	1294.876213	0.000271	1.1
16	-0.010907	3.435736	1345.356699	0.000501	1.2
17	-0.010216	4.435692	1292.466541	0.000267	1.7
18	-0.008121	5.435692	1243.575574	0.000306	1.1
19	-0.009776	6.435692	1198.248651	0.000339	1.1
20	-0.008592	5.483070	1241.350842	0.000193	1.1
21	-0.008079	4.530447	1287.669586	0.000358	1.2
22	-0.007368	3.578789	1337.526446	0.000124	1.1
23	-0.011848	4.578778	1285.236583	0.000219	1.1
24	-0.007357	3.629684	1334.762597	0.000212	1.0
25	-0.008033	4.629665	1282.684777	0.000363	1.0
26	-0.009060	3.677043	1332.200988	0.000203	1.0
27	-0.008363	3.183976	1359.362127	0.000166	1.0
28	-0.010428	4.034917	1313.157158	0.000148	1.1
29	-0.008648	4.999225	1264.452320	0.000317	1.1
30	-0.009545	4.049139	1312.411589	0.000194	1.1
31	-0.010465	3.096517	1364.295948	0.000515	1.2
32	-0.006960	2.143920	1420.450003	0.000239	2.0
33	-0.008674	1.191300	1481.426520	0.000108	1.1
34	-0.009445	0.267260	1545.792950	0.000295	1.3
35	-0.009557	0.903011	1500.925162	0.000127	1.3
36	-0.008238	0.017317	1564.175910	0.000308	1.3
37	-0.010061	1.016451	1493.191678	0.000272	1.2
38	-0.011719	0.064042	1560.706207	0.000274	1.1
39	-0.008609	0.000000	1565.465747	0.000387	1.8
40	-0.008851	1.000000	1494.308213	0.000214	1.4
41	-0.009844	1.999997	1429.338478	0.000127	1.3
42	-0.008346	1.048822	1490.999382	0.000334	1.6
43	-0.010023	1.298657	1474.294232	0.000437	1.2
44	-0.009336	2.298657	1411.016153	0.000228	1.4
45	-0.011112	1.346034	1471.168454	0.000271	1.3
46	-0.008379	2.345994	1408.155129	0.000279	1.1
47	-0.007386	3.345994	1350.315840	0.000125	1.3
48	-0.008313	4.305930	1299.093930	0.000155	1.4
49	-0.009563	5.230750	1253.291655	0.000168	1.5
50	-0.009366	4.300569	1299.369215	0.000200	1.4
51	-0.008628	4.330853	1297.815791	0.000271	1.5
52	-0.008525	3.778315	1326.756093	0.000172	1.5
53	-0.009043	2.825698	1379.803486	0.000188	1.6
54	-0.008261	3.754682	1328.022764	0.000056	1.2
55	-0.008420	4.513540	1288.522912	0.000209	1.6
56	-0.010165	4.223804	1303.323654	0.000219	1.0
57	-0.009880	5.223793	1253.624173	0.000346	1.2
58	-0.009926	6.214089	1208.005925	0.000201	1.5
59	-0.009590	5.261467	1251.825750	0.000194	1.4
60	-0.009760	6.261424	1205.908431	0.000244	1.2
61	-0.009692	5.342735	1247.963861	0.000235	1.7
62	-0.010618	4.728970	1277.734056	0.000166	1.2
63	-0.009434	4.868955	1270.819814	0.000186	1.2
64	-0.009003	3.917562	1319.341759	0.000344	1.4
65	-0.008380	4.636899	1282.322837	0.000101	1.3
66	-0.011346	3.685636	1331.737262	0.000457	1.6
67	-0.009286	3.058759	1366.437066	0.000410	1.2
68	-0.008546	2.106137	1422.772673	0.000236	1.4
69	-0.010365	3.106137	1363.751492	0.000255	1.4
70	-0.009187	2.175876	1418.491407	0.000355	1.4
71	-0.013005	1.225701	1479.133586	0.000324	2.8
72	-0.009867	0.276205	1545.143097	0.000487	1.4
73	-0.011087	1.206130	1480.437200	0.000272	1.2
74	-0.009220	0.323814	1541.693308	0.000255	1.0
75	-0.007779	0.000000	1565.465747	0.000392	1.0
76	-0.010119	0.000000	1565.465747	0.000204	1.4
77	-0.009327	0.000000	1565.465747	0.000342	1.7
78	-0.008163	0.000000	1565.465747	0.000196	1.2
79	-0.009404	0.000000	1565.465747	0.000250	1.1
80	-0.009573	0.000000	1565.465747	0.000350	1.1
81	-0.010421	0.998046	1494.440935	0.000236	1.0
82	-0.006839	0.093003	1558.563328	0.000178	1.1
83	-0.010360	1.092955	1488.021009	0.000370	1.2
84	-0.010113	2.092954	1423.584876	0.000528	1.1
85	-0.009195	3.092954	1364.497690	0.000214	1.4
86	-0.009356	2.140332	1420.670214	0.000132	1.2
87	-0.009910	1.190443	1481.483766	0.000313	1.2
88	-0.008666	0.244699	1547.434516	0.000286	1.3
89	-0.008982	1.243519	1477.948727	0.000074	1.2
90	-0.009980	2.195337	1417.301278	0.000294	1.2
91	-0.008342	2.749196	1384.248177	0.000422	0.9
92	-0.008024	2.159640	1419.485844	0.000209	1.0
93	-0.009419	3.139323	1361.876689	0.000317	1.2
94	-0.009959	4.125125	1308.442471	0.000195	1.2
95	-0.009207	3.172766	1359.992510	0.000507	1.0
96	-0.009343	2.220144	1415.787132	0.000330	1.2
97	-0.008944	3.220144	1357.332188	0.000076	1.1
98	-0.011523	2.272274	1412.615730	0.000221	1.0
99	-0.007818	3.003954	1369.556889	0.000227	1.3
100	-0.011140	4.003198	1314.823053	0.000615	1.1
101	-0.007811	3.050575	1366.902044	0.000173	1.1
102	-0.010305	4.050575	1312.336350	0.000267	1.1
103	-0.010448	4.450572	1291.710865	0.000277	0.9
104	-0.008449	3.499825	1341.837343	0.000152	1.0
105	-0.008105	2.673967	1388.646917	0.000097	1.1
106	-0.008932	1.842966	1439.164282	0.000248	1.1
107	-0.009830	2.790425	1381.849227	0.000131	0.9
108	-0.009674	3.588677	1336.988603	0.000355	0.9
109	-0.008631	2.636062	1390.873864	0.000208	1.0
110	-0.008519	3.636009	1334.419927	0.000387	1.1
111	-0.008211	4.636007	1282.367441	0.000430	1.1
112	-0.008221	5.636007	1234.223309	0.000264	1.0
113	-0.009088	4.837928	1272.345872	0.000200	1.1
114	-0.008947	3.890913	1320.754330	0.000223	1.1
115	-0.009532	4.870559	1270.741049	0.000130	1.0
116	-0.008155	3.922334	1319.089145	0.000346	1.0
117	-0.009606	4.913565	1268.632113	0.000233	1.0
118	-0.010499	3.962931	1316.943928	0.000219	1.1
119	-0.009282	3.010318	1369.193876	0.000154	1.0
120	-0.008128	3.956857	1317.264450	0.000191	1.0
121	-0.009014	4.735563	1277.406712	0.000256	1.0
122	-0.009914	5.735557	1229.627655	0.000319	1.0
123	-0.010262	4.782935	1275.059665	0.000259	1.2
124	-0.008780	5.782931	1227.452701	0.000103	1.0
125	-0.010331	6.778738	1183.451181	0.000141	1.1
126	-0.010226	5.866909	1223.616020	0.000539	0.9
127	-0.010089	6.664386	1188.343065	0.000125	1.1
128	-0.011250	6.086391	1213.701020	0.000408	0.9
129	-0.010621	7.086316	1170.491038	0.000370	1.0
130	-0.008818	8.086313	1130.249145	0.000468	1.0
131	-0.008538	7.133691	1168.520003	0.000172	1.3
132	-0.008213	6.181771	1209.442214	0.000409	1.0
133	-0.009209	5.229172	1253.367088	0.000283	0.9
134	-0.009250	4.276550	1300.603969	0.000218	1.0
135	-0.009559	5.276535	1251.107894	0.000217	2.4
136	-0.008231	6.275634	1205.280174	0.000289	1.3
137	-0.009816	5.323017	1248.898641	0.000207	1.1
138	-0.009064	6.323017	1203.189998	0.000255	1.3
139	-0.007735	5.370419	1246.653707	0.000162	1.1
140	-0.009423	5.466349	1242.135070	0.000069	0.9
141	-0.010021	6.345298	1202.209653	0.000268	1.0
142	-0.009411	7.317391	1160.939622	0.000216	1.0
143	-0.009724	8.317291	1121.344402	0.000147	1.0
144	-0.010097	7.367286	1158.897654	0.000264	1.0
145	-0.009819	6.515508	1194.772788	0.000180	0.9
146	-0.009136	6.721796	1185.882077	0.000415	1.2
147	-0.009370	5.929374	1220.777762	0.000162	1.5
148	-0.009488	5.829671	1225.314358	0.000227	1.3
149	-0.008662	4.878079	1270.371747	0.000245	1.5
150	-0.010025	3.925459	1318.923783	0.000349	6.0
151	-0.009163	2.987552	1370.493374	0.000332	4.9
152	-0.008781	3.987530	1315.647451	0.000423	6.1
153	-0.011039	3.034911	1367.792927	0.000340	3.7
154	-0.008255	2.372733	1406.544162	0.000185	5.2
155	-0.009867	3.372582	1348.842782	0.000317	7.4
156	-0.011951	4.370359	1295.794861	0.000210	5.7
157	-0.008508	3.417740	1346.348237	0.000230	9.6
158	-0.009490	4.417736	1293.379564	0.000177	6.8
159	-0.007926	3.465146	1343.739392	0.000213	5.8
160	-0.008559	2.583365	1393.981770	0.000288	2.0
161	-0.011376	3.582747	1337.311090	0.000312	1.3
162	-0.008409	2.630125	1391.223301	0.000137	1.4
163	-0.009053	2.205652	1416.671259	0.000218	1.1
164	-0.009285	1.811406	1441.155371	0.000174	1.4
165	-0.007745	0.872237	1503.036986	0.000157	1.1
166	-0.009814	0.934564	1498.766110	0.000172	1.2
167	-0.008356	1.562613	1457.046701	0.000181	2.3
168	-0.009801	0.646101	1518.739148	0.000232	3.8
169	-0.010549	1.645927	1451.686224	0.000254	3.1
170	-0.009593	2.645872	1390.296830	0.000272	1.5
171	-0.010574	1.693250	1448.659009	0.000256	1.7
172	-0.009987	1.945067	1432.760269	0.000262	1.2
173	-0.009507	1.104358	1487.253389	0.000271	1.0
174	-0.008901	0.593976	1522.405158	0.000394	1.0
175	-0.008965	1.593976	1455.024138	0.000167	0.9
176	-0.009862	1.045297	1491.237805	0.000353	0.8
177	-0.011171	0.108354	1557.429861	0.000101	1.1
178	-0.011042	1.107335	1487.053086	0.000580	1.1
179	-0.008869	0.154724	1554.016082	0.000162	0.9
180	-0.008705	0.000000	1565.465747	0.000121	1.0
181	-0.008903	0.000000	1565.465747	0.000470	0.9
182	-0.007401	0.724072	1513.288161	0.000184	1.0
183	-0.007914	0.000000	1565.465747	0.000209	1.0
184	-0.009069	0.000000	1565.465747	0.000327	0.9
185	-0.009028	0.000000	1565.465747	0.000291	1.0
186	-0.009096	0.000000	1565.465747	0.000153	1.0
187	-0.011626	0.998687	1494.397386	0.000279	0.9
188	-0.009932	0.046582	1562.000927	0.000328	0.9
189	-0.009340	1.046582	1491.150900	0.000230	1.0
190	-0.009155	1.770080	1443.770984	0.000165	1.0
191	-0.009035	2.702254	1386.989631	0.000380	1.1
192	-0.009901	3.702252	1330.841446	0.000383	1.2
193	-0.010611	4.702252	1279.062269	0.000122	1.0
194	-0.009307	5.699898	1231.269907	0.000275	1.1
195	-0.009696	5.562018	1237.661251	0.000047	1.0
196	-0.008250	6.125251	1211.962254	0.000254	1.0
197	-0.008633	6.795757	1182.726600	0.000139	1.0
198	-0.007997	5.843572	1224.679798	0.000174	1.0
199	-0.009229	4.914326	1268.594857	0.000196	0.9
