1:ItNr	2:Metric	3a:Time	3b:StepSize	4:||Gradient||	Time[ms]
0	-0.107159	0.000000	52753.941332	0.000162	39.6
1	-0.108153	0.000000	52753.941332	0.000165	4.2
2	-0.108903	1.000000	50356.034940	0.000173	4.1
3	-0.106557	0.331679	51933.689505	0.000175	4.3
4	-0.106068	1.331456	49608.621496	0.000184	4.2
5	-0.105678	0.648734	51173.096125	0.000158	4.0
6	-0.108365	1.648732	48913.676716	0.000170	4.3
7	-0.105534	2.616169	46909.926291	0.000176	4.5
8	-0.109573	3.616169	45004.271295	0.000184	4.2
9	-0.105503	4.615967	43247.743854	0.000173	4.2
10	-0.109155	5.615967	41622.864161	0.000169	4.4
11	-0.110242	6.615967	40115.661314	0.000163	4.2
12	-0.105183	5.933241	41132.545119	0.000191	4.4
13	-0.106905	6.933241	39660.014813	0.000175	4.9
14	-0.106055	7.933241	38289.272618	0.000165	4.7
15	-0.109336	8.933237	37010.122359	0.000177	4.6
16	-0.102750	8.250882	37873.483023	0.000174	4.4
17	-0.110920	9.215497	36664.390423	0.000178	4.7
18	-0.106439	10.215497	35489.833095	0.000179	5.1
19	-0.107209	9.532772	36283.399587	0.000152	4.4
20	-0.105923	10.532772	35132.742788	0.000164	4.8
21	-0.107994	9.851390	35908.682659	0.000178	5.0
22	-0.109048	10.834756	34799.474046	0.000158	4.8
23	-0.107074	10.905926	34721.849372	0.000173	4.6
24	-0.107035	11.905880	33666.711352	0.000181	4.9
25	-0.107473	12.905450	32674.179467	0.000163	4.6
26	-0.112001	13.905396	31738.151847	0.000190	4.7
27	-0.105076	13.222671	32371.312218	0.000155	4.8
28	-0.106669	12.750442	32824.244754	0.000164	4.6
29	-0.107862	13.750439	31879.676680	0.000164	4.6
30	-0.107040	14.750238	30988.122630	0.000177	4.5
31	-0.109549	15.750078	30145.044993	0.000197	4.5
32	-0.106934	16.749995	29346.566960	0.000167	5.0
33	-0.106103	16.068119	29886.403992	0.000161	4.6
34	-0.105663	16.331962	29675.182339	0.000163	4.8
35	-0.107667	17.331959	28901.021545	0.000173	4.9
36	-0.109133	18.315336	28178.133257	0.000167	4.5
37	-0.105882	18.989575	27703.039188	0.000179	4.3
38	-0.108232	19.989574	27027.184283	0.000161	5.0
39	-0.103286	20.979462	26389.875213	0.000158	4.6
40	-0.104541	20.296844	26826.087725	0.000166	4.9
41	-0.106344	21.172018	26269.380344	0.000163	4.8
42	-0.104703	22.156772	25669.963802	0.000160	4.8
43	-0.110506	23.141090	25097.540082	0.000176	4.5
44	-0.104262	23.228301	25048.051468	0.000170	4.3
45	-0.103328	22.556171	25434.576630	0.000153	4.2
46	-0.109942	23.556171	24863.733671	0.000178	4.2
47	-0.110352	22.873466	25250.632273	0.000161	4.7
48	-0.109443	23.873466	24687.924859	0.000168	4.1
49	-0.106417	24.873447	24149.760774	0.000168	4.1
50	-0.104961	24.191161	24514.368322	0.000161	4.6
51	-0.107195	25.088085	24037.292287	0.000177	4.1
52	-0.109681	24.405363	24398.720882	0.000173	4.1
53	-0.110639	25.405363	23872.947146	0.000177	4.7
54	-0.107350	24.724384	24228.489938	0.000165	4.5
55	-0.105864	25.566653	23790.259876	0.000162	4.8
56	-0.110828	26.566543	23290.167854	0.000161	5.7
57	-0.105282	27.566508	22810.632379	0.000166	4.9
58	-0.105424	26.886176	23134.709305	0.000161	7.5
59	-0.105153	26.203451	23469.317228	0.000165	6.1
60	-0.105315	27.203451	22982.436848	0.000163	4.8
61	-0.106179	28.202918	22515.590980	0.000160	4.8
62	-0.108330	29.202917	22067.099379	0.000189	4.6
63	-0.107864	30.201873	21636.567085	0.000193	4.6
64	-0.106770	31.179518	21231.180501	0.000170	4.6
65	-0.105781	30.498204	21512.066287	0.000175	4.5
66	-0.106883	31.498204	21102.298621	0.000182	4.8
67	-0.104963	31.149287	21243.488384	0.000160	4.5
68	-0.104403	32.149287	20843.793702	0.000161	4.8
69	-0.106881	33.144859	20460.534624	0.000154	4.7
70	-0.105282	34.144800	20089.523786	0.000154	4.6
71	-0.105659	34.301718	20032.519982	0.000165	4.7
72	-0.111141	35.301718	19676.713433	0.000162	4.3
73	-0.107149	35.489057	19611.457853	0.000167	4.7
74	-0.106404	34.806350	19851.374607	0.000178	5.3
75	-0.110476	35.440957	19628.171186	0.000163	4.7
76	-0.107789	36.388152	19304.207111	0.000166	4.2
77	-0.107096	37.164081	19046.682087	0.000163	4.9
78	-0.109934	36.481619	19272.817915	0.000179	4.9
79	-0.110569	37.481365	18943.346521	0.000168	4.1
80	-0.109605	38.481365	18624.871207	0.000179	4.9
81	-0.107619	39.481361	18316.928632	0.000162	4.7
82	-0.107417	40.480703	18019.194920	0.000165	4.6
83	-0.108072	41.480703	17730.798758	0.000165	4.8
84	-0.108243	40.798016	17926.672008	0.000165	4.9
85	-0.109864	40.115291	18126.932739	0.000163	5.0
86	-0.106838	41.115291	17835.105536	0.000172	4.5
87	-0.109343	40.454423	18026.900486	0.000153	4.3
88	-0.107334	41.454262	17738.305455	0.000157	5.0
89	-0.103108	40.780926	17931.630907	0.000174	4.1
90	-0.106908	40.103213	18130.515781	0.000169	4.3
91	-0.107091	41.103124	17838.599711	0.000156	4.9
92	-0.108062	42.058049	17568.459409	0.000176	4.4
93	-0.109434	42.352179	17486.892835	0.000172	4.1
94	-0.106777	43.275768	17235.620976	0.000168	4.9
95	-0.109624	44.275767	16971.577868	0.000160	4.6
96	-0.105448	45.146716	16748.114516	0.000175	4.7
97	-0.107649	46.146716	16498.688848	0.000167	4.7
98	-0.106902	46.911239	16312.951736	0.000180	4.6
99	-0.107416	47.911239	16076.227647	0.000160	4.3
100	-0.108148	48.911217	15846.280702	0.000161	4.6
101	-0.106935	48.242527	15999.311682	0.000177	4.2
102	-0.106974	47.560205	16158.539318	0.000163	4.1
103	-0.109457	48.330698	15978.964478	0.000191	4.7
104	-0.104657	49.330698	15751.766898	0.000164	4.3
105	-0.111395	48.647974	15906.173650	0.000174	4.5
106	-0.109673	49.646629	15681.325202	0.000160	4.6
107	-0.102868	50.646551	15462.471816	0.000161	4.2
108	-0.106559	51.640704	15250.853867	0.000159	4.0
109	-0.107079	50.957979	15395.551425	0.000165	4.4
110	-0.107239	51.939068	15188.468973	0.000165	4.2
111	-0.109070	51.621662	15254.852880	0.000178	4.2
112	-0.107709	50.965760	15393.886961	0.000173	4.5
113	-0.105908	51.599879	15259.429847	0.000171	4.3
114	-0.106684	50.947681	15397.754987	0.000169	3.9
115	-0.109046	51.947680	15186.675790	0.000178	4.6
116	-0.105733	52.947663	14981.308800	0.000161	4.2
117	-0.110492	53.947661	14781.418813	0.000202	4.1
118	-0.108499	53.264991	14917.294767	0.000153	4.5
119	-0.106843	54.255381	14720.977565	0.000175	4.3
120	-0.109698	55.251633	14528.643241	0.000166	4.5
121	-0.110397	56.248854	14341.089964	0.000173	4.5
122	-0.105772	57.240102	14159.398367	0.000171	4.2
123	-0.104944	56.557533	14284.012546	0.000174	4.3
124	-0.105289	55.874810	14410.868321	0.000175	4.2
125	-0.107971	56.874810	14225.816592	0.000161	4.1
126	-0.102453	56.192085	14351.636815	0.000156	4.3
127	-0.111003	56.163751	14356.906684	0.000164	4.3
128	-0.109016	57.159781	14173.949181	0.000142	4.4
129	-0.104764	58.041769	14015.789147	0.000166	4.3
130	-0.108610	57.395250	14131.376217	0.000166	4.5
131	-0.107829	58.375691	13956.826730	0.000152	4.5
132	-0.108436	59.375691	13783.181864	0.000161	4.5
133	-0.111138	60.176304	13647.243184	0.000171	4.2
134	-0.107057	59.550152	13753.329374	0.000168	4.4
135	-0.107616	58.878494	13868.974186	0.000168	4.3
136	-0.110310	58.195770	13988.534657	0.000179	4.5
137	-0.108736	57.543010	14104.791306	0.000169	4.3
138	-0.105240	58.256282	13977.854342	0.000160	4.2
139	-0.102314	57.660500	14083.723874	0.000158	4.2
140	-0.107957	58.645648	13909.520376	0.000162	4.4
141	-0.109759	59.645322	13737.098924	0.000166	4.3
142	-0.105150	60.645322	13568.845587	0.000161	4.1
143	-0.106521	61.641506	13405.282930	0.000147	4.7
144	-0.107358	62.408407	13282.027661	0.000157	4.2
145	-0.107315	63.386152	13128.134624	0.000164	4.1
146	-0.106615	62.703427	13235.213993	0.000160	4.6
147	-0.106570	63.703427	13078.960410	0.000159	4.3
148	-0.109462	64.703427	12926.353206	0.000175	4.1
149	-0.106428	65.701228	12777.590259	0.000180	4.5
150	-0.110379	66.660538	12637.759208	0.000181	4.4
151	-0.105054	67.659886	12495.310115	0.000166	4.3
152	-0.106085	68.289842	12407.153424	0.000167	4.7
153	-0.107855	68.511244	12376.464905	0.000160	4.2
154	-0.110807	69.511174	12239.734758	0.000172	4.0
155	-0.107463	68.828457	12332.759610	0.000159	4.6
156	-0.107179	69.828456	12196.978923	0.000172	4.2
157	-0.108485	69.145739	12289.352550	0.000161	4.2
158	-0.107026	68.463118	12383.122652	0.000146	4.6
159	-0.109670	69.463118	12246.236819	0.000174	4.5
160	-0.112627	70.441713	12115.179559	0.000183	4.0
161	-0.108008	69.814983	12198.788540	0.000170	4.6
162	-0.103439	70.814982	12065.925855	0.000166	4.2
163	-0.108896	70.132270	12156.317117	0.000176	4.1
164	-0.106422	70.657560	12086.649190	0.000154	4.6
165	-0.110024	71.572061	11967.247534	0.000183	4.2
166	-0.105011	72.570936	11839.496522	0.000159	3.9
167	-0.109646	71.941848	11919.633487	0.000172	4.3
168	-0.107181	71.343763	11996.833726	0.000156	4.4
169	-0.107277	72.339775	11868.817685	0.000173	4.1
170	-0.104090	73.339773	11743.008565	0.000163	4.6
171	-0.108021	74.339773	11619.838475	0.000168	4.4
172	-0.110268	75.339773	11499.225377	0.000182	4.3
173	-0.106077	75.934763	11428.642676	0.000176	4.6
174	-0.108482	75.768516	11448.276975	0.000163	4.2
175	-0.106296	76.768516	11331.181232	0.000157	4.9
176	-0.105181	76.741945	11334.261486	0.000173	4.4
177	-0.105038	77.741888	11219.481285	0.000168	4.4
178	-0.107421	77.187717	11282.803983	0.000176	4.3
179	-0.105960	77.494601	11247.649715	0.000165	4.3
180	-0.102951	76.812374	11326.100345	0.000163	4.3
181	-0.109494	77.631890	11231.993708	0.000151	4.1
182	-0.108279	78.033919	11186.397349	0.000168	4.5
183	-0.106320	77.351194	11264.050037	0.000163	4.1
184	-0.111327	78.351174	11150.676213	0.000187	4.3
185	-0.107542	77.668448	11227.832075	0.000173	4.2
186	-0.105152	78.668435	11115.181777	0.000158	17.9
187	-0.108479	77.985709	11191.845533	0.000153	27.7
188	-0.107704	77.303493	11269.515855	0.000164	21.1
189	-0.107139	76.896768	11316.336541	0.000159	7.6
190	-0.104848	76.215756	11395.609245	0.000155	12.7
191	-0.107940	77.046280	11299.080072	0.000162	4.8
192	-0.107989	78.025514	11187.346772	0.000174	6.1
193	-0.106505	79.025507	11075.502628	0.000177	4.8
194	-0.104367	78.342782	11151.618136	0.000164	4.4
195	-0.107919	79.340960	11040.683318	0.000149	5.1
196	-0.104089	79.872862	10982.465905	0.000149	4.6
197	-0.106277	79.190140	11057.303292	0.000168	4.9
198	-0.109308	80.186159	10948.461569	0.000160	4.3
199	-0.105910	79.503433	11022.835046	0.000150	4.2
