(BSplineTransformSplineOrder 3)
(Direction 1 0 0 1)
(FixedImageDimension 2)
(FixedInternalImagePixelType "float")
(GridDirection 1 0 0 1)
(GridIndex 0 0)
(GridOrigin -121.03719285618996 -453.09477443916114)
(GridSize 17 19)
(GridSpacing 404.96603446963053 403.9978370935644)
(HowToCombineTransforms "Compose")
(Index 0 0)
(InitialTransformParameterFileName "results/lungTMA2/my_reg_project-modality_fluo_to_modality_brightfield_reg_output/TransformParameters.0.txt")
(MovingImageDimension 2)
(MovingInternalImagePixelType "float")
(NumberOfParameters 646)
(Origin 0 0)
(Size 5552 6184)
(Spacing 1 1)
(Transform "BSplineTransform")
(TransformParameters -227.27056765530088 -150.1537114261462 -124.40231502359717 -91.41080174205246 -63.3677194299127 -33.492167741561055 -3.153291197651637 27.63439669097784 58.537127524005406 89.25384590455309 119.600127264935 149.31002061109263 178.46639590971785 205.87588356014487 237.68980672810684 262.4328614228622 334.4165180282543 -251.46169780676937 -172.28166999108794 -145.428604129085 -110.86437637026718 -81.24074350203469 -49.60150281475756 -18.028072392295424 12.712762617047757 46.696942168373866 79.69085173530117 111.79421975893563 143.15665132024375 173.89481582245193 202.8258245269984 236.25798059942747 262.2292136221931 337.04319478238193 -259.293639265143 -179.557387921926 -152.35227356965052 -117.42470300072607 -87.72631396776266 -52.69284920959916 -25.95744660982342 12.11206128896204 43.355497419766245 76.05996744703384 105.68806918856336 138.41581239049484 170.99084591820088 200.62272753121678 234.56643803270487 260.9339952546025 336.6352216609742 -267.98959482193976 -187.3417467563906 -159.4912344050475 -121.21006289914183 -89.55173450521356 -62.590069563913225 -27.519403450050774 5.07384278260413 34.86177405413701 75.45104710363877 103.04603404762615 132.09505295206912 162.6806058467943 197.21588004079084 231.95122177457966 258.7839262749764 335.4845496798982 -273.9410040131436 -193.1707864929319 -166.85347898488163 -132.23374058359485 -96.7039786419994 -71.74148865111485 -33.199847015571336 -1.73811101457504 34.58916086997073 58.239185740266564 100.96241663947241 138.60763585161513 158.23255263265847 193.94571367673657 228.68725060811522 255.92663705069535 333.3420583898769 -279.0265478694021 -197.49240883687528 -167.85534106117973 -131.35454139671796 -103.66037815458174 -66.81811940068594 -38.420082913369455 1.6035308042493184 28.488328243657072 60.253608365044606 96.86346110267321 119.92677314742825 161.70631817679407 190.54606961831294 224.697506359882 252.5335680753596 330.63950618350356 -283.6974318231821 -205.75230291138644 -182.8593835724139 -135.98744501525934 -109.1955382397587 -74.13708093998048 -39.80898733333788 -11.562448582708567 21.47974676546344 57.728915416239545 88.60402204044311 120.34279109730353 153.16465000180523 185.8766394605475 220.5011403056497 248.76373850005606 327.6262075510351 -288.091816492101 -211.09386902502789 -163.18022575313 -145.18428040643514 -112.72962951197307 -77.03398556942187 -48.30221284852767 -14.225121699558853 16.27623832131774 55.31701227395308 80.51377650764057 114.71596070624723 149.12127855924933 177.87801388463595 214.63669117802073 244.61288840379444 324.2014001450714 -292.6504971806177 -218.16471710444583 -186.5794100664184 -152.3983780190968 -117.22109331696429 -83.96109244471432 -56.47954337469966 -16.89917111986142 14.895730726988049 43.48048281336408 83.77809410125178 107.8877331340879 139.3940750914543 174.68515924587692 207.56455410778202 240.12087031872616 320.2511784506498 -296.2386928636081 -212.62397219323273 -190.6783621894781 -148.21350268272445 -124.87675243443809 -84.82915323238328 -62.699133371972636 -24.9254769580093 5.072748600606575 45.21699622007998 62.79639718516527 109.38331630141475 138.06032499797308 170.76823854462162 201.1548011663671 235.23975695821173 315.665312855576 -299.88862856322294 -211.7880265883543 -194.03414484151676 -157.3273870253225 -126.82249434707026 -99.14761843050562 -56.80131443733124 -28.896433799683027 2.327583268448851 29.026519988807248 73.75587045546979 97.341501530246 129.449828229011 167.9651175857322 200.18463709253345 229.9824736264454 310.33201330415125 -303.4515694479836 -221.40150348300565 -199.70007761307266 -161.15066823935786 -137.62321238782906 -93.19602714387786 -68.88549524214585 -34.803631527604416 -5.934762051230844 32.261375326027284 63.16994405603779 94.85812799237242 129.14004125142338 156.40717669408863 195.96377420359912 224.2987378472898 304.3380270563572 -306.2126157149077 -227.71827777603562 -196.14858220321125 -170.56829078986453 -130.54866716207258 -104.98063474498798 -69.22807198016682 -36.137680314624546 -6.42299406831845 27.446337174404164 58.62543291254577 97.72330420518958 122.30561139081892 151.21939398762495 189.9306526254192 218.1338012581101 297.76139833070073 -308.68123560705965 -231.7462347477842 -202.75477961631202 -178.10171178286194 -138.30150455315263 -106.02086369925726 -76.62629440418588 -45.04240705777668 -9.685040450663383 22.13844590576244 52.87235067695124 84.48884905150445 119.84108594506125 148.74177381717965 184.47225650704164 211.47230341178886 290.71241764034505 -310.5129702797207 -234.04567781400797 -207.42741709838504 -176.32084213310017 -147.95772348126766 -115.27158524991862 -86.07655956654848 -46.46106746582221 -20.791375848788146 19.290432423625905 46.24895105494386 80.66387436055456 118.20931335585237 146.40656358059525 178.89873824789166 204.17684618588632 283.181093361301 -311.6506921023418 -235.7794568589341 -210.06209331791575 -179.04955442247268 -152.23337850684152 -111.77637678632715 -85.0592701119478 -50.103504155076166 -25.522002645142397 12.671127729237625 44.73537494171663 72.15134052971753 104.55061450935922 134.76838563232099 169.15297965314457 196.07337368956163 274.8559332741629 -311.8737409717923 -236.94662003418728 -211.5993688757493 -179.21370170892277 -151.4717298382072 -120.49301912913151 -95.34587440609391 -62.66142744291279 -26.057635434316175 3.6471025401340325 34.107359192712536 64.60830138081015 95.07661046621652 124.31990015773279 158.6348433885804 185.52467003014027 263.75019828087807 -311.63870056390374 -237.55627927920094 -212.66695876815606 -180.73332446839007 -153.43386219977384 -124.01336944538706 -94.41061830655173 -64.33512894951396 -33.6600243018227 -3.2265263285823624 27.17703575949121 57.36700650922697 87.39471641747508 116.09494379502497 149.96325965364088 176.48416686247876 254.1292545440229 -308.84938231425747 -237.51289829762914 -213.8286843333155 -183.53519979592198 -157.9071751573798 -130.65203321723607 -102.95628354714135 -74.72653511073553 -46.19426231461138 -17.532607503032388 11.11686074920981 39.522427291570246 67.798867939488 94.74417570352641 126.78522726046916 151.92343821000165 226.92529406230727 64.42586198958466 77.77015711593278 82.1253310440511 87.74513271710205 92.57544777401354 97.86036568912864 103.07560493392951 107.92482479963374 112.10562487365682 115.25232584607008 117.74031650399647 119.95579955145202 122.30280325766353 125.06454227675462 128.5782809280636 131.45346750105338 138.746397226107 28.330055615880465 41.19279259498466 45.5406850353835 51.188791728098735 56.16191172871074 61.41084826575755 66.78211761402642 71.84976201772393 76.34259300240575 79.92441269178573 82.68705266332357 85.12745673545494 87.66585014415523 90.69689368531319 94.67383168792662 97.95517913414348 106.72563549401883 15.734889814892213 28.365332624879745 32.53756575346366 37.64710394159867 43.207266937612275 41.38683181804064 49.42712759514576 57.09038384577078 61.0999599106105 65.31926874099827 72.43996116915676 71.43826429296199 74.94668363881931 78.51884568680684 82.66405711564231 86.05493652570944 95.27958552114103 1.174001636267384 13.518782354058683 17.205267992006743 23.58297815742092 35.1130161788811 37.829541126794 39.670442436646745 44.18930979260473 48.31354573272596 52.46141417643911 60.200434572759086 56.78201211105356 66.44763881636189 64.51343404805237 68.67060859283728 72.15166536362813 81.84478088196033 -9.921939573017408 1.5931134126896171 4.798344449023929 16.835733004950853 9.828015150399196 21.338139121213413 21.25652342401344 23.605397542422015 32.27772026601691 40.52745184697602 40.42870507797308 40.11159843047837 55.16835742679357 53.247453769845166 57.94207859542175 61.36491332379647 71.29615196885482 -20.2391828818229 -10.06094080276214 -9.74847561443536 6.637556651330725 0.2858615892544299 11.357525417078147 12.016991968054514 20.548427222671044 17.952257263680558 28.00222348241495 23.327990870924477 38.54920095568508 37.68803144937867 43.44311473285576 48.10540484991016 51.116978937012576 61.156533947996415 -30.354740321237006 -21.785565650266577 -13.35212466380046 -15.578129240805076 -3.412536530417585 -6.561672017826933 3.139592027069177 4.941695602306529 11.024280309191642 12.601277938677075 19.629924579322754 25.393385333871393 29.6935425994616 29.344003547193832 37.88806931976293 40.905914393497675 50.918746072491466 -40.70746116320369 -32.439604169038134 -22.59295646173757 -18.466157280579388 -17.91305914140881 -9.667657608437578 -9.42513787747184 -2.171715289493775 3.687379663773122 3.9906321867608856 13.328450009743756 14.05449948776954 19.07217480894947 24.496419181329813 30.42305680744551 30.445440180362503 40.43119318551184 -51.206650438078555 -29.52991661836161 -35.452174792507066 -32.17118243528851 -21.05367360639913 -25.01210217138083 -18.7289674307822 -12.731654708258825 -13.825323067611402 -0.07344669716900155 -3.9240122154505945 8.686116216819325 6.818273832569769 12.569448710278046 19.212570998563468 19.502726550340267 29.68366052942319 -63.322623103027304 -54.18603215334868 -46.526707444054864 -39.12812378996233 -42.35341549362427 -31.466189589927485 -27.882536305400013 -27.821624429708553 -20.51659228238454 -14.520554754284538 -16.28779062347942 -9.439557837919764 -3.0565383975349922 4.081677132015569 5.0823107621992865 7.973439015929758 18.62825287134845 -76.6737491081092 -72.81693299298524 -61.302022131644904 -62.42890625743721 -48.77273121785395 -49.184347059929515 -51.672054227643436 -35.83670977707087 -36.5576078676889 -35.88213938347101 -25.698817632715034 -18.467415022065843 -20.088366771878572 -13.851372962553908 -5.5297616249751 -4.324356566214661 7.226416480187332 -90.03553646038837 -75.32425532070661 -72.59337016264749 -71.05296839336395 -70.25302644042542 -61.475985751912745 -56.69792641987509 -55.50071362535445 -45.80789078214271 -42.11361929931469 -44.32986732909364 -33.91968417425261 -31.56639689312631 -27.534606212750795 -19.72080694091596 -16.85853208261223 -4.2513402289089575 -103.60965966443132 -92.0833522505275 -90.53928499376866 -85.6920327087621 -77.12452247090322 -79.57820543835845 -62.376367020773415 -68.07914053342532 -58.36799519522977 -59.430837710272336 -50.490446710297554 -47.172660861167124 -45.66450716938743 -33.828526818459004 -33.321926089039195 -29.08777060940982 -15.545108215109074 -116.00297901849154 -105.7069903583596 -97.27801944534497 -93.6021240852939 -90.41590936114213 -76.88201095554096 -79.26766102403364 -75.80612242963888 -72.71956284839298 -64.18387126873084 -58.8012470958061 -58.62697896546869 -46.59605000823548 -48.13828724166063 -44.195620239046086 -40.43184682347491 -26.35289540843844 -126.71449364767601 -116.79890975423389 -111.06759032391363 -102.93001368365857 -98.68234351766044 -92.28657247133057 -90.20796199942892 -82.9933093847865 -79.65394376512971 -72.34958257386606 -72.20882481098677 -62.98303753585906 -60.54376194636285 -54.19579046232962 -52.403720936429686 -50.46417709782371 -36.530442481175335 -136.80022616920567 -126.60753791843815 -121.10809442221546 -112.76878820721981 -107.65598642849442 -105.43338993256334 -98.83497148034023 -97.03974749178676 -91.18997048459225 -87.80328016498318 -84.99627826395695 -75.52218562741703 -72.33974769633919 -67.82186560707343 -63.71749726368126 -60.368206352596125 -46.94470940523416 -149.21128080376855 -138.94826196131353 -133.78801683603086 -127.15498140406592 -121.11790268652969 -114.9856245938299 -106.60056274933069 -110.58265521405322 -103.17642474567816 -95.88880011884231 -91.87703373637106 -87.86608788445285 -84.44825604595984 -81.26040327317764 -76.98235031163071 -73.51109614034335 -60.660315169748586 -159.70215435821356 -149.3957150878446 -144.22812336822804 -137.5440848216292 -131.37923381027144 -125.6995815848424 -120.26302718581114 -114.82992730966836 -110.14473853684379 -105.69083177192773 -101.71151900666895 -98.21997095080359 -94.94707243006698 -92.04131622289482 -88.11894110962925 -84.96095539656744 -72.54009063484322 -190.91430520289003 -181.95569139577862 -177.45507311819443 -171.60305168291285 -166.14292618292015 -160.80400801623378 -155.7093361441835 -150.84640642959673 -146.28091105054472 -142.0176160972548 -138.05332077620287 -134.39847029428032 -130.99202120746475 -128.01376319077985 -124.01717370029212 -120.81858909214928 -108.05636015945993)
(UseCyclicTransform "false")
(UseDirectionCosines "true")

// ResampleInterpolator specific
(ResampleInterpolator "FinalNearestNeighborInterpolator")

// Resampler specific
(CompressResultImage "true")
(DefaultPixelValue 0)
(Resampler "DefaultResampler")
(ResultImageFormat "mha")
(ResultImagePixelType "float")
