(BSplineTransformSplineOrder 3)
(Direction 1 0 0 1)
(FixedImageDimension 2)
(FixedInternalImagePixelType "float")
(GridDirection 1 0 0 1)
(GridIndex 0 0)
(GridOrigin 81.4458243786253 -150.09639661898785)
(GridSize 31 34)
(GridSpacing 202.48301723481526 201.9989185467822)
(HowToCombineTransforms "Compose")
(Index 0 0)
(InitialTransformParameterFileName "results/lungTMA2/my_reg_project-modality_fluo_to_modality_brightfield_reg_output/TransformParameters.0.txt")
(MovingImageDimension 2)
(MovingInternalImagePixelType "float")
(NumberOfParameters 2108)
(Origin 0 0)
(Size 5552 6184)
(Spacing 1 1)
(Transform "BSplineTransform")
(TransformParameters -215.41462662698623 -163.7316595953077 -149.21006043754696 -133.75027437690676 -118.15550805276052 -101.7750854063003 -86.75237777087126 -72.09653102533898 -57.017273739239734 -41.63735913685515 -26.094355961317063 -10.57891561494358 4.717067601170301 20.18542593626529 36.22214444882409 52.454337340829305 68.50851993708861 84.40539157910835 100.16518886038149 115.74549112830738 131.10090027059874 146.26833279272998 161.28332623556085 176.00694619305182 190.31406270447346 204.93395528524096 220.78451836486641 235.8452622121865 250.72343020093658 264.59933321142046 313.2519241484868 -229.88494816842237 -177.34846324763018 -162.50279152572256 -146.65503332924416 -130.65135808125427 -113.83539161360471 -98.40248542975488 -83.17452693784634 -67.17821861124703 -51.131646266432234 -35.77388332497618 -20.37777777318949 -4.227833217050356 12.216792589581898 28.7903848909174 45.442441591986274 61.94893013084632 78.20769113508986 94.09504951397403 109.87619926296546 125.69135896052154 141.53606204314792 157.27456211423075 172.6748096750762 187.53251983281805 202.64098511581184 218.9854521111 234.50164191082416 249.81612383773592 264.0749157799529 313.89775701755883 -232.60694337938813 -179.93127718804794 -165.0430930487469 -149.1041127806848 -132.98851332561946 -116.0770668305818 -100.58949452548319 -85.21620557135005 -68.850593496932 -52.62450411566689 -37.75356840505677 -22.215806220141975 -5.596149130115642 10.84584164984884 27.560834280216056 44.15905113074303 60.54956140991413 76.50499726006807 92.15820047928511 107.75672080236592 123.5886005276843 139.63522266455965 155.63641413440106 171.30779293705407 186.39872569690766 201.69144309093468 218.16027855194667 233.7634677387873 249.16035422220068 263.4905607915993 313.52683364703586 -237.01980306527994 -184.05629989508074 -169.0539144376086 -152.87355755879832 -136.34505656875783 -118.99183863037665 -103.19486531733858 -87.82987903817995 -71.74952478192849 -55.32598586542073 -40.63325062541615 -24.86323738267623 -9.688658484647853 9.26958741270465 25.14564441382288 41.45528409936929 58.97457591167767 74.40879029364989 89.61289756964396 104.75020604283743 120.86463713379801 136.76106440607398 152.6915569508058 168.5585942054519 184.20178012559745 200.08439793446072 216.8700243347703 232.63426796603372 248.17313825116292 262.6215590170952 313.01052661120684 -240.9960881675939 -187.7323207093728 -172.59443539590995 -156.17664326018266 -139.17165482675247 -121.22866841589644 -105.10103462718155 -90.69803293192058 -76.22943490879842 -60.5645458051046 -44.25622033952114 -27.297940832814177 -12.16709803752705 8.573592968389889 22.98536660425751 37.17416961255223 56.016792283413075 73.78908943428571 89.0707826347391 103.09225153251906 119.28392407822408 134.84083761667875 149.51864037719108 165.20682391004814 181.5158678145471 198.23210256342898 215.4111015403119 231.33022648288429 247.00407379422325 261.563268567933 312.27501864615107 -244.60491107680107 -191.22544503661638 -176.15530350713695 -159.77344106772145 -142.84655559910007 -124.76656605753367 -108.04707023052676 -94.04975577017191 -77.34043956972998 -64.38296738148111 -47.459046514470955 -28.878836811690547 -12.417647558966014 2.862239606731301 18.07797786757143 35.39180222666481 53.05547674468561 70.08054739912174 86.73707016681995 102.66886499132193 119.22073616289886 134.30381605685992 146.58447048330248 162.3619249179522 179.03521955945854 196.37795597954118 213.83487897746576 229.85632282862898 245.64568112211884 260.3117155742115 311.3219777195765 -247.59512824801237 -194.24804983432327 -179.34054117998247 -163.08798251445606 -146.7241201479803 -128.79906343044263 -109.39467696312693 -96.02008160634672 -78.7062161819879 -66.9593992858199 -50.19856193690968 -31.69349358764647 -14.570114505969709 1.1383082245886802 16.844566079009105 33.93896163560642 49.01219783404583 64.52925241825947 82.33618857614147 100.94893666892517 119.54242350010612 135.78773996460058 146.79818370991825 160.92620971676416 177.18695337165144 194.6817046133165 212.19579201855709 228.24671352473226 244.1241189903132 258.89074072481577 310.158968338602 -250.27949099764504 -196.69192024877415 -181.59757895387716 -165.439941435266 -149.20165573186935 -131.4535917394667 -116.89288651448452 -101.2642091437316 -83.74675221771305 -69.15865036067808 -52.04086584145212 -32.31431763240179 -17.761719141190028 -3.8145790845247776 18.22096078543964 28.754573552062755 45.40987939622965 61.12896019139723 79.60773394594996 98.84089208823883 117.2630479813987 133.7196504845734 145.98332404224814 161.22374855821855 176.35151472321942 193.18343366079813 210.45936314051212 226.47971197588728 242.4386192349474 257.3185656082499 308.8405437305515 -252.82344635880247 -198.91939340980454 -183.43210761222556 -167.43426892576775 -152.49968607114573 -133.83663110463803 -118.32776357631495 -100.2962071125464 -86.38771827800568 -71.95753766895838 -52.647944745079855 -37.20178644140322 -19.16248721576219 -0.5028482163888902 14.502961625761543 28.88732865181493 44.930565477836616 61.73478210848686 77.42426337978324 95.18540793129085 111.47401123666124 126.60473737577483 141.07596017681468 159.39010205154617 176.14864934426583 191.64361293908632 208.5917917072004 224.56610984393024 240.61143272996208 255.61742952174268 307.39916106761916 -255.4530544512334 -202.17438702577817 -187.03156761850494 -171.27635450798752 -156.9459840783515 -134.27803136227038 -119.54908473861941 -105.07324983325636 -87.41870437788556 -67.95845692829707 -52.682666786479494 -40.274553197513974 -20.149424613714896 -3.5086233752935705 9.65537334503307 27.90897605384515 42.669899201696275 60.07241053780103 74.41672164335196 93.78693566847181 108.33518947605093 123.01251430030712 139.24393780237477 156.85663763299948 172.3551127126968 189.3191267699067 206.5707293074638 222.56190907676657 238.7007799434056 253.81979439179065 305.8623115295674 -258.21665399664164 -206.13340372702174 -191.48178983396687 -172.38135637302796 -153.4967999423539 -134.9415368272206 -123.20533474181558 -107.21769509333514 -89.18329363098836 -75.21874162743643 -61.056225493174125 -38.79544974130074 -22.016360232512397 -6.934674851687116 7.046254436346099 23.64977319956719 40.85174246574234 58.74685018816893 73.45827393353657 90.30430156468475 105.48760403127915 121.62884147530579 138.7877580136327 155.4733741657404 170.3371427944237 186.75407376460643 204.24514089113782 220.40377682776204 236.6848046485621 251.9269208862955 304.24200270771195 -261.0216125067243 -208.81201857060893 -192.89479415466784 -175.7981813353241 -157.2419581281645 -143.0090899548756 -125.81272262004902 -108.21596893861138 -94.94780630485259 -71.48114081201958 -59.62022879931567 -43.73976059997764 -30.815418752882785 -10.465410684455392 3.980496973860798 23.464437681217312 37.17934009631206 54.528674596248806 69.47430683694458 85.99846357292215 100.44136868583995 119.41765358183818 135.6546350250519 151.32981637282737 168.5903647840476 185.02716294269766 201.5063282411269 217.87792283997 234.44608119756626 249.9037578226963 302.5340091322671 -263.7770816679438 -210.36969032530627 -192.43956758150827 -175.44017880703137 -159.83517868042557 -141.40616327505725 -124.94915229617649 -113.2534535622913 -96.96485155248189 -76.65297489888991 -63.718659404266766 -48.732191150363775 -28.248364257010607 -14.009484606768908 -1.6776698284867573 17.26018328898721 36.91191229997479 53.38867766997325 68.01083121892604 85.41171475060099 101.45589908214983 116.22360280829278 133.15198659989926 148.00116592258277 164.57917992525378 181.57153838801082 198.50484187116336 215.05213843449988 231.96040176686435 247.74449738234077 300.73275441954655 -266.396879723915 -213.1917836221245 -195.5578030727782 -170.676254297069 -152.24329499725744 -149.5939311412518 -129.46694915932986 -111.93806171776566 -93.68880736003464 -81.39324191131618 -63.935536643842966 -48.902272958941595 -30.813684959995825 -18.354512622001756 3.0122702219819426 16.4207902446317 31.21656603149854 51.66977600175021 68.07098849934154 78.3089894595908 96.77535039250688 112.8820056071648 130.57323507387167 148.3430867049515 162.7185468918335 178.8908799801838 195.33081805798213 211.96082151893253 229.26078848731328 245.46122316660671 298.8282884828068 -268.638126439399 -216.62917106689366 -196.96959418626236 -179.5359905171487 -162.9852819580414 -149.0779983312402 -133.50189287326808 -115.25536954020188 -100.14654616321766 -85.5925871161328 -65.62774945889868 -53.41776088181671 -32.83143365350534 -20.077413493178437 0.02599385324611333 11.814993403678532 28.621643675975445 48.96397064072462 62.60971233462687 82.44319251385524 96.82117382665523 110.19683290885406 128.85839888445543 144.20369097574493 158.24747152118346 174.86798451504825 192.0250097929701 208.8116771106726 226.41965619194596 243.07225069310303 296.805765554877 -269.8960138423971 -218.80888823028826 -202.54273997546827 -184.2033136219103 -171.63333858116377 -148.38770391928216 -135.09165993108815 -119.08291842659469 -100.8388895703211 -84.80460776179392 -70.56709147793961 -59.15913605517334 -34.083460292703165 -21.18330117900409 -6.298425586958277 14.149018306249994 30.04418442844529 43.91169349228519 59.41448906431919 79.58187898328232 95.70784509266016 110.07283396364035 124.06576326525762 138.59974030389216 157.38595458674735 173.94577185990784 188.8180731475438 205.73689631537601 223.54645057487923 240.6010936042947 294.6447168508842 -270.3207577573126 -217.68002871325731 -204.42904347760873 -185.672461068888 -172.34195535275128 -149.99263130036232 -137.19735872111963 -126.01422842991266 -104.9181124112886 -85.11417878543982 -73.174214783629 -59.386982344042046 -38.36400262827159 -23.69262314907055 -8.123598267438895 10.018114476354018 24.64041983469281 43.461512195734684 55.50498517096399 70.47300229661407 89.7442814725293 104.27345470694262 120.13044252411123 138.24381036824474 156.31516550929956 169.96931716139005 187.12970016482387 202.93336268416707 220.82272110368578 238.0945517176339 292.32214254912634 -270.86334392325216 -216.0464570939057 -204.18797894524317 -187.24352412863627 -173.13102595512612 -153.20879716255172 -137.50003820209878 -120.8835130349452 -106.70695452981931 -90.98795682866077 -74.76160642645006 -57.912750190831694 -42.03965325043536 -27.57922333366367 -7.195752355905803 3.1357635268846136 21.13654524855794 40.4828680407611 53.94755494795028 69.27776028470515 86.13230020641011 102.8307434809522 125.21320582724185 134.88956815272618 154.34901919596442 168.92463607114652 185.6743469157325 201.04614391894356 218.64522426019687 235.66087074518938 289.79924363805816 -271.9753010919499 -216.57053931564622 -205.22876044063895 -189.53219782179556 -174.03593028783365 -153.54349260293634 -143.7653530401446 -126.00978525980884 -109.40879117128603 -96.77305502953797 -74.97975525362372 -60.35880074073233 -44.48085227785635 -29.837023428674826 -10.77774883811975 2.973506389984734 23.350443459936507 33.364121099236954 51.869514034676165 69.9141697374425 86.85830132533636 101.43303493354789 114.021620337275 133.1961842407602 152.42211251351435 167.4348125327783 184.04435948982209 199.86319773754775 216.9030421104462 233.26824702696027 287.0819988122227 -273.9273429658229 -219.35838130186062 -206.81852371044312 -191.6756480708391 -182.30993613093742 -160.4204789141327 -143.4769083312112 -129.6306031474724 -112.74265129539698 -96.90375358861252 -77.57731278054203 -64.49676547799214 -48.488468722283564 -31.60756274766565 -14.036876579853162 1.2458534137898805 15.69364228905112 32.57346818986962 52.66310813418462 67.92553347260824 85.2061371905332 99.80657813814831 110.80188027890348 130.10832995861486 147.3644810335056 165.18794949139772 182.37162478633653 198.10937590769535 214.9061984486243 230.7262673125383 284.2268704327763 -276.5469829961587 -223.20919433670727 -210.07353024629563 -192.72424174885262 -180.45160475580062 -162.4607817663542 -145.89822540938806 -134.23809591886894 -115.91331196877927 -93.862399386129 -80.77408100299384 -67.9182417410522 -48.41921209774685 -33.249784690796766 -18.34221734775446 -2.716392742077246 13.073916662180373 30.037067645035343 50.33829244131633 63.13124390965434 77.68567160705894 96.31282535299162 112.14387952215958 129.32664920520352 145.4176392030878 160.25488965583173 178.3127489155399 195.53838160496966 212.44969014008535 227.97602710194457 281.25289319292 -279.0425489019252 -225.93680827240715 -212.24503923213067 -196.79334340081004 -181.60822802438375 -164.50712212127814 -146.56341286291902 -134.8042782703271 -116.26641839795623 -97.66154352574837 -85.4464798062099 -67.95244606237584 -50.350218021004224 -36.815157317405074 -20.022299555863896 -4.4925589377796955 11.879796679699412 28.15896661063485 46.566304565239975 63.05823632714867 78.56717040235715 95.52939823236947 111.50438903169108 125.38359317538868 142.5550551187142 158.18193121211468 174.9348224699166 192.7436183965467 209.6723983467635 225.05100748367605 278.15363498083406 -281.15967472360194 -228.3206798504847 -213.2069272690386 -198.54922746547334 -182.98894642607286 -168.73904670322418 -151.3744627248586 -134.93389814464186 -119.90276104088694 -101.24707398066917 -88.37043397893927 -72.96359748528258 -52.174115150506125 -37.223678114624256 -21.32201012954679 -6.975819339420309 12.75669806812095 31.46743551482061 42.8086025262742 61.51702635808688 78.13311283214829 96.24738614910152 110.24400312314563 123.94861480975341 140.34347857000915 154.17198082125225 172.12248428230575 189.83551233517113 206.6701532717247 221.97484877838406 274.9279389416407 -282.9406421522601 -230.54424271635526 -214.64149664881535 -199.81810386857865 -186.33337912915874 -171.68536906142887 -153.89810113208097 -131.8315894435523 -118.41949118383435 -104.01720850499895 -87.10032640508628 -70.93459294519106 -55.10539232301663 -40.450627639279354 -21.0373139692725 -8.681018260051111 9.40598619166448 21.8269597761431 39.25497973774674 56.710128509235595 75.58111960981111 90.61338198298033 105.62362551933676 119.0728954730662 137.3013962192824 151.92648015373712 169.7212243769869 187.03572304120772 203.62220985121584 218.79737455059364 271.5738048224807 -284.39432153182184 -232.61981116014775 -216.93228811371995 -202.2213525680375 -188.0328892614671 -172.27815366282996 -158.45675576149316 -136.5675487005548 -120.94141071439223 -106.08870405307836 -91.4003281169629 -75.87567979977386 -58.29232526387656 -43.41500293835088 -25.615373942894674 -9.290527562869496 10.444655432904858 21.657798911559468 41.3773016228818 54.23947704403249 71.11197405627233 83.94613334122405 105.09481277500268 120.81447450358935 135.00165369434953 150.27259666163312 167.65854502758884 184.38044356063122 200.56909011420723 215.52335229616827 268.08772743415994 -285.5814815239068 -234.33405393850566 -219.14613459536915 -204.0321151776616 -190.82874505427824 -175.40088810114773 -159.66518524675783 -140.66006571877227 -124.45615137062184 -108.9160156535858 -95.13458791453064 -82.3560750780038 -58.83766219537005 -45.51715392799418 -28.12185869086336 -13.832854738074955 7.326533733285792 21.497034847039934 38.25522139446949 50.62305975299981 68.60073724431868 86.12745083744056 103.11313969705074 118.67795363148895 133.8571880309066 148.94725610035326 165.76142221696782 181.76378694164816 197.45848471797612 212.12729957304796 264.467980889566 -286.54589229936363 -235.6625517404405 -220.89237951692434 -205.66688228784952 -191.75027053108658 -176.22458878105263 -160.99463488738587 -145.25643211952627 -128.89417796494072 -112.1641711153788 -96.86890684776952 -81.48125278963538 -63.170592285160154 -48.85738344458056 -26.720571566291234 -16.67439138910162 1.3495466998395014 14.64466929674349 37.22354035002396 49.77654790250382 62.90932019009119 83.17413432399026 100.10598959539674 117.11297323880383 132.374271334553 147.0889775792044 163.66857536167603 178.91440156422587 194.14955933509736 208.55508059435672 260.70060566086164 -287.3416020059304 -236.7493331151314 -222.30451512117492 -207.2006036156877 -192.69614697544728 -177.79560254903834 -163.91078733961996 -148.52557266439004 -132.6275126941651 -115.13826713417465 -100.7395946844325 -86.51043675056262 -64.65471165435582 -51.169032757995666 -36.8985434896878 -18.698567475200214 -1.5076320586437566 14.59104790400015 32.04796299494178 47.047013436580805 62.150361506827615 79.48819583233382 96.43097254466116 113.45642394350453 128.74043355636027 143.659867283054 160.07395809271094 175.14469363292133 190.3137630556031 204.70764051066394 256.7838310771911 -287.98331015609205 -237.65983862921723 -223.41659712427332 -208.46396672595407 -193.8910819546952 -178.80170650382672 -164.79337117792335 -149.80610642669185 -134.17826320246112 -113.84447075107019 -98.3361111260293 -84.41086727590755 -67.29527781834862 -48.0231239893484 -39.53567113566357 -22.800933202078667 -4.7690952300389915 13.452831578636337 28.81539680674392 44.33534962070561 59.855189320279955 74.89965624293576 91.26435257729688 107.65855209506049 122.99448541195756 138.3235703924463 154.83766184652436 170.3901755096862 185.89859167473605 200.50824775651756 252.6144744453037 -288.4323551497351 -238.39818713992807 -224.28418097356112 -209.40993792727488 -194.77982069846726 -179.53312713968344 -165.46217308865164 -150.61271425638714 -133.81338346234648 -115.96429989095094 -100.67535822030797 -88.81326761047724 -73.85521166889687 -53.23670837644077 -38.552036638818734 -23.75091612400362 -7.4909883592108475 9.792247052769282 26.027447615491187 41.33879335293427 55.99826206333412 70.70873879813614 86.27971185361572 102.01711009396375 117.23906788959232 132.73962843261492 149.40309781399213 165.23790654696072 180.976274066633 195.7279371076333 247.78794281469365 -288.70696993997404 -238.97434645339905 -224.9587720050843 -210.1030370544676 -195.2842819899344 -179.77278313026983 -165.5144871353597 -151.0044818085142 -134.92761613665257 -119.05281817707227 -105.3303068098697 -91.82359454875542 -75.84504398023286 -58.880994470056045 -42.165449396457916 -25.764582060618437 -10.00982435026911 5.894492203668311 21.52413848057944 36.82303059930506 51.77928287050845 66.74370724680372 82.06250582457845 97.37386397164303 112.328365579119 127.67890860366136 144.34053299907524 160.19951059554992 175.94975995580987 190.6991324264426 242.61131604634008 -288.81232261749375 -239.41467556793344 -225.5106128993473 -210.72132092070842 -195.84894228832485 -180.23498814534332 -165.90084820617463 -151.70793560800806 -136.70895134911603 -121.80821051759948 -107.92789454414824 -94.07283502461068 -78.79458334380132 -62.510894679597406 -45.605045367420296 -28.960988407523857 -13.336373642758224 1.8298960954858103 17.02538522624044 32.24632028950743 47.42295621780485 62.58208666457154 77.76783273963704 92.80191390053923 107.51432979183724 122.67688596744694 139.25173131448145 155.02785747744056 170.69415614211758 185.3755869555295 237.06975552580963 -288.8924404958088 -239.70168419883103 -225.87578582558348 -211.16298330369293 -196.34017433391264 -180.77092027364563 -166.48085094858314 -152.43543051704438 -137.79123527612813 -123.0301333792957 -108.65031155779532 -94.25728581154617 -79.15437796690468 -63.486179699630796 -47.385494952818995 -31.393839989011287 -15.990998093844308 -0.8479008668616547 14.330404287389284 29.544788884676414 44.73243413400023 59.878695987957215 74.98966428491023 89.91933752612617 104.53451261336257 119.6010400254552 136.08582519350367 151.81115573606624 167.42564470588275 182.05691701098345 233.62395928005157 -287.92022655944055 -239.86704167933362 -226.42467568518558 -212.15296335273086 -197.7894736926324 -182.7201034405521 -168.9284763508728 -155.45519360170024 -141.5273280205917 -127.2908540729664 -112.90522507920979 -98.42931794452095 -83.91722994672028 -69.35609978695352 -54.73297474891774 -40.037387866873495 -25.258442090844017 -10.44801588035627 4.341235895283237 19.090198896421054 33.77648190400405 48.41312012103694 63.01537093402213 77.43048132565436 91.51974956374168 106.0510618040258 121.98826052373082 137.2213307707208 152.36955268966472 166.60484006104522 217.11099687889117 50.334745104349636 58.99166321123923 61.40766266804229 63.98019002305313 66.58853796804118 69.34084508370393 71.8772091883285 74.41620239911873 77.14278681244326 79.90167767966477 82.53544703698196 85.06652160819282 87.51688445002473 89.86904214580879 92.11037753108673 94.16732436781874 95.96623764646831 97.51982016818248 98.83978175322127 100.055428705155 101.29476382026733 102.53512358436468 103.75317792536009 105.01547711964324 106.39012430747958 107.92782180763584 109.70002776945825 111.45156764287977 113.21708637809682 114.84652214327168 120.22529587853262 27.77787815457451 36.22958034418975 38.603996136911924 41.12257050240424 43.65010526308625 46.35880173672605 48.96478676568642 51.26896501719139 53.035276685037545 54.94164931945957 57.65838751914526 60.73720558963605 63.72222652880691 66.3395755439135 68.76652358838213 70.97468665579575 72.93014120523085 74.86096416238878 76.88202456393547 78.60645458798396 79.63848293480714 80.50564189973225 81.7317311186447 83.19013837152693 84.75530598641268 86.47027994030331 88.39981366667027 90.28633756954687 92.19445580047626 93.9687488735423 99.930944394026 23.18168606105222 31.571374197769263 33.96316547923176 36.39580265775703 38.83089862318536 41.532001968688185 44.2800978792761 46.42655654473921 47.2886248370815 48.37023340711435 51.12320785583994 54.78457504989933 57.50973842309847 59.617170374096915 63.14424464731754 66.53136157466254 67.99793023085495 69.87069610917226 72.5068950048595 74.60802796384402 75.31370816596639 75.72212334010389 77.00188678954332 78.69220987840004 80.33082655696506 82.0481933735274 83.99651435027658 85.90759604306963 87.83871266783905 89.63596955590882 95.69948150149594 15.751217714820866 24.035480213349135 26.36585254210548 28.74501589145559 31.210785849194124 34.19166865268119 37.625714334371324 40.312993747817025 41.19761789243938 41.830039645613176 44.25097878936082 48.96040483116211 51.31134627917202 54.06872500063664 54.76064120407075 57.912814390877166 60.041550743069784 62.76710237548472 65.75801329473612 68.15591710866556 68.54248881089187 68.45557760075116 70.22757828160712 72.45647266477465 73.84564914053087 75.09147340055374 76.89915626402691 78.8360181513777 80.79928615786982 82.63353735278602 88.86088709233215 8.808261535286935 16.992538234961977 19.172934257913933 21.54758115980017 24.280225963922586 27.764726955016485 31.689259588636446 34.48328097559536 37.261010706737885 38.582569823335014 39.41394669918424 42.85966250181169 48.145406008844596 46.78361898669231 50.376684858550256 53.799849037419165 54.12195273215779 56.150024996790115 59.277314813297316 62.20671718348893 62.66166353866922 60.84926199150476 63.94215866428525 67.43725173865035 68.31619983138728 68.71321573660605 70.24987833416597 72.20178642810683 74.18662117487975 76.04838811055576 82.41370335261925 2.2537770102806016 10.227627566415997 12.299627011845114 14.810435778093556 18.181098532187878 21.979110351753516 24.64733085180373 23.336217408806878 30.49177657693683 33.42235317497973 34.117503258780815 34.85173401632376 37.74508523039085 40.718945010067635 42.29087102780142 42.75908950166814 46.27142000963755 49.486795707509785 52.448269444459584 54.29307867549465 54.917146269569265 55.25797393162417 60.04545957198362 62.21985612472571 62.66626321722647 62.53485562922332 63.94354812999503 65.94629241797013 67.95513947714105 69.83216241714022 76.30755302978262 -3.5114764217218313 4.113231603100246 6.041428650058255 8.785210014873574 13.065889300129461 17.198138465395964 20.66548730669725 19.849531059582816 21.976049096135593 24.700543034544385 26.24468660128037 27.29103862837032 29.902137403410986 31.995920618893564 33.673369335597236 36.85235664546037 39.0396435340935 42.74485367247388 44.55345518523928 45.25925115752874 44.92289591015854 47.50426517433227 53.80760200535028 56.061248464179364 56.941738454993775 56.88071384987607 58.39053901885988 60.46617293077521 62.49086416506904 64.3622170572946 70.90519796375617 -8.987584447480065 -1.8465145116375745 -0.3014400873747913 2.3531692229758967 7.559459771758079 11.32553746986434 7.868752088775455 8.601689735925454 12.57528070237632 16.3942788765625 19.99468671916381 20.493203011734614 22.995324526133853 22.912353621727167 25.725815630681275 32.24338436809631 33.086168876298316 36.48467608454628 36.73958425960126 37.010280156252456 37.53406041872459 39.95082462535167 45.072235590534554 48.387684236137304 50.72503543112186 51.42656110594747 53.227121868518694 55.31730129182746 57.3100150796072 59.14338619154341 65.71788171704173 -14.350933297558681 -7.753004199906648 -6.579212190603524 -4.4444478482475525 0.2248269274178776 4.926762869772847 6.608723327291324 4.968478704023682 10.132196585787788 10.730157416229542 17.026076526257746 16.220687429132475 17.679867553840058 22.324560213789734 20.76071282694549 21.21164807439082 23.841269210914053 30.072083307436156 28.98526328523335 30.55529105444464 33.37454441083588 37.58951710689769 40.02257848169825 40.87543664361906 44.09898473801994 46.1300383681401 48.15949063000703 50.302901960392546 52.250177502712326 54.022101206725324 60.59886098440578 -19.740603395173043 -13.369111476792002 -11.735759416598984 -10.45594175687081 -7.823824661822926 -2.286677974918686 -0.6402687103711968 -0.9133797762182404 1.1528895344985188 4.482031733884023 8.123088508711037 8.520447775403651 12.560423668216067 16.72446961182244 16.12260113119203 17.565372231248542 19.085606051378466 23.03469529356392 22.424056744435934 26.184991400914306 29.40695153684502 33.142037062265196 35.99768709016884 36.21039777489976 40.075513488348925 40.92124294785438 42.63943060652731 45.143883769538725 47.184822687136865 48.927093552032346 55.50097244696972 -25.167690654335903 -18.671051496143395 -15.937259630315948 -14.148032071426957 -10.016157068368946 -7.811341949167349 -10.931494052578431 -0.4863150406666788 -1.6881406353727155 1.4664044045651012 2.4259122826325576 6.339145711048825 5.655213637777027 8.194470853802489 10.954615357776392 13.042300184050927 17.700215813334236 18.970122762008508 19.937050470890515 20.109711533005562 25.136550383273892 29.358548503358165 31.12648198756879 29.69097054351406 30.67093278515062 34.50141411485048 36.91297566766149 39.94642894464398 42.12963078684101 43.824514239975514 50.371971603674616 -30.55247942112382 -23.963545618417935 -20.336527985811717 -18.134519424861395 -15.499813998155533 -14.012953868486287 -10.791410373183655 -6.719266126442062 -8.280142903354244 -4.937701269507506 -3.51959963215468 -1.4960255813787404 0.6955749398266858 4.002329739060907 4.756334293506817 9.092882722330366 10.028402515264888 10.58023648092444 15.360354746741452 17.004050725358333 21.17996498765295 19.74493858962485 25.21706755864731 29.897845631121818 27.72026737430459 29.778922736486233 32.35976771324166 35.41513869774454 37.3475103622469 38.762924893964076 45.16960393392457 -35.640905604542375 -28.84727040781352 -25.675248193452447 -21.86820136646549 -19.822188938176428 -18.585953299357676 -15.698123280589737 -13.752827205071984 -12.963302832993518 -8.7474361440279 -5.521964294338362 -3.291781806851727 -2.916782436476306 -1.407825493430294 4.261517835086921 3.329300441095166 7.4500633346474086 6.876626329580208 8.755707051233829 16.64043295340206 15.75408211672116 18.42825259632341 18.92761823673369 21.776940687626176 24.25734639880011 25.950014163635903 28.76999536670722 31.38170431404316 32.72295129374216 33.688522042621585 39.881352567465456 -39.60165048698374 -31.47784238177577 -31.233259309990125 -28.4463969577932 -23.598254646583893 -23.77110200688687 -20.24116396191544 -16.744055249687847 -16.09662847561596 -12.734743357655562 -9.600691253153466 -14.276544716238153 -10.349156654037877 -5.480794448439596 -4.095247778118203 -2.898874986458532 -0.3722086860408787 2.1979258478375914 4.716778668794431 8.390038278419302 7.306771325323966 14.444955483025847 17.256925859371474 15.430967828374973 18.97359056525425 21.812116737385832 24.52667686213587 26.715829190049888 27.731350479288576 28.439852690603782 34.53454844179863 -43.06835570681057 -32.74470281848497 -32.028629280306944 -33.80498732173746 -33.72328972393527 -27.727455737688377 -23.265343943722733 -24.350939949241123 -22.095845002962236 -20.964103353961143 -18.425293187967426 -15.938263532521429 -11.098176295401943 -7.962046546069436 -10.617364287851663 -7.475158608402686 -3.9146008449285237 -0.060204321555836736 0.3327887812214221 4.1896684425832555 3.2898006769111316 7.95658762818013 10.73806666335832 11.130535696513693 13.627666275095926 17.884022357189483 19.72192765134918 21.15403810010362 22.20928956673684 22.958322507220803 29.12987129920525 -48.61077562614439 -37.937519049594364 -35.86463275065382 -38.974950538179414 -34.74937832021627 -34.2428718979295 -32.67341839959255 -30.583306278896494 -26.748791032878085 -24.2470680919114 -22.048572196317604 -21.412271684667797 -19.28423826436697 -20.270840254611077 -18.06704849017671 -13.1677758503172 -8.18498760398307 -7.587587182490585 -7.531493325539768 -4.375361595481394 -0.9706948340525704 0.5061951776341403 1.5518697405313169 6.4839509091464675 7.232125061296325 6.5227434901278665 13.437098168946957 15.031571923399358 16.214846743548748 17.2519285620324 23.654228065985425 -56.412683352129726 -48.033127591018 -46.024450534025014 -46.34004558252781 -38.77597660396524 -38.96497054242412 -37.65355834229928 -33.81515892598921 -32.814409310306935 -31.445332124027846 -26.766097428138295 -22.504141755742364 -25.117311281198504 -22.541203900650263 -18.545090957453972 -22.71630252219155 -11.735384040300456 -14.474796438100004 -9.924307475034178 -9.665381074586133 -8.21605025664675 -2.9415015086485807 0.7441852837775181 -1.1486686503569996 3.6294758154953315 5.176176352642217 7.942338493260418 8.6124351380985 9.933513270156567 11.360121526042207 18.085011971093962 -64.46597442743362 -58.09151581481561 -53.115926981022064 -51.34983328989385 -48.10248913807541 -46.83473761911581 -43.61973479972213 -45.03339603741433 -43.14385630586076 -36.045544003723734 -36.725489817006846 -34.944859655236094 -34.83088445319937 -28.10586252254294 -28.512482650644646 -25.554470788119843 -18.270229933169475 -21.519083896185734 -19.009127079167293 -17.114473506466183 -12.653512406520035 -11.135596879623018 -11.793164036858478 -5.354381882783808 -4.9787734963844406 -1.700036419884855 1.070038595721238 2.3974174006332953 3.8671424797990683 5.3967723787464426 12.367215085180378 -71.87416010932071 -66.8088123415882 -63.86905535063819 -56.87961875139747 -56.559782117952416 -58.32728635897458 -52.42180584811677 -47.96068248743482 -46.56687010747595 -44.601260548695706 -45.01127136914454 -41.022439307398 -42.540513379409546 -36.46302730010056 -35.67251091827632 -30.906537241242685 -35.69971968869359 -29.21259525900747 -25.031677314548272 -22.9066261204358 -19.531921106712563 -18.60555350554482 -16.437872814909134 -15.494022111130139 -15.139256423022816 -12.005471477007996 -6.296246369581732 -3.6097190906212457 -1.9853267937574801 -0.6228160382201656 6.519420077510977 -78.03293218595988 -72.29904449750589 -70.26599783404745 -65.53356426310634 -60.22530586556261 -61.43964398603303 -57.5214659970393 -51.58501944838956 -53.99127287400344 -53.5817824100926 -51.69455975499967 -49.12110515702592 -44.97662561306729 -42.73092367972665 -40.84188260423736 -37.000659300899684 -39.50332161411377 -38.103330930387116 -31.73825516827004 -30.23727156835473 -27.62948594925254 -21.998502869556226 -19.66610247066751 -21.385485329496795 -19.304651987886285 -14.795098190689528 -12.501327682243925 -10.027420597341388 -8.179032796418431 -6.796777363366199 0.6371159542070242 -83.26046287896513 -75.32879989431758 -71.59124129250942 -71.5981661796839 -69.84926662500072 -69.47663733967661 -64.4501364027621 -62.38476968525082 -64.42054865623948 -55.74967361235698 -55.04087259693338 -57.095317711461306 -51.42504298852236 -48.73954339561328 -46.97993970659263 -44.319234615759015 -42.30187606080053 -39.21989985006266 -42.221563065005945 -38.10129095292053 -36.697603331376335 -31.491607917892622 -29.16997969291337 -27.52653876991889 -27.07926945090555 -24.941473319973124 -19.856491930745847 -16.856908915143883 -14.75466422914965 -13.091277568471131 -5.229474067567393 -89.25008588996619 -80.65356453235763 -78.78881263084833 -78.11496865365703 -75.70634192416203 -77.06588071548617 -72.81116072499057 -70.353879657118 -68.15581840588877 -65.44416376813989 -60.89004635504618 -59.65558219924249 -62.85463393048635 -58.79179632129319 -53.20944566923432 -51.009887212216036 -51.742947277917175 -46.11302970895469 -47.81382285935716 -41.7223432777953 -40.44822331569905 -37.988579160277 -36.79625767139565 -33.50547532272688 -32.539669804468595 -29.46356309178248 -25.974226680676225 -23.480920533645666 -21.340863313460584 -19.35867649253258 -11.058598250173048 -96.26330593388964 -88.38346894124963 -86.66771539112496 -84.19643992109867 -84.14008026051421 -80.17956248541476 -80.00593325448416 -76.52999674424662 -76.04832018949725 -72.41105316870338 -69.68637539869408 -65.38477281168313 -61.29112562612496 -61.85289508716608 -59.412047536092786 -56.96918253622978 -57.307086892439855 -54.334575189802436 -51.19589285707071 -48.7380828774741 -46.14371091931916 -41.865296159663195 -42.36752284355085 -39.78392666681247 -35.67854104794702 -33.563469036168684 -31.186142636599747 -29.737908724586998 -27.728945773129233 -25.49471945093138 -16.815057856129982 -103.20562485762451 -95.78278181150577 -93.6761194763843 -90.56040577345688 -87.92525927463345 -85.53605680492129 -81.79541490118409 -76.52579874780801 -77.6886051261354 -77.68456352784253 -75.64545881261323 -69.29829952512635 -69.97167354576557 -68.80333939890396 -62.759044739411884 -63.6200796884573 -57.543164489188115 -58.33073833446414 -56.60534144166388 -53.33480750042629 -50.7685373565971 -49.7456330949785 -48.01494729796411 -44.93215595191774 -41.724352593251545 -38.49928358497642 -36.83300154212236 -35.72046000315463 -33.74000415149231 -31.39773513385861 -22.45377791119927 -109.68195498639128 -102.18325572435174 -99.19696842020299 -94.23179510756559 -92.30762571090064 -90.32507681226839 -88.56021272845935 -86.93317178566484 -81.82758785607591 -78.41737434736608 -74.19570949677609 -74.08246043042169 -73.08761166225331 -76.14938157033457 -69.54645746868533 -70.8214356933339 -66.33767570736809 -64.0137292703017 -60.08494649590887 -58.32493656816542 -58.14445802664651 -53.963201250161255 -50.419409013779905 -47.82621910240313 -45.60037625738375 -44.23303775708944 -42.81654644462184 -41.32733529697899 -39.2877604847082 -37.00516907165219 -27.942319741588097 -115.62068741176198 -108.17632667795043 -104.83457396117468 -100.99354390611903 -97.9488491184347 -96.10024633911048 -92.82558485196293 -91.23571741663511 -86.319405935802 -82.68979987207722 -82.92815791138999 -87.0701840788801 -76.97669952640979 -76.05634032903829 -73.52819565410154 -70.11809285385966 -71.98430457938392 -69.69854142622356 -64.61231747632766 -60.21863807033268 -59.69530922120876 -59.64811253846919 -53.588978127198416 -51.60543145523603 -49.98775293107757 -49.2472374334319 -47.812179373374185 -46.17879952543622 -44.322031801833916 -42.25349270662956 -33.23545394952725 -121.05729891256526 -113.88286102518705 -110.87260287236782 -107.37853677548127 -103.95942379999968 -100.74875991884406 -98.06250607544851 -95.39577581434163 -92.27453942520467 -89.14786251063511 -86.8547128173672 -84.97497990601512 -83.86816600856599 -83.79671731891166 -80.15952565198714 -75.6085444090364 -77.3392967206201 -68.63299088622162 -67.41496911492897 -72.21391256350564 -63.01987203695093 -64.05283490629944 -59.68411937876571 -57.206153157217216 -55.076797079526806 -53.76475447366691 -52.08634959458656 -50.536544080392964 -49.03342363185068 -47.2313544904658 -38.37264402409735 -126.20993850692582 -119.18433531387271 -116.44974120714666 -113.09524749229995 -109.35923961524212 -105.33343467672897 -102.96340298133495 -100.56765913602806 -98.54118509094612 -96.23872443020772 -94.08715493570907 -90.76119220310733 -88.62751117508068 -85.55375947756009 -83.3719984627892 -82.53727158210378 -79.88551503377553 -74.85782342493769 -75.053748373993 -71.97724080192431 -67.65281479271252 -66.98320118241129 -64.90854323270091 -63.11774224949193 -60.664327144157774 -58.36011658236687 -56.763244278091136 -55.422927406445986 -53.940235667904254 -52.186884292288546 -43.44768214236184 -131.32337058282326 -124.27287664138798 -121.6046330829122 -118.29543265847242 -114.57917882307075 -110.85355626134864 -107.9943298936163 -105.75337748293197 -103.53843778907078 -99.54384369036065 -100.56142274648055 -99.79619879242422 -94.97878036925512 -92.68111623910477 -88.13920629553762 -86.87368607801506 -86.1973443428268 -84.40592298630597 -83.67542678388605 -78.52069129395518 -76.22599777804938 -73.12192076500115 -70.86360168945946 -69.1303188364363 -66.87045372937737 -64.56763729793695 -62.682326031181745 -61.05377794191941 -59.281148696767296 -57.35358346601628 -48.670776561138084 -136.95718568319626 -129.87427034711206 -127.26879151583944 -124.06814251308221 -120.49700946733381 -116.86782138177783 -113.87958802726104 -111.48282451354358 -109.40402247079257 -107.10361419321029 -103.7619042726912 -99.48944728978854 -101.59555633886542 -99.03900466611414 -98.87936061575014 -94.869885768831 -91.98817908976201 -89.86081282358312 -88.30469117067223 -85.9595099909776 -82.58862319699281 -79.23346051387624 -77.03453252506102 -75.29728216607899 -73.30992584852493 -71.20769938257546 -69.175938519169 -67.29309720267356 -65.29888994686678 -63.24133583960643 -54.65493558559608 -142.83808756533605 -135.7527888502301 -133.1944950363178 -130.14474392056906 -126.85789797372271 -123.43747690441143 -120.38180694807619 -117.61407025747783 -115.03282586841037 -112.22191466120833 -108.33891180092942 -105.2149672167317 -105.96609431240415 -105.93664584598616 -103.9580974583091 -100.37836647667737 -96.91705739566714 -94.1448918681107 -92.01387772810072 -89.9418959228578 -87.39071289864388 -84.8732029434685 -82.91938000950215 -81.2206902250316 -79.46316249402993 -77.59430770156698 -75.56037862595826 -73.60918327997774 -71.56817109322182 -69.49516067249643 -61.06019646826453 -149.06801225526124 -141.9898424388494 -139.4611191150293 -136.5012221748353 -133.39157417938574 -130.10376889854604 -127.00951861253746 -124.01631529298582 -121.06253723496236 -117.95314649005424 -114.52606748447178 -111.84377657469274 -111.22732540062066 -110.73818604475589 -108.41441250891621 -105.13927553579458 -101.9405550767708 -99.11388184832086 -96.85131306644223 -94.8585311973235 -92.8430290237529 -90.90609684936032 -89.13589411100597 -87.47740679015385 -85.8720536541762 -84.17342647840461 -82.20413357922143 -80.28019590731168 -78.27384281591144 -76.23842776890154 -67.9667041413162 -152.84080234255052 -145.7287667494817 -143.19473752103772 -140.23376482018966 -137.13394604531214 -133.8492991435326 -130.71578448435008 -127.68130304676231 -124.72153356983681 -121.74809721304821 -118.70145228463191 -115.9648292892314 -114.20739619426044 -112.57630323068754 -110.1866285580048 -107.41421827414531 -104.70864613600259 -102.21903604831225 -100.0617629543592 -98.10522217746289 -96.2396000377944 -94.46729243318319 -92.76991154459547 -91.15199653702129 -89.61641312355833 -87.99633163543866 -86.0944899693726 -84.23323165106474 -82.2910994072162 -80.31052064727128 -72.17918476720092 -172.31177567082432 -165.6516593090803 -163.27778195006118 -160.49883273707295 -157.58053636520003 -154.48024759765966 -151.51112330700508 -148.6387046908095 -145.85410040629776 -143.15891525788126 -140.55728895876612 -137.9303382533495 -135.16830944199182 -132.4860096300094 -130.0974622680944 -127.89012630483127 -125.75202632137757 -123.67875622264262 -121.66600004303434 -119.7334306289672 -117.9029823987728 -116.15273779610497 -114.45953731541206 -112.84518160629926 -111.32920825076908 -109.74227863045152 -107.88335481179715 -106.06923325089478 -104.17479044583214 -102.22781557881561 -94.10197684008182)
(UseCyclicTransform "false")
(UseDirectionCosines "true")

// ResampleInterpolator specific
(ResampleInterpolator "FinalNearestNeighborInterpolator")

// Resampler specific
(CompressResultImage "true")
(DefaultPixelValue 0)
(Resampler "DefaultResampler")
(ResultImageFormat "mha")
(ResultImagePixelType "float")
