(BSplineTransformSplineOrder 3)
(Direction 1 0 0 1)
(FixedImageDimension 2)
(FixedInternalImagePixelType "float")
(GridDirection 1 0 0 1)
(GridIndex 0 0)
(GridOrigin -1740.9013307347122 -1665.0882857198544)
(GridSize 7 7)
(GridSpacing 1619.8641378785221 1615.9913483742575)
(HowToCombineTransforms "Compose")
(Index 0 0)
(InitialTransformParameterFileName "results/lungTMA2/my_reg_project-modality_fluo_to_modality_brightfield_reg_output/TransformParameters.0.txt")
(MovingImageDimension 2)
(MovingInternalImagePixelType "float")
(NumberOfParameters 98)
(Origin 0 0)
(Size 5552 6184)
(Spacing 1 1)
(Transform "BSplineTransform")
(TransformParameters -391.35605325379686 -130.66939911259644 -30.803804922436722 78.58969190603504 185.69237066604651 281.3215885829709 512.8656954527172 -481.5425357598546 -203.90448883614602 -89.15204272160817 46.10761007047951 177.91794288458053 291.406623025692 547.7367472595414 -499.5348527153299 -228.58573102368067 -102.77573462984697 31.196580184576696 162.08145985332445 282.0270317699512 542.3067568240215 -513.147622509199 -245.7832628117373 -122.88467343491031 5.866583280167377 134.8215083324632 269.8220297340467 528.3898006022116 -521.7061150936 -260.2382737650947 -145.05299307573358 -5.932348269303709 119.97545736010149 242.07643929445013 504.35230056024585 -525.3021086133906 -262.7151711732206 -156.77656300023366 -34.586061446192545 90.83693505846776 207.54917980388322 477.4413405623084 -490.8823476705257 -255.7824518300588 -164.99198753601877 -65.45041351016785 35.479388111779954 128.85467368093651 378.10267682074607 87.91721484937358 140.50700655712586 156.49163628959707 172.9539397964482 184.4666036540849 194.5136467345618 205.11071571416497 -15.43483418720464 29.691695872929643 49.17660922691076 76.82915854393725 78.95508855002835 96.15447894407103 122.8260904832092 -51.95906937863169 -12.673966072504417 1.423641917909771 18.30555211737984 39.5912280373692 54.82483489753007 90.25353218541623 -92.2472148037627 -53.1151188509866 -33.17082096349779 -21.27940770916647 3.924578067177785 10.117162980719913 53.44854702687837 -134.6372969983724 -118.58974197494963 -96.23069725856898 -74.59208219653058 -62.85486780827302 -37.92004059474098 13.854971538455835 -172.26180449240678 -149.97820176465564 -119.42511039425194 -96.396758501718 -81.91464690364698 -75.4998033348455 -23.758535158081575 -257.4096835257541 -247.38776831942482 -234.12443133130975 -218.16975708997015 -201.78251905492976 -185.89647742743617 -127.11261757804525)
(UseCyclicTransform "false")
(UseDirectionCosines "true")

// ResampleInterpolator specific
(ResampleInterpolator "FinalNearestNeighborInterpolator")

// Resampler specific
(CompressResultImage "true")
(DefaultPixelValue 0)
(Resampler "DefaultResampler")
(ResultImageFormat "mha")
(ResultImagePixelType "float")
