1:ItNr	2:Metric	3a:Time	3b:StepSize	4:||Gradient||	Time[ms]
0	-0.105403	0.000000	5123.797605	0.000397	43.0
1	-0.109635	0.000000	5123.797605	0.000233	0.7
2	-0.103191	0.999288	4891.055949	0.000079	0.7
3	-0.099715	0.603289	4980.711423	0.000267	0.7
4	-0.107495	1.282009	4828.996752	0.000450	0.8
5	-0.102243	0.608139	4979.593661	0.000524	0.8
6	-0.103092	0.000000	5123.797605	0.000316	0.7
7	-0.100802	0.853334	4923.722325	0.000333	0.7
8	-0.105871	0.167555	5083.239321	0.000264	0.7
9	-0.102393	0.000000	5123.797605	0.000166	0.6
10	-0.108114	0.000000	5123.797605	0.000221	0.8
11	-0.103092	0.835371	4927.772885	0.000340	0.9
12	-0.099861	0.149890	5087.484988	0.000409	0.8
13	-0.106011	0.000000	5123.797605	0.000383	1.0
14	-0.101192	0.000000	5123.797605	0.000127	0.9
15	-0.098536	0.914424	4909.996773	0.000278	0.9
16	-0.100387	0.741192	4949.119191	0.000194	0.9
17	-0.104272	0.072420	5106.188489	0.000462	0.7
18	-0.105142	0.000000	5123.797605	0.000451	0.8
19	-0.102400	0.999871	4890.926499	0.000382	0.9
20	-0.099704	1.999871	4678.276325	0.000313	0.8
21	-0.102369	1.435130	4796.038584	0.000529	0.8
22	-0.102528	2.365515	4605.066457	0.000148	0.7
23	-0.102355	3.364841	4416.189262	0.000477	0.7
24	-0.101248	2.694775	4541.075065	0.000658	0.7
25	-0.100515	2.008993	4676.421472	0.000308	0.9
26	-0.099166	1.323212	4820.083635	0.000224	0.8
27	-0.106135	0.638037	4972.713084	0.000304	0.7
28	-0.097082	0.106702	5097.895000	0.000208	0.8
29	-0.105993	0.000000	5123.797605	0.000354	0.8
30	-0.100992	0.000000	5123.797605	0.000059	0.9
31	-0.101330	0.794931	4936.916369	0.000281	0.9
32	-0.098467	1.310664	4822.794518	0.000360	0.9
33	-0.096838	2.310426	4615.949505	0.000371	0.9
34	-0.099352	3.310243	4426.107545	0.000273	0.8
35	-0.102913	4.309511	4251.356300	0.000413	0.9
36	-0.100339	3.763642	4345.069633	0.000251	0.8
37	-0.106519	3.127971	4459.544113	0.000245	0.9
38	-0.104482	4.126790	4282.272045	0.000529	0.9
39	-0.096211	5.126744	4118.375799	0.000292	0.9
40	-0.098326	4.440963	4229.389871	0.000393	0.8
41	-0.103695	5.403206	4075.253271	0.000259	1.0
42	-0.106609	5.594344	4045.963685	0.000587	0.7
43	-0.107105	6.349735	3934.215406	0.000245	1.0
44	-0.102745	5.664102	4035.378754	0.000435	0.9
45	-0.105808	4.978743	4141.838203	0.000459	0.7
46	-0.098623	5.978743	3988.315920	0.000227	0.8
47	-0.106720	5.422639	4072.255950	0.000689	0.7
48	-0.105785	4.736858	4180.764799	0.000217	0.8
49	-0.103369	4.058289	4293.978301	0.000256	0.7
50	-0.102308	5.052779	4130.067970	0.000324	0.9
51	-0.104089	5.221133	4103.550679	0.000305	0.8
52	-0.112239	6.220662	3952.870352	0.000173	0.7
53	-0.102455	5.540969	4054.100271	0.000263	0.8
54	-0.097617	6.510150	3911.274518	0.000384	0.8
55	-0.103955	7.510020	3774.102878	0.000219	0.7
56	-0.096276	8.469852	3651.180569	0.000173	0.8
57	-0.106740	8.078046	3700.377625	0.000161	0.8
58	-0.105942	8.591455	3636.176402	0.000270	0.6
59	-0.102719	9.559959	3520.938960	0.000273	0.8
60	-0.106086	9.178506	3565.443186	0.000090	0.9
61	-0.103924	9.606631	3515.569866	0.000220	0.7
62	-0.100397	10.389004	3427.944032	0.000151	0.8
63	-0.100396	9.862953	3486.372461	0.000145	0.6
64	-0.098554	10.694350	3394.918951	0.000179	0.7
65	-0.103810	10.521756	3413.507493	0.000083	0.8
66	-0.106022	11.127030	3349.196942	0.000622	0.7
67	-0.102832	10.462576	3419.928140	0.000305	0.8
68	-0.108346	11.462576	3314.578272	0.000311	0.7
69	-0.102503	10.885528	3374.563796	0.000239	0.7
70	-0.107338	10.200042	3448.705335	0.000278	0.8
71	-0.103893	9.915418	3480.455890	0.000137	0.7
72	-0.102330	10.867887	3376.431930	0.000350	0.8
73	-0.101263	11.560151	3304.645270	0.000200	0.9
74	-0.104142	11.625722	3298.003668	0.000190	0.7
75	-0.101034	11.901087	3270.401094	0.000258	0.8
76	-0.101769	11.917117	3268.808464	0.000192	0.8
77	-0.104021	12.661403	3196.531912	0.000125	0.7
78	-0.105307	13.520504	3116.980849	0.000070	0.8
79	-0.101248	13.622843	3107.767556	0.000196	0.8
80	-0.097750	13.505169	3118.366152	0.000365	0.9
81	-0.105536	12.827494	3180.837195	0.000279	0.9
82	-0.098737	12.389338	3222.578100	0.000610	0.9
83	-0.103527	13.389338	3128.869461	0.000266	0.8
84	-0.104497	12.826974	3180.886081	0.000265	0.7
85	-0.106220	13.201018	3146.097867	0.000482	0.8
86	-0.105175	12.538366	3208.258574	0.000091	0.8
87	-0.103751	12.192104	3241.727287	0.000275	1.0
88	-0.103814	12.353057	3226.083554	0.000518	0.9
89	-0.108254	13.351476	3132.318063	0.000349	0.9
90	-0.105857	14.349514	3043.881980	0.000205	1.0
91	-0.099164	13.663958	3104.081440	0.000236	0.8
92	-0.104102	13.345754	3132.839976	0.000332	0.8
93	-0.104306	12.666266	3196.070229	0.000201	0.9
94	-0.102843	11.980782	3262.498466	0.000362	0.9
95	-0.103806	12.968281	3167.653647	0.000242	0.9
96	-0.111046	12.282566	3232.916259	0.000105	0.8
97	-0.097753	11.890652	3271.438613	0.000187	1.0
98	-0.104122	11.735854	3286.908264	0.000245	1.0
99	-0.109055	11.065597	3355.613515	0.000188	0.9
100	-0.103089	12.036887	3256.957860	0.000330	0.8
101	-0.100581	11.964465	3264.113370	0.000152	1.0
102	-0.099897	12.935700	3170.694852	0.000081	0.9
103	-0.103062	12.818641	3181.669858	0.000376	0.9
104	-0.102304	13.741720	3097.133661	0.000258	1.0
105	-0.103883	13.148015	3150.981116	0.000218	0.8
106	-0.099734	12.463434	3215.442554	0.000295	0.8
107	-0.107138	13.460672	3122.392710	0.000460	0.9
108	-0.105768	14.460620	3034.344833	0.000304	0.9
109	-0.101318	15.395498	2956.402755	0.000321	0.9
110	-0.101284	14.778359	3007.397573	0.000311	1.0
111	-0.101065	14.092596	3066.166706	0.000221	0.9
112	-0.101596	13.408780	3127.101527	0.000434	0.8
113	-0.105303	14.408550	3038.807045	0.000540	0.8
114	-0.102681	15.408550	2955.342939	0.000435	1.0
115	-0.101630	16.408484	2876.346175	0.000312	0.9
116	-0.109732	17.408194	2801.479011	0.000612	0.9
117	-0.106764	16.722413	2852.408992	0.000460	0.9
118	-0.108118	17.722413	2778.745995	0.000481	0.9
119	-0.105630	18.722413	2708.791889	0.000394	1.0
120	-0.105847	19.413270	2662.485597	0.000209	1.0
121	-0.104933	18.736475	2707.833271	0.000494	0.9
122	-0.104320	18.050706	2755.385486	0.000467	0.9
123	-0.104417	19.050637	2686.592732	0.000297	0.9
124	-0.108194	18.365244	2733.369300	0.000454	0.9
125	-0.107205	19.365140	2665.660247	0.000100	1.0
126	-0.108541	18.683333	2711.459504	0.000323	0.9
127	-0.103474	19.500864	2656.727280	0.000227	1.2
128	-0.104225	19.848770	2634.100134	0.000233	1.1
129	-0.105338	20.741781	2577.746985	0.000328	1.1
130	-0.109673	21.698997	2519.959657	0.000125	1.2
131	-0.103570	21.029261	2560.115215	0.000395	1.1
132	-0.106237	22.024259	2500.908831	0.000535	0.9
133	-0.108737	22.970453	2447.092158	0.000261	0.9
134	-0.103976	22.284790	2485.855856	0.000172	0.9
135	-0.101977	23.177625	2435.616431	0.000328	0.9
136	-0.103873	22.499962	2473.559605	0.000216	0.9
137	-0.104821	22.080263	2497.657669	0.000342	0.9
138	-0.102535	21.403104	2537.544160	0.000131	0.9
139	-0.100805	22.294393	2485.304488	0.000270	0.9
140	-0.109003	21.649900	2522.860543	0.000168	0.9
141	-0.106663	21.101127	2555.745133	0.000322	0.9
142	-0.105757	21.495533	2532.024950	0.000160	0.9
143	-0.105679	22.076371	2497.883341	0.000246	1.0
144	-0.105180	21.439028	2535.396169	0.000162	1.0
145	-0.107905	22.375422	2480.661728	0.000411	0.9
146	-0.106188	23.374672	2424.800998	0.000465	1.1
147	-0.104245	23.134680	2437.986419	0.000399	1.0
148	-0.104553	22.450117	2476.397236	0.000192	1.1
149	-0.106676	21.787518	2514.746238	0.000326	0.9
150	-0.101282	22.283751	2485.915571	0.000125	1.0
151	-0.106586	21.608815	2525.293181	0.000402	0.9
152	-0.108857	21.145655	2553.044884	0.000537	1.0
153	-0.106781	20.459883	2595.273816	0.000210	0.8
154	-0.098931	21.459800	2534.155802	0.000464	0.8
155	-0.105289	20.774135	2575.750543	0.000154	0.8
156	-0.099915	21.717945	2518.841875	0.000290	0.8
157	-0.110253	21.048716	2558.930689	0.000295	0.8
158	-0.107595	20.362987	2601.353469	0.000376	0.9
159	-0.104834	19.677513	2645.189950	0.000204	0.8
160	-0.106248	18.996867	2690.204437	0.000280	1.0
161	-0.105695	18.398405	2731.068675	0.000313	0.9
162	-0.106634	19.398291	2663.472779	0.000507	0.9
163	-0.108816	18.718443	2709.062656	0.000212	1.0
164	-0.107878	19.717601	2642.585710	0.000375	1.0
165	-0.097858	20.716740	2579.294310	0.000485	0.8
166	-0.106525	20.030961	2622.403835	0.000291	0.8
167	-0.098551	21.030726	2560.025969	0.000384	1.1
168	-0.102202	20.345653	2602.444089	0.000520	0.9
169	-0.105881	19.659871	2646.337677	0.000197	1.0
170	-0.105111	20.658027	2582.929597	0.000341	1.1
171	-0.103952	21.657120	2522.433529	0.000628	0.9
172	-0.103645	20.971339	2563.648268	0.000247	0.8
173	-0.102878	21.971339	2503.988781	0.000295	0.9
174	-0.102923	22.891915	2451.470830	0.000373	0.8
175	-0.105734	23.826604	2400.354728	0.000069	1.1
176	-0.103503	23.349906	2426.155079	0.000295	1.0
177	-0.107095	23.765965	2403.606192	0.000270	0.9
178	-0.101183	24.765536	2351.108679	0.000305	0.7
179	-0.102672	24.134933	2383.957240	0.000511	0.8
180	-0.107444	25.134933	2332.283659	0.000252	0.9
181	-0.103774	26.047764	2287.032165	0.000652	0.9
182	-0.098383	25.361997	2320.860968	0.000355	0.8
183	-0.099859	24.676216	2355.706306	0.000363	0.9
184	-0.103764	25.676215	2305.237269	0.000177	0.9
185	-0.101081	26.675406	2256.923617	0.000374	1.0
186	-0.101525	27.673961	2210.622413	0.000441	0.8
187	-0.100317	28.673814	2166.126188	0.000239	0.9
188	-0.099672	29.374015	2136.016954	0.000213	0.9
189	-0.105312	30.347609	2095.516274	0.000166	0.9
190	-0.106026	31.223382	2060.374972	0.000344	1.0
191	-0.097273	32.214845	2021.987466	0.000437	0.8
192	-0.103300	31.529068	2048.384918	0.000162	0.7
193	-0.100756	30.900680	2073.185726	0.000471	0.8
194	-0.105217	30.224515	2100.551850	0.000335	0.9
195	-0.107102	29.541393	2128.943092	0.000253	0.9
196	-0.102186	29.605164	2126.260268	0.000152	0.9
197	-0.100142	30.226466	2100.471847	0.000226	1.0
198	-0.100576	31.059810	2066.848689	0.000111	1.0
199	-0.107092	30.559860	2086.889874	0.000346	1.0
