1:ItNr	2:Metric	3a:Time	3b:StepSize	4:||Gradient||	Time[ms]
0	-0.622321	0.000000	30788.106897	0.000506	14.8
1	-0.627003	0.000000	30788.106897	0.000088	0.9
2	-0.620517	1.000000	29388.647492	0.000104	0.7
3	-0.632058	1.999995	28110.886494	0.000065	0.9
4	-0.623897	2.999903	26939.702771	0.000082	0.8
5	-0.619748	3.970686	25892.370561	0.000143	0.8
6	-0.625781	3.949464	25914.393854	0.000103	0.7
7	-0.628754	4.949393	24915.813458	0.000174	0.7
8	-0.626671	4.928216	24936.164207	0.000125	0.7
9	-0.619407	5.090657	24780.910466	0.000007	0.8
10	-0.623071	5.080647	24790.422151	0.000102	0.8
11	-0.620153	5.100467	24771.596837	0.000192	0.8
12	-0.628321	6.100467	23857.531524	0.000071	0.9
13	-0.620027	7.100467	23008.523395	0.000163	0.8
14	-0.628396	7.079244	23025.913393	0.000215	0.9
15	-0.624610	8.079244	22234.080110	0.000058	0.8
16	-0.619841	9.079244	21494.896640	0.000156	0.7
17	-0.626692	9.058024	21510.071487	0.000191	0.9
18	-0.622771	10.058024	20817.494539	0.000150	0.8
19	-0.618268	11.058024	20168.125303	0.000051	0.7
20	-0.621698	12.047037	19564.545266	0.000066	0.7
21	-0.625157	12.025875	19577.081649	0.000087	0.7
22	-0.627985	12.621071	19230.506913	0.000145	0.8
23	-0.616335	13.621071	18675.050189	0.000090	0.8
24	-0.623258	13.610714	18680.638847	0.000134	0.8
25	-0.622667	13.589491	18692.100670	0.000185	0.7
26	-0.623466	14.589491	18166.886618	0.000154	0.8
27	-0.618731	15.589491	17670.381031	0.000253	0.8
28	-0.628914	16.589491	17200.292700	0.000024	0.7
29	-0.622926	16.871849	17072.054014	0.000102	0.8
30	-0.623702	16.852719	17080.681748	0.000133	0.8
31	-0.621368	17.852719	16641.055328	0.000046	0.8
32	-0.624321	17.859270	16638.249770	0.000124	0.9
33	-0.631964	18.803960	16243.364721	0.000090	0.8
34	-0.629299	18.784281	16251.399655	0.000060	0.8
35	-0.625482	19.616250	15918.511715	0.000068	0.8
36	-0.624113	19.598321	15925.541309	0.000099	0.8
37	-0.620083	19.577517	15933.706462	0.000061	0.8
38	-0.628199	19.563985	15939.021980	0.000113	0.8
39	-0.616397	19.594463	15927.054890	0.000100	0.9
40	-0.618486	20.182771	15699.532368	0.000027	0.8
41	-0.628619	20.192204	15695.937303	0.000151	0.8
42	-0.616851	21.168279	15332.621248	0.000120	0.8
43	-0.622090	22.168230	14977.455667	0.000081	0.8
44	-0.633975	22.150939	14983.457136	0.000073	0.7
45	-0.624464	22.130082	14990.702989	0.000075	0.8
46	-0.613069	23.128726	14651.459644	0.000062	0.8
47	-0.629120	23.841163	14418.676840	0.000076	0.7
48	-0.616888	23.820049	14425.469543	0.000122	0.8
49	-0.626982	23.798826	14432.303438	0.000101	0.7
50	-0.629976	24.798555	14117.263002	0.000074	0.8
51	-0.627071	24.777339	14123.805713	0.000026	0.8
52	-0.618478	24.804805	14115.336849	0.000197	0.8
53	-0.638570	25.404547	13932.907193	0.000137	0.8
54	-0.622910	26.404547	13638.992197	0.000141	0.9
55	-0.630497	27.404547	13357.221310	0.000097	0.8
56	-0.627348	27.745724	13263.732480	0.000030	0.8
57	-0.623102	27.730539	13267.865790	0.000080	0.8
58	-0.633421	27.761566	13259.423233	0.000063	0.9
59	-0.625523	28.543756	13050.085253	0.000014	0.7
60	-0.622228	28.609763	13032.721982	0.000076	0.8
61	-0.624097	28.594012	13036.861067	0.000078	0.9
62	-0.621005	28.572856	13042.424714	0.000156	0.8
63	-0.624961	29.572856	12784.530943	0.000099	0.7
64	-0.623286	30.572856	12536.638313	0.000083	0.6
65	-0.627834	30.551665	12541.791623	0.000126	0.9
66	-0.625357	31.551665	12303.135245	0.000062	0.7
67	-0.626599	31.530932	12307.991106	0.000120	0.9
68	-0.617629	31.509709	12312.965643	0.000081	0.7
69	-0.626292	32.509704	12082.859772	0.000234	0.9
70	-0.622289	32.749694	12028.910174	0.000075	0.8
71	-0.625703	33.749694	11809.202826	0.000023	0.7
72	-0.629829	33.819168	11794.236789	0.000142	0.8
73	-0.626844	33.815728	11794.976844	0.000067	0.8
74	-0.627655	34.707048	11606.255753	0.000082	0.8
75	-0.625504	34.706251	11606.421710	0.000058	0.8
76	-0.616530	35.670040	11409.031041	0.000019	0.7
77	-0.631823	35.786684	11385.596032	0.000029	0.7
78	-0.622766	35.773553	11388.229480	0.000089	0.7
79	-0.624425	35.752593	11392.435295	0.000039	0.9
80	-0.624726	36.662586	11212.647388	0.000088	0.7
81	-0.624792	36.938451	11159.260197	0.000072	0.7
82	-0.620848	36.917228	11163.349313	0.000076	0.8
83	-0.618611	37.915327	10974.228302	0.000057	0.8
84	-0.618049	37.894110	10978.181827	0.000123	0.7
85	-0.625953	37.885932	10979.706344	0.000035	0.8
86	-0.622375	37.864734	10983.660355	0.000151	0.8
87	-0.628063	38.840998	10804.469591	0.000073	0.8
88	-0.627259	38.819800	10808.298386	0.000086	0.8
89	-0.620707	38.798632	10812.124315	0.000033	0.7
90	-0.623185	38.852317	10802.426398	0.000050	0.9
91	-0.624501	38.833728	10805.782374	0.000025	0.7
92	-0.622991	38.829986	10806.458201	0.000103	0.7
93	-0.617834	38.934429	10787.626688	0.000042	0.6
94	-0.628905	39.308920	10720.640467	0.000096	0.7
95	-0.627527	40.190333	10566.215522	0.000105	0.7
96	-0.628006	40.169110	10569.881501	0.000049	0.7
97	-0.619727	40.149310	10573.304090	0.000086	0.8
98	-0.624904	41.132929	10405.919279	0.000142	0.7
99	-0.626060	42.132929	10241.093740	0.000067	0.8
100	-0.617024	42.111706	10244.537574	0.000028	0.7
101	-0.627586	42.447104	10190.382263	0.000134	0.7
102	-0.623208	42.425894	10193.790059	0.000010	0.7
103	-0.633663	42.450107	10189.899928	0.000148	0.7
104	-0.640383	42.501405	10181.668359	0.000131	0.8
105	-0.627547	42.926472	10113.967259	0.000052	0.7
106	-0.621032	43.926105	9958.247802	0.000118	0.7
107	-0.626255	44.924647	9807.413054	0.000017	0.8
108	-0.630319	45.014708	9794.033310	0.000106	0.7
109	-0.620055	45.033056	9791.311916	0.000096	0.8
110	-0.625385	45.011833	9794.459847	0.000117	0.8
111	-0.624387	46.011832	9648.299730	0.000034	0.8
112	-0.625816	46.974727	9511.626975	0.000063	0.8
113	-0.627965	46.956680	9514.152886	0.000084	0.6
114	-0.624193	46.942736	9516.105466	0.000109	0.8
115	-0.623440	47.942610	9378.093554	0.000107	0.6
116	-0.629649	48.934286	9245.111169	0.000090	0.7
117	-0.618520	49.921951	9116.362908	0.000103	0.9
118	-0.617500	49.900736	9119.090683	0.000090	0.7
119	-0.629279	49.879557	9121.815594	0.000108	0.8
120	-0.622932	50.729865	9013.682779	0.000080	0.8
121	-0.620077	51.729854	8889.750292	0.000082	0.9
122	-0.624738	52.163634	8837.043852	0.000102	0.8
123	-0.624363	52.144365	8839.371879	0.000132	0.8
124	-0.618364	52.132223	8840.839545	0.000100	0.8
125	-0.626303	52.133194	8840.722047	0.000074	0.7
126	-0.624939	52.205688	8831.967375	0.000107	0.8
127	-0.624458	52.184465	8834.528580	0.000151	0.7
128	-0.622836	53.184465	8715.439920	0.000066	0.8
129	-0.627471	53.163242	8717.933979	0.000106	0.9
130	-0.634178	53.941044	8627.451842	0.000066	0.7
131	-0.632753	54.300584	8586.257996	0.000093	0.9
132	-0.627595	54.279366	8588.678092	0.000040	0.7
133	-0.626794	54.260966	8590.777944	0.000080	0.8
134	-0.626020	54.348644	8580.781420	0.000144	0.8
135	-0.626679	55.345950	8468.690818	0.000043	0.9
136	-0.626842	56.341824	8359.645647	0.000030	0.7
137	-0.623953	56.323633	8361.612353	0.000113	0.8
138	-0.615918	56.302498	8363.898451	0.000066	0.9
139	-0.623304	56.281278	8366.195070	0.000050	0.8
140	-0.616051	56.260352	8368.460995	0.000111	0.8
141	-0.624627	56.268900	8367.535291	0.000209	0.8
142	-0.611497	56.247760	8369.825146	0.000123	0.7
143	-0.638624	57.245203	8263.129536	0.000062	0.8
144	-0.623350	57.235771	8264.125672	0.000041	0.8
145	-0.621627	57.710697	8214.261410	0.000032	0.9
146	-0.631133	57.840461	8200.741603	0.000078	0.6
147	-0.622337	57.832431	8201.576870	0.000039	0.9
148	-0.631634	57.918733	8192.608011	0.000063	0.7
149	-0.630615	57.899920	8194.561508	0.000098	0.7
150	-0.626618	58.872926	8094.735974	0.000118	0.7
151	-0.626136	58.851703	8096.887391	0.000069	0.9
152	-0.629602	58.830480	8099.039915	0.000066	0.7
153	-0.619125	58.809729	8101.145773	0.000077	0.7
154	-0.623771	58.790273	8103.121112	0.000081	0.9
155	-0.622643	58.769050	8105.276980	0.000114	0.9
156	-0.640078	59.476642	8034.011238	0.000154	0.8
157	-0.632896	60.476642	7935.406152	0.000090	0.9
158	-0.617794	60.455419	7937.473699	0.000094	0.7
159	-0.619218	60.434206	7939.541353	0.000173	0.9
160	-0.628282	60.422483	7940.684432	0.000124	0.9
161	-0.624631	61.422483	7844.343190	0.000107	0.7
162	-0.625237	61.401323	7846.357606	0.000066	0.8
163	-0.620227	61.414655	7845.088316	0.000175	0.7
164	-0.621712	62.414632	7751.041174	0.000095	0.6
165	-0.628074	63.414631	7659.220151	0.000053	0.9
166	-0.625783	63.393413	7661.145797	0.000095	0.7
167	-0.630680	63.374028	7662.905984	0.000079	0.8
168	-0.634040	64.367945	7573.688792	0.000031	0.7
169	-0.619421	64.361558	7574.255459	0.000086	0.7
170	-0.628836	64.367032	7573.769787	0.000040	0.7
171	-0.631057	64.345873	7575.647425	0.000104	0.8
172	-0.616228	64.331165	7576.953194	0.000100	0.8
173	-0.620073	64.309943	7578.838119	0.000066	0.7
174	-0.621775	65.304850	7491.470578	0.000033	0.8
175	-0.626162	65.284091	7493.272942	0.000075	0.7
176	-0.627383	65.286888	7493.030081	0.000094	0.8
177	-0.612211	65.427586	7480.831970	0.000088	0.8
178	-0.621621	65.458148	7478.187540	0.000094	0.8
179	-0.631908	65.436925	7480.023668	0.000048	0.9
180	-0.629888	65.460020	7478.025621	0.000120	0.8
181	-0.631413	65.444353	7479.380921	0.000048	0.7
182	-0.627354	65.896237	7440.486142	0.000087	0.7
183	-0.611673	65.978320	7433.464430	0.000108	0.7
184	-0.630238	66.978269	7348.976674	0.000056	0.8
185	-0.626306	66.957047	7350.749827	0.000104	0.8
186	-0.623700	67.940598	7269.461375	0.000067	0.8
187	-0.625968	68.792855	7200.464268	0.000080	0.7
188	-0.624165	69.774908	7122.565670	0.000060	0.8
189	-0.628878	70.735124	7048.011863	0.000074	0.8
190	-0.632265	71.629031	6979.995789	0.000059	0.7
191	-0.625105	72.611615	6906.731017	0.000045	0.7
192	-0.626768	72.680556	6901.648234	0.000067	0.8
193	-0.629178	72.659491	6903.200466	0.000098	0.7
194	-0.620445	73.222535	6861.949130	0.000058	0.8
195	-0.627449	73.807047	6819.643302	0.000075	0.7
196	-0.625061	73.807819	6819.587823	0.000116	0.7
197	-0.627975	73.819108	6818.775894	0.000131	0.7
198	-0.620698	74.816439	6747.800835	0.000108	0.7
199	-0.623516	75.816439	6678.103993	0.000149	0.8
