1:ItNr	2:Metric	3a:Time	3b:StepSize	4:||Gradient||	Time[ms]
0	-1.113207	0.000000	63902.095769	0.000483	13.8
1	-1.121511	0.000000	63902.095769	0.000357	0.7
2	-1.120212	1.000000	60997.455052	0.000161	0.8
3	-1.118119	0.987063	61033.344924	0.000171	0.8
4	-1.130975	1.987063	58378.229518	0.000124	0.8
5	-1.116507	2.987063	55944.491352	0.000204	0.8
6	-1.124395	3.987063	53705.553048	0.000171	0.7
7	-1.114587	4.987063	51638.926509	0.000318	0.8
8	-1.128264	5.987063	49725.456806	0.000171	0.7
9	-1.118435	6.987063	47948.726690	0.000142	0.8
10	-1.127841	7.987063	46294.584375	0.000183	0.8
11	-1.127263	8.987063	44750.765791	0.000142	0.7
12	-1.132051	9.987063	43306.589991	0.000217	0.9
13	-1.131215	10.987063	41952.711686	0.000224	0.8
14	-1.117170	11.987063	40680.918792	0.000183	0.8
15	-1.131763	12.987063	39483.965722	0.000104	0.9
16	-1.123447	13.987063	38355.435263	0.000170	0.8
17	-1.124645	14.987063	37289.623480	0.000307	0.7
18	-1.122833	15.987063	36281.443296	0.000195	0.8
19	-1.131741	16.987063	35326.343299	0.000108	0.8
20	-1.133413	17.987063	34420.239042	0.000216	0.9
21	-1.131601	18.987063	33559.454656	0.000287	0.8
22	-1.129835	19.987063	32740.673007	0.000164	0.7
23	-1.121793	20.987063	31960.892973	0.000162	0.7
24	-1.132300	21.987063	31217.392694	0.000129	0.8
25	-1.134702	21.974126	31226.790295	0.000188	0.7
26	-1.123220	22.974126	30516.672930	0.000311	0.8
27	-1.131643	23.974126	29838.134493	0.000146	0.8
28	-1.131900	24.974126	29189.114331	0.000167	0.7
29	-1.121208	24.961189	29197.330268	0.000171	0.8
30	-1.135478	25.961189	28575.597067	0.000128	0.7
31	-1.121374	26.961189	27979.790380	0.000288	0.7
32	-1.125750	27.961189	27408.321610	0.000199	0.8
33	-1.123047	28.961189	26859.729348	0.000126	0.7
34	-1.132256	29.961189	26332.666893	0.000133	0.9
35	-1.130655	30.961189	25825.891211	0.000098	0.8
36	-1.119897	31.961189	25338.253155	0.000070	0.7
37	-1.131511	31.948252	25344.444036	0.000167	0.6
38	-1.121901	32.948252	24874.652281	0.000256	0.7
39	-1.124694	33.948252	24421.959950	0.000149	0.7
40	-1.129326	34.948252	23985.450157	0.000166	0.7
41	-1.115968	35.948252	23564.270414	0.000184	0.9
42	-1.135332	36.948252	23157.627080	0.000285	1.1
43	-1.130344	37.948252	22764.780367	0.000103	0.9
44	-1.126235	38.948252	22385.039847	0.000112	0.8
45	-1.120474	38.935315	22389.871576	0.000138	0.8
46	-1.135682	39.935315	22022.434869	0.000186	0.7
47	-1.128008	40.935315	21666.863337	0.000272	0.8
48	-1.129536	41.935315	21322.591393	0.000172	0.8
49	-1.129509	42.935315	20989.088832	0.000185	0.7
50	-1.132763	43.935315	20665.858110	0.000173	0.8
51	-1.135702	44.935315	20352.431867	0.000264	0.7
52	-1.127331	45.935315	20048.370673	0.000083	0.7
53	-1.127086	46.935315	19753.260971	0.000124	0.7
54	-1.133503	46.922378	19757.023270	0.000181	0.7
55	-1.128882	47.922378	19470.367126	0.000217	0.9
56	-1.123403	48.922378	19191.910249	0.000249	0.7
57	-1.129880	49.922378	18921.305812	0.000178	0.7
58	-1.138285	50.922378	18658.226278	0.000204	0.7
59	-1.121779	51.922378	18402.362074	0.000106	0.8
60	-1.123896	52.922378	18153.420381	0.000131	0.8
61	-1.119365	53.922378	17911.124010	0.000185	0.8
62	-1.123849	54.922378	17675.210379	0.000311	0.8
63	-1.125268	55.922378	17445.430557	0.000179	0.8
64	-1.135424	56.922378	17221.548395	0.000151	0.8
65	-1.126696	57.922378	17003.339710	0.000176	0.8
66	-1.128520	58.922378	16790.591541	0.000085	0.8
67	-1.121635	59.922378	16583.101451	0.000151	0.8
68	-1.125935	59.909442	16585.752966	0.000189	0.7
69	-1.130882	60.909442	16383.264063	0.000274	0.8
70	-1.122725	61.909442	16185.659740	0.000146	0.7
71	-1.122398	62.909442	15992.765360	0.000132	0.7
72	-1.127731	63.909442	15804.414511	0.000135	0.7
73	-1.123086	64.909442	15620.448533	0.000248	0.7
74	-1.124082	65.909442	15440.716064	0.000128	0.7
75	-1.126742	66.909442	15265.072631	0.000072	0.7
76	-1.126902	67.909442	15093.380262	0.000159	0.6
77	-1.126896	68.909442	14925.507123	0.000153	0.8
78	-1.126139	69.909442	14761.327178	0.000156	0.7
79	-1.129485	70.909442	14600.719879	0.000143	0.7
80	-1.127007	71.909442	14443.569866	0.000121	0.8
81	-1.126892	72.909442	14289.766696	0.000252	0.7
82	-1.121929	73.909442	14139.204576	0.000138	0.7
83	-1.132106	74.909442	13991.782129	0.000025	0.9
84	-1.123004	75.909442	13847.402161	0.000138	0.8
85	-1.126343	75.896505	13849.250951	0.000189	0.8
86	-1.129888	76.896505	13707.782663	0.000141	0.9
87	-1.126267	77.896505	13569.175311	0.000182	0.7
88	-1.132649	78.896505	13433.342978	0.000302	0.7
89	-1.126264	79.896505	13300.203153	0.000251	0.8
90	-1.122184	80.896505	13169.676564	0.000149	0.8
91	-1.127357	81.896505	13041.687022	0.000100	0.7
92	-1.131898	81.883568	13043.326914	0.000145	0.7
93	-1.126255	81.870631	13044.967218	0.000182	0.8
94	-1.128547	82.870631	12919.378617	0.000130	0.8
95	-1.124516	82.858134	12920.933257	0.000082	0.8
96	-1.129291	83.858134	12797.710262	0.000154	0.8
97	-1.134091	84.858134	12676.815345	0.000280	0.8
98	-1.131098	85.858134	12558.183146	0.000170	0.8
99	-1.132618	86.858134	12441.750729	0.000177	0.7
100	-1.117778	87.858134	12327.457471	0.000197	0.8
101	-1.126288	88.858134	12215.244956	0.000159	0.8
102	-1.129941	89.858134	12105.056875	0.000121	0.6
103	-1.120428	89.845197	12106.469665	0.000150	0.8
104	-1.127459	90.845197	11998.226575	0.000271	0.7
105	-1.134722	91.845197	11891.901920	0.000171	0.8
106	-1.133517	92.845197	11787.445147	0.000080	0.8
107	-1.121602	92.832260	11788.784767	0.000130	0.6
108	-1.132659	93.832260	11686.123853	0.000147	0.7
109	-1.122912	94.832260	11585.235518	0.000256	0.8
110	-1.123229	95.832260	11486.074246	0.000150	0.7
111	-1.127509	96.832260	11388.596066	0.000164	0.8
112	-1.125111	97.832260	11292.758487	0.000154	0.8
113	-1.125958	98.832260	11198.520437	0.000127	0.8
114	-1.131249	99.832260	11105.842203	0.000187	0.7
115	-1.126361	100.832260	11014.685376	0.000268	0.8
116	-1.121357	101.832260	10925.012799	0.000106	0.8
117	-1.129733	102.832260	10836.788512	0.000167	0.7
118	-1.129066	103.832260	10749.977711	0.000102	0.7
119	-1.122136	103.819323	10751.091885	0.000152	0.7
120	-1.136455	103.806386	10752.206290	0.000283	0.7
121	-1.121665	104.806386	10666.739991	0.000128	0.9
122	-1.132919	105.806386	10582.621672	0.000140	0.8
123	-1.115627	106.806386	10499.819693	0.000115	0.7
124	-1.129502	107.806386	10418.303396	0.000119	0.8
125	-1.134531	108.806386	10338.043066	0.000167	0.7
126	-1.127351	109.806386	10259.009898	0.000262	0.8
127	-1.127256	110.806386	10181.175962	0.000153	0.9
128	-1.133059	111.806386	10104.514167	0.000141	0.9
129	-1.130643	112.806386	10028.998233	0.000253	0.8
130	-1.119024	113.806386	9954.602661	0.000294	0.7
131	-1.132647	114.806386	9881.302701	0.000172	0.8
132	-1.126441	115.806386	9809.074328	0.000079	0.8
133	-1.127495	116.806386	9737.894214	0.000080	0.7
134	-1.126795	116.793449	9738.808462	0.000115	0.8
135	-1.123113	117.793449	9668.640824	0.000216	0.7
136	-1.131345	118.793449	9599.477062	0.000177	0.7
137	-1.134865	119.793449	9531.295786	0.000084	0.7
138	-1.135189	120.793449	9464.076208	0.000093	0.8
139	-1.126603	120.780513	9464.939762	0.000146	0.7
140	-1.133096	121.780513	9398.649624	0.000272	0.7
141	-1.126762	122.780513	9333.281589	0.000191	0.8
142	-1.120544	123.780513	9268.816549	0.000087	0.7
143	-1.130877	124.780513	9205.235921	0.000182	0.7
144	-1.132091	125.780513	9142.521629	0.000148	0.8
145	-1.120722	126.780513	9080.656086	0.000118	0.7
146	-1.131182	126.767576	9081.451083	0.000190	0.8
147	-1.133068	127.767576	9020.406524	0.000071	0.7
148	-1.126951	128.767576	8960.177155	0.000070	0.9
149	-1.130948	128.754639	8960.951196	0.000123	0.9
150	-1.127723	129.754639	8901.510563	0.000307	0.8
151	-1.125507	130.754639	8842.853308	0.000198	0.8
152	-1.119993	131.754639	8784.964046	0.000122	0.7
153	-1.127696	132.754639	8727.827792	0.000192	0.8
154	-1.129430	133.754639	8671.429949	0.000196	0.7
155	-1.125317	134.754639	8615.756295	0.000155	0.7
156	-1.128120	135.754639	8560.792969	0.000261	0.8
157	-1.125481	136.754639	8506.526464	0.000143	0.7
158	-1.125123	137.754639	8452.943611	0.000133	0.7
159	-1.128158	138.754639	8400.031572	0.000212	0.6
160	-1.129641	139.754639	8347.777829	0.000131	0.8
161	-1.131152	140.754639	8296.170173	0.000127	0.7
162	-1.125268	140.741702	8296.833737	0.000156	0.7
163	-1.130247	141.741702	8245.852129	0.000044	0.8
164	-1.127551	142.741702	8195.493228	0.000107	0.8
165	-1.136014	142.728765	8196.140784	0.000191	0.8
166	-1.120954	143.728765	8146.385414	0.000283	0.7
167	-1.131788	144.728765	8097.230486	0.000116	0.9
168	-1.120761	145.728765	8048.665198	0.000120	0.8
169	-1.127374	146.728765	8000.679004	0.000140	0.8
170	-1.123083	147.728765	7953.261606	0.000080	0.7
171	-1.129906	148.728765	7906.402951	0.000182	0.8
172	-1.125300	149.728765	7860.093222	0.000299	0.8
173	-1.133172	150.728765	7814.322828	0.000145	0.7
174	-1.136827	151.728765	7769.082402	0.000120	0.8
175	-1.125483	152.728765	7724.362794	0.000166	0.8
176	-1.132857	153.728765	7680.155060	0.000282	0.8
177	-1.129741	154.728765	7636.450461	0.000118	0.8
178	-1.134788	155.728765	7593.240459	0.000079	0.8
179	-1.129978	155.715829	7593.796336	0.000153	0.7
180	-1.129361	156.715829	7551.066341	0.000133	0.8
181	-1.137669	157.715829	7508.814536	0.000189	0.7
182	-1.128553	158.715829	7467.032938	0.000286	0.7
183	-1.126587	159.715829	7425.713741	0.000085	0.6
184	-1.123208	160.715829	7384.849311	0.000097	0.8
185	-1.126543	161.715829	7344.432182	0.000154	0.7
186	-1.128783	162.715829	7304.455048	0.000117	0.7
187	-1.132397	163.715829	7264.910765	0.000140	0.8
188	-1.128100	164.715829	7225.792340	0.000166	0.8
189	-1.126918	165.715829	7187.092930	0.000136	0.7
190	-1.123897	166.715829	7148.805839	0.000211	0.8
191	-1.133014	167.715829	7110.924513	0.000137	0.6
192	-1.125979	168.715829	7073.442535	0.000069	0.8
193	-1.125663	169.715829	7036.353623	0.000252	0.7
194	-1.122433	170.715829	6999.651627	0.000319	0.7
195	-1.137031	171.715829	6963.330523	0.000090	0.7
196	-1.126970	172.715828	6927.384438	0.000202	0.8
197	-1.129557	173.715828	6891.807543	0.000066	0.7
198	-1.135866	174.715828	6856.594206	0.000137	0.7
199	-1.129962	174.702891	6857.047456	0.000134	0.6
