1:ItNr	2:Metric	3a:Time	3b:StepSize	4:||Gradient||	Time[ms]
0	-0.052969	0.000000	806.975211	0.000954	60.6
1	-0.052673	0.000000	806.975211	0.000202	0.9
2	-0.053552	0.000000	806.975211	0.000613	0.8
3	-0.048345	0.489609	788.589470	0.000565	0.9
4	-0.049170	0.000000	806.975211	0.000324	1.0
5	-0.051330	0.000000	806.975211	0.000229	0.9
6	-0.048634	0.697732	781.025372	0.000349	0.9
7	-0.050521	0.000000	806.975211	0.000614	0.9
8	-0.049579	0.000000	806.975211	0.000236	1.0
9	-0.051377	0.727275	779.963424	0.000467	0.9
10	-0.048236	0.000000	806.975211	0.000358	0.9
11	-0.044266	0.993984	770.505211	0.000766	1.1
12	-0.044964	0.055016	804.866605	0.000669	1.0
13	-0.053881	0.000000	806.975211	0.000483	1.1
14	-0.051612	0.000000	806.975211	0.000429	1.0
15	-0.052087	0.000000	806.975211	0.000607	1.2
16	-0.053728	0.999982	770.295157	0.000443	0.9
17	-0.050742	0.049716	805.069253	0.000485	0.9
18	-0.049142	1.049715	768.557760	0.000375	1.1
19	-0.050581	2.049334	735.226425	0.000587	0.9
20	-0.050719	1.099140	766.838879	0.000403	1.0
21	-0.052533	0.148898	801.293721	0.000615	0.9
22	-0.048879	1.130801	765.741799	0.000347	1.0
23	-0.047209	0.180546	800.096456	0.000078	1.0
24	-0.050322	0.264919	796.921904	0.000454	1.0
25	-0.050102	0.000000	806.975211	0.000351	1.1
26	-0.049515	0.875554	774.676599	0.000875	1.0
27	-0.049655	0.000000	806.975211	0.000250	0.9
28	-0.046478	0.999996	770.294675	0.000372	1.0
29	-0.048796	0.589711	784.933147	0.000717	1.0
30	-0.047233	0.000000	806.975211	0.000446	1.0
31	-0.052781	1.000000	770.294521	0.000744	1.0
32	-0.052986	0.049734	805.068574	0.000722	0.9
33	-0.050142	0.000000	806.975211	0.000710	0.9
34	-0.052461	1.000000	770.294520	0.000359	1.0
35	-0.048967	0.132510	801.915115	0.000279	1.1
36	-0.051163	0.000000	806.975211	0.000285	1.0
37	-0.051284	0.000000	806.975211	0.000281	1.0
38	-0.050589	0.000000	806.975211	0.000264	0.9
39	-0.048491	0.000000	806.975211	0.000479	1.1
40	-0.049331	0.000000	806.975211	0.000297	1.0
41	-0.048015	0.000000	806.975211	0.000698	1.0
42	-0.050556	0.999997	770.294631	0.000398	1.1
43	-0.051687	1.999770	736.810831	0.000794	1.0
44	-0.051695	1.049504	768.565111	0.000479	0.9
45	-0.049536	2.049504	735.221005	0.000391	1.0
46	-0.054910	3.047768	704.700711	0.000404	1.0
47	-0.050324	2.110378	733.284387	0.000238	1.0
48	-0.051566	2.868086	710.005812	0.000548	1.2
49	-0.049710	3.486309	692.079775	0.000389	1.1
50	-0.052438	2.548435	719.643558	0.000768	1.0
51	-0.050612	3.548408	690.329073	0.000460	1.0
52	-0.046422	4.547815	663.324031	0.000249	1.1
53	-0.051120	5.538614	638.559318	0.000550	1.1
54	-0.051959	4.588804	662.261477	0.000384	1.3
55	-0.052110	5.585939	637.422637	0.000619	1.1
56	-0.049833	4.636496	661.029484	0.000236	0.9
57	-0.054282	5.636367	636.215868	0.000316	1.0
58	-0.052920	6.524303	615.691491	0.000425	1.1
59	-0.053919	5.574247	637.703097	0.000814	1.1
60	-0.053813	6.574243	614.576410	0.000209	1.0
61	-0.047413	7.386552	596.989701	0.000176	1.1
62	-0.052491	6.607309	613.840320	0.000374	1.0
63	-0.048171	6.599728	614.008919	0.000497	1.2
64	-0.049383	5.649478	635.902867	0.000159	1.2
65	-0.050240	5.863652	630.833044	0.000643	1.0
66	-0.053165	5.486355	639.819242	0.000363	1.1
67	-0.051241	4.538242	663.572681	0.000191	1.2
68	-0.051347	4.346520	668.591945	0.000263	1.2
69	-0.048791	4.569773	662.754397	0.000284	1.0
70	-0.051983	5.518742	639.037842	0.000658	1.1
71	-0.051944	4.568513	662.787051	0.000419	1.1
72	-0.049748	3.711529	685.772204	0.000267	1.1
73	-0.050665	3.028717	705.259440	0.000243	0.9
74	-0.053847	2.282667	727.858180	0.000427	1.0
75	-0.052500	3.280321	697.951221	0.000450	1.2
76	-0.053088	4.280123	670.347980	0.000119	1.2
77	-0.049356	4.408082	666.972011	0.000735	0.9
78	-0.049804	5.399034	641.935598	0.000700	0.9
79	-0.049979	6.387173	618.774331	0.000644	0.8
80	-0.049191	5.436920	641.015648	0.000628	0.9
81	-0.052609	6.436920	617.652397	0.000397	0.9
82	-0.050640	7.436920	595.932314	0.000425	0.9
83	-0.049531	6.499326	616.250714	0.000687	0.9
84	-0.049606	5.549060	638.308067	0.000435	1.1
85	-0.050969	6.549060	615.138201	0.000232	0.9
86	-0.050377	7.243223	600.019324	0.000266	0.9
87	-0.046872	7.947704	585.417041	0.000308	0.9
88	-0.053554	8.147088	581.412442	0.000428	0.8
89	-0.049985	7.236379	600.164747	0.000075	1.0
90	-0.049768	7.229437	600.312334	0.000489	1.0
91	-0.050410	7.650503	591.489765	0.000663	0.9
92	-0.052920	8.650503	571.541039	0.000456	0.8
93	-0.049687	7.723497	589.986648	0.000725	0.9
94	-0.051579	8.723497	570.137481	0.000514	0.9
95	-0.051681	9.723497	551.580430	0.000345	1.0
96	-0.048522	8.781535	569.026393	0.000171	1.1
97	-0.047032	8.561861	573.254815	0.000559	0.9
98	-0.051504	9.418643	557.108326	0.000537	0.8
99	-0.051438	10.417899	539.389324	0.000372	0.8
100	-0.055583	11.417896	522.750754	0.000681	1.0
101	-0.048417	11.466101	521.974580	0.000445	0.9
102	-0.053983	10.636360	535.664637	0.000588	0.9
103	-0.052188	9.686102	552.252591	0.000366	0.9
104	-0.050997	8.735845	569.900722	0.000718	0.9
105	-0.048302	7.785581	588.714176	0.000480	0.9
106	-0.052312	8.750929	569.611766	0.000443	1.0
107	-0.050534	8.143159	581.490811	0.000494	1.1
108	-0.053607	7.193470	601.078165	0.000420	1.0
109	-0.047344	8.193462	580.488863	0.000468	0.9
110	-0.051200	7.259483	599.674071	0.000347	1.0
111	-0.052773	8.077445	582.804960	0.000355	1.0
112	-0.048551	7.127874	602.479922	0.000144	0.8
113	-0.048666	6.336449	619.922480	0.000550	0.9
114	-0.051550	6.225027	622.459591	0.000693	0.8
115	-0.052817	5.274762	644.971768	0.000666	0.9
116	-0.048337	6.274762	621.324567	0.000370	0.9
117	-0.051641	5.324500	643.753147	0.000624	0.9
118	-0.053588	4.374235	667.861688	0.000472	0.9
119	-0.047992	3.424467	693.832121	0.000417	0.9
120	-0.050509	4.421034	666.632182	0.000478	0.9
121	-0.047841	3.470772	692.519198	0.000936	1.0
122	-0.052666	4.467344	665.419978	0.000128	0.9
123	-0.051510	3.559072	690.029316	0.000510	1.0
124	-0.051265	2.641345	716.815370	0.000343	1.0
125	-0.047507	3.619495	688.335790	0.000542	0.9
126	-0.050301	3.961385	678.907819	0.000518	0.9
127	-0.048420	3.013074	705.718861	0.000412	0.9
128	-0.048239	4.011039	677.559993	0.000556	1.0
129	-0.049356	3.060777	704.319712	0.000280	1.0
130	-0.050704	2.110605	733.277173	0.000487	1.0
131	-0.052096	3.107813	702.945537	0.000401	0.8
132	-0.050770	2.157619	731.788501	0.000191	0.9
133	-0.050181	1.379865	757.219898	0.000424	0.8
134	-0.051974	2.229948	729.510012	0.000474	0.8
135	-0.049610	1.356054	758.026405	0.000268	0.9
136	-0.046999	0.409555	791.538131	0.000660	0.9
137	-0.047223	0.000000	806.975211	0.000443	0.9
138	-0.053869	0.000000	806.975211	0.000352	0.9
139	-0.050472	0.070559	804.272886	0.000179	1.1
140	-0.051684	0.000000	806.975211	0.000414	1.0
141	-0.050841	0.000000	806.975211	0.000206	1.0
142	-0.050968	0.963749	771.565884	0.000212	1.0
143	-0.048126	1.658121	747.920789	0.000361	1.0
144	-0.052333	2.603268	717.971745	0.000285	1.1
145	-0.050329	1.761083	744.537492	0.000424	0.9
146	-0.051878	1.155977	764.871695	0.000462	1.0
147	-0.051955	2.154267	731.894448	0.000488	1.0
148	-0.053524	3.154260	701.593821	0.000402	0.9
149	-0.049418	2.205356	730.283111	0.000522	0.9
150	-0.050842	1.255384	761.455270	0.000291	1.1
151	-0.052432	0.305752	795.394582	0.000235	0.9
152	-0.048096	1.259126	761.327257	0.000070	1.6
153	-0.048445	0.856423	775.354669	0.000209	1.4
154	-0.051546	1.028492	769.298219	0.000297	1.0
155	-0.048190	0.103807	803.005785	0.000352	1.0
156	-0.049784	0.000000	806.975211	0.000358	0.9
157	-0.051302	0.000000	806.975211	0.000395	1.0
158	-0.053465	0.477723	789.025872	0.000677	1.1
159	-0.051684	1.477186	753.941337	0.000687	1.2
160	-0.049569	2.477186	721.827550	0.000856	1.1
161	-0.047858	3.477186	692.337740	0.000250	1.2
162	-0.047395	2.526992	720.299466	0.000551	1.0
163	-0.048322	3.524866	690.991730	0.000456	1.2
164	-0.054625	4.524837	663.921172	0.000634	1.0
165	-0.052612	5.524821	638.891369	0.000313	1.0
166	-0.049341	6.522687	615.727654	0.000498	1.0
167	-0.050766	7.522648	594.141163	0.000785	1.1
168	-0.050324	7.406999	596.560009	0.000279	1.0
169	-0.048436	8.406935	576.274929	0.000187	1.1
170	-0.050319	7.593393	592.671170	0.000359	1.1
171	-0.051278	6.767212	610.305390	0.000456	1.1
172	-0.045596	5.900204	629.975875	0.000672	1.0
173	-0.049811	6.900171	607.396970	0.000427	1.1
174	-0.055632	7.885575	586.676210	0.000718	1.3
175	-0.051894	6.935309	606.632972	0.000500	1.2
176	-0.051728	5.985043	627.995272	0.000484	1.1
177	-0.050744	5.041895	650.739105	0.000468	1.0
178	-0.047656	6.041870	626.675586	0.000191	0.9
179	-0.049466	5.910099	629.744217	0.000131	1.0
180	-0.050915	5.628402	636.406180	0.000688	1.0
181	-0.047684	4.703246	659.312810	0.000547	0.8
182	-0.047148	4.188966	672.773915	0.000597	0.9
183	-0.048783	3.238701	699.149654	0.000292	1.0
184	-0.049425	4.238652	671.449479	0.000404	0.9
185	-0.048681	5.228998	646.097101	0.000773	0.9
186	-0.050438	4.278742	670.384616	0.000256	1.0
187	-0.051898	3.329881	696.529491	0.000259	0.9
188	-0.048819	2.402158	724.141728	0.000171	0.9
189	-0.050257	1.678368	747.253026	0.000619	1.0
190	-0.055455	0.738550	779.558880	0.000312	1.0
191	-0.051536	0.000000	806.975211	0.000582	1.1
192	-0.052060	0.000000	806.975211	0.000140	0.9
193	-0.054250	0.425662	790.943104	0.000436	0.9
194	-0.050720	0.462259	789.594384	0.000346	0.9
195	-0.054026	0.000000	806.975211	0.000747	0.9
196	-0.048005	0.000000	806.975211	0.000707	0.9
197	-0.056952	0.000000	806.975211	0.000458	0.9
198	-0.047210	0.999987	770.294983	0.000330	0.8
199	-0.050561	1.980444	737.430470	0.000376	0.9
