1:ItNr	2:Metric	3a:Time	3b:StepSize	4:||Gradient||	Time[ms]
0	-0.312868	0.000000	8549.837040	0.001484	28.6
1	-0.330545	0.000000	8549.837040	0.000593	0.8
2	-0.321309	1.000000	8161.208084	0.000299	0.7
3	-0.324104	2.000000	7806.372950	0.000231	0.8
4	-0.324510	2.976968	7488.293706	0.000232	0.8
5	-0.329351	3.976965	7188.486693	0.000129	0.7
6	-0.326280	3.987527	7185.448081	0.000284	0.7
7	-0.317874	4.298226	7097.200388	0.000229	0.8
8	-0.313609	5.298226	6827.326654	0.000195	0.7
9	-0.313543	5.264555	6836.079211	0.000494	0.7
10	-0.315940	6.264555	6585.347841	0.000149	0.7
11	-0.313954	7.264555	6352.358225	0.000104	0.7
12	-0.313221	7.239932	6357.896999	0.000319	0.8
13	-0.319192	7.206261	6365.486658	0.000384	0.7
14	-0.322711	8.206261	6147.537272	0.000121	0.7
15	-0.313304	8.192439	6150.448089	0.000355	0.7
16	-0.318015	9.192301	5946.766856	0.000519	0.8
17	-0.319374	10.192301	5756.118312	0.000317	0.8
18	-0.320096	11.192301	5577.314125	0.000108	0.8
19	-0.321033	12.004734	5440.024994	0.000106	0.8
20	-0.328195	12.410023	5374.033424	0.000147	0.6
21	-0.317826	12.376428	5379.442611	0.000215	0.9
22	-0.324058	12.342802	5384.867748	0.000278	0.9
23	-0.319531	13.342802	5228.070181	0.000141	0.8
24	-0.315312	13.309180	5233.193536	0.000149	0.8
25	-0.315405	14.179930	5103.664953	0.000445	0.7
26	-0.317940	15.179930	4962.601526	0.000124	0.9
27	-0.327049	16.179930	4829.126249	0.000337	0.9
28	-0.322216	16.146260	4833.503494	0.000232	0.9
29	-0.316419	17.146260	4706.793733	0.000149	0.8
30	-0.315769	18.145905	4586.599198	0.000298	0.8
31	-0.321550	19.133833	4473.696200	0.000199	0.8
32	-0.305328	20.133833	4364.936758	0.000226	0.9
33	-0.318823	21.130825	4261.644039	0.000142	0.8
34	-0.315902	21.097743	4264.993000	0.000329	0.8
35	-0.318507	22.097721	4166.034137	0.000147	0.8
36	-0.319368	22.114237	4164.438295	0.000376	0.8
37	-0.313753	22.080566	4167.693132	0.000137	0.7
38	-0.315469	23.080566	4073.145960	0.000164	0.7
39	-0.314509	23.049307	4076.036392	0.000228	0.7
40	-0.315258	24.049301	3985.557488	0.000203	0.7
41	-0.313500	24.015630	3988.538612	0.000220	0.7
42	-0.324741	23.982074	3991.513980	0.000130	0.7
43	-0.315666	23.949002	3994.450804	0.000532	0.7
44	-0.317215	24.949002	3907.518566	0.000400	0.7
45	-0.314634	25.949002	3824.289564	0.000470	0.7
46	-0.311763	26.949002	3744.532126	0.000363	0.7
47	-0.326362	27.949002	3668.033485	0.000107	0.8
48	-0.320540	28.830013	3603.181416	0.000240	0.8
49	-0.310274	29.827449	3532.472704	0.000067	0.8
50	-0.315974	29.793846	3534.809698	0.000200	0.8
51	-0.316212	30.657871	3475.686725	0.000041	0.8
52	-0.328941	30.822842	3464.622378	0.000231	0.8
53	-0.315092	31.298841	3433.089043	0.000107	0.7
54	-0.321807	31.265369	3435.287679	0.000289	0.8
55	-0.319771	32.251409	3371.677493	0.000218	0.9
56	-0.322616	33.251409	3309.528384	0.000180	0.7
57	-0.331150	33.614203	3287.543688	0.000348	0.7
58	-0.318294	33.763222	3278.597792	0.000218	0.8
59	-0.321460	33.729551	3280.614860	0.000428	0.8
60	-0.314172	34.729551	3221.748158	0.000128	0.9
61	-0.317193	35.729551	3164.956801	0.000263	0.8
62	-0.316516	36.729427	3110.139615	0.000253	0.8
63	-0.318579	36.695756	3111.954672	0.000152	0.9
64	-0.317112	36.662088	3113.771710	0.000326	0.8
65	-0.317794	36.628417	3115.591009	0.000362	0.7
66	-0.321539	37.628417	3062.449697	0.000306	0.8
67	-0.315504	37.600168	3063.925993	0.000258	0.7
68	-0.315242	38.600168	3012.517984	0.000261	0.8
69	-0.317381	39.600168	2962.806604	0.000119	0.8
70	-0.323348	40.599527	2914.739543	0.000392	0.8
71	-0.326413	40.565856	2916.333638	0.000197	0.9
72	-0.322029	41.565856	2869.721418	0.000114	0.8
73	-0.321385	42.557347	2824.953920	0.000188	0.8
74	-0.316243	42.581236	2823.892527	0.000113	0.7
75	-0.322405	42.547660	2825.384573	0.000071	0.9
76	-0.319157	42.584818	2823.733475	0.000233	0.8
77	-0.326314	42.874608	2810.922559	0.000134	0.9
78	-0.314385	42.840954	2812.404372	0.000290	0.8
79	-0.322577	43.840948	2769.030725	0.000073	1.0
80	-0.324903	43.807278	2770.469346	0.000208	0.9
81	-0.317393	44.375261	2746.399390	0.000277	1.2
82	-0.313276	45.375261	2705.022538	0.000323	0.9
83	-0.315810	46.375261	2664.873936	0.000181	0.9
84	-0.330209	47.375093	2625.906142	0.000319	0.9
85	-0.324580	48.374760	2588.067749	0.000141	0.8
86	-0.331297	48.341094	2589.324264	0.000330	0.7
87	-0.316399	49.341094	2552.513289	0.000148	0.8
88	-0.318639	49.864444	2533.662418	0.000219	0.9
89	-0.316628	49.869337	2533.487477	0.000164	0.8
90	-0.320716	50.869160	2498.242324	0.000193	0.7
91	-0.321067	50.835489	2499.413305	0.000408	0.8
92	-0.321614	51.835489	2465.097433	0.000154	0.6
93	-0.316329	52.835489	2431.711084	0.000280	0.7
94	-0.315596	52.801819	2432.820510	0.000217	0.6
95	-0.316069	53.250284	2418.126486	0.000226	0.8
96	-0.319287	53.284969	2416.997426	0.000164	0.8
97	-0.319746	53.261351	2417.766115	0.000084	0.9
98	-0.316551	53.281389	2417.113915	0.000152	1.0
99	-0.315554	53.247849	2418.205784	0.000060	0.8
100	-0.313448	53.502471	2409.941262	0.000109	0.9
101	-0.319971	53.597296	2406.877825	0.000165	0.9
102	-0.317749	53.563634	2407.964411	0.000178	0.8
103	-0.323966	53.530079	2409.048533	0.000163	0.7
104	-0.312924	53.496460	2410.135715	0.000218	0.8
105	-0.317536	54.496459	2378.211916	0.000264	0.7
106	-0.319110	54.462788	2379.273040	0.000170	0.9
107	-0.322729	54.429119	2380.335080	0.000157	0.7
108	-0.322024	54.395491	2381.396745	0.000237	0.7
109	-0.316772	54.526843	2377.255159	0.000191	0.8
110	-0.311849	54.493172	2378.315443	0.000170	0.8
111	-0.307850	54.459502	2379.376672	0.000160	0.7
112	-0.328426	54.428677	2380.349040	0.000172	0.9
113	-0.312834	54.475442	2378.874158	0.000053	0.8
114	-0.320795	54.446993	2379.771160	0.000282	0.8
115	-0.320807	54.753590	2370.139510	0.000245	0.9
116	-0.320550	55.753555	2339.260742	0.000344	0.8
117	-0.320899	56.752950	2309.193135	0.000358	0.8
118	-0.329864	56.719279	2310.193563	0.000137	0.8
119	-0.319482	57.718932	2280.856374	0.000238	0.7
120	-0.318715	57.960164	2273.888095	0.000201	0.7
121	-0.315208	58.238989	2265.886781	0.000180	0.8
122	-0.330735	58.205318	2266.850023	0.000249	0.9
123	-0.319188	59.202065	2238.677730	0.000121	0.7
124	-0.316733	59.168477	2239.615671	0.000076	0.9
125	-0.314659	59.136698	2240.503818	0.000106	0.8
126	-0.313985	59.312612	2235.596301	0.000202	0.7
127	-0.315043	59.279605	2236.515461	0.000159	0.8
128	-0.324138	59.247463	2237.411266	0.000117	0.8
129	-0.312902	60.221966	2210.566758	0.000251	1.0
130	-0.319099	61.221896	2183.683259	0.000197	0.8
131	-0.322192	61.526870	2175.613554	0.000200	1.1
132	-0.319641	61.493200	2176.501550	0.000226	1.1
133	-0.318906	62.491388	2150.480202	0.000212	1.0
134	-0.315407	62.658168	2146.193048	0.000071	0.8
135	-0.320294	63.058897	2135.961620	0.000286	0.8
136	-0.323311	63.897117	2114.872485	0.000104	1.1
137	-0.320169	64.897084	2090.252311	0.000291	1.5
138	-0.316438	64.896158	2090.274828	0.000237	1.0
139	-0.321665	65.231212	2082.153016	0.000113	0.8
140	-0.319179	65.239526	2081.952281	0.000125	0.8
141	-0.321928	66.151684	2060.161879	0.000191	1.0
142	-0.322661	66.118050	2060.957261	0.000286	0.9
143	-0.306885	66.084381	2061.754070	0.000229	0.8
144	-0.319758	66.050711	2062.551549	0.000184	1.0
145	-0.317005	67.050710	2039.126969	0.000196	0.9
146	-0.325221	68.050707	2016.228546	0.000224	0.8
147	-0.323221	69.050707	1993.838622	0.000267	1.3
148	-0.329315	69.017037	1994.584401	0.000155	0.9
149	-0.320550	68.983366	1995.330754	0.000085	1.0
150	-0.312174	68.961195	1995.822504	0.000194	1.1
151	-0.320436	69.951665	1974.087865	0.000166	0.9
152	-0.317275	70.951662	1952.619170	0.000238	1.0
153	-0.323854	71.292698	1945.403925	0.000036	0.8
154	-0.330401	71.259672	1946.100337	0.000269	0.9
155	-0.317156	71.241681	1946.479893	0.000269	0.9
156	-0.320152	72.240933	1925.619706	0.000333	0.8
157	-0.318162	73.235733	1905.291884	0.000151	0.9
158	-0.318435	74.235733	1885.285823	0.000145	0.8
159	-0.322961	74.384668	1882.342119	0.000204	1.0
160	-0.309745	75.384314	1862.819479	0.000217	0.8
161	-0.323654	76.382746	1843.720629	0.000071	0.9
162	-0.327678	76.890560	1834.156200	0.000162	0.9
163	-0.319171	76.901293	1833.955124	0.000225	0.9
164	-0.323159	77.894641	1815.533948	0.000119	0.9
165	-0.313692	77.860972	1816.152268	0.000192	1.0
166	-0.320772	78.856212	1798.051156	0.000180	0.9
167	-0.309483	78.822541	1798.657652	0.000147	0.9
168	-0.315453	79.437670	1787.641815	0.000266	1.0
169	-0.329549	80.437669	1770.018761	0.000140	0.9
170	-0.319609	80.404015	1770.606203	0.000316	0.8
171	-0.310663	81.374399	1753.823023	0.000143	1.0
172	-0.316503	81.340732	1754.399975	0.000096	0.9
173	-0.322636	81.933373	1744.298988	0.000275	1.0
174	-0.320626	81.899702	1744.869750	0.000084	0.8
175	-0.322284	82.025929	1742.731943	0.000129	0.8
176	-0.316698	82.100580	1741.470108	0.000214	0.7
177	-0.319089	83.095725	1724.821827	0.000256	0.6
178	-0.316548	84.095724	1708.409920	0.000131	0.7
179	-0.316679	85.095685	1692.308006	0.000056	0.9
180	-0.322825	85.562754	1684.890556	0.000213	0.8
181	-0.311124	85.529222	1685.420913	0.000201	0.8
182	-0.320096	86.450705	1670.966960	0.000187	0.8
183	-0.318182	87.450705	1655.559345	0.000261	0.8
184	-0.316239	88.440131	1640.591764	0.000113	0.7
185	-0.314662	88.406461	1641.096666	0.000223	0.7
186	-0.310308	88.372805	1641.601651	0.000109	0.9
187	-0.315463	88.341919	1642.065365	0.000217	0.9
188	-0.315920	89.339249	1627.223128	0.000195	0.8
189	-0.309778	89.305578	1627.719838	0.000142	0.8
190	-0.326576	89.271909	1628.216825	0.000318	0.7
191	-0.319231	90.268597	1613.632087	0.000178	1.0
192	-0.316399	91.127484	1601.271801	0.000276	0.8
193	-0.320396	92.126658	1587.128811	0.000159	0.9
194	-0.318080	92.092987	1587.601343	0.000360	0.8
195	-0.319769	93.092986	1573.686378	0.000178	0.8
196	-0.313907	93.635932	1566.232978	0.000265	0.7
197	-0.320469	94.274865	1557.551835	0.000139	0.8
198	-0.317755	95.274786	1544.157453	0.000196	0.7
199	-0.313271	95.241235	1544.603154	0.000415	0.7
