1:ItNr	2:Metric	3a:Time	3b:StepSize	4:||Gradient||	Time[ms]
0	-0.993919	0.000000	200077.839432	0.000410	66.7
1	-1.028324	0.000000	200077.839432	0.000305	3.2
2	-1.037235	0.000000	200077.839432	0.000172	3.2
3	-1.041850	0.000000	200077.839432	0.000089	3.3
4	-1.041659	0.000000	200077.839432	0.000106	3.1
5	-1.042020	0.000000	200077.839432	0.000070	3.3
6	-1.045918	0.000000	200077.839432	0.000078	3.2
7	-1.048571	0.000000	200077.839432	0.000070	3.4
8	-1.043798	0.000000	200077.839432	0.000072	3.9
9	-1.049899	0.000000	200077.839432	0.000064	3.6
10	-1.045195	0.000000	200077.839432	0.000066	3.3
11	-1.046054	0.000000	200077.839432	0.000060	3.4
12	-1.044976	0.000000	200077.839432	0.000066	3.3
13	-1.050029	0.000000	200077.839432	0.000067	3.7
14	-1.054726	0.000000	200077.839432	0.000059	3.4
15	-1.051331	0.000000	200077.839432	0.000063	3.4
16	-1.048411	0.000000	200077.839432	0.000058	3.2
17	-1.053023	0.000000	200077.839432	0.000063	3.2
18	-1.049227	0.000000	200077.839432	0.000059	3.5
19	-1.052947	0.000000	200077.839432	0.000066	3.4
20	-1.048984	0.000000	200077.839432	0.000059	3.6
21	-1.059085	0.000000	200077.839432	0.000057	3.3
22	-1.059076	0.000000	200077.839432	0.000057	3.5
23	-1.053658	0.000000	200077.839432	0.000059	3.6
24	-1.054964	0.000000	200077.839432	0.000062	3.2
25	-1.057656	0.000000	200077.839432	0.000061	3.7
26	-1.052424	0.000000	200077.839432	0.000059	3.4
27	-1.058278	0.000000	200077.839432	0.000059	3.6
28	-1.065036	0.000000	200077.839432	0.000055	3.4
29	-1.058126	0.000000	200077.839432	0.000056	3.2
30	-1.055455	0.000000	200077.839432	0.000065	3.5
31	-1.057994	0.000000	200077.839432	0.000068	3.3
32	-1.062934	0.000000	200077.839432	0.000078	3.6
33	-1.061140	0.000000	200077.839432	0.000058	3.5
34	-1.060283	0.000000	200077.839432	0.000063	3.5
35	-1.063906	0.000000	200077.839432	0.000059	3.5
36	-1.062206	0.000000	200077.839432	0.000058	3.4
37	-1.063271	0.000000	200077.839432	0.000060	3.5
38	-1.062171	0.000000	200077.839432	0.000055	3.4
39	-1.069776	0.000000	200077.839432	0.000062	3.5
40	-1.062062	0.000000	200077.839432	0.000055	3.2
41	-1.066832	0.000000	200077.839432	0.000055	3.4
42	-1.069267	0.000000	200077.839432	0.000058	4.0
43	-1.064492	0.000000	200077.839432	0.000072	3.7
44	-1.067428	0.000000	200077.839432	0.000056	3.6
45	-1.066118	0.000000	200077.839432	0.000067	3.7
46	-1.064268	0.000000	200077.839432	0.000060	4.0
47	-1.067591	0.000000	200077.839432	0.000056	3.8
48	-1.062412	0.000000	200077.839432	0.000057	4.0
49	-1.072365	0.000000	200077.839432	0.000056	3.6
50	-1.074507	0.000000	200077.839432	0.000053	3.6
51	-1.068861	0.000000	200077.839432	0.000056	3.6
52	-1.066122	0.000000	200077.839432	0.000059	3.5
53	-1.067738	0.000000	200077.839432	0.000066	3.9
54	-1.073467	0.000000	200077.839432	0.000056	3.9
55	-1.072742	0.000000	200077.839432	0.000064	4.2
56	-1.069348	0.000000	200077.839432	0.000060	3.9
57	-1.072885	0.000000	200077.839432	0.000052	3.9
58	-1.075991	0.000000	200077.839432	0.000056	3.6
59	-1.072218	0.000000	200077.839432	0.000069	3.7
60	-1.080950	0.000000	200077.839432	0.000063	3.8
61	-1.076165	0.000000	200077.839432	0.000053	3.9
62	-1.078421	0.000000	200077.839432	0.000051	3.8
63	-1.076151	0.000000	200077.839432	0.000057	3.7
64	-1.077893	0.000000	200077.839432	0.000050	3.9
65	-1.071772	0.000000	200077.839432	0.000058	4.0
66	-1.075948	0.000000	200077.839432	0.000055	3.8
67	-1.079324	0.000000	200077.839432	0.000054	4.3
68	-1.080940	0.000000	200077.839432	0.000052	4.3
69	-1.083626	0.000000	200077.839432	0.000054	4.2
70	-1.083055	0.000000	200077.839432	0.000062	4.1
71	-1.079743	0.000000	200077.839432	0.000061	4.5
72	-1.084226	0.000000	200077.839432	0.000054	4.1
73	-1.084588	0.000000	200077.839432	0.000054	4.3
74	-1.082155	0.000000	200077.839432	0.000058	4.9
75	-1.079867	0.000000	200077.839432	0.000058	4.4
76	-1.085593	0.000000	200077.839432	0.000057	4.0
77	-1.086140	0.000000	200077.839432	0.000049	4.2
78	-1.083284	0.000000	200077.839432	0.000053	4.1
79	-1.085906	0.000000	200077.839432	0.000055	3.9
80	-1.087033	0.000000	200077.839432	0.000065	4.0
81	-1.087796	0.000000	200077.839432	0.000082	3.5
82	-1.086696	0.000000	200077.839432	0.000062	3.7
83	-1.090536	0.983529	191126.483498	0.000059	3.8
84	-1.087532	0.972676	191220.888551	0.000061	3.7
85	-1.087961	0.961823	191315.386911	0.000052	3.7
86	-1.088974	0.950970	191409.978717	0.000052	3.7
87	-1.091418	0.940116	191504.664106	0.000048	3.8
88	-1.089243	0.929263	191599.443219	0.000055	3.4
89	-1.087320	0.918410	191694.316194	0.000063	3.2
90	-1.091082	0.907557	191789.283170	0.000071	3.4
91	-1.087046	0.897407	191878.184983	0.000065	3.5
92	-1.087175	1.897374	183498.532978	0.000046	3.4
93	-1.091552	1.886521	183585.551186	0.000056	3.6
94	-1.092663	1.875668	183672.651964	0.000070	3.4
95	-1.094566	1.864815	183759.835430	0.000048	3.5
96	-1.093791	1.853962	183847.101701	0.000053	3.3
97	-1.093799	1.843109	183934.450897	0.000049	3.4
98	-1.092420	1.832255	184021.883134	0.000059	3.3
99	-1.093815	1.821402	184109.398531	0.000048	3.3
100	-1.099949	1.810549	184196.997208	0.000047	3.5
101	-1.092822	1.799696	184284.679282	0.000050	3.5
102	-1.098586	1.788843	184372.444874	0.000046	3.4
103	-1.094073	1.777989	184460.294103	0.000062	3.3
104	-1.093826	1.767136	184548.227087	0.000052	3.4
105	-1.093196	1.756283	184636.243948	0.000049	3.6
106	-1.095306	1.745430	184724.344804	0.000053	3.3
107	-1.095062	1.734577	184812.529778	0.000044	3.4
108	-1.095186	1.723723	184900.798987	0.000054	3.3
109	-1.099660	1.712870	184989.152555	0.000058	3.2
110	-1.096545	1.702017	185077.590601	0.000047	3.5
111	-1.099571	1.691164	185166.113247	0.000043	3.2
112	-1.095568	1.680311	185254.720615	0.000056	3.5
113	-1.103017	1.669458	185343.412825	0.000041	3.3
114	-1.100566	1.658604	185432.190000	0.000054	3.2
115	-1.101327	1.647751	185521.052263	0.000060	3.3
116	-1.096289	1.636898	185609.998218	0.000052	3.2
117	-1.105662	1.626045	185699.031020	0.000064	3.6
118	-1.095404	1.615192	185788.149278	0.000060	3.2
119	-1.102002	2.615192	177920.834418	0.000055	3.3
120	-1.102501	3.613211	170706.480144	0.000066	3.5
121	-1.104760	4.613211	164041.697676	0.000073	3.4
122	-1.099835	5.613211	157877.777915	0.000053	3.5
123	-1.100938	6.612956	152161.708194	0.000042	3.4
124	-1.105139	6.602103	152221.538403	0.000042	3.4
125	-1.102055	6.591250	152281.415681	0.000043	3.4
126	-1.103567	6.580397	152341.340084	0.000064	3.4
127	-1.102270	6.569544	152401.311668	0.000039	3.5
128	-1.109196	6.558691	152461.330487	0.000055	3.5
129	-1.099047	6.547837	152521.396599	0.000049	3.5
130	-1.104666	6.536984	152581.510007	0.000039	3.2
131	-1.104968	6.526131	152641.670870	0.000040	3.4
132	-1.102871	6.515278	152701.879194	0.000041	3.4
133	-1.105740	6.504425	152762.135033	0.000045	3.2
134	-1.109923	6.493571	152822.438445	0.000043	3.4
135	-1.103873	6.482718	152882.789486	0.000047	3.5
136	-1.106135	6.471865	152943.188211	0.000046	3.4
137	-1.108871	6.461012	153003.634679	0.000044	3.3
138	-1.099249	6.450159	153064.128945	0.000048	3.0
139	-1.109776	6.439305	153124.671066	0.000040	3.6
140	-1.106743	6.428452	153185.261099	0.000037	3.2
141	-1.103351	6.417599	153245.899101	0.000038	3.2
142	-1.105450	6.406746	153306.585129	0.000041	3.1
143	-1.106083	6.395893	153367.319240	0.000050	3.4
144	-1.110979	6.385040	153428.101490	0.000043	3.4
145	-1.106043	6.374186	153488.931938	0.000045	3.4
146	-1.104676	6.363333	153549.810641	0.000037	3.4
147	-1.108186	6.352480	153610.737656	0.000036	3.6
148	-1.109069	6.341627	153671.713040	0.000037	3.4
149	-1.109262	6.330774	153732.736852	0.000040	3.5
150	-1.108781	6.319920	153793.809149	0.000065	3.4
151	-1.113275	6.309067	153854.929621	0.000043	3.4
152	-1.108464	7.309067	148420.104771	0.000039	3.2
153	-1.108708	7.298213	148477.028198	0.000035	3.2
154	-1.113522	7.287360	148533.995306	0.000035	3.5
155	-1.109849	7.276507	148591.006144	0.000049	3.3
156	-1.111605	7.265654	148648.060763	0.000059	3.2
157	-1.100925	8.265654	143568.794070	0.000043	3.6
158	-1.106282	8.254801	143622.056409	0.000037	3.4
159	-1.107057	8.243947	143675.358282	0.000039	3.3
160	-1.112218	8.233094	143728.699733	0.000057	3.3
161	-1.114588	8.222241	143782.080806	0.000040	3.5
162	-1.110485	8.211388	143835.501545	0.000058	3.2
163	-1.111579	8.200535	143888.961996	0.000041	3.2
164	-1.109956	8.189682	143942.462153	0.000039	3.4
165	-1.111663	8.178828	143996.002157	0.000035	3.3
166	-1.110269	8.167975	144049.582005	0.000047	3.3
167	-1.118738	8.157122	144103.201741	0.000057	3.2
168	-1.114114	8.156871	144104.441390	0.000055	3.4
169	-1.111998	8.146018	144158.101982	0.000086	3.5
170	-1.112817	8.135165	144211.802553	0.000058	3.2
171	-1.109349	9.135165	139426.303525	0.000056	3.4
172	-1.109381	9.124312	139476.536038	0.000049	3.4
173	-1.113944	9.113458	139526.804760	0.000047	3.4
174	-1.121905	9.102605	139577.109729	0.000048	3.3
175	-1.117082	9.091752	139627.450986	0.000049	3.3
176	-1.117055	9.080899	139677.828569	0.000061	3.5
177	-1.118450	9.070046	139728.242517	0.000051	3.5
178	-1.114186	9.059192	139778.692870	0.000045	3.4
179	-1.114091	9.048339	139829.179668	0.000050	3.4
180	-1.119670	9.037486	139879.702949	0.000067	3.2
181	-1.119004	9.026633	139930.262754	0.000052	3.3
182	-1.115722	9.015780	139980.859122	0.000054	3.4
183	-1.116221	9.004927	140031.492093	0.000043	3.5
184	-1.114943	8.994073	140082.161707	0.000056	3.4
185	-1.115170	8.983220	140132.868003	0.000065	3.4
186	-1.119280	8.972367	140183.611021	0.000045	3.2
187	-1.117875	8.961514	140234.390801	0.000049	3.7
188	-1.121442	8.950661	140285.207383	0.000075	3.3
189	-1.120496	8.939807	140336.060807	0.000064	3.5
190	-1.115879	9.939807	135800.283996	0.000048	3.5
191	-1.119540	9.928954	135847.937273	0.000049	3.4
192	-1.118800	9.918101	135895.624005	0.000049	3.3
193	-1.122010	9.907248	135943.344227	0.000050	3.3
194	-1.122405	9.896395	135991.097976	0.000057	3.3
195	-1.120092	9.885541	136038.885286	0.000049	3.3
196	-1.121180	9.874688	136086.706193	0.000069	3.4
197	-1.124934	9.863835	136134.560732	0.000053	3.5
198	-1.128236	9.852982	136182.448938	0.000062	3.4
199	-1.123211	9.842129	136230.370848	0.000058	3.7
