1:ItNr	2:Metric	3a:Time	3b:StepSize	4:||Gradient||	Time[ms]
0	-0.238032	0.000000	38678.885974	0.000265	38.2
1	-0.237647	0.000000	38678.885974	0.000269	4.2
2	-0.241756	1.000000	36920.754794	0.000265	4.1
3	-0.237281	1.869327	35517.293464	0.000276	4.1
4	-0.235082	2.869327	34029.304583	0.000286	4.6
5	-0.232877	3.869326	32660.981868	0.000266	4.1
6	-0.235214	4.869326	31398.444846	0.000246	4.2
7	-0.236379	5.869326	30229.884028	0.000245	4.1
8	-0.233034	6.869317	29145.192231	0.000277	4.5
9	-0.235560	7.869282	28135.670140	0.000283	4.1
10	-0.241687	8.869282	27193.710109	0.000272	4.1
11	-0.241282	9.869282	26312.779033	0.000267	4.3
12	-0.239818	10.869282	25487.131981	0.000258	4.4
13	-0.229582	11.836232	24736.596269	0.000266	4.6
14	-0.236311	12.836232	24005.527972	0.000256	4.2
15	-0.232923	13.836232	23316.431437	0.000255	4.0
16	-0.240870	14.834334	22666.993371	0.000271	4.4
17	-0.233713	15.778472	22085.109983	0.000271	4.2
18	-0.238644	15.111467	22493.038350	0.000254	4.2
19	-0.241949	14.434227	22922.938272	0.000267	4.4
20	-0.234702	13.885626	23283.417725	0.000246	4.7
21	-0.237289	14.885626	22634.594777	0.000258	4.2
22	-0.234256	15.450494	22283.829523	0.000261	4.2
23	-0.239105	16.450494	21688.808555	0.000241	4.6
24	-0.237080	17.450494	21124.737564	0.000265	5.1
25	-0.233401	18.444685	20592.295241	0.000259	5.5
26	-0.238878	19.444680	20083.150860	0.000265	5.2
27	-0.236509	20.027233	19797.986434	0.000258	4.8
28	-0.238282	21.027210	19326.922009	0.000257	4.8
29	-0.240790	22.027210	18877.742941	0.000253	4.5
30	-0.236603	21.359962	19175.102505	0.000268	4.6
31	-0.235869	20.789373	19436.917714	0.000247	4.7
32	-0.240161	21.789373	18982.671336	0.000248	4.8
33	-0.238087	22.789372	18549.172420	0.000257	4.4
34	-0.237444	22.378415	18724.902979	0.000259	4.9
35	-0.241741	21.703811	19020.705153	0.000260	4.3
36	-0.243049	22.659177	18604.487195	0.000273	4.4
37	-0.239550	23.659177	18187.898975	0.000253	4.6
38	-0.238719	24.650168	17793.069360	0.000260	4.9
39	-0.238999	25.173453	17591.419923	0.000253	4.3
40	-0.233905	26.173453	17218.510613	0.000249	4.5
41	-0.241997	27.173453	16861.083246	0.000270	4.5
42	-0.240179	28.173453	16518.193296	0.000261	4.4
43	-0.243754	27.514146	16742.675494	0.000243	4.4
44	-0.234457	28.514146	16404.536351	0.000266	4.2
45	-0.235892	29.394903	16117.832431	0.000265	4.5
46	-0.242634	30.393893	15804.535522	0.000265	4.6
47	-0.236827	29.717446	16015.329410	0.000250	4.7
48	-0.237930	30.717442	15705.661024	0.000267	4.8
49	-0.236142	31.717442	15407.739492	0.000258	4.6
50	-0.235574	31.122726	15583.540464	0.000262	4.4
51	-0.236639	31.878431	15360.830287	0.000268	4.4
52	-0.237577	32.878431	15075.728688	0.000262	4.4
53	-0.233351	32.204249	15266.761954	0.000247	4.3
54	-0.241310	33.204249	14985.109473	0.000265	4.3
55	-0.238787	34.202578	14714.106357	0.000266	4.7
56	-0.236630	34.710451	14579.968150	0.000265	4.1
57	-0.241589	35.710451	14322.873244	0.000243	4.4
58	-0.236471	35.198247	14453.415338	0.000252	4.1
59	-0.235649	36.189049	14203.009392	0.000265	4.0
60	-0.239011	37.189049	13958.925541	0.000259	4.5
61	-0.235280	36.977629	14009.827996	0.000238	4.0
62	-0.239751	37.977629	13772.283216	0.000283	4.2
63	-0.238883	37.311017	13929.727958	0.000254	4.1
64	-0.240905	36.751614	14064.656427	0.000266	4.2
65	-0.232369	37.620753	13856.127125	0.000233	4.1
66	-0.236232	38.607477	13626.756941	0.000266	4.1
67	-0.237584	39.607441	13401.928816	0.000251	4.0
68	-0.243541	40.607440	13184.391366	0.000268	4.1
69	-0.239949	39.930185	13330.939318	0.000244	4.1
70	-0.239125	40.858953	13130.784902	0.000266	4.1
71	-0.242069	41.858949	12921.892877	0.000256	4.2
72	-0.238502	42.841785	12722.962024	0.000244	4.4
73	-0.239813	43.500616	12593.005443	0.000249	4.3
74	-0.238320	44.500616	12400.747625	0.000270	4.1
75	-0.233980	45.500599	12214.274997	0.000250	4.0
76	-0.239368	46.500599	12033.324381	0.000249	4.0
77	-0.241407	47.500292	11857.710075	0.000250	4.1
78	-0.238333	48.500290	11687.096586	0.000259	4.1
79	-0.237279	47.823179	11802.079081	0.000255	4.2
80	-0.240540	47.179194	11913.555397	0.000245	4.3
81	-0.237747	46.654163	12006.010795	0.000250	4.0
82	-0.241790	47.654162	11831.134194	0.000253	4.2
83	-0.238334	48.625366	11666.101782	0.000260	4.0
84	-0.237751	49.625366	11500.918961	0.000264	4.7
85	-0.239327	50.619449	11341.285360	0.000265	4.1
86	-0.239252	51.619445	11185.111711	0.000264	4.1
87	-0.241725	50.943159	11290.254858	0.000256	4.2
88	-0.237241	50.266130	11397.512499	0.000268	4.3
89	-0.237531	49.588831	11506.871435	0.000245	4.1
90	-0.235596	50.381370	11379.112080	0.000258	4.1
91	-0.237550	51.380612	11222.019003	0.000264	4.1
92	-0.243768	52.380612	11069.090067	0.000254	4.3
93	-0.243069	53.371649	10921.589341	0.000257	4.3
94	-0.240103	54.368728	10777.103794	0.000251	4.2
95	-0.236164	55.368728	10635.984491	0.000260	4.2
96	-0.240771	54.797721	10716.108561	0.000280	4.4
97	-0.238177	54.133682	10810.818537	0.000264	4.1
98	-0.239138	53.456377	10909.160968	0.000256	4.2
99	-0.237466	53.412563	10915.584338	0.000247	4.2
100	-0.230413	54.409887	10771.221647	0.000253	4.5
101	-0.233014	55.409885	10630.255619	0.000252	4.1
102	-0.244905	56.409242	10493.018439	0.000260	4.0
103	-0.232774	55.732467	10585.566153	0.000267	4.2
104	-0.236809	56.732467	10449.386683	0.000256	4.2
105	-0.239832	57.732465	10316.666710	0.000255	4.1
106	-0.238596	58.732465	10187.275669	0.000233	4.5
107	-0.240682	58.055719	10274.482561	0.000247	4.4
108	-0.242901	58.798787	10178.808890	0.000260	4.5
109	-0.236944	59.798787	10052.831642	0.000260	4.1
110	-0.239275	60.798705	9929.944586	0.000266	4.0
111	-0.239913	61.798415	9810.050151	0.000267	4.2
112	-0.237965	62.798409	9692.983566	0.000250	4.2
113	-0.242905	62.121218	9771.952636	0.000260	4.2
114	-0.238577	63.003081	9669.366881	0.000267	4.0
115	-0.239290	62.335478	9746.828472	0.000233	4.4
116	-0.237388	62.586822	9717.519890	0.000267	4.3
117	-0.241895	63.586430	9602.682184	0.000252	4.2
118	-0.238347	64.586430	9490.483545	0.000248	4.4
119	-0.238027	63.909124	9566.187563	0.000249	4.4
120	-0.236058	63.285599	9636.955952	0.000257	4.1
121	-0.235888	64.285599	9523.959666	0.000258	4.0
122	-0.239151	65.253071	9417.132626	0.000254	4.1
123	-0.235500	66.148999	9320.320552	0.000239	4.3
124	-0.236360	67.144799	9215.025879	0.000242	4.1
125	-0.236691	68.144799	9111.654444	0.000253	4.0
126	-0.236640	69.087889	9016.268597	0.000259	4.2
127	-0.240609	70.087888	8917.284471	0.000262	4.4
128	-0.239482	70.699109	8857.846244	0.000249	4.4
129	-0.236866	71.623134	8769.478713	0.000251	4.1
130	-0.235745	71.938427	8739.728347	0.000228	4.1
131	-0.237991	72.938427	8646.691572	0.000250	4.4
132	-0.234944	73.914783	8557.746040	0.000255	4.3
133	-0.235410	74.914732	8468.528128	0.000247	4.2
134	-0.236384	74.237426	8528.754296	0.000248	4.1
135	-0.236708	73.560128	8589.842494	0.000251	4.5
136	-0.242629	74.559511	8500.008014	0.000244	4.0
137	-0.234373	75.456375	8420.973813	0.000263	4.1
138	-0.237285	76.456375	8334.566189	0.000256	4.2
139	-0.242720	77.456375	8249.913812	0.000260	4.5
140	-0.230817	78.456375	8166.963736	0.000263	4.1
141	-0.239955	79.444726	8086.602832	0.000260	4.0
142	-0.240825	80.444603	8006.898187	0.000264	4.2
143	-0.236578	81.444602	7928.739884	0.000240	4.7
144	-0.239442	82.444602	7852.092677	0.000264	4.4
145	-0.238407	82.884570	7818.837854	0.000237	4.1
146	-0.235351	82.208749	7870.036353	0.000251	4.2
147	-0.237492	81.550681	7920.538403	0.000246	4.4
148	-0.239486	82.549081	7844.170104	0.000285	4.1
149	-0.239202	83.534464	7770.227835	0.000248	4.1
150	-0.237724	83.131253	7800.315316	0.000250	4.1
151	-0.236698	82.460028	7850.921968	0.000242	4.1
152	-0.237635	81.782722	7902.657040	0.000249	4.1
153	-0.237526	81.106077	7955.027028	0.000260	4.0
154	-0.236910	82.106077	7877.873216	0.000247	4.2
155	-0.239744	81.527738	7922.310830	0.000284	4.5
156	-0.238703	80.850432	7974.994245	0.000237	4.2
157	-0.235985	81.850432	7897.454519	0.000243	4.1
158	-0.240330	81.557546	7920.008200	0.000242	4.1
159	-0.237252	80.880254	7972.659837	0.000253	4.2
160	-0.240685	80.214804	8025.077128	0.000261	4.1
161	-0.240517	79.537499	8079.140756	0.000248	4.0
162	-0.233314	79.443545	8086.697928	0.000250	4.3
163	-0.242193	80.443530	8006.982820	0.000246	4.2
164	-0.233621	79.859189	8053.372372	0.000261	4.2
165	-0.236656	80.859183	7974.309055	0.000253	4.8
166	-0.237847	81.855704	7897.049709	0.000251	4.5
167	-0.237227	81.179823	7949.285665	0.000245	4.1
168	-0.236116	80.507099	8001.968503	0.000246	4.1
169	-0.237959	81.507098	7923.905950	0.000261	4.0
170	-0.238035	82.506647	7847.385962	0.000266	4.3
171	-0.237088	81.830046	7899.020188	0.000252	4.1
172	-0.241576	82.830043	7822.943969	0.000259	4.1
173	-0.241967	82.329314	7860.853562	0.000282	4.1
174	-0.237101	81.653009	7912.642927	0.000271	4.4
175	-0.234730	81.011292	7962.418554	0.000237	4.1
176	-0.237044	80.333995	8015.637855	0.000253	4.1
177	-0.240634	81.277992	7941.655762	0.000265	3.9
178	-0.236873	80.600686	7994.597622	0.000269	4.4
179	-0.238802	81.600686	7916.678088	0.000246	4.3
180	-0.242039	82.518876	7846.458859	0.000252	4.1
181	-0.239288	83.310460	7786.914267	0.000250	4.0
182	-0.238880	84.309627	7713.032779	0.000250	4.2
183	-0.240453	85.303862	7640.894620	0.000240	4.0
184	-0.236235	85.135104	7653.043831	0.000251	4.0
185	-0.241013	86.011040	7590.400090	0.000250	4.2
186	-0.240534	86.942077	7524.930274	0.000265	4.1
187	-0.239892	86.281485	7571.265503	0.000247	4.0
188	-0.239625	85.963221	7593.793413	0.000262	4.0
189	-0.235944	86.963221	7523.456558	0.000249	4.0
190	-0.235949	87.191419	7507.588031	0.000251	4.2
191	-0.236195	88.191419	7438.831842	0.000247	4.1
192	-0.239256	87.514135	7485.260850	0.000252	4.2
193	-0.240331	86.836829	7532.274585	0.000251	4.4
194	-0.235637	86.159524	7579.882513	0.000260	4.3
195	-0.243648	85.482268	7628.092634	0.000265	4.1
196	-0.233969	84.811896	7676.420505	0.000247	4.0
197	-0.241114	84.134590	7725.874097	0.000243	4.2
198	-0.240698	84.743199	7681.407540	0.000252	4.2
199	-0.241373	84.075683	7730.205302	0.000245	4.1
