1:ItNr	2:Metric	3a:Time	3b:StepSize	4:||Gradient||	Time[ms]
0	-0.459541	0.000000	30673.362044	0.000373	76.7
1	-0.464219	0.000000	30673.362044	0.000535	3.1
2	-0.451969	1.000000	29279.118315	0.001276	3.1
3	-0.429516	2.000000	28006.113171	0.002136	3.0
4	-0.409325	3.000000	26839.191788	0.002182	3.1
5	-0.434077	4.000000	25765.624117	0.001951	3.1
6	-0.426472	5.000000	24774.638574	0.002102	3.4
7	-0.432405	6.000000	23857.059368	0.002195	3.2
8	-0.424457	7.000000	23005.021533	0.002106	3.4
9	-0.440378	8.000000	22211.744928	0.001889	3.2
10	-0.442610	9.000000	21471.353431	0.001929	3.1
11	-0.437460	10.000000	20778.729127	0.001977	3.1
12	-0.440064	11.000000	20129.393841	0.001832	3.1
13	-0.449358	12.000000	19519.412210	0.001696	3.3
14	-0.447516	13.000000	18945.311851	0.001557	3.1
15	-0.447724	14.000000	18404.017226	0.001355	3.2
16	-0.452460	15.000000	17892.794526	0.001181	3.1
17	-0.451684	16.000000	17409.205484	0.001113	3.2
18	-0.462016	17.000000	16951.068498	0.000991	3.4
19	-0.455877	18.000000	16516.425716	0.000784	3.2
20	-0.464801	19.000000	16103.515073	0.000637	3.4
21	-0.461481	20.000000	15710.746413	0.000547	3.3
22	-0.466152	21.000000	15336.681022	0.000366	3.4
23	-0.460517	22.000000	14980.014021	0.000298	3.4
24	-0.461966	23.000000	14639.559157	0.000272	3.3
25	-0.462972	24.000000	14314.235621	0.000088	3.2
26	-0.462059	25.000000	14003.056585	0.000095	3.3
27	-0.462364	24.987126	14006.976714	0.000197	3.4
28	-0.462465	25.987126	13708.874279	0.000353	3.3
29	-0.461368	26.987126	13423.196110	0.000415	3.2
30	-0.464104	27.987126	13149.181339	0.000354	3.3
31	-0.461065	28.987126	12886.129982	0.000121	3.2
32	-0.467889	29.987126	12633.396969	0.000087	3.2
33	-0.458901	30.962587	12396.238180	0.000223	3.4
34	-0.462216	31.962587	12162.181671	0.000264	3.3
35	-0.459575	32.962587	11936.799932	0.000130	3.5
36	-0.461026	33.962587	11719.619471	0.000102	3.4
37	-0.463098	34.962587	11510.200652	0.000085	3.3
38	-0.463189	35.942993	11312.025654	0.000150	3.6
39	-0.458253	35.930119	11314.583721	0.000217	3.4
40	-0.462338	36.930119	11119.269369	0.000195	3.4
41	-0.460568	37.930119	10930.583694	0.000133	3.3
42	-0.460700	38.930119	10748.194875	0.000120	3.1
43	-0.467931	38.917245	10750.504331	0.000175	3.4
44	-0.465076	39.917245	10574.027139	0.000233	3.2
45	-0.459156	40.917245	10403.250369	0.000151	3.2
46	-0.458601	41.917245	10237.902215	0.000128	3.3
47	-0.463379	42.917245	10077.727880	0.000171	3.2
48	-0.465331	43.917245	9922.488269	0.000056	3.7
49	-0.463293	44.075047	9898.426943	0.000139	3.3
50	-0.456699	44.100426	9894.568164	0.000096	3.2
51	-0.461419	44.087552	9896.525296	0.000252	3.2
52	-0.464105	45.087552	9746.776591	0.000111	3.3
53	-0.460367	46.087552	9601.492163	0.000094	3.5
54	-0.459882	46.074679	9603.334904	0.000096	3.3
55	-0.459000	46.061804	9605.178530	0.000206	3.2
56	-0.462827	47.061804	9464.054171	0.000238	3.3
57	-0.462381	48.061804	9327.016712	0.000144	3.3
58	-0.463584	49.061804	9193.891155	0.000126	3.4
59	-0.459814	50.061804	9064.512352	0.000111	3.2
60	-0.459811	50.048940	9066.153535	0.000094	3.3
61	-0.456616	50.957302	8951.705899	0.000048	3.2
62	-0.459629	51.917692	8833.804066	0.000082	3.2
63	-0.467508	52.609965	8750.725593	0.000091	3.3
64	-0.460758	52.597091	8752.256347	0.000119	3.5
65	-0.460968	53.595069	8635.163291	0.000046	3.2
66	-0.463514	53.605666	8633.936770	0.000066	3.5
67	-0.459055	53.600090	8634.582115	0.000107	3.4
68	-0.461474	53.587218	8636.072188	0.000129	3.8
69	-0.467583	53.574344	8637.563102	0.000165	3.3
70	-0.457959	54.574344	8523.270835	0.000060	3.3
71	-0.460050	54.561470	8524.723053	0.000078	3.4
72	-0.463727	54.629002	8517.110938	0.000142	3.3
73	-0.463711	54.616192	8518.553869	0.000103	3.6
74	-0.462579	55.616113	8407.377759	0.000058	3.4
75	-0.461966	55.678301	8400.559141	0.000080	3.3
76	-0.462531	55.665451	8401.967137	0.000075	3.1
77	-0.460929	55.652582	8403.377741	0.000143	3.7
78	-0.458068	56.652568	8295.161636	0.000213	3.7
79	-0.461454	57.652568	8189.695764	0.000192	4.6
80	-0.466656	58.652568	8086.878040	0.000121	5.7
81	-0.461565	58.639694	8088.185346	0.000103	4.3
82	-0.461045	59.639693	7987.885087	0.000089	3.4
83	-0.457465	60.593665	7894.492845	0.000169	3.6
84	-0.461334	61.593664	7798.910571	0.000175	3.2
85	-0.462340	62.593664	7705.615097	0.000145	3.4
86	-0.464477	63.593664	7614.525354	0.000165	3.4
87	-0.461360	64.593664	7525.564035	0.000156	3.1
88	-0.460998	65.593664	7438.657399	0.000102	3.3
89	-0.461853	66.593664	7353.735077	0.000097	3.3
90	-0.457142	67.593664	7270.729880	0.000108	3.2
91	-0.459373	68.593661	7189.577843	0.000072	3.4
92	-0.465315	68.580787	7190.611113	0.000078	3.5
93	-0.463086	69.580641	7111.239194	0.000055	3.2
94	-0.462097	69.567989	7112.232628	0.000135	3.2
95	-0.457784	69.780070	7095.616964	0.000064	3.4
96	-0.459209	69.802448	7093.868265	0.000207	3.3
97	-0.460786	69.789573	7094.874207	0.000276	3.3
98	-0.460668	70.789573	7017.579216	0.000103	3.2
99	-0.458543	71.789573	6941.950253	0.000167	3.5
100	-0.460396	72.789562	6867.934874	0.000121	3.3
101	-0.465199	73.789562	6795.480326	0.000125	3.8
102	-0.462789	74.789562	6724.538564	0.000252	3.1
103	-0.457947	75.789562	6655.062699	0.000113	3.6
104	-0.461571	76.789562	6587.007759	0.000138	3.3
105	-0.458595	77.779877	6520.969878	0.000083	3.5
106	-0.459467	77.767261	6521.802806	0.000061	3.2
107	-0.461778	78.601563	6467.173667	0.000100	3.3
108	-0.458301	78.588696	6468.009218	0.000062	3.7
109	-0.466220	78.719225	6459.542834	0.000102	3.2
110	-0.463171	78.706350	6460.376906	0.000094	3.3
111	-0.465489	78.693476	6461.211196	0.000143	3.5
112	-0.461121	79.693476	6397.044067	0.000091	3.5
113	-0.456313	79.866876	6386.046893	0.000155	3.2
114	-0.460418	79.854002	6386.862095	0.000126	3.2
115	-0.460521	80.854002	6324.156045	0.000113	3.5
116	-0.459220	80.995630	6315.374493	0.000185	3.3
117	-0.458530	81.995630	6254.057578	0.000090	3.2
118	-0.460940	82.995630	6193.919882	0.000126	3.3
119	-0.460584	82.982759	6194.686569	0.000151	3.3
120	-0.461053	83.982758	6135.679958	0.000095	3.3
121	-0.460860	84.982758	6077.786768	0.000064	3.2
122	-0.461948	84.969887	6078.524935	0.000124	3.1
123	-0.461890	85.946228	6023.032475	0.000074	3.3
124	-0.462182	86.946214	5967.236655	0.000042	3.4
125	-0.467399	87.025150	5962.876271	0.000126	3.3
126	-0.458185	87.861949	5917.040891	0.000132	3.3
127	-0.463426	87.950942	5912.207721	0.000188	3.4
128	-0.465154	88.950942	5858.436397	0.000087	3.3
129	-0.459734	89.950942	5805.634354	0.000054	3.3
130	-0.462759	90.356980	5784.465430	0.000168	3.3
131	-0.456217	90.344429	5785.117480	0.000147	3.8
132	-0.459465	91.344429	5733.623004	0.000098	3.4
133	-0.463644	92.344429	5683.037165	0.000090	3.2
134	-0.462854	92.331555	5683.682748	0.000165	3.3
135	-0.459366	93.331555	5633.970464	0.000105	3.6
136	-0.458624	93.318680	5634.604952	0.000134	3.2
137	-0.462507	94.317920	5585.780619	0.000122	3.2
138	-0.466121	94.305046	5586.404299	0.000145	3.3
139	-0.464403	95.304996	5538.374304	0.000125	3.3
140	-0.464114	96.304996	5491.160848	0.000117	3.5
141	-0.454819	97.293542	5445.272751	0.000116	3.4
142	-0.465925	98.293542	5399.626756	0.000105	3.3
143	-0.461491	98.280668	5400.209556	0.000076	3.4
144	-0.462039	99.280662	5355.313070	0.000163	3.5
145	-0.462232	99.267788	5355.886331	0.000161	3.1
146	-0.462435	100.267788	5311.720552	0.000053	3.2
147	-0.461033	101.261063	5268.567001	0.000107	3.1
148	-0.463377	101.362153	5264.214342	0.000139	3.1
149	-0.465490	102.054762	5234.584911	0.000133	3.1
150	-0.466855	103.054762	5192.389152	0.000088	3.1
151	-0.464842	104.054761	5150.868289	0.000222	3.2
152	-0.459965	104.041887	5151.398624	0.000213	3.1
153	-0.457823	105.041887	5110.528095	0.000256	3.0
154	-0.461719	105.029012	5111.050156	0.000109	3.2
155	-0.463207	106.029012	5070.814858	0.000101	3.1
156	-0.461287	107.011359	5031.901926	0.000138	3.2
157	-0.465540	106.999746	5032.358439	0.000165	3.0
158	-0.460354	107.994405	4993.554580	0.000168	3.2
159	-0.456040	108.994404	4955.141007	0.000093	3.1
160	-0.462674	109.983183	4917.735149	0.000062	3.2
161	-0.461195	110.928852	4882.484713	0.000046	3.3
162	-0.464285	110.960978	4881.296079	0.000098	3.4
163	-0.463166	110.950293	4881.691328	0.000076	3.2
164	-0.462797	110.944059	4881.921976	0.000140	3.1
165	-0.461190	111.941499	4845.293682	0.000118	3.3
166	-0.461074	112.941477	4809.119736	0.000078	3.2
167	-0.464151	112.928603	4809.582030	0.000108	3.2
168	-0.465233	112.916410	4810.019932	0.000105	3.1
169	-0.458585	113.916277	4774.372784	0.000044	3.2
170	-0.458039	114.494474	4753.999068	0.000098	3.1
171	-0.464366	114.529414	4752.773480	0.000078	3.2
172	-0.461003	114.516539	4753.225003	0.000087	3.2
173	-0.462377	115.426831	4721.509662	0.000100	3.2
174	-0.464078	115.413960	4721.955167	0.000040	3.1
175	-0.460749	115.401136	4722.399104	0.000108	3.2
176	-0.461184	115.998354	4701.812730	0.000103	3.1
177	-0.464836	116.998354	4667.741217	0.000061	3.2
178	-0.460790	117.996451	4634.223368	0.000175	3.1
179	-0.461230	118.996104	4601.132364	0.000127	3.2
180	-0.461640	119.996104	4568.499318	0.000134	3.1
181	-0.463649	119.983229	4568.916506	0.000181	3.1
182	-0.459527	120.983229	4536.737237	0.000048	3.2
183	-0.465578	121.466437	4521.349851	0.000055	3.1
184	-0.457564	121.619234	4516.505827	0.000075	3.1
185	-0.464973	121.708968	4513.665903	0.000137	3.1
186	-0.465771	121.696094	4514.073136	0.000060	3.1
187	-0.455530	122.690424	4482.835985	0.000063	3.2
188	-0.461764	122.678863	4483.196690	0.000121	3.1
189	-0.457328	122.666122	4483.594279	0.000071	3.1
190	-0.467496	123.666121	4452.601594	0.000057	3.2
191	-0.461041	123.999878	4442.352727	0.000135	3.2
192	-0.461683	124.993691	4412.112598	0.000133	3.2
193	-0.466072	125.993691	4382.096938	0.000147	3.6
194	-0.466990	126.993691	4352.486913	0.000088	3.1
195	-0.461845	127.047099	4350.916759	0.000170	3.2
196	-0.463314	127.035522	4351.257008	0.000076	3.2
197	-0.461031	128.035522	4322.060901	0.000110	3.2
198	-0.462991	128.971233	4295.094399	0.000114	3.1
199	-0.460980	129.343655	4284.454869	0.000059	3.1
