1:ItNr	2:Metric	3a:Time	3b:StepSize	4:||Gradient||	Time[ms]
0	-0.264417	0.000000	253606.649798	0.000297	27.3
1	-0.254799	0.000000	253606.649798	0.000515	3.6
2	-0.242931	1.000000	242079.074807	0.000473	4.1
3	-0.248963	2.000000	231553.897642	0.000552	4.0
4	-0.240387	3.000000	221905.818573	0.000491	3.7
5	-0.251474	4.000000	213029.585831	0.000497	3.6
6	-0.244358	5.000000	204836.140222	0.000520	3.7
7	-0.257715	6.000000	197249.616510	0.000541	3.5
8	-0.247113	7.000000	190204.987349	0.000518	3.8
9	-0.255992	8.000000	183646.194681	0.000599	3.6
10	-0.243582	9.000000	177524.654859	0.000530	3.7
11	-0.254950	10.000000	171798.053089	0.000464	3.7
12	-0.254767	11.000000	166429.363930	0.000555	3.8
13	-0.250597	12.000000	161386.049872	0.000545	3.6
14	-0.256426	13.000000	156639.401346	0.000551	3.6
15	-0.251526	14.000000	152163.989879	0.000549	3.7
16	-0.262422	15.000000	147937.212382	0.000572	3.7
17	-0.251285	16.000000	143938.909345	0.000535	4.2
18	-0.260891	17.000000	140151.043310	0.000545	4.0
19	-0.258339	18.000000	136557.426814	0.000577	3.6
20	-0.253261	19.000000	133143.491144	0.000544	3.6
21	-0.257924	20.000000	129896.088921	0.000469	3.9
22	-0.261487	21.000000	126803.324899	0.000503	3.6
23	-0.259064	22.000000	123854.410367	0.000558	3.6
24	-0.254980	23.000000	121039.537404	0.000519	3.7
25	-0.261960	24.000000	118349.769906	0.000527	3.9
26	-0.264140	25.000000	115776.948821	0.000528	3.8
27	-0.261479	26.000000	113313.609484	0.000490	3.9
28	-0.259576	27.000000	110952.909287	0.000513	4.1
29	-0.265838	28.000000	108688.564199	0.000533	4.0
30	-0.264992	29.000000	106514.792915	0.000527	3.9
31	-0.264899	30.000000	104426.267564	0.000512	3.7
32	-0.269049	31.000000	102418.070111	0.000471	4.0
33	-0.263114	32.000000	100485.653694	0.000454	3.8
34	-0.263145	33.000000	98624.808255	0.000499	3.9
35	-0.262103	34.000000	96831.629923	0.000448	3.9
36	-0.265456	35.000000	95102.493674	0.000447	3.9
37	-0.261654	36.000000	93434.028873	0.000443	3.7
38	-0.265577	37.000000	91823.097341	0.000424	4.1
39	-0.264507	38.000000	90266.773657	0.000413	3.8
40	-0.266704	39.000000	88762.327429	0.000460	3.9
41	-0.264258	40.000000	87307.207308	0.000503	3.9
42	-0.266086	41.000000	85899.026545	0.000494	4.1
43	-0.264238	42.000000	84535.549933	0.000394	4.3
44	-0.267660	43.000000	83214.681965	0.000327	3.8
45	-0.267755	44.000000	81934.456089	0.000377	3.7
46	-0.268194	45.000000	80693.024936	0.000386	3.9
47	-0.270957	46.000000	79488.651429	0.000370	3.9
48	-0.272104	47.000000	78319.700673	0.000383	3.8
49	-0.271150	48.000000	77184.632547	0.000358	3.8
50	-0.267928	49.000000	76081.994939	0.000333	3.8
51	-0.274276	50.000000	75010.417546	0.000297	3.9
52	-0.272120	51.000000	73968.606191	0.000266	3.8
53	-0.263686	52.000000	72955.337613	0.000273	3.8
54	-0.270550	53.000000	71969.454672	0.000298	3.9
55	-0.274903	54.000000	71009.861944	0.000314	4.1
56	-0.267611	55.000000	70075.521655	0.000270	3.9
57	-0.268567	56.000000	69165.449945	0.000258	3.9
58	-0.270266	57.000000	68278.713407	0.000250	4.1
59	-0.274376	58.000000	67414.425896	0.000303	4.1
60	-0.268840	59.000000	66571.745572	0.000277	3.8
61	-0.271107	60.000000	65749.872170	0.000303	3.7
62	-0.272508	61.000000	64948.044461	0.000288	4.0
63	-0.268131	62.000000	64165.537901	0.000268	4.0
64	-0.269731	63.000000	63401.662450	0.000264	3.8
65	-0.268905	64.000000	62655.760538	0.000236	3.7
66	-0.269563	65.000000	61927.205183	0.000263	3.7
67	-0.269874	66.000000	61215.398227	0.000250	3.8
68	-0.269089	67.000000	60519.768702	0.000254	4.3
69	-0.268452	68.000000	59839.771301	0.000225	3.8
70	-0.268343	69.000000	59174.884953	0.000228	3.9
71	-0.270986	70.000000	58524.611492	0.000253	3.8
72	-0.266945	71.000000	57888.474410	0.000291	4.3
73	-0.270828	72.000000	57266.017696	0.000273	4.2
74	-0.269751	73.000000	56656.804742	0.000259	3.7
75	-0.269519	74.000000	56060.417324	0.000254	3.8
76	-0.271598	75.000000	55476.454643	0.000250	4.1
77	-0.267565	76.000000	54904.532431	0.000239	3.8
78	-0.273378	77.000000	54344.282100	0.000236	3.9
79	-0.271000	78.000000	53795.349957	0.000266	3.7
80	-0.276097	79.000000	53257.396458	0.000297	3.8
81	-0.269398	80.000000	52730.095503	0.000299	4.0
82	-0.268515	81.000000	52213.133782	0.000255	3.8
83	-0.270790	82.000000	51706.210153	0.000273	4.0
84	-0.267261	83.000000	51209.035055	0.000217	4.0
85	-0.268559	84.000000	50721.329960	0.000208	4.2
86	-0.271120	85.000000	50242.826847	0.000243	3.8
87	-0.270958	86.000000	49773.267717	0.000275	3.7
88	-0.271002	87.000000	49312.404127	0.000276	3.9
89	-0.273127	88.000000	48859.996750	0.000228	4.0
90	-0.275926	89.000000	48415.814961	0.000250	4.0
91	-0.270522	90.000000	47979.636448	0.000259	3.7
92	-0.269281	91.000000	47551.246837	0.000255	4.0
93	-0.272994	92.000000	47130.439343	0.000244	3.8
94	-0.270293	93.000000	46717.014437	0.000244	3.8
95	-0.267800	94.000000	46310.779528	0.000209	3.9
96	-0.268207	95.000000	45911.548670	0.000236	4.3
97	-0.276335	96.000000	45519.142271	0.000259	4.5
98	-0.272661	97.000000	45133.386828	0.000201	4.0
99	-0.274640	98.000000	44754.114670	0.000246	3.9
100	-0.270416	99.000000	44381.163715	0.000251	4.2
101	-0.276419	100.000000	44014.377238	0.000283	3.9
102	-0.271993	101.000000	43653.603654	0.000233	3.7
103	-0.266670	102.000000	43298.696307	0.000210	3.8
104	-0.270575	103.000000	42949.513272	0.000216	4.0
105	-0.270874	104.000000	42605.917166	0.000225	3.9
106	-0.270759	105.000000	42267.774966	0.000226	4.0
107	-0.274629	106.000000	41934.957841	0.000217	4.1
108	-0.274425	107.000000	41607.340983	0.000230	3.8
109	-0.269615	108.000000	41284.803456	0.000210	4.0
110	-0.269401	109.000000	40967.228044	0.000222	3.8
111	-0.270640	110.000000	40654.501113	0.000240	4.1
112	-0.276517	111.000000	40346.512468	0.000195	3.9
113	-0.277529	112.000000	40043.155231	0.000206	4.1
114	-0.265611	113.000000	39744.325715	0.000213	3.8
115	-0.263298	114.000000	39449.923302	0.000233	3.9
116	-0.277398	115.000000	39159.850336	0.000243	3.9
117	-0.267417	116.000000	38874.012013	0.000217	3.9
118	-0.270228	117.000000	38592.316274	0.000233	3.7
119	-0.270497	118.000000	38314.673711	0.000248	3.6
120	-0.273212	119.000000	38040.997470	0.000212	3.7
121	-0.272008	120.000000	37771.203161	0.000188	3.9
122	-0.269211	121.000000	37505.208773	0.000227	4.6
123	-0.268239	122.000000	37242.934596	0.000242	3.9
124	-0.269676	123.000000	36984.303106	0.000271	4.2
125	-0.273195	124.000000	36729.238946	0.000226	3.9
126	-0.271832	125.000000	36477.668816	0.000237	3.9
127	-0.270637	126.000000	36229.521410	0.000214	3.9
128	-0.268690	127.000000	35984.727346	0.000216	4.0
129	-0.275463	128.000000	35743.219109	0.000238	3.8
130	-0.266629	129.000000	35504.930981	0.000245	3.9
131	-0.269758	130.000000	35269.798988	0.000246	3.7
132	-0.273775	131.000000	35037.760837	0.000211	3.9
133	-0.269215	132.000000	34808.755864	0.000203	3.8
134	-0.268398	133.000000	34582.724981	0.000206	3.9
135	-0.271052	134.000000	34359.610627	0.000216	3.8
136	-0.270221	135.000000	34139.356712	0.000236	4.5
137	-0.266760	136.000000	33921.908580	0.000230	3.7
138	-0.264782	137.000000	33707.212957	0.000209	3.8
139	-0.274066	137.999951	33495.228221	0.000256	3.6
140	-0.268654	138.999951	33285.882981	0.000247	3.6
141	-0.268496	139.999951	33079.138303	0.000232	3.7
142	-0.272044	140.999951	32874.946030	0.000219	3.6
143	-0.268269	141.999951	32673.259183	0.000190	3.8
144	-0.273600	142.999951	32474.031934	0.000228	3.7
145	-0.270133	143.998904	32277.424469	0.000229	3.6
146	-0.272812	144.998904	32082.980869	0.000254	3.7
147	-0.272507	145.998904	31890.865949	0.000234	3.7
148	-0.272670	146.998904	31701.038127	0.000257	4.2
149	-0.273466	147.998904	31513.456803	0.000212	3.6
150	-0.272096	148.998904	31328.082332	0.000253	3.6
151	-0.273400	148.845383	31356.399313	0.000214	3.7
152	-0.273285	149.845383	31172.862604	0.000208	3.7
153	-0.270631	150.845383	30991.461963	0.000197	3.5
154	-0.273376	151.840748	30812.986602	0.000201	3.5
155	-0.272138	152.840748	30635.738247	0.000208	3.6
156	-0.268818	153.840409	30460.576389	0.000206	3.6
157	-0.270627	154.840409	30287.347855	0.000245	3.7
158	-0.269359	155.840409	30116.078472	0.000218	3.6
159	-0.273728	156.840409	29946.735190	0.000211	3.5
160	-0.274227	157.840409	29779.285701	0.000233	3.6
161	-0.264765	158.840409	29613.698413	0.000210	3.8
162	-0.267374	159.840409	29449.942441	0.000211	3.9
163	-0.268810	160.840409	29287.987557	0.000236	3.8
164	-0.271748	161.840409	29127.804216	0.000234	3.6
165	-0.269638	162.840409	28969.363511	0.000201	3.6
166	-0.265439	163.840409	28812.637157	0.000201	3.7
167	-0.265901	164.840409	28657.597479	0.000227	3.7
168	-0.272149	165.840409	28504.217396	0.000227	3.6
169	-0.270861	166.840409	28352.470403	0.000215	3.7
170	-0.271529	167.840409	28202.330554	0.000203	3.9
171	-0.273774	168.775491	28063.369017	0.000219	3.7
172	-0.273040	169.775491	27916.267475	0.000217	3.6
173	-0.276256	170.775491	27770.700034	0.000227	3.6
174	-0.269449	171.775491	27626.642821	0.000222	3.7
175	-0.268071	172.775491	27484.072455	0.000204	4.3
176	-0.273806	173.775491	27342.966034	0.000231	3.6
177	-0.268488	174.775491	27203.301126	0.000192	3.7
178	-0.267554	175.775491	27065.055753	0.000229	3.6
179	-0.271328	176.775491	26928.208384	0.000198	3.8
180	-0.269847	177.775491	26792.737918	0.000194	3.7
181	-0.271797	178.775491	26658.623679	0.000203	3.6
182	-0.270009	179.775491	26525.845403	0.000231	3.7
183	-0.271748	180.775491	26394.383226	0.000232	3.8
184	-0.270816	181.775491	26264.217677	0.000218	3.7
185	-0.270081	182.775491	26135.329666	0.000226	3.7
186	-0.275124	183.775491	26007.700478	0.000219	3.5
187	-0.267956	184.775491	25881.311761	0.000198	3.7
188	-0.271126	185.775481	25756.146753	0.000224	3.8
189	-0.268719	186.775481	25632.185318	0.000224	3.7
190	-0.274755	187.775481	25509.411393	0.000222	3.7
191	-0.268694	188.775481	25387.807999	0.000204	3.7
192	-0.272911	189.775481	25267.358467	0.000214	3.7
193	-0.268558	190.775481	25148.046457	0.000219	3.7
194	-0.268178	191.775481	25029.855929	0.000194	3.6
195	-0.272794	192.775477	24912.771613	0.000220	3.7
196	-0.271354	192.594734	24933.852702	0.000216	3.6
197	-0.272245	193.594734	24817.662281	0.000230	3.8
198	-0.269636	193.926526	24779.350143	0.000201	3.7
199	-0.270726	194.926526	24664.591893	0.000204	3.6
