1:ItNr	2:Metric	3a:Time	3b:StepSize	4:||Gradient||	Time[ms]
0	-0.224887	0.000000	58519.459024	0.000292	87.1
1	-0.223400	0.000000	58519.459024	0.000302	5.1
2	-0.218998	1.000000	55859.483620	0.000309	5.0
3	-0.220624	1.996777	53438.299067	0.000284	4.7
4	-0.224468	2.996477	51212.043082	0.000308	4.7
5	-0.225677	2.257358	52839.563460	0.000303	4.7
6	-0.221845	3.179338	50824.742839	0.000319	4.8
7	-0.227561	4.138206	48886.092428	0.000307	4.7
8	-0.218946	5.074260	47131.102412	0.000298	5.4
9	-0.221830	6.074260	45390.293923	0.000308	4.8
10	-0.224903	5.547551	46290.848151	0.000309	4.8
11	-0.219152	6.547545	44610.458932	0.000301	5.0
12	-0.221178	7.547215	43048.284902	0.000322	5.2
13	-0.225834	8.547215	41591.352834	0.000315	4.9
14	-0.219162	9.503864	40286.982362	0.000301	5.1
15	-0.222411	8.765680	41286.092621	0.000301	5.3
16	-0.222642	9.765641	39944.191359	0.000314	5.1
17	-0.224203	10.765637	38686.730833	0.000309	4.9
18	-0.227248	11.725398	37552.137654	0.000325	5.3
19	-0.224282	12.725398	36438.670054	0.000307	5.1
20	-0.226446	11.986314	37255.106652	0.000316	5.0
21	-0.225770	12.986314	36158.926987	0.000309	5.5
22	-0.224441	13.876877	35235.627069	0.000305	5.1
23	-0.225181	14.856536	34272.932754	0.000286	5.4
24	-0.223837	15.851926	33347.202941	0.000311	5.5
25	-0.223684	15.112906	34029.624687	0.000304	4.9
26	-0.228698	14.373789	34740.655851	0.000298	5.4
27	-0.226109	13.634671	35482.036387	0.000316	5.7
28	-0.225115	14.634495	34486.490000	0.000323	7.6
29	-0.221993	15.634462	33545.152835	0.000298	5.3
30	-0.226625	16.634462	32653.811651	0.000324	5.7
31	-0.226570	17.634460	31808.614641	0.000321	5.0
32	-0.227761	17.576821	31856.140887	0.000326	5.0
33	-0.224338	18.576821	31051.221740	0.000319	5.3
34	-0.228637	19.576608	30286.135209	0.000314	4.8
35	-0.228951	19.252576	30529.937402	0.000312	5.2
36	-0.224321	18.524409	31092.397394	0.000310	5.6
37	-0.226501	19.524402	30325.151712	0.000315	5.6
38	-0.226479	19.095134	30649.820009	0.000311	4.9
39	-0.225409	18.360996	31221.482374	0.000306	6.0
40	-0.219999	19.360983	30447.936573	0.000306	5.1
41	-0.226296	20.360983	29711.785384	0.000297	5.6
42	-0.223945	21.360983	29010.390290	0.000315	5.8
43	-0.224473	22.360983	28341.346637	0.000306	5.4
44	-0.223814	23.360510	27702.761811	0.000311	5.2
45	-0.227463	22.631334	28165.736404	0.000319	5.9
46	-0.228145	23.631254	27534.710109	0.000318	5.5
47	-0.223150	23.726230	27476.240353	0.000310	5.0
48	-0.225429	23.159190	27829.057697	0.000317	5.8
49	-0.225884	22.420431	28302.543298	0.000329	5.5
50	-0.227843	23.349247	27709.797338	0.000303	5.1
51	-0.223079	24.349247	27098.766304	0.000305	5.6
52	-0.230816	25.349048	26514.215456	0.000321	5.1
53	-0.226564	26.349038	25954.247055	0.000313	5.3
54	-0.222143	27.348989	25417.462881	0.000289	5.6
55	-0.228788	28.343453	24905.201449	0.000311	4.8
56	-0.224364	28.365613	24894.021911	0.000307	5.2
57	-0.228264	29.365611	24399.756198	0.000305	5.4
58	-0.227067	30.365506	23924.784116	0.000315	5.3
59	-0.225824	29.639410	24267.830932	0.000315	5.1
60	-0.224495	28.912593	24621.214077	0.000295	5.4
61	-0.228806	29.912593	24137.616355	0.000319	5.4
62	-0.228660	30.912585	23672.653657	0.000293	4.8
63	-0.227609	30.206660	23999.000224	0.000292	5.2
64	-0.227004	31.206660	23539.307910	0.000298	5.7
65	-0.224767	30.467585	23877.332306	0.000300	4.9
66	-0.221302	31.467448	23422.306308	0.000299	5.1
67	-0.228210	32.467448	22984.239650	0.000323	5.6
68	-0.226581	31.728367	23306.404107	0.000307	5.4
69	-0.227584	31.394067	23455.110676	0.000308	4.7
70	-0.222865	30.669681	23783.941025	0.000302	5.5
71	-0.224425	31.468479	23421.846197	0.000321	5.3
72	-0.227465	31.179679	23551.479416	0.000329	4.9
73	-0.230857	32.179676	23108.614598	0.000327	5.1
74	-0.224038	31.441000	23434.119178	0.000314	5.5
75	-0.227454	30.701880	23769.128615	0.000296	4.9
76	-0.225050	31.701880	23318.117601	0.000310	5.0
77	-0.227438	32.701880	22883.903427	0.000311	5.3
78	-0.226500	32.324215	23045.977343	0.000304	5.1
79	-0.226199	33.324102	22621.793767	0.000312	5.1
80	-0.225841	34.323935	22212.965190	0.000320	5.6
81	-0.226982	35.323912	21818.595109	0.000316	5.2
82	-0.224904	35.189290	21870.869590	0.000293	5.4
83	-0.229139	36.189289	21488.440526	0.000317	6.0
84	-0.218231	35.569321	21723.941853	0.000319	4.8
85	-0.223506	34.830201	22011.538740	0.000312	5.1
86	-0.224313	34.091082	22306.852610	0.000312	5.6
87	-0.225892	34.655861	22080.489391	0.000322	5.5
88	-0.227761	34.077219	22312.467329	0.000293	4.9
89	-0.224726	33.417495	22582.969627	0.000304	5.5
90	-0.224537	34.417493	22175.464435	0.000324	6.0
91	-0.227727	35.396528	21790.501649	0.000295	4.8
92	-0.225892	36.396528	21410.853225	0.000293	5.0
93	-0.227139	37.396528	21044.207230	0.000316	4.6
94	-0.229899	38.396527	20689.907369	0.000307	4.7
95	-0.227486	39.396527	20347.339536	0.000308	4.6
96	-0.226811	39.749096	20229.249938	0.000312	4.9
97	-0.225068	40.746683	19902.423541	0.000311	5.0
98	-0.223315	41.745510	19585.602810	0.000317	4.8
99	-0.225019	42.745510	19278.356032	0.000292	5.1
100	-0.224160	42.221021	19438.291645	0.000311	5.0
101	-0.225478	43.221021	19135.613630	0.000307	4.7
102	-0.226817	42.481945	19358.396260	0.000307	5.4
103	-0.220245	43.475095	19060.206790	0.000305	5.2
104	-0.231527	43.040217	19189.638966	0.000318	4.8
105	-0.224297	42.305365	19412.393111	0.000306	4.7
106	-0.226382	43.301148	19111.768126	0.000293	5.0
107	-0.227260	44.285777	18823.527823	0.000305	4.7
108	-0.220657	45.170628	18571.814752	0.000299	5.0
109	-0.229410	46.170599	18295.335391	0.000316	5.5
110	-0.225369	47.170527	18026.978625	0.000304	4.6
111	-0.224400	48.170522	17766.363633	0.000301	4.9
112	-0.229039	47.432237	17958.036998	0.000315	5.0
113	-0.224673	47.431003	17958.360897	0.000306	4.8
114	-0.229545	48.430983	17699.715373	0.000324	4.8
115	-0.229073	47.693905	17889.631330	0.000322	4.7
116	-0.223511	46.955995	18083.888497	0.000304	5.2
117	-0.231399	46.236032	18277.530667	0.000306	5.3
118	-0.222089	45.497103	18480.634238	0.000298	4.7
119	-0.228997	46.137843	18304.261636	0.000322	5.0
120	-0.227358	45.402596	18506.936599	0.000312	5.1
121	-0.230192	46.252353	18273.094964	0.000316	4.8
122	-0.227021	45.514158	18475.895725	0.000292	6.4
123	-0.226670	44.777589	18682.786379	0.000298	5.9
124	-0.226552	45.776095	18403.421759	0.000304	4.6
125	-0.226343	46.754172	18137.755877	0.000302	4.9
126	-0.221851	46.017993	18336.995641	0.000313	4.7
127	-0.227177	45.279794	18541.225888	0.000320	4.7
128	-0.229958	46.279596	18265.695907	0.000306	4.6
129	-0.226527	47.278047	17998.590895	0.000316	4.8
130	-0.229224	48.056096	17795.802513	0.000316	4.6
131	-0.220665	49.054939	17542.069918	0.000294	4.6
132	-0.231029	48.315924	17729.095610	0.000315	4.8
133	-0.234104	47.580977	17919.089125	0.000321	4.9
134	-0.230730	46.841898	18114.302167	0.000321	5.3
135	-0.225717	46.102779	18313.826408	0.000295	4.8
136	-0.226830	47.102769	18044.914337	0.000299	5.5
137	-0.225595	46.363888	18242.840018	0.000306	5.4
138	-0.228668	47.361324	17976.665283	0.000315	4.7
139	-0.222588	48.361324	17717.491089	0.000284	4.8
140	-0.227687	49.361214	17465.711075	0.000305	4.7
141	-0.221856	50.361198	17220.964226	0.000298	4.7
142	-0.226480	51.360851	16983.059559	0.000290	4.7
143	-0.224132	50.622363	17158.169453	0.000291	5.0
144	-0.227211	51.613942	16923.866122	0.000310	5.0
145	-0.225700	52.603891	16696.245617	0.000312	4.5
146	-0.228893	53.603890	16472.447248	0.000323	4.8
147	-0.228329	52.864782	16637.274407	0.000303	4.7
148	-0.228613	53.852710	16417.690584	0.000307	4.7
149	-0.227281	54.852267	16201.343654	0.000302	5.0
150	-0.225501	55.852267	15990.532146	0.000309	4.7
151	-0.232536	55.648111	16033.123609	0.000296	4.8
152	-0.225550	54.911744	16188.649777	0.000311	4.6
153	-0.227660	54.232834	16334.738123	0.000306	4.7
154	-0.227353	55.232834	16120.463872	0.000297	4.6
155	-0.223998	55.393222	16086.618768	0.000303	4.7
156	-0.228560	54.745791	16224.117788	0.000307	4.7
157	-0.224151	54.008770	16383.532656	0.000317	4.7
158	-0.226700	53.271791	16546.102141	0.000307	4.9
159	-0.227482	54.270043	16326.663226	0.000304	4.8
160	-0.224456	55.270042	16112.599510	0.000300	5.0
161	-0.228621	56.270042	15904.076271	0.000307	4.9
162	-0.230522	57.270042	15700.881356	0.000301	4.9
163	-0.224538	58.269345	15502.949276	0.000284	4.9
164	-0.224233	57.530233	15648.860134	0.000313	5.7
165	-0.228412	58.528817	15452.369146	0.000304	5.3
166	-0.224917	57.789698	15597.326502	0.000309	4.9
167	-0.224770	57.058652	15743.400749	0.000301	5.3
168	-0.225463	56.595994	15837.269139	0.000315	5.1
169	-0.228620	57.595994	15635.766895	0.000302	4.8
170	-0.229376	56.856874	15784.202109	0.000310	11.7
171	-0.223476	57.856874	15584.039481	0.000297	19.0
172	-0.224032	57.120450	15730.946852	0.000301	9.3
173	-0.231798	58.120450	15532.124083	0.000299	4.7
174	-0.223554	59.118080	15338.718129	0.000301	4.9
175	-0.227853	60.118080	15149.626891	0.000314	4.9
176	-0.228050	60.223412	15129.980529	0.000306	4.7
177	-0.226926	59.484292	15268.925228	0.000323	4.7
178	-0.228027	60.425429	15092.442864	0.000314	5.1
179	-0.223875	61.421401	14910.067326	0.000310	5.9
180	-0.220909	62.023400	14801.955160	0.000318	6.1
181	-0.228043	61.284375	14934.896636	0.000298	5.8
182	-0.227442	61.642983	14870.090548	0.000321	7.2
183	-0.226676	62.642983	14692.310057	0.000315	5.1
184	-0.223840	63.278662	14581.492023	0.000301	5.8
185	-0.227490	64.278662	14410.505665	0.000313	4.7
186	-0.224551	65.278662	14243.482842	0.000315	5.0
187	-0.224096	64.547683	14365.189046	0.000320	5.6
188	-0.223209	64.088371	14442.733190	0.000295	4.8
189	-0.224813	65.008677	14288.193745	0.000305	4.9
190	-0.227084	64.269605	14412.036213	0.000320	5.3
191	-0.226830	65.269604	14244.978278	0.000315	5.0
192	-0.230499	66.269604	14081.748728	0.000320	5.5
193	-0.226235	67.269604	13922.217609	0.000302	5.0
194	-0.231189	68.269426	13766.288109	0.000307	5.2
195	-0.228938	68.709027	13698.829212	0.000301	5.7
196	-0.231904	69.709027	13547.809811	0.000309	5.6
197	-0.223722	70.709016	13400.085321	0.000309	5.2
198	-0.225990	70.224668	13471.231697	0.000318	5.1
199	-0.229572	69.485548	13581.269733	0.000332	5.0
