1:ItNr	2:Metric	3a:Time	3b:StepSize	4:||Gradient||	Time[ms]
0	-0.615871	0.000000	26226.603543	0.000749	71.4
1	-0.612700	0.000000	26226.603543	0.001055	3.4
2	-0.606931	1.000000	25034.485200	0.001527	3.3
3	-0.593973	2.000000	23946.029322	0.001795	3.4
4	-0.593696	3.000000	22948.278100	0.001877	3.2
5	-0.595420	4.000000	22030.346976	0.001830	3.2
6	-0.608753	5.000000	21183.025938	0.001751	3.3
7	-0.599807	6.000000	20398.469422	0.001641	3.5
8	-0.609408	7.000000	19669.952657	0.001400	3.4
9	-0.613490	8.000000	18991.678427	0.001298	3.4
10	-0.608472	9.000000	18358.622480	0.001220	3.5
11	-0.613933	10.000000	17766.408851	0.001113	3.4
12	-0.615430	11.000000	17211.208575	0.000890	3.3
13	-0.619293	12.000000	16689.656800	0.000719	3.9
14	-0.616914	13.000000	16198.784541	0.000568	4.0
15	-0.619107	14.000000	15735.962126	0.000303	4.0
16	-0.623617	15.000000	15298.852067	0.000113	3.7
17	-0.620287	16.000000	14885.369578	0.000131	3.6
18	-0.618258	15.988864	14889.851214	0.000195	3.5
19	-0.625889	16.988864	14497.898156	0.000170	3.6
20	-0.618884	17.988864	14126.050997	0.000152	3.4
21	-0.619827	18.988864	13772.801373	0.000167	3.5
22	-0.617561	19.988864	13436.788120	0.000131	3.8
23	-0.622052	20.988864	13116.779742	0.000097	3.6
24	-0.615685	21.988864	12811.659331	0.000056	3.5
25	-0.623483	21.977727	12814.979026	0.000115	3.3
26	-0.619211	22.976116	12524.040845	0.000142	3.3
27	-0.622989	23.976116	12245.581033	0.000181	3.6
28	-0.626032	24.976116	11979.234458	0.000101	3.5
29	-0.620534	25.976116	11724.227543	0.000052	3.4
30	-0.622187	25.964980	11727.007626	0.000066	3.3
31	-0.616400	25.953843	11729.788996	0.000123	3.6
32	-0.622730	25.942707	11732.571549	0.000176	3.4
33	-0.620503	26.942707	11487.850878	0.000184	3.5
34	-0.623232	27.942707	11253.130498	0.000168	3.4
35	-0.617247	28.942707	11027.809705	0.000129	3.3
36	-0.619114	29.942707	10811.334958	0.000076	3.8
37	-0.622186	30.921373	10607.552174	0.000061	3.2
38	-0.618106	31.740228	10442.857279	0.000115	3.4
39	-0.623389	31.729092	10445.062829	0.000105	3.4
40	-0.623558	32.729092	10250.660457	0.000092	3.4
41	-0.619578	32.942398	10210.125845	0.000103	3.4
42	-0.618188	33.942398	10024.292569	0.000040	3.3
43	-0.618143	34.941877	9845.194763	0.000031	3.4
44	-0.623221	34.932087	9846.917956	0.000040	3.5
45	-0.621565	34.925025	9848.161407	0.000069	3.6
46	-0.617307	34.993516	9836.115200	0.000103	3.3
47	-0.620706	34.982380	9838.071879	0.000153	3.8
48	-0.620232	35.982380	9665.420755	0.000034	3.5
49	-0.616130	35.972450	9667.105239	0.000095	3.3
50	-0.622003	35.968277	9667.813455	0.000039	3.6
51	-0.618979	35.957372	9669.664385	0.000054	3.4
52	-0.622589	36.281859	9614.888332	0.000033	3.4
53	-0.618118	36.923818	9508.328224	0.000063	3.3
54	-0.615087	36.912696	9510.154268	0.000037	3.3
55	-0.623245	36.948364	9504.300716	0.000089	3.5
56	-0.621623	36.937229	9506.127297	0.000072	3.8
57	-0.616793	37.937071	9344.860002	0.000140	3.3
58	-0.619325	37.925934	9346.626098	0.000130	3.4
59	-0.615412	38.925934	9190.656463	0.000034	3.5
60	-0.624288	38.917519	9191.947205	0.000069	3.7
61	-0.617586	38.908252	9193.369120	0.000163	3.5
62	-0.621517	39.908252	9042.431134	0.000138	3.4
63	-0.623360	40.908252	8896.369328	0.000085	3.5
64	-0.622112	41.693987	8784.872315	0.000095	3.4
65	-0.621584	42.660774	8651.460524	0.000119	3.3
66	-0.623175	43.660774	8517.662861	0.000059	3.4
67	-0.621549	43.650121	8519.066415	0.000052	3.4
68	-0.620488	43.917939	8483.921150	0.000086	3.5
69	-0.619031	43.906803	8485.376736	0.000137	3.4
70	-0.618132	44.906803	8356.628620	0.000076	3.5
71	-0.616775	45.906803	8231.729084	0.000133	3.2
72	-0.621834	46.906803	8110.508106	0.000070	3.4
73	-0.622223	47.906803	7992.805532	0.000102	3.4
74	-0.619390	48.906803	7878.470384	0.000059	3.7
75	-0.619706	49.493850	7812.861312	0.000065	3.3
76	-0.619500	49.482717	7814.095440	0.000102	3.4
77	-0.623709	50.482713	7704.781394	0.000042	3.4
78	-0.618865	50.508776	7701.973195	0.000044	3.7
79	-0.623193	50.498349	7703.096409	0.000066	3.5
80	-0.618932	51.357001	7611.684668	0.000028	3.7
81	-0.621995	51.345888	7612.853917	0.000089	3.8
82	-0.622650	51.334794	7614.021427	0.000070	3.8
83	-0.623541	52.334793	7510.196097	0.000092	3.9
84	-0.620485	52.323656	7511.336755	0.000117	3.6
85	-0.620595	53.323647	7410.275107	0.000102	4.1
86	-0.624393	53.312511	7411.385611	0.000110	3.9
87	-0.620614	53.301374	7412.496449	0.000082	3.9
88	-0.618682	54.301374	7314.058719	0.000092	3.8
89	-0.620007	54.290239	7315.140510	0.000046	3.8
90	-0.623083	54.279102	7316.222681	0.000106	3.2
91	-0.620615	54.679534	7277.511448	0.000036	3.2
92	-0.620477	54.668529	7278.569900	0.000101	3.4
93	-0.621782	55.491547	7200.255380	0.000064	3.4
94	-0.621609	56.106238	7142.854939	0.000067	3.4
95	-0.622265	56.980454	7062.778530	0.000064	3.3
96	-0.618389	56.969317	7063.787315	0.000090	3.4
97	-0.620557	57.969305	6974.338605	0.000071	3.4
98	-0.617905	58.964983	6887.498173	0.000077	3.2
99	-0.619694	59.964980	6802.430780	0.000043	3.3
100	-0.623660	60.873603	6726.938312	0.000077	3.2
101	-0.620457	60.862478	6727.852467	0.000104	3.3
102	-0.620419	60.851621	6728.744829	0.000102	3.6
103	-0.619189	61.851621	6647.530429	0.000054	3.5
104	-0.618910	61.840485	6648.424056	0.000047	3.4
105	-0.622001	62.367396	6606.403680	0.000033	3.5
106	-0.622958	62.364401	6606.641064	0.000033	3.7
107	-0.620715	62.385617	6604.960082	0.000105	3.6
108	-0.623729	62.374986	6605.802335	0.000052	3.5
109	-0.614028	63.354917	6529.064264	0.000106	3.5
110	-0.622493	63.489143	6518.691711	0.000127	3.3
111	-0.618257	63.478007	6519.551028	0.000136	3.6
112	-0.618144	64.478007	6443.279349	0.000041	3.4
113	-0.619773	65.477518	6368.807576	0.000093	3.5
114	-0.625120	65.557317	6362.936078	0.000045	3.5
115	-0.617731	66.240781	6313.087406	0.000076	3.4
116	-0.617831	67.217699	6243.176594	0.000064	3.6
117	-0.622977	67.206563	6243.964792	0.000080	3.6
118	-0.625476	68.205599	6174.037093	0.000056	3.4
119	-0.620974	69.205477	6105.601249	0.000026	3.5
120	-0.620772	69.194522	6106.342823	0.000040	3.5
121	-0.621569	69.184239	6107.039124	0.000058	3.8
122	-0.617588	69.201536	6105.868045	0.000033	3.4
123	-0.621680	69.190899	6106.588131	0.000161	3.5
124	-0.621465	70.190764	6039.632167	0.000072	3.5
125	-0.622300	71.190764	5974.119837	0.000055	3.5
126	-0.620062	71.179628	5974.841583	0.000057	3.4
127	-0.619484	71.168502	5975.562834	0.000041	3.4
128	-0.617904	71.158728	5976.196574	0.000027	3.6
129	-0.619458	71.157860	5976.252884	0.000081	3.6
130	-0.624126	71.146834	5976.967983	0.000094	3.6
131	-0.617291	71.135697	5977.690422	0.000098	3.4
132	-0.626660	72.135697	5913.507830	0.000088	3.5
133	-0.619704	72.126588	5914.086256	0.000068	3.5
134	-0.619629	72.133256	5913.662812	0.000102	3.4
135	-0.614628	73.132265	5850.902151	0.000077	3.8
136	-0.620270	74.132265	5789.399336	0.000062	3.3
137	-0.620429	75.113903	5730.270590	0.000105	3.3
138	-0.615538	76.013471	5677.136084	0.000114	3.6
139	-0.616965	77.013471	5619.214085	0.000136	3.5
140	-0.623859	78.013471	5562.462069	0.000079	4.0
141	-0.621233	79.012777	5506.883123	0.000033	3.4
142	-0.624395	79.001696	5507.493329	0.000087	3.8
143	-0.619949	79.422705	5484.403889	0.000058	3.3
144	-0.620378	79.421121	5484.490426	0.000061	3.5
145	-0.620525	80.410621	5430.976238	0.000113	3.3
146	-0.620108	80.399485	5431.572710	0.000126	3.4
147	-0.620529	80.388348	5432.169313	0.000163	3.4
148	-0.621723	81.388348	5379.114748	0.000131	3.4
149	-0.622389	82.388348	5327.086498	0.000100	3.5
150	-0.616677	82.382016	5327.412808	0.000084	3.3
151	-0.623440	83.382016	5276.375158	0.000117	3.3
152	-0.621554	83.370879	5276.938152	0.000061	3.2
153	-0.621838	84.141449	5238.264066	0.000134	3.3
154	-0.617253	85.121450	5189.890233	0.000044	3.4
155	-0.620451	85.110314	5190.434854	0.000043	3.3
156	-0.623579	85.099268	5190.975249	0.000094	3.2
157	-0.620842	85.862036	5153.922694	0.000051	3.3
158	-0.623196	86.160435	5139.571080	0.000100	3.2
159	-0.620361	86.150594	5140.043112	0.000100	3.2
160	-0.617634	86.139458	5140.577387	0.000095	3.2
161	-0.620183	87.139458	5093.040831	0.000076	3.3
162	-0.618398	88.138405	5046.424071	0.000078	3.2
163	-0.620943	89.138346	5000.607839	0.000034	3.1
164	-0.616075	89.382340	4989.554238	0.000064	3.3
165	-0.622832	89.376898	4989.800279	0.000125	3.2
166	-0.622965	90.376898	4944.999245	0.000072	3.3
167	-0.617611	91.376898	4900.995545	0.000042	3.2
168	-0.622777	92.172878	4866.525307	0.000041	3.1
169	-0.618023	92.164606	4866.881023	0.000101	3.2
170	-0.623968	92.154940	4867.296772	0.000048	3.6
171	-0.626551	93.154602	4824.673416	0.000079	3.3
172	-0.618736	93.143466	4825.144113	0.000042	3.3
173	-0.621194	93.132333	4825.614793	0.000140	3.3
174	-0.620206	94.129368	4783.824347	0.000098	3.2
175	-0.616625	95.129368	4742.630423	0.000056	3.3
176	-0.620959	95.118232	4743.085272	0.000056	3.2
177	-0.623336	96.080315	4704.109931	0.000048	3.3
178	-0.622870	96.071617	4704.459446	0.000160	3.4
179	-0.618925	97.070864	4664.645069	0.000052	3.3
180	-0.618669	97.059762	4665.083739	0.000102	3.3
181	-0.620120	97.050102	4665.465472	0.000047	3.3
182	-0.617492	97.039019	4665.903530	0.000115	3.3
183	-0.620590	97.028081	4666.335925	0.000097	3.3
184	-0.622119	98.028081	4627.132271	0.000143	3.3
185	-0.621462	98.016944	4627.565235	0.000062	3.1
186	-0.619784	98.005821	4627.997771	0.000036	3.4
187	-0.619896	97.994696	4628.430456	0.000041	3.4
188	-0.624252	98.110305	4623.938084	0.000067	3.3
189	-0.622546	98.099170	4624.370393	0.000040	3.4
190	-0.622168	98.188874	4620.889991	0.000029	3.3
191	-0.619963	98.179770	4621.242987	0.000114	3.2
192	-0.619183	98.168653	4621.674062	0.000126	3.2
193	-0.619614	99.168653	4583.214165	0.000050	3.3
194	-0.623645	100.168559	4545.392642	0.000199	3.2
195	-0.619697	101.154703	4508.698068	0.000146	3.2
196	-0.618611	102.154703	4472.088033	0.000054	3.1
197	-0.621906	102.143580	4472.491979	0.000050	3.3
198	-0.624416	102.322541	4466.001688	0.000034	3.2
199	-0.624006	102.365353	4464.451832	0.000040	3.2
