1:ItNr	2:Metric	3a:Time	3b:StepSize	4:||Gradient||	Time[ms]
0	-0.067797	0.000000	2955.204459	0.000427	59.6
1	-0.064219	0.000000	2955.204459	0.000184	0.9
2	-0.066461	0.998737	2821.038989	0.000403	0.9
3	-0.062008	0.102280	2940.880997	0.000508	1.1
4	-0.062858	0.000000	2955.204459	0.000187	0.9
5	-0.060108	0.999867	2820.893981	0.000392	1.0
6	-0.066372	1.450829	2764.231742	0.000270	1.0
7	-0.064161	0.617628	2870.772561	0.000457	0.9
8	-0.066958	1.611220	2744.623836	0.000893	1.1
9	-0.057548	2.611220	2628.381480	0.000200	0.8
10	-0.066872	3.558803	2526.967413	0.000443	1.2
11	-0.060861	4.435535	2439.865906	0.000226	1.0
12	-0.062527	3.549733	2527.900962	0.000381	1.1
13	-0.065382	2.675956	2621.194819	0.000541	1.1
14	-0.061413	3.675930	2514.972853	0.000459	0.9
15	-0.064688	4.291337	2453.776662	0.000112	0.9
16	-0.059511	4.981805	2388.567464	0.000229	1.1
17	-0.063359	4.563837	2427.620412	0.000318	0.8
18	-0.064692	5.562818	2336.321927	0.000105	1.0
19	-0.061261	6.486775	2257.787363	0.000240	1.0
20	-0.060435	5.897620	2307.241087	0.000434	1.0
21	-0.064091	4.996660	2387.202585	0.000643	1.1
22	-0.061469	5.996660	2298.776735	0.000174	1.1
23	-0.063170	6.995424	2216.765601	0.000358	1.0
24	-0.064331	6.360529	2268.205169	0.000099	1.0
25	-0.067906	7.295133	2193.285078	0.000162	1.0
26	-0.063717	7.065236	2211.251429	0.000390	0.9
27	-0.066109	6.220585	2279.866299	0.000197	1.0
28	-0.063842	5.460630	2345.344540	0.000597	0.9
29	-0.059507	6.435446	2262.011511	0.000324	1.2
30	-0.067229	5.533919	2338.866457	0.000290	1.0
31	-0.061773	6.529541	2254.279965	0.000535	1.1
32	-0.060260	7.522930	2175.768541	0.000328	1.0
33	-0.067827	8.279454	2119.550893	0.000561	1.0
34	-0.060830	7.377928	2186.886041	0.000171	0.8
35	-0.063638	8.377166	2112.501019	0.000498	0.9
36	-0.064978	9.373881	2043.179570	0.000560	1.1
37	-0.064462	10.373881	1978.055987	0.000433	1.1
38	-0.063371	11.373881	1916.955621	0.000191	0.8
39	-0.060595	10.557682	1966.535219	0.000382	0.9
40	-0.062503	11.555672	1906.251342	0.000259	0.8
41	-0.060348	12.478141	1853.725800	0.000293	0.8
42	-0.059639	12.841428	1833.826064	0.000264	0.8
43	-0.065606	11.958499	1882.952649	0.000394	0.9
44	-0.063903	12.958308	1827.514299	0.000323	1.0
45	-0.061968	13.943140	1776.007933	0.000373	1.1
46	-0.062854	13.042362	1823.001968	0.000269	1.1
47	-0.060780	12.158349	1871.603842	0.000302	0.9
48	-0.061160	11.284835	1922.242883	0.000319	0.9
49	-0.065207	12.282218	1864.638168	0.000151	1.0
50	-0.063539	11.491546	1910.013575	0.000466	1.1
51	-0.064097	12.490501	1853.041651	0.000069	1.0
52	-0.056118	11.700064	1897.834007	0.000576	1.3
53	-0.064257	10.877965	1946.777156	0.000330	1.3
54	-0.067391	9.977862	2003.343364	0.000276	0.9
55	-0.066717	9.076612	2063.373788	0.000480	1.0
56	-0.062408	10.076610	1996.977600	0.000649	1.1
57	-0.058603	9.175083	2056.640381	0.000373	0.9
58	-0.064949	8.273556	2119.977988	0.000204	1.0
59	-0.065197	7.495397	2177.870828	0.000659	0.9
60	-0.060546	8.493078	2104.198580	0.000610	1.1
61	-0.063826	7.591553	2170.546450	0.000436	1.0
62	-0.058682	6.690035	2241.214002	0.000118	1.0
63	-0.061180	7.683247	2163.607713	0.000418	1.0
64	-0.062539	6.922528	2222.552814	0.000555	1.1
65	-0.061610	6.032321	2295.744152	0.000970	1.0
66	-0.063693	7.032321	2213.847825	0.000281	1.1
67	-0.064284	6.840009	2229.140576	0.000388	1.1
68	-0.065735	7.054956	2212.061699	0.000395	1.1
69	-0.066299	8.054834	2135.936949	0.000310	0.9
70	-0.059785	7.153585	2204.312276	0.000406	0.9
71	-0.063462	8.149226	2129.020303	0.000206	1.0
72	-0.058874	8.385678	2111.889137	0.000376	1.0
73	-0.061190	9.385283	2042.412886	0.000180	1.0
74	-0.060289	10.376262	1977.905923	0.000550	1.2
75	-0.063104	10.353015	1979.372464	0.000358	1.1
76	-0.062899	11.337830	1919.092728	0.000379	0.9
77	-0.060468	10.436348	1974.125404	0.000373	0.9
78	-0.061613	9.535146	2032.388948	0.000271	1.1
79	-0.060368	9.163425	2057.435271	0.000578	1.0
80	-0.057848	10.162669	1991.462719	0.000472	1.0
81	-0.065812	11.162657	1929.544962	0.000253	1.0
82	-0.057601	12.160328	1871.492147	0.000539	0.9
83	-0.063158	11.258805	1923.793953	0.000392	0.8
84	-0.062224	10.357278	1979.103356	0.000344	0.9
85	-0.064444	11.357277	1917.939314	0.000108	0.9
86	-0.066727	10.852812	1948.314450	0.000380	0.9
87	-0.062621	10.234839	1986.861325	0.000365	1.1
88	-0.059213	9.553606	2031.161046	0.000241	1.0
89	-0.064959	10.551202	1966.939134	0.000183	1.0
90	-0.067698	9.765179	2017.192660	0.000292	1.0
91	-0.062516	8.993628	2069.082574	0.000201	1.0
92	-0.059455	9.986556	2002.781265	0.000442	1.1
93	-0.063173	10.985495	1940.232382	0.000374	0.9
94	-0.061407	11.985495	1881.411617	0.000451	1.0
95	-0.062917	11.084022	1934.274119	0.000494	1.1
96	-0.067346	12.084022	1875.808613	0.000152	1.0
97	-0.058683	11.188296	1928.008016	0.000236	1.0
98	-0.065724	10.386015	1977.291258	0.000682	1.0
99	-0.061153	11.381951	1916.477889	0.000362	0.9
100	-0.061164	12.381902	1859.070032	0.000251	0.9
101	-0.062773	13.381516	1805.019122	0.000496	0.9
102	-0.063723	14.347040	1755.714007	0.000330	0.9
103	-0.060163	15.329472	1708.235492	0.000139	0.8
104	-0.063134	15.305933	1709.343043	0.000394	0.8
105	-0.064552	14.621354	1742.193585	0.000281	0.8
106	-0.061396	15.609613	1695.163880	0.000607	0.8
107	-0.061962	16.609613	1650.091259	0.000417	0.9
108	-0.065128	17.609613	1607.353424	0.000309	0.8
109	-0.063434	16.712221	1645.601682	0.000332	0.9
110	-0.066119	15.812653	1685.814190	0.000658	0.8
111	-0.064819	14.937406	1726.871831	0.000490	0.8
112	-0.068590	15.937406	1680.120528	0.000380	0.8
113	-0.061446	16.935150	1635.931173	0.000496	0.8
114	-0.065736	17.935149	1593.914380	0.000456	0.9
115	-0.064957	17.034097	1631.675218	0.000382	0.8
116	-0.061790	18.024544	1590.263120	0.000439	0.9
117	-0.060847	17.123021	1627.869256	0.000024	0.9
118	-0.068214	17.079846	1629.714917	0.000467	1.0
119	-0.064565	17.595930	1607.923271	0.000700	0.8
120	-0.063717	16.696027	1646.308610	0.000596	0.8
121	-0.062788	15.794500	1686.645937	0.000324	0.8
122	-0.053541	14.892973	1729.009573	0.000337	0.8
123	-0.062876	15.892955	1682.144835	0.000707	0.8
124	-0.065365	14.991428	1724.279843	0.000316	0.8
125	-0.061568	15.991131	1677.680343	0.000292	0.8
126	-0.060480	15.089815	1719.579144	0.000474	0.8
127	-0.062633	15.451939	1702.496361	0.000222	0.9
128	-0.065810	16.329388	1662.478187	0.000324	0.9
129	-0.066101	15.435595	1703.260074	0.000420	0.8
130	-0.063231	14.534086	1746.472184	0.000739	0.9
131	-0.062136	13.632559	1791.934950	0.000629	0.8
132	-0.058966	14.632559	1741.645692	0.000565	0.8
133	-0.065640	13.936910	1776.324640	0.000352	1.0
134	-0.066364	14.936910	1726.895665	0.000526	0.9
135	-0.064120	14.035383	1771.331975	0.000166	0.9
136	-0.061155	13.155655	1816.955147	0.000640	0.9
137	-0.063837	13.626111	1792.268682	0.000384	0.9
138	-0.065046	14.626084	1741.962243	0.000176	0.9
139	-0.061991	13.783043	1784.182416	0.000400	0.8
140	-0.064945	13.004829	1825.014142	0.000377	0.8
141	-0.064761	14.004821	1772.878472	0.000280	0.7
142	-0.066304	15.004792	1723.639816	0.000078	0.8
143	-0.059066	15.546838	1698.075612	0.000309	0.8
144	-0.062506	16.388762	1659.838144	0.000260	0.9
145	-0.061057	15.487437	1700.840030	0.000440	0.9
146	-0.064565	16.447657	1657.227684	0.000202	0.8
147	-0.061274	17.355960	1617.983077	0.000273	1.0
148	-0.064706	16.552708	1652.591723	0.000166	1.0
149	-0.062352	15.670012	1692.371773	0.000512	1.0
150	-0.067434	15.035368	1722.177313	0.000324	0.9
151	-0.067236	15.671693	1692.294222	0.000124	1.1
152	-0.066394	16.119809	1671.864578	0.000173	1.2
153	-0.064335	15.401403	1704.859953	0.000468	1.4
154	-0.067752	16.390037	1659.781550	0.000271	1.4
155	-0.063988	17.294097	1620.596864	0.000349	1.3
156	-0.069878	16.396209	1659.507637	0.000268	1.0
157	-0.066911	15.521781	1699.240596	0.000341	1.0
158	-0.061641	16.516467	1654.188102	0.000500	0.8
159	-0.063955	17.512107	1611.422970	0.000361	0.9
160	-0.063505	16.610580	1650.048841	0.000391	0.8
161	-0.061044	15.709057	1690.571715	0.000285	0.8
162	-0.064965	14.807547	1733.134473	0.000188	0.8
163	-0.056411	15.474234	1701.455691	0.000176	0.8
164	-0.063493	14.647012	1740.939545	0.000693	0.8
165	-0.065663	15.598087	1695.697740	0.000319	0.8
166	-0.064737	14.696560	1738.523072	0.000465	0.8
167	-0.064539	15.696554	1691.147741	0.000072	0.7
168	-0.059371	15.501983	1700.162242	0.000363	0.9
169	-0.067080	16.291032	1664.188151	0.000409	1.0
170	-0.063273	15.399455	1704.951198	0.000319	0.8
171	-0.063868	16.342307	1661.903044	0.000470	1.2
172	-0.060526	17.236802	1623.025227	0.000424	1.1
173	-0.062714	16.335275	1662.216077	0.000357	0.8
174	-0.057354	15.433748	1703.346404	0.000155	0.9
175	-0.059939	14.538255	1746.267324	0.000470	0.8
176	-0.061740	15.537565	1698.506551	0.000310	1.0
177	-0.059818	14.636075	1741.473895	0.000198	0.8
178	-0.060532	15.623397	1694.525850	0.000362	0.8
179	-0.059949	16.612085	1649.982803	0.000477	0.8
180	-0.064900	15.710558	1690.502591	0.000316	0.9
181	-0.064781	14.809032	1733.062565	0.000190	0.9
182	-0.063504	13.923223	1777.020804	0.000323	0.8
183	-0.065251	14.918090	1727.800515	0.000164	0.7
184	-0.061140	15.910709	1681.335738	0.000297	0.9
185	-0.065888	15.073116	1720.375189	0.000183	0.8
186	-0.062585	14.223880	1761.852845	0.000163	0.9
187	-0.056661	14.376800	1754.237085	0.000142	0.9
188	-0.065782	15.145129	1716.947644	0.000319	0.8
189	-0.059995	14.264090	1759.843903	0.000185	0.9
190	-0.059349	13.685971	1789.175631	0.000498	0.8
191	-0.060377	12.789149	1836.663391	0.000553	0.8
192	-0.060908	13.782485	1784.211045	0.000074	0.9
193	-0.068159	14.754511	1735.705293	0.000176	0.8
194	-0.066644	14.348130	1755.659896	0.000478	0.9
195	-0.059513	14.895293	1728.897805	0.000420	0.8
196	-0.064969	15.895293	1682.038229	0.000608	0.7
197	-0.065983	14.993766	1724.167829	0.000124	0.8
198	-0.059042	15.738378	1689.222476	0.000636	0.9
199	-0.063062	16.209475	1667.835762	0.000449	0.9
