1:ItNr	2:Metric	3a:Time	3b:StepSize	4:||Gradient||	Time[ms]
0	-0.042824	0.000000	65.355851	0.000551	79.6
1	-0.042950	0.000000	65.355851	0.000733	1.0
2	-0.047847	0.000000	65.355851	0.000234	0.9
3	-0.048094	0.997316	62.392744	0.000551	1.0
4	-0.047499	0.030387	65.261419	0.000561	1.0
5	-0.044637	1.030377	62.299109	0.000514	0.9
6	-0.044729	2.030149	59.594615	0.000391	0.9
7	-0.045016	2.594434	58.169349	0.000400	1.1
8	-0.047883	3.264789	56.562325	0.000755	0.9
9	-0.047919	3.507117	56.003032	0.000751	1.0
10	-0.048788	2.527174	58.335645	0.000983	1.1
11	-0.051317	3.527174	55.957238	0.000607	1.2
12	-0.042057	4.527174	53.765172	0.000591	1.1
13	-0.045683	5.511379	51.769200	0.000313	1.2
14	-0.045665	5.659824	51.480943	0.000514	1.3
15	-0.045319	6.336506	50.206595	0.000525	1.0
16	-0.048126	5.357288	52.071855	0.000516	1.0
17	-0.048835	4.380781	54.075282	0.000412	1.0
18	-0.045422	5.371305	52.044177	0.000541	1.0
19	-0.043828	4.392479	54.050369	0.001278	1.0
20	-0.045482	5.392479	52.002424	0.000207	1.0
21	-0.042530	4.412604	54.007567	0.000571	1.1
22	-0.046385	3.782737	55.380198	0.000515	1.2
23	-0.050480	2.810664	57.641099	0.000238	1.1
24	-0.042705	1.840843	60.088538	0.000421	1.1
25	-0.048744	1.399076	61.273639	0.000955	1.3
26	-0.047986	0.419146	64.076920	0.000433	1.1
27	-0.045236	0.000000	65.355851	0.000852	1.3
28	-0.045867	0.000000	65.355851	0.000447	1.1
29	-0.048921	0.000000	65.355851	0.000394	1.2
30	-0.049047	0.958407	62.503300	0.000553	1.1
31	-0.044579	0.545994	63.699678	0.000153	1.2
32	-0.046971	0.000000	65.355851	0.000314	1.0
33	-0.047742	0.688212	63.281973	0.000281	1.0
34	-0.046345	0.018464	65.298440	0.000726	1.2
35	-0.050601	0.000000	65.355851	0.000323	1.1
36	-0.045975	0.000000	65.355851	0.000391	1.2
37	-0.043743	0.000000	65.355851	0.000489	1.2
38	-0.045734	0.000000	65.355851	0.000256	1.2
39	-0.047880	0.981890	62.436526	0.000415	1.2
40	-0.050512	0.199739	64.740084	0.000634	1.2
41	-0.045821	0.053046	65.191179	0.000826	1.3
42	-0.047227	1.053046	62.235072	0.000697	1.3
43	-0.045221	0.073102	65.129133	0.000398	1.2
44	-0.046157	0.978691	62.445616	0.000798	1.3
45	-0.043077	0.000000	65.355851	0.000274	1.0
46	-0.043145	0.000000	65.355851	0.000338	1.0
47	-0.046139	0.000000	65.355851	0.000614	1.2
48	-0.047555	0.923346	62.603257	0.000787	1.1
49	-0.047384	1.921399	59.877361	0.000631	1.2
50	-0.049432	0.941459	62.551579	0.000765	1.4
51	-0.049597	0.000000	65.355851	0.000853	1.4
52	-0.043009	0.000000	65.355851	0.000310	1.4
53	-0.048917	0.000000	65.355851	0.000453	1.2
54	-0.046744	0.264759	64.542131	0.000637	1.2
55	-0.047669	0.000000	65.355851	0.001077	1.0
56	-0.046776	1.000000	62.385131	0.000115	1.2
57	-0.044747	0.064837	65.154686	0.000621	1.1
58	-0.046884	0.000000	65.355851	0.000064	1.2
59	-0.044656	0.665371	63.348691	0.000439	1.2
60	-0.049544	0.463989	63.943049	0.000392	1.0
61	-0.048094	0.792562	62.978958	0.000575	1.0
62	-0.043371	0.449969	63.984841	0.000819	1.1
63	-0.048245	0.597376	63.548130	0.000548	0.9
64	-0.043921	0.000000	65.355851	0.000584	1.0
65	-0.045491	0.999988	62.385165	0.000164	1.1
66	-0.047325	0.741025	63.128250	0.000720	1.0
67	-0.046481	0.261778	64.551181	0.000969	1.2
68	-0.052433	1.261777	61.651541	0.000875	1.1
69	-0.043286	0.281841	64.490327	0.000507	1.2
70	-0.048816	0.252394	64.579682	0.000867	1.0
71	-0.047509	1.252367	61.677612	0.000258	1.1
72	-0.042458	1.808040	60.174959	0.000467	0.9
73	-0.046679	0.844367	62.829601	0.000455	1.0
74	-0.043397	1.843953	60.080358	0.000623	1.1
75	-0.046870	1.235390	61.724706	0.000576	1.2
76	-0.046275	0.257902	64.562951	0.000114	1.5
77	-0.047524	1.102952	62.094551	0.001231	1.3
78	-0.045159	0.128823	64.957374	0.000511	1.0
79	-0.042243	0.000000	65.355851	0.000452	1.0
80	-0.049545	0.000000	65.355851	0.000758	1.1
81	-0.045656	0.000000	65.355851	0.000455	1.2
82	-0.045273	0.984311	62.429652	0.000377	1.0
83	-0.045175	0.039206	65.234062	0.000765	1.1
84	-0.048948	0.000000	65.355851	0.000519	0.9
85	-0.040927	0.000000	65.355851	0.000802	0.9
86	-0.045957	0.000000	65.355851	0.001150	0.9
87	-0.046688	0.999999	62.385134	0.000384	1.0
88	-0.048053	0.020056	65.293494	0.000418	0.9
89	-0.043913	0.000000	65.355851	0.000482	0.9
90	-0.045093	0.942217	62.549418	0.000998	1.0
91	-0.041542	1.942217	59.823029	0.000551	1.0
92	-0.046323	2.942217	57.324387	0.000233	1.0
93	-0.049039	2.736568	57.821032	0.000590	1.0
94	-0.047091	1.820080	60.143212	0.000709	1.0
95	-0.045542	0.856812	62.793828	0.000426	1.0
96	-0.049419	1.627450	60.655217	0.000372	1.1
97	-0.047160	0.755824	63.085308	0.000080	1.0
98	-0.045910	0.313640	64.394111	0.000244	1.2
99	-0.048194	0.000000	65.355851	0.000567	1.0
100	-0.049210	0.831918	62.865429	0.000575	1.1
101	-0.045278	0.000000	65.355851	0.000551	0.9
102	-0.043441	0.000000	65.355851	0.000327	1.0
103	-0.050579	0.998651	62.388956	0.000640	1.0
104	-0.046127	0.753912	63.090854	0.000264	1.0
105	-0.046112	1.750927	60.326021	0.000758	0.9
106	-0.045899	0.776192	63.026303	0.000370	1.1
107	-0.042534	1.556806	60.845178	0.000490	1.0
108	-0.043844	0.816471	62.909941	0.000221	1.1
109	-0.048614	0.094534	65.062963	0.000489	1.2
110	-0.045228	0.410044	64.104160	0.000331	1.2
111	-0.049450	1.375401	61.338470	0.000522	1.3
112	-0.046761	2.270562	58.978931	0.000594	1.3
113	-0.044750	1.300406	61.544749	0.000448	1.2
114	-0.044116	2.065264	59.503888	0.000450	1.2
115	-0.045838	3.033792	57.105964	0.000507	1.2
116	-0.050208	4.000610	54.897575	0.000620	1.1
117	-0.045919	4.350695	54.139458	0.000562	1.1
118	-0.042358	5.350642	52.084988	0.000406	1.0
119	-0.044758	4.487348	53.849182	0.000308	1.0
120	-0.044965	3.665631	55.643129	0.000858	1.0
121	-0.046535	2.709712	57.886527	0.000544	1.0
122	-0.045518	1.729771	60.382170	0.000480	1.0
123	-0.042689	0.754228	63.089936	0.000666	1.0
124	-0.046208	0.206526	64.719363	0.000228	1.1
125	-0.045402	0.000000	65.355851	0.000301	1.0
126	-0.043421	0.000000	65.355851	0.000335	1.2
127	-0.044044	0.000000	65.355851	0.000211	1.2
128	-0.047677	0.000000	65.355851	0.000514	1.0
129	-0.047989	0.925740	62.596423	0.000783	1.0
130	-0.047375	1.925626	59.866321	0.000410	1.1
131	-0.050295	1.754071	60.317685	0.000372	1.1
132	-0.048933	0.833172	62.861817	0.000359	1.0
133	-0.047465	1.227285	61.747211	0.000255	1.0
134	-0.045018	0.521650	63.771730	0.000448	1.0
135	-0.045855	0.622907	63.473097	0.000531	1.1
136	-0.043354	0.000000	65.355851	0.000221	1.0
137	-0.046973	0.825216	62.884733	0.000535	1.0
138	-0.047359	0.031707	65.257322	0.000236	1.1
139	-0.048055	0.000000	65.355851	0.000200	0.9
140	-0.044771	0.542715	63.709373	0.000484	1.0
141	-0.047100	1.131509	62.014429	0.000210	1.1
142	-0.044022	0.370811	64.221844	0.000549	1.1
143	-0.048309	0.000000	65.355851	0.000369	1.1
144	-0.047836	0.000000	65.355851	0.000330	1.1
145	-0.048533	0.000000	65.355851	0.000508	1.0
146	-0.045253	0.000000	65.355851	0.000508	1.1
147	-0.049553	0.000000	65.355851	0.000227	1.1
148	-0.047488	0.000000	65.355851	0.000317	1.1
149	-0.047476	0.741700	63.126290	0.000597	1.2
150	-0.044399	1.741140	60.351981	0.000273	0.9
151	-0.046700	1.013198	62.347728	0.000553	1.0
152	-0.046746	0.037992	65.237826	0.000616	0.9
153	-0.045161	0.000000	65.355851	0.000508	1.3
154	-0.044071	0.999995	62.385145	0.000328	1.0
155	-0.047403	1.900190	59.932815	0.000349	1.2
156	-0.047081	2.783018	57.708105	0.001061	1.1
157	-0.048660	3.506437	56.004588	0.000579	1.2
158	-0.044803	4.506437	53.808883	0.000207	1.2
159	-0.044466	3.649014	55.680641	0.000552	1.1
160	-0.046558	2.778444	57.719205	0.000535	1.0
161	-0.044623	1.798510	60.200113	0.000228	1.1
162	-0.044416	2.663236	58.000220	0.000221	1.1
163	-0.048505	2.526461	58.337413	0.000355	0.9
164	-0.051023	1.711746	60.430091	0.000555	0.9
165	-0.044845	0.734115	63.148321	0.000588	1.1
166	-0.050042	0.000000	65.355851	0.000688	1.0
167	-0.045806	0.000000	65.355851	0.000515	1.0
168	-0.049759	0.000000	65.355851	0.000906	1.0
169	-0.047560	0.000000	65.355851	0.000352	1.1
170	-0.047345	0.997501	62.392218	0.000380	1.2
171	-0.046499	0.186670	64.780018	0.000616	1.1
172	-0.049085	0.000000	65.355851	0.001019	0.9
173	-0.044992	0.746791	63.111512	0.000099	1.1
174	-0.046077	0.000000	65.355851	0.000803	1.2
175	-0.049065	0.894063	62.686988	0.000582	1.3
176	-0.047640	0.000000	65.355851	0.000357	1.1
177	-0.045967	0.000000	65.355851	0.000606	1.1
178	-0.046034	0.000000	65.355851	0.000706	1.1
179	-0.046698	0.999993	62.385151	0.001016	1.0
180	-0.044211	1.999993	59.672752	0.000332	1.0
181	-0.045984	1.029215	62.302395	0.000488	0.9
182	-0.046542	0.127005	64.962966	0.000792	1.0
183	-0.048668	0.000000	65.355851	0.000349	1.1
184	-0.052672	0.000000	65.355851	0.000482	1.3
185	-0.047396	0.993819	62.402662	0.000382	1.3
186	-0.044040	0.057557	65.177213	0.000422	1.0
187	-0.045331	0.000000	65.355851	0.000409	1.2
188	-0.050635	0.000000	65.355851	0.000546	1.2
189	-0.042770	0.972332	62.463688	0.000465	1.3
190	-0.044656	1.651696	60.590292	0.000533	1.1
191	-0.048379	1.276450	61.610934	0.000431	1.1
192	-0.048036	0.298626	64.439502	0.000680	1.1
193	-0.042616	0.000000	65.355851	0.000429	1.1
194	-0.041481	0.999966	62.385229	0.000606	1.1
195	-0.050002	1.718451	60.412255	0.000726	1.2
196	-0.047180	0.790702	62.984335	0.000399	1.2
197	-0.042123	0.335370	64.328525	0.000389	1.2
198	-0.045055	0.000000	65.355851	0.000460	1.3
199	-0.046107	0.000000	65.355851	0.000356	1.1
