1:ItNr	2:Metric	3a:Time	3b:StepSize	4:||Gradient||	Time[ms]
0	-1.562764	0.000000	229671.231196	0.000169	68.7
1	-1.561071	0.000000	229671.231196	0.000107	3.5
2	-1.554785	0.000000	229671.231196	0.000143	3.6
3	-1.561571	1.000000	219231.629778	0.000188	3.4
4	-1.553091	0.987914	219352.137557	0.000230	3.6
5	-1.561950	0.975827	219472.777891	0.000351	3.5
6	-1.557019	0.963741	219593.550999	0.000327	3.5
7	-1.561474	1.963741	210030.929993	0.000284	3.3
8	-1.559871	2.963741	201266.399824	0.000224	3.7
9	-1.557299	3.963741	193204.050486	0.000245	3.5
10	-1.564040	4.963741	185762.747967	0.000218	3.6
11	-1.563596	5.963741	178873.394271	0.000205	3.5
12	-1.561090	6.963741	172476.775343	0.000204	4.0
13	-1.566036	7.963741	166521.854809	0.000164	3.9
14	-1.564919	8.963741	160964.409382	0.000147	3.9
15	-1.562916	9.963741	155765.928683	0.000196	4.1
16	-1.559464	10.963741	150892.721594	0.000154	3.4
17	-1.567011	11.963741	146315.185261	0.000091	3.5
18	-1.563551	12.963741	142007.203236	0.000124	3.7
19	-1.565908	13.963741	137945.646903	0.000160	3.5
20	-1.563908	14.963741	134109.960083	0.000165	3.9
21	-1.562926	15.963741	130481.811069	0.000159	4.5
22	-1.564465	16.963741	127044.799646	0.000132	4.0
23	-1.565222	17.963741	123784.209242	0.000164	3.6
24	-1.561817	18.963741	120686.796275	0.000169	3.3
25	-1.566486	19.963741	117740.610364	0.000140	3.6
26	-1.563922	20.963741	114934.840243	0.000121	3.6
27	-1.566438	21.963741	112259.681193	0.000143	3.5
28	-1.566628	22.963741	109706.220571	0.000125	3.6
29	-1.567120	23.963741	107266.338604	0.000120	3.5
30	-1.564290	23.951655	107295.179826	0.000168	3.4
31	-1.564120	24.951655	104960.221903	0.000060	3.8
32	-1.566520	25.951655	102724.726200	0.000075	3.7
33	-1.562985	26.951617	100582.549792	0.000118	3.7
34	-1.565654	27.951617	98527.815813	0.000104	3.4
35	-1.561116	28.951617	96555.350801	0.000065	3.3
36	-1.563244	29.951617	94660.310812	0.000051	3.5
37	-1.565763	30.951615	92838.227314	0.000076	3.9
38	-1.567190	30.939529	92859.830845	0.000145	3.5
39	-1.564603	31.939529	91105.757225	0.000052	3.6
40	-1.565172	32.939529	89416.722127	0.000030	3.3
41	-1.564560	32.927442	89436.762455	0.000089	3.4
42	-1.567060	32.915356	89456.811767	0.000140	3.5
43	-1.564255	33.915356	87827.817289	0.000063	3.2
44	-1.567138	34.915356	86257.089254	0.000104	3.3
45	-1.562907	34.903270	86275.738165	0.000147	3.3
46	-1.562807	35.903270	84759.555726	0.000038	3.6
47	-1.564765	36.903270	83295.742780	0.000044	3.3
48	-1.564340	36.891183	83313.133047	0.000102	3.4
49	-1.567454	36.879097	83330.530578	0.000115	3.3
50	-1.560886	37.879097	81915.248501	0.000093	3.3
51	-1.563528	38.879097	80547.237747	0.000143	3.3
52	-1.563613	39.879097	79224.168880	0.000057	3.5
53	-1.563501	40.879097	77943.863045	0.000124	3.7
54	-1.568331	40.867011	77959.090197	0.000170	3.6
55	-1.565593	41.867011	76719.026616	0.000039	3.5
56	-1.560077	42.867011	75517.795715	0.000053	3.7
57	-1.570260	42.854924	75532.089617	0.000096	3.4
58	-1.567392	42.842838	75546.388932	0.000136	3.6
59	-1.569924	43.842838	74381.319797	0.000052	3.3
60	-1.565408	44.842838	73251.640058	0.000084	3.4
61	-1.563872	44.830751	73265.088886	0.000145	3.5
62	-1.565414	45.830751	72168.810791	0.000055	3.4
63	-1.561939	46.830751	71104.856622	0.000089	3.5
64	-1.564104	46.818665	71117.528644	0.000207	3.3
65	-1.565107	47.818665	70084.123991	0.000090	3.2
66	-1.565306	48.818665	69080.321871	0.000049	3.2
67	-1.565545	48.806579	69092.282497	0.000087	3.4
68	-1.561848	48.794492	69104.247265	0.000211	3.4
69	-1.563488	49.794492	68128.122640	0.000103	3.4
70	-1.567870	50.794492	67179.190202	0.000038	3.4
71	-1.565268	50.782406	67190.501505	0.000109	3.3
72	-1.569010	50.770320	67201.816618	0.000147	3.4
73	-1.565211	51.770320	66278.338241	0.000052	3.3
74	-1.563511	52.770320	65379.896448	0.000091	3.4
75	-1.566480	52.758233	65390.609904	0.000172	3.5
76	-1.563136	53.758233	64515.915478	0.000058	3.4
77	-1.563745	54.758233	63664.312784	0.000092	3.3
78	-1.574287	54.746147	63674.471327	0.000042	3.3
79	-1.568155	54.734060	63684.633112	0.000175	3.4
80	-1.562915	55.734060	62854.693542	0.000065	3.4
81	-1.565538	56.734060	62046.107278	0.000105	3.4
82	-1.564248	56.721974	62055.755929	0.000091	3.6
83	-1.567085	57.721974	61267.465790	0.000112	3.3
84	-1.564654	58.721974	60498.951632	0.000209	3.1
85	-1.566542	59.721974	59749.478489	0.000058	3.7
86	-1.565155	60.721974	59018.347369	0.000072	3.6
87	-1.567933	60.709888	59027.077250	0.000107	3.3
88	-1.564324	61.709888	58313.413165	0.000049	3.4
89	-1.569955	61.697801	58321.935731	0.000084	3.3
90	-1.568088	62.697801	57625.120107	0.000077	3.5
91	-1.567192	63.697801	56944.758643	0.000101	3.3
92	-1.566141	64.697801	56280.275333	0.000090	3.3
93	-1.566801	65.697801	55631.120747	0.000027	3.5
94	-1.569183	65.686025	55638.678359	0.000029	3.6
95	-1.565026	65.673938	55646.436973	0.000034	3.5
96	-1.567183	65.661853	55654.197308	0.000027	3.3
97	-1.564904	65.649766	55661.960227	0.000058	3.4
98	-1.569392	65.637696	55669.715062	0.000218	3.3
99	-1.566886	66.637696	55034.489382	0.000039	3.2
100	-1.567734	67.637696	54413.596785	0.000122	3.5
101	-1.564144	67.625610	54421.017471	0.000091	3.4
102	-1.573855	67.613523	54428.440182	0.000202	3.5
103	-1.569399	68.613523	53821.071583	0.000067	3.3
104	-1.565876	69.613523	53227.108677	0.000107	3.3
105	-1.570670	69.601437	53234.209255	0.000067	3.4
106	-1.569157	69.589351	53241.311728	0.000096	3.3
107	-1.564109	70.589351	52660.007118	0.000053	3.3
108	-1.566385	71.589351	52091.259127	0.000039	3.3
109	-1.566802	71.577264	52098.059871	0.000042	3.4
110	-1.561298	72.573779	51543.241227	0.000037	3.2
111	-1.567111	73.486403	51045.395889	0.000041	3.4
112	-1.571126	74.328772	50594.335291	0.000070	3.4
113	-1.568671	75.328772	50069.109710	0.000185	3.3
114	-1.561764	76.328772	49554.676941	0.000124	3.4
115	-1.564192	77.328772	49050.707696	0.000050	3.8
116	-1.570180	77.316686	49056.737650	0.000042	3.3
117	-1.570937	78.190606	48624.522438	0.000069	3.5
118	-1.568225	79.190606	48139.202264	0.000080	3.3
119	-1.567865	80.190606	47663.474288	0.000059	3.4
120	-1.562391	81.190606	47197.056913	0.000052	3.5
121	-1.563752	82.190606	46739.679457	0.000064	3.2
122	-1.566883	83.190606	46291.081630	0.000106	3.5
123	-1.568462	84.190606	45851.013041	0.000078	3.3
124	-1.566694	85.190606	45419.232730	0.000029	3.3
125	-1.567171	85.178520	45424.402831	0.000025	3.6
126	-1.567180	85.166433	45429.574108	0.000041	3.2
127	-1.567521	85.154347	45434.746524	0.000059	3.5
128	-1.562952	86.154347	45010.734361	0.000040	3.5
129	-1.569295	87.154347	44594.563069	0.000062	3.5
130	-1.567074	88.026908	44237.665012	0.000110	3.4
131	-1.567450	89.026908	43835.602775	0.000062	3.3
132	-1.568351	90.026908	43440.783146	0.000057	3.2
133	-1.567839	90.014822	43445.512617	0.000113	3.3
134	-1.565383	91.014822	43057.657583	0.000079	3.5
135	-1.564037	92.014822	42676.666340	0.000073	3.2
136	-1.568687	92.002736	42681.230884	0.000129	3.3
137	-1.565522	93.002736	42306.843107	0.000059	3.5
138	-1.566089	94.002736	41938.966266	0.000053	3.4
139	-1.569686	93.990649	41943.374362	0.000039	3.5
140	-1.566405	94.990649	41581.764401	0.000034	3.5
141	-1.567720	94.978597	41586.085650	0.000027	3.4
142	-1.568685	94.966510	41590.419873	0.000057	3.4
143	-1.568866	94.954859	41594.598795	0.000054	3.2
144	-1.567181	95.954859	41238.952189	0.000033	3.8
145	-1.569322	96.947796	40891.784409	0.000060	3.4
146	-1.566433	96.938312	40895.072653	0.000041	3.4
147	-1.569603	97.938312	40551.238374	0.000046	3.5
148	-1.569815	97.954291	40545.791143	0.000036	3.4
149	-1.567747	98.401619	40393.889765	0.000037	3.3
150	-1.570192	99.329303	40082.471471	0.000060	3.3
151	-1.570265	100.329303	39752.110459	0.000065	3.4
152	-1.567755	101.329303	39427.150621	0.000034	3.4
153	-1.566226	102.323772	39109.214633	0.000028	3.4
154	-1.571488	102.311685	39113.047915	0.000074	3.4
155	-1.567842	102.299605	39116.879924	0.000111	3.5
156	-1.565097	103.299605	38802.181580	0.000068	3.2
157	-1.568764	104.299605	38492.506370	0.000057	3.4
158	-1.570204	105.299605	38187.734979	0.000048	3.2
159	-1.566606	106.299605	37887.751842	0.000054	3.3
160	-1.567840	107.299601	37592.446274	0.000050	3.2
161	-1.568117	108.299601	37301.707200	0.000026	3.4
162	-1.572133	108.298171	37302.119623	0.000046	3.4
163	-1.566999	108.286085	37305.606828	0.000056	3.1
164	-1.567112	109.286085	37019.270748	0.000044	3.2
165	-1.568396	110.286085	36737.296685	0.000055	3.2
166	-1.568878	111.286085	36459.585718	0.000040	3.4
167	-1.574160	112.286085	36186.041892	0.000052	3.2
168	-1.567943	112.273999	36189.323536	0.000058	3.4
169	-1.565982	113.273999	35919.805060	0.000031	3.4
170	-1.562895	114.273983	35654.275550	0.000055	3.4
171	-1.568081	114.261896	35657.461449	0.000036	3.4
172	-1.562172	115.261896	35395.778182	0.000038	3.2
173	-1.567961	115.249810	35398.918050	0.000051	3.5
174	-1.566535	116.249782	35141.009207	0.000048	3.8
175	-1.571277	117.249782	34886.824291	0.000040	3.3
176	-1.563930	117.281909	34878.718995	0.000040	3.6
177	-1.565091	118.281397	34628.428145	0.000037	3.4
178	-1.563599	118.803985	34498.986999	0.000041	3.5
179	-1.572416	118.814563	34496.376978	0.000058	3.5
180	-1.567716	119.814563	34251.399638	0.000052	3.5
181	-1.565595	120.814563	34009.877195	0.000040	3.6
182	-1.573252	120.802476	34012.775983	0.000034	3.3
183	-1.569348	121.584373	33826.258456	0.000053	3.6
184	-1.568877	121.572693	33829.029526	0.000053	3.5
185	-1.569478	122.572693	33593.406521	0.000044	3.3
186	-1.574668	123.572693	33361.043093	0.000045	3.4
187	-1.563382	124.572693	33131.872074	0.000033	3.3
188	-1.568175	124.763796	33088.434698	0.000053	3.5
189	-1.571482	125.763790	32862.982511	0.000049	3.3
190	-1.564139	126.763764	32640.586071	0.000050	3.4
191	-1.569184	127.763764	32421.173862	0.000039	3.5
192	-1.567097	128.763752	32204.694398	0.000050	3.3
193	-1.568192	128.815557	32193.558161	0.000056	3.3
194	-1.571609	129.815557	31980.095049	0.000046	3.4
195	-1.567849	129.803471	31982.658129	0.000052	3.4
196	-1.567705	130.802905	31772.091843	0.000047	3.4
197	-1.566529	131.802905	31564.163258	0.000048	3.4
198	-1.566806	132.802905	31358.938506	0.000032	3.3
199	-1.565303	132.807613	31357.978734	0.000057	3.4
