1:ItNr	2:Metric	3a:Time	3b:StepSize	4:||Gradient||	Time[ms]
0	-0.856432	0.000000	90324.030444	0.000652	68.1
1	-0.869613	0.000000	90324.030444	0.000294	3.3
2	-0.873371	1.000000	86218.392696	0.000220	3.3
3	-0.870549	2.000000	82469.766927	0.000148	3.5
4	-0.877462	3.000000	79033.526638	0.000119	3.3
5	-0.874549	4.000000	75872.185573	0.000093	3.3
6	-0.873425	3.988635	75906.693354	0.000074	3.4
7	-0.878596	3.977269	75941.233488	0.000076	3.4
8	-0.879554	3.965904	75975.805069	0.000071	3.5
9	-0.882662	3.954538	76010.408142	0.000072	3.3
10	-0.878819	3.943173	76045.042749	0.000108	3.3
11	-0.877153	3.931807	76079.708933	0.000127	3.7
12	-0.878802	4.931807	73145.871420	0.000132	3.3
13	-0.873949	5.931807	70429.905472	0.000095	3.4
14	-0.878781	6.931807	67908.410718	0.000075	3.4
15	-0.876725	6.920442	67936.054036	0.000085	3.4
16	-0.880774	6.909076	67963.719869	0.000073	3.5
17	-0.878950	6.897711	67991.408244	0.000069	3.3
18	-0.882592	6.886345	68019.119189	0.000076	3.5
19	-0.878820	6.874980	68046.852731	0.000090	3.4
20	-0.878886	6.863614	68074.608897	0.000098	3.4
21	-0.878659	6.855390	68094.708018	0.000127	3.4
22	-0.882074	7.855390	65734.847058	0.000132	3.5
23	-0.883103	8.855390	63533.072190	0.000073	3.4
24	-0.878779	8.844059	63557.193445	0.000065	3.5
25	-0.884258	8.832694	63581.407144	0.000067	3.5
26	-0.885400	8.821328	63605.639300	0.000098	3.7
27	-0.882307	8.809963	63629.889933	0.000070	3.2
28	-0.888575	8.798597	63654.159063	0.000068	3.5
29	-0.887945	8.787232	63678.446715	0.000066	3.4
30	-0.883484	8.775866	63702.752909	0.000070	3.8
31	-0.886090	8.764501	63727.077665	0.000076	3.5
32	-0.887070	8.753135	63751.421005	0.000077	3.8
33	-0.884468	8.741770	63775.782950	0.000104	3.5
34	-0.880793	8.756756	63743.662932	0.000108	3.9
35	-0.882034	9.756756	61671.153645	0.000110	3.7
36	-0.886484	10.756756	59729.168350	0.000113	3.3
37	-0.884376	11.756756	57905.753115	0.000106	3.5
38	-0.887705	12.756756	56190.370490	0.000064	3.3
39	-0.883023	12.745391	56209.295510	0.000064	3.6
40	-0.886756	12.734025	56228.233281	0.000059	3.5
41	-0.886380	12.722660	56247.183818	0.000062	3.5
42	-0.886910	12.711294	56266.147132	0.000061	3.6
43	-0.888208	12.699929	56285.123238	0.000072	4.1
44	-0.886389	12.688563	56304.112148	0.000059	4.0
45	-0.889273	12.677198	56323.113874	0.000081	3.6
46	-0.887387	12.665832	56342.128430	0.000073	3.5
47	-0.889524	12.654467	56361.155830	0.000062	3.5
48	-0.888322	12.643101	56380.196085	0.000065	3.3
49	-0.888628	12.631736	56399.249209	0.000078	3.5
50	-0.883520	12.620370	56418.315215	0.000084	3.4
51	-0.884140	12.646339	56374.770135	0.000060	3.7
52	-0.894513	12.634974	56393.819591	0.000073	3.3
53	-0.888881	12.623608	56412.881926	0.000059	3.4
54	-0.890173	12.612243	56431.957151	0.000065	3.8
55	-0.887658	12.600877	56451.045282	0.000073	3.4
56	-0.887000	12.589512	56470.146299	0.000071	3.5
57	-0.887779	12.578146	56489.260257	0.000069	3.4
58	-0.889671	12.566781	56508.387179	0.000058	3.4
59	-0.888483	12.555415	56527.527058	0.000087	3.5
60	-0.891237	12.544050	56546.679907	0.000113	3.4
61	-0.892775	13.544050	54909.735760	0.000078	3.2
62	-0.893332	14.544050	53364.899547	0.000057	3.2
63	-0.891287	14.532684	53381.968881	0.000071	3.2
64	-0.891967	14.521319	53399.049138	0.000083	3.3
65	-0.891857	14.545085	53363.345699	0.000056	3.4
66	-0.891718	14.533719	53380.414039	0.000051	3.4
67	-0.889889	14.522354	53397.493301	0.000064	3.5
68	-0.894677	14.510988	53414.583495	0.000088	3.1
69	-0.890849	14.499630	53431.674119	0.000111	3.2
70	-0.896403	15.499630	51967.777781	0.000092	3.5
71	-0.898131	16.499630	50581.956684	0.000097	3.4
72	-0.890809	17.499630	49268.126987	0.000109	3.3
73	-0.894140	18.499630	48020.820936	0.000066	3.5
74	-0.892787	19.418311	46929.339834	0.000064	3.3
75	-0.892369	19.406945	46942.539937	0.000059	3.4
76	-0.890626	19.395580	46955.747468	0.000054	3.6
77	-0.894003	19.384214	46968.962433	0.000058	3.5
78	-0.890706	19.372849	46982.184838	0.000061	3.4
79	-0.891571	19.361483	46995.414615	0.000070	3.3
80	-0.893469	19.350121	47008.647980	0.000094	3.3
81	-0.896730	20.350121	45871.803761	0.000084	3.5
82	-0.894215	21.350121	44788.647383	0.000093	3.2
83	-0.892997	22.350121	43755.463478	0.000077	3.4
84	-0.894428	23.350121	42768.871730	0.000053	3.3
85	-0.893666	23.338756	42779.834560	0.000050	3.5
86	-0.892917	23.327390	42790.803277	0.000064	3.3
87	-0.896565	23.316025	42801.777617	0.000048	3.4
88	-0.893979	23.304659	42812.757591	0.000046	3.4
89	-0.893592	23.293294	42823.743199	0.000066	3.3
90	-0.895421	23.281928	42834.734447	0.000076	3.4
91	-0.889500	24.074198	42081.827751	0.000048	3.4
92	-0.896998	24.062833	42092.441407	0.000048	3.2
93	-0.892587	24.051467	42103.060418	0.000055	3.4
94	-0.892864	24.040102	42113.684788	0.000050	3.3
95	-0.889579	24.028736	42124.314522	0.000052	3.3
96	-0.895807	24.017371	42134.949622	0.000049	3.5
97	-0.894552	24.006005	42145.590095	0.000048	3.4
98	-0.892985	23.994640	42156.235943	0.000061	3.2
99	-0.894448	23.983274	42166.887170	0.000059	3.1
100	-0.895625	23.973394	42176.150861	0.000061	3.2
101	-0.893568	23.962028	42186.812154	0.000056	3.1
102	-0.895998	23.950663	42197.478839	0.000041	3.3
103	-0.894077	23.939297	42208.150921	0.000061	3.6
104	-0.900882	23.927932	42218.828401	0.000055	3.7
105	-0.899365	23.917781	42228.369309	0.000050	3.6
106	-0.894091	23.906416	42239.056616	0.000054	3.2
107	-0.895900	23.895050	42249.749740	0.000073	3.3
108	-0.893506	23.994023	42156.813792	0.000067	3.3
109	-0.893646	24.993842	41240.404239	0.000056	3.4
110	-0.898057	24.982493	41250.582519	0.000048	3.4
111	-0.896817	24.971128	41260.780961	0.000042	3.2
112	-0.895502	24.959762	41270.984446	0.000053	3.5
113	-0.898283	24.948397	41281.192980	0.000044	3.7
114	-0.896317	24.937031	41291.406565	0.000045	3.3
115	-0.895139	24.925666	41301.625205	0.000059	3.5
116	-0.895523	24.914300	41311.848903	0.000072	3.3
117	-0.896294	24.905094	41320.133733	0.000084	3.4
118	-0.892711	25.905094	40439.203116	0.000067	3.3
119	-0.897737	26.905094	39595.050880	0.000054	3.3
120	-0.897493	26.893883	39604.319681	0.000050	3.5
121	-0.897338	26.882517	39613.720256	0.000047	3.4
122	-0.900348	26.871152	39623.125291	0.000065	3.2
123	-0.895440	26.859813	39632.512301	0.000056	3.6
124	-0.892913	26.848483	39641.897343	0.000071	3.4
125	-0.899547	26.837120	39651.313345	0.000067	3.4
126	-0.897141	27.837120	38839.404436	0.000061	3.2
127	-0.900374	28.836852	38060.282204	0.000067	3.4
128	-0.898946	29.835606	37312.521368	0.000105	3.5
129	-0.897740	30.835606	36592.697213	0.000104	3.3
130	-0.897397	31.835606	35900.120750	0.000107	3.2
131	-0.896422	32.835606	35233.273595	0.000097	3.3
132	-0.895324	33.835606	34590.748125	0.000065	3.4
133	-0.898370	34.835606	33971.237556	0.000056	3.3
134	-0.899843	34.824245	33978.151184	0.000052	3.1
135	-0.897642	34.812884	33985.067887	0.000094	3.2
136	-0.903417	35.812825	33386.909305	0.000070	3.4
137	-0.898043	36.812825	32809.409257	0.000037	3.1
138	-0.900723	36.801460	32815.860574	0.000055	3.3
139	-0.895905	36.790094	32822.314381	0.000069	3.1
140	-0.894981	36.778729	32828.770776	0.000085	3.2
141	-0.898855	37.778729	32270.256301	0.000068	3.4
142	-0.898835	38.778729	31730.427887	0.000044	3.3
143	-0.894811	38.767364	31736.461628	0.000042	3.7
144	-0.896880	38.755998	31742.497860	0.000048	3.2
145	-0.900546	38.744633	31748.536388	0.000063	3.5
146	-0.901314	38.733268	31754.576825	0.000061	3.2
147	-0.899574	39.733134	31231.792679	0.000043	3.2
148	-0.900059	39.721812	31237.616026	0.000064	3.4
149	-0.899899	39.710446	31243.463970	0.000045	3.3
150	-0.895944	40.222976	30981.908503	0.000041	3.4
151	-0.897742	40.211610	30987.661090	0.000035	3.5
152	-0.898627	40.200245	30993.415807	0.000040	3.7
153	-0.900552	40.188879	30999.172668	0.000043	3.7
154	-0.903694	40.177514	31004.931632	0.000047	3.5
155	-0.896206	40.166149	31010.692773	0.000100	3.5
156	-0.901381	41.166148	30511.857547	0.000072	3.4
157	-0.901473	42.166148	30028.816255	0.000037	3.8
158	-0.899204	42.154782	30034.220320	0.000060	3.3
159	-0.896555	42.143417	30039.626167	0.000049	3.9
160	-0.903992	42.201466	30012.035290	0.000064	4.4
161	-0.898065	42.190101	30017.433320	0.000069	3.8
162	-0.901811	43.190101	29549.799982	0.000041	3.6
163	-0.896529	43.178735	29555.033000	0.000045	3.4
164	-0.901980	43.167515	29560.201172	0.000061	3.8
165	-0.903364	44.120235	29127.730323	0.000061	3.5
166	-0.901412	45.120229	28687.206160	0.000050	3.7
167	-0.899464	45.108863	28692.138096	0.000049	3.2
168	-0.899053	45.991919	28313.932159	0.000040	3.5
169	-0.894553	45.980553	28318.736571	0.000043	3.5
170	-0.896622	45.969241	28323.519977	0.000051	3.2
171	-0.901497	45.957904	28328.315817	0.000045	3.7
172	-0.901729	45.946847	28332.994260	0.000046	3.5
173	-0.901521	45.935482	28337.805145	0.000042	3.5
174	-0.901269	45.924516	28342.448254	0.000045	3.4
175	-0.900156	45.913221	28347.232750	0.000051	3.4
176	-0.899598	45.957326	28328.560234	0.000053	3.6
177	-0.897060	46.210996	28221.641770	0.000046	4.1
178	-0.897920	46.199630	28226.414911	0.000056	3.3
179	-0.899470	47.162052	27827.868916	0.000039	3.5
180	-0.901203	47.150698	27832.504900	0.000035	3.5
181	-0.904524	47.139333	27837.147301	0.000036	3.9
182	-0.901029	47.127967	27841.791175	0.000047	3.5
183	-0.897902	47.116602	27846.436678	0.000046	3.3
184	-0.898222	47.135045	27838.899209	0.000031	3.6
185	-0.897367	47.123679	27843.543732	0.000055	3.7
186	-0.900937	47.112314	27848.189803	0.000064	3.3
187	-0.902949	47.100949	27852.837278	0.000052	3.4
188	-0.900227	48.100939	27449.766286	0.000061	3.4
189	-0.901018	49.100771	27058.256351	0.000056	3.4
190	-0.900014	50.100764	26677.697069	0.000035	3.8
191	-0.901400	50.089398	26681.962199	0.000056	3.3
192	-0.899205	50.078467	26686.065831	0.000078	3.4
193	-0.899830	50.069374	26689.480192	0.000032	3.5
194	-0.898306	50.058008	26693.749001	0.000043	3.5
195	-0.900182	50.046643	26698.019257	0.000054	3.4
196	-0.898172	50.035277	26702.290889	0.000033	3.2
197	-0.895200	50.023912	26706.563888	0.000058	3.3
198	-0.898582	50.012567	26710.830626	0.000046	3.4
199	-0.901430	50.126304	26668.117652	0.000038	3.3
