1:ItNr	2:Metric	3a:Time	3b:StepSize	4:||Gradient||	Time[ms]
0	-0.332175	0.000000	55124.783101	0.000267	20.4
1	-0.332762	0.000000	55124.783101	0.000473	3.0
2	-0.323985	1.000000	52619.111142	0.001133	3.2
3	-0.293094	2.000000	50331.323701	0.001330	3.0
4	-0.310972	3.000000	48234.185213	0.001435	3.1
5	-0.286519	4.000000	46304.817805	0.001371	3.1
6	-0.316243	5.000000	44523.863274	0.001529	3.0
7	-0.279567	6.000000	42874.831301	0.001441	3.1
8	-0.324972	7.000000	41343.587326	0.001438	3.1
9	-0.283138	8.000000	39917.946383	0.001554	3.1
10	-0.318955	9.000000	38587.348171	0.001506	3.1
11	-0.293843	10.000000	37342.595004	0.001526	3.1
12	-0.320231	11.000000	36175.638910	0.001527	3.1
13	-0.291747	12.000000	35079.407428	0.001513	3.1
14	-0.321808	13.000000	34047.660151	0.001378	3.1
15	-0.309497	14.000000	33074.869861	0.001610	3.2
16	-0.312522	15.000000	32156.123476	0.001625	3.1
17	-0.305583	16.000000	31287.039057	0.001626	3.0
18	-0.318770	17.000000	30463.695924	0.001601	3.2
19	-0.312047	18.000000	29682.575516	0.001707	3.5
20	-0.314733	19.000000	28940.511128	0.001603	3.3
21	-0.320144	20.000000	28234.645003	0.001645	3.2
22	-0.312236	21.000000	27562.391550	0.001647	3.2
23	-0.319387	22.000000	26921.405700	0.001658	3.4
24	-0.306742	23.000000	26309.555571	0.001572	3.1
25	-0.321260	24.000000	25724.898780	0.001427	3.1
26	-0.320812	25.000000	25165.661850	0.001454	3.1
27	-0.324809	26.000000	24630.222237	0.001493	3.2
28	-0.321234	27.000000	24117.092607	0.001477	3.0
29	-0.323770	28.000000	23624.907043	0.001360	3.2
30	-0.325301	29.000000	23152.408902	0.001428	3.2
31	-0.320901	30.000000	22698.440100	0.001526	3.2
32	-0.323256	31.000000	22261.931637	0.001427	3.1
33	-0.329810	32.000000	21841.895191	0.001326	3.1
34	-0.330251	33.000000	21437.415650	0.001352	3.3
35	-0.329882	34.000000	21047.644457	0.001372	3.4
36	-0.330040	35.000000	20671.793663	0.001201	3.2
37	-0.331632	36.000000	20309.130616	0.001056	3.3
38	-0.329247	37.000000	19958.973192	0.001062	3.3
39	-0.332819	38.000000	19620.685510	0.001087	3.4
40	-0.335502	39.000000	19293.674085	0.001115	3.2
41	-0.330698	40.000000	18977.384346	0.001084	3.3
42	-0.334039	41.000000	18671.297502	0.001125	3.4
43	-0.335545	42.000000	18374.927700	0.001145	3.1
44	-0.335006	43.000000	18087.819455	0.001019	3.4
45	-0.335985	44.000000	17809.545310	0.001024	3.1
46	-0.336830	45.000000	17539.703714	0.001138	3.3
47	-0.329532	46.000000	17277.917091	0.001005	3.2
48	-0.336339	47.000000	17023.830075	0.000937	3.2
49	-0.332984	48.000000	16777.107900	0.000876	3.7
50	-0.338034	49.000000	16537.434930	0.000702	3.7
51	-0.333648	50.000000	16304.513312	0.000659	3.2
52	-0.339842	51.000000	16078.061738	0.000600	3.2
53	-0.338266	52.000000	15857.814317	0.000539	3.4
54	-0.337605	53.000000	15643.519529	0.000503	3.4
55	-0.336667	54.000000	15434.939268	0.000502	3.3
56	-0.337815	55.000000	15231.847962	0.000467	3.5
57	-0.335550	56.000000	15034.031755	0.000492	3.3
58	-0.338273	57.000000	14841.287758	0.000418	3.3
59	-0.341445	58.000000	14653.423356	0.000328	3.3
60	-0.344557	59.000000	14470.255564	0.000301	3.5
61	-0.343992	60.000000	14291.610434	0.000220	3.4
62	-0.339136	61.000000	14117.322501	0.000178	3.2
63	-0.341018	62.000000	13947.234279	0.000203	3.3
64	-0.336517	63.000000	13781.195775	0.000197	3.7
65	-0.341188	63.939857	13628.707273	0.000173	3.3
66	-0.335990	64.939857	13470.123028	0.000166	3.3
67	-0.342408	64.917833	13473.575928	0.000173	3.3
68	-0.337857	65.917833	13318.560835	0.000110	3.5
69	-0.341878	66.917833	13167.072149	0.000111	3.5
70	-0.341753	67.917582	13019.027566	0.000186	3.7
71	-0.338077	68.902484	12876.401087	0.000174	3.4
72	-0.335671	69.902484	12734.750381	0.000170	3.2
73	-0.341785	69.881716	12737.660492	0.000175	3.2
74	-0.337552	70.881716	12599.029424	0.000146	3.4
75	-0.344936	71.873237	12464.521352	0.000200	3.4
76	-0.337581	72.873228	12331.742148	0.000153	3.3
77	-0.337778	73.873228	12201.760888	0.000215	3.3
78	-0.336653	74.872955	12074.525543	0.000216	3.4
79	-0.338615	75.872955	11949.882648	0.000195	3.9
80	-0.342869	76.872955	11827.786788	0.000160	3.4
81	-0.341738	77.872955	11708.160680	0.000134	3.3
82	-0.338557	78.872955	11590.930139	0.000170	3.3
83	-0.340770	78.850904	11593.489835	0.000200	3.4
84	-0.346399	79.850904	11478.533109	0.000213	3.3
85	-0.334180	80.850904	11365.833735	0.000178	3.2
86	-0.340562	81.850904	11255.325871	0.000156	3.4
87	-0.341422	82.850904	11146.946210	0.000198	3.2
88	-0.345173	83.850904	11040.633858	0.000152	3.4
89	-0.341462	84.850904	10936.330226	0.000182	3.1
90	-0.340164	85.794820	10839.668496	0.000172	3.3
91	-0.341509	86.794820	10739.110153	0.000122	3.2
92	-0.337168	87.794661	10640.415893	0.000137	3.4
93	-0.338426	88.077529	10612.822411	0.000166	3.3
94	-0.341332	89.077529	10516.410159	0.000206	3.4
95	-0.341176	90.077529	10421.733853	0.000146	3.4
96	-0.334182	91.077529	10328.747026	0.000132	3.6
97	-0.342227	92.072381	10237.870921	0.000165	3.6
98	-0.336719	93.072381	10148.122020	0.000186	3.2
99	-0.339465	94.072381	10059.932988	0.000096	3.4
100	-0.343002	95.046189	9975.514498	0.000167	3.2
101	-0.338105	96.045995	9890.303744	0.000162	3.4
102	-0.341632	97.045966	9806.522663	0.000190	3.3
103	-0.339838	98.045966	9724.146729	0.000138	3.3
104	-0.336938	99.045966	9643.143263	0.000094	3.4
105	-0.335131	100.045965	9563.478198	0.000173	3.3
106	-0.337770	100.343440	9540.033160	0.000167	3.2
107	-0.336732	101.343440	9462.055680	0.000175	4.0
108	-0.338251	101.321390	9463.761390	0.000208	3.4
109	-0.336050	102.321390	9387.020758	0.000221	3.5
110	-0.339954	103.321390	9311.514678	0.000264	3.4
111	-0.340199	104.321390	9237.213598	0.000292	3.5
112	-0.340789	105.321390	9164.088899	0.000173	3.3
113	-0.334572	106.321390	9092.112863	0.000139	3.2
114	-0.339518	106.417238	9085.273431	0.000178	3.5
115	-0.338188	106.395187	9086.845991	0.000162	3.3
116	-0.339286	106.382781	9087.730968	0.000111	3.5
117	-0.334847	107.374444	9017.530355	0.000141	3.4
118	-0.334792	108.374444	8947.829339	0.000146	3.3
119	-0.339134	108.353151	8949.302219	0.000132	3.8
120	-0.342863	109.353151	8880.647935	0.000212	3.5
121	-0.344244	110.353151	8813.038991	0.000212	3.8
122	-0.341629	111.353151	8746.451691	0.000163	3.5
123	-0.341117	111.331101	8747.909136	0.000157	3.3
124	-0.342159	112.331101	8682.298719	0.000162	3.4
125	-0.337097	112.309085	8683.732614	0.000209	3.3
126	-0.342746	113.309085	8619.077772	0.000160	3.7
127	-0.339161	114.309085	8555.378591	0.000185	3.3
128	-0.339150	115.309085	8492.614040	0.000214	3.4
129	-0.339984	116.309085	8430.763696	0.000212	3.4
130	-0.340868	117.309085	8369.807731	0.000178	3.4
131	-0.333198	117.287034	8371.142347	0.000191	3.6
132	-0.341911	118.287034	8311.042407	0.000241	3.5
133	-0.337503	119.287034	8251.799281	0.000132	3.4
134	-0.341881	120.287034	8193.394776	0.000129	3.6
135	-0.339483	121.269073	8136.838337	0.000168	3.7
136	-0.337042	122.268798	8080.059749	0.000173	3.8
137	-0.341972	123.268798	8024.052768	0.000226	3.2
138	-0.342543	124.268798	7968.816868	0.000128	3.5
139	-0.336899	125.268798	7914.336234	0.000241	3.2
140	-0.340783	125.249230	7915.395171	0.000167	3.4
141	-0.342499	126.249230	7861.640084	0.000160	3.3
142	-0.336717	127.249230	7808.610195	0.000219	3.3
143	-0.336252	128.249230	7756.290929	0.000190	3.1
144	-0.340191	129.249230	7704.668096	0.000132	3.3
145	-0.333933	130.249230	7653.727882	0.000219	3.4
146	-0.334427	131.249230	7603.456837	0.000153	3.5
147	-0.345122	132.249230	7553.841861	0.000178	3.2
148	-0.337178	132.227179	7554.928923	0.000248	3.4
149	-0.344044	133.227179	7505.943206	0.000223	3.5
150	-0.334324	134.227179	7457.588638	0.000139	3.5
151	-0.340281	135.227179	7409.853098	0.000087	3.3
152	-0.333858	135.332907	7404.841807	0.000113	3.3
153	-0.337054	135.312936	7405.787859	0.000176	3.4
154	-0.336824	136.295487	7359.527411	0.000172	3.3
155	-0.334718	137.295487	7313.035072	0.000110	3.6
156	-0.338511	137.273436	7314.053925	0.000123	3.5
157	-0.336588	138.269212	7268.325300	0.000151	3.1
158	-0.337881	138.247162	7269.331728	0.000121	3.1
159	-0.337495	139.084033	7231.329843	0.000133	3.0
160	-0.341931	139.062348	7232.309534	0.000143	3.3
161	-0.338755	140.062348	7187.405746	0.000169	3.1
162	-0.336566	141.062348	7143.056113	0.000145	3.1
163	-0.338295	142.062348	7099.250438	0.000153	3.1
164	-0.339720	143.062348	7055.978778	0.000217	3.2
165	-0.339761	144.062348	7013.231423	0.000131	3.0
166	-0.338573	144.379826	6999.768207	0.000216	3.7
167	-0.336181	145.379825	6957.697197	0.000175	3.1
168	-0.338793	145.357796	6958.618555	0.000135	3.1
169	-0.338185	145.349694	6958.957456	0.000193	3.0
170	-0.338968	145.699758	6944.343896	0.000174	3.2
171	-0.341260	146.699758	6902.934511	0.000155	3.1
172	-0.342278	147.699613	6862.021918	0.000126	3.3
173	-0.339415	148.699613	6821.585633	0.000142	3.5
174	-0.341219	149.678959	6782.443796	0.000124	3.7
175	-0.338070	150.678959	6742.937244	0.000149	4.1
176	-0.342300	150.739993	6740.540898	0.000189	3.8
177	-0.340076	151.739993	6701.519588	0.000194	3.1
178	-0.339443	152.739993	6662.947469	0.000196	3.0
179	-0.334305	153.739993	6624.816831	0.000178	3.1
180	-0.334785	153.717942	6625.652931	0.000158	3.1
181	-0.338635	154.717942	6587.946748	0.000146	3.2
182	-0.334757	155.209029	6569.586442	0.000197	3.2
183	-0.344006	155.216705	6569.300251	0.000124	3.0
184	-0.339470	156.216691	6532.231476	0.000126	3.1
185	-0.339984	156.194640	6533.044369	0.000148	3.1
186	-0.339203	157.194085	6496.402202	0.000147	3.3
187	-0.343654	158.194066	6460.149423	0.000175	3.1
188	-0.336107	158.172128	6460.940432	0.000225	3.1
189	-0.342345	159.172128	6425.080610	0.000106	3.0
190	-0.339695	160.168741	6389.736097	0.000131	3.2
191	-0.337629	160.146690	6390.513909	0.000141	3.1
192	-0.338604	161.146690	6355.429473	0.000142	3.0
193	-0.340178	162.145633	6320.764658	0.000192	3.1
194	-0.337351	163.132304	6286.894915	0.000193	3.1
195	-0.339409	164.132304	6252.935985	0.000121	3.1
196	-0.339184	164.697618	6233.900363	0.000147	3.2
197	-0.340174	165.697617	6200.510005	0.000132	3.5
198	-0.342186	166.697612	6167.475610	0.000169	3.1
199	-0.337414	167.697612	6134.791184	0.000085	3.1
