1:ItNr	2:Metric	3a:Time	3b:StepSize	4:||Gradient||	Time[ms]
0	-0.760371	0.000000	61513.253007	0.000321	14.2
1	-0.764380	0.000000	61513.253007	0.000152	0.8
2	-0.777644	0.000000	61513.253007	0.000307	0.8
3	-0.789806	0.000000	61513.253007	0.000722	0.7
4	-0.807722	0.000000	61513.253007	0.000285	0.7
5	-0.807317	0.000000	61513.253007	0.000086	0.7
6	-0.815572	0.000000	61513.253007	0.000026	0.7
7	-0.809791	0.000000	61513.253007	0.000052	0.7
8	-0.808223	0.000000	61513.253007	0.000031	0.8
9	-0.808100	0.000000	61513.253007	0.000072	0.7
10	-0.819094	0.999992	58717.216793	0.000075	0.7
11	-0.819713	0.981003	58767.941571	0.000066	0.7
12	-0.817054	1.981003	56210.701532	0.000045	0.8
13	-0.816109	1.962023	56257.165726	0.000035	0.8
14	-0.824426	2.237511	55590.218109	0.000051	0.8
15	-0.804778	3.182933	53416.942263	0.000033	0.9
16	-0.805215	4.182480	51296.707899	0.000059	0.7
17	-0.818908	4.909204	49857.893111	0.000085	5.4
18	-0.816140	5.909202	48005.076535	0.000049	7.0
19	-0.825503	6.909197	46285.039823	0.000047	5.9
20	-0.819276	7.899526	44698.944002	0.000090	3.5
21	-0.815291	8.899521	43203.979973	0.000066	0.8
22	-0.813563	9.899521	41805.771291	0.000084	0.9
23	-0.826706	10.897682	40497.561221	0.000096	0.9
24	-0.815890	11.897682	39266.545561	0.000051	0.8
25	-0.814604	12.897366	38108.516114	0.000029	1.5
26	-0.820169	13.895551	37018.424823	0.000063	2.6
27	-0.820379	13.876576	37038.564489	0.000029	1.3
28	-0.818233	13.859891	37056.292181	0.000060	0.7
29	-0.813789	13.840907	37076.483182	0.000084	0.7
30	-0.825438	14.840907	36042.009281	0.000069	0.7
31	-0.819790	14.837667	36045.267754	0.000060	0.8
32	-0.809682	15.837667	35066.778333	0.000033	0.6
33	-0.809728	15.818690	35084.852593	0.000061	0.7
34	-0.811880	16.818530	34157.285414	0.000088	0.8
35	-0.814659	17.818530	33277.363231	0.000050	0.7
36	-0.808375	18.816000	32443.698715	0.000066	0.7
37	-0.813328	19.719051	31724.175073	0.000054	0.8
38	-0.814950	20.718379	30964.250039	0.000046	0.7
39	-0.812378	21.718376	30239.406206	0.000078	0.7
40	-0.814986	22.715714	29549.518540	0.000080	0.8
41	-0.811335	23.715714	28888.687802	0.000073	0.8
42	-0.810829	24.706935	28262.195211	0.000045	0.7
43	-0.811598	25.706932	27657.100678	0.000017	0.7
44	-0.808261	25.690054	27667.098351	0.000061	0.7
45	-0.810089	26.566222	27157.471341	0.000048	0.8
46	-0.815151	26.547233	27168.317243	0.000062	0.8
47	-0.807337	27.504129	26632.337293	0.000040	0.8
48	-0.812245	27.485140	26642.767701	0.000031	0.8
49	-0.814699	28.471200	26111.723942	0.000038	0.7
50	-0.808262	29.356697	25652.562173	0.000066	0.8
51	-0.823175	30.356616	25153.104256	0.000039	0.9
52	-0.814512	30.337628	25162.407570	0.000039	0.8
53	-0.814912	30.318812	25171.633236	0.000051	0.7
54	-0.817066	31.318626	24690.600835	0.000086	0.9
55	-0.813839	32.301451	24235.330983	0.000039	0.7
56	-0.817905	33.301108	23789.170551	0.000085	0.9
57	-0.814172	33.282120	23797.492073	0.000063	0.8
58	-0.811559	34.279204	23368.251193	0.000056	0.8
59	-0.813352	35.279191	22953.036387	0.000105	0.8
60	-0.814287	35.260202	22960.783520	0.000066	0.7
61	-0.821466	36.260202	22559.793254	0.000086	0.8
62	-0.809611	36.241213	22567.277163	0.000031	0.8
63	-0.819958	37.217643	22188.777201	0.000076	0.9
64	-0.821608	37.198654	22196.016935	0.000056	0.7
65	-0.805300	38.198654	21821.075692	0.000058	0.8
66	-0.815421	38.191217	21823.817316	0.000110	0.8
67	-0.821975	39.191216	21461.242997	0.000053	0.7
68	-0.809300	40.191113	21110.554277	0.000080	0.8
69	-0.813050	40.172126	21117.106763	0.000063	0.8
70	-0.818781	40.153137	21123.663954	0.000060	0.8
71	-0.813867	41.153137	20783.799150	0.000008	0.9
72	-0.809193	41.139960	20788.206312	0.000057	0.9
73	-0.805558	41.177048	20775.806503	0.000067	0.8
74	-0.817568	42.177048	20446.955961	0.000054	0.7
75	-0.804985	42.158059	20453.103509	0.000098	0.8
76	-0.810403	43.158059	20134.311078	0.000063	0.8
77	-0.809253	43.139076	20140.270023	0.000076	0.8
78	-0.814343	43.120087	20146.234466	0.000087	0.9
79	-0.812354	44.120087	19836.863958	0.000063	0.8
80	-0.821672	45.120087	19536.851436	0.000028	0.8
81	-0.817106	45.207744	19510.985092	0.000063	0.8
82	-0.823234	45.189691	19516.306720	0.000038	0.8
83	-0.809590	45.988463	19283.593957	0.000047	0.8
84	-0.819098	46.960373	19007.816570	0.000038	0.7
85	-0.807808	47.926627	18741.354058	0.000049	0.8
86	-0.813130	48.195330	18668.576589	0.000066	0.8
87	-0.814153	48.861079	18490.672272	0.000075	0.7
88	-0.815907	49.861079	18229.729698	0.000070	0.7
89	-0.811584	49.842090	18234.616121	0.000107	0.8
90	-0.815271	50.842090	17980.800897	0.000033	1.0
91	-0.814071	50.824253	17985.266171	0.000051	1.0
92	-0.811285	50.805513	17989.960155	0.000036	1.0
93	-0.817826	51.797685	17744.771852	0.000130	0.9
94	-0.815679	52.797685	17504.320247	0.000086	0.9
95	-0.802992	52.778696	17508.825472	0.000076	1.0
96	-0.808459	53.778696	17274.683578	0.000041	0.8
97	-0.813513	53.759707	17279.071348	0.000061	0.8
98	-0.817050	53.747633	17281.862481	0.000056	0.9
99	-0.823918	53.728644	17286.253908	0.000072	0.8
100	-0.812863	54.728489	17058.023068	0.000095	0.9
101	-0.811759	55.728489	16835.706387	0.000092	0.8
102	-0.812826	55.709500	16839.873971	0.000104	1.0
103	-0.813564	56.709500	16623.171071	0.000006	1.1
104	-0.818595	57.218422	16515.013662	0.000081	0.9
105	-0.819629	57.408244	16475.031826	0.000028	0.7
106	-0.807701	58.408233	16267.561592	0.000038	0.9
107	-0.809251	58.389255	16271.450179	0.000075	0.9
108	-0.815182	58.370266	16275.343054	0.000047	0.8
109	-0.815797	58.351277	16279.237793	0.000022	0.8
110	-0.805927	58.333430	16282.899976	0.000088	0.9
111	-0.814865	58.314442	16286.798326	0.000115	0.9
112	-0.818884	59.314442	16084.010409	0.000091	0.8
113	-0.821238	60.314442	15886.210238	0.000047	0.8
114	-0.815716	61.314442	15693.216033	0.000062	0.9
115	-0.814785	62.314427	15504.857352	0.000028	0.7
116	-0.807961	62.911140	15394.598581	0.000063	0.8
117	-0.812199	62.951814	15387.139924	0.000061	0.8
118	-0.817278	63.951814	15206.012069	0.000103	0.7
119	-0.811055	63.932825	15209.411777	0.000066	0.8
120	-0.817517	63.913836	15212.813008	0.000048	0.7
121	-0.814343	64.913836	15035.742446	0.000021	0.8
122	-0.822261	64.937404	15031.619014	0.000025	0.8
123	-0.818999	64.949029	15029.585873	0.000060	0.9
124	-0.805348	65.345161	14960.633640	0.000081	0.9
125	-0.813966	66.345161	14789.351871	0.000044	0.9
126	-0.811508	66.326172	14792.567803	0.000062	0.9
127	-0.806236	66.307183	14795.785128	0.000049	0.9
128	-0.813326	66.288195	14799.003558	0.000071	0.8
129	-0.803528	66.280613	14800.289233	0.000077	0.8
130	-0.817642	66.261624	14803.509924	0.000106	1.0
131	-0.807153	66.242635	14806.732018	0.000051	0.9
132	-0.814328	66.223646	14809.955504	0.000048	0.7
133	-0.810545	66.205925	14812.964957	0.000036	0.9
134	-0.808488	66.186938	14816.190928	0.000080	0.9
135	-0.812588	66.491535	14764.609171	0.000062	1.0
136	-0.819907	66.472546	14767.814325	0.000020	0.9
137	-0.808964	67.374500	14617.093334	0.000051	0.9
138	-0.813149	67.366970	14618.338915	0.000147	0.9
139	-0.809038	67.347981	14621.480896	0.000080	0.9
140	-0.810071	68.347981	14457.834435	0.000032	1.1
141	-0.815075	68.328992	14460.907791	0.000036	0.9
142	-0.805013	68.310010	14463.981263	0.000060	0.8
143	-0.810381	68.291024	14467.056712	0.000131	0.8
144	-0.826618	68.272035	14470.133992	0.000094	0.8
145	-0.815406	69.272035	14309.839235	0.000057	0.9
146	-0.812955	70.272034	14153.057218	0.000050	0.8
147	-0.809735	70.262588	14154.522057	0.000079	0.9
148	-0.806846	70.243618	14157.464789	0.000069	1.1
149	-0.809868	71.243542	14003.997232	0.000023	0.8
150	-0.813144	72.236459	13854.862469	0.000044	0.7
151	-0.817315	72.217636	13857.660137	0.000012	0.8
152	-0.824123	72.212434	13858.433453	0.000057	0.8
153	-0.816420	72.258931	13851.523932	0.000022	0.9
154	-0.808392	72.721426	13783.169682	0.000054	0.9
155	-0.814487	72.941079	13750.941842	0.000026	0.8
156	-0.818658	73.666275	13645.602077	0.000032	0.7
157	-0.808104	73.945919	13605.411598	0.000010	0.7
158	-0.812377	73.948072	13605.103215	0.000057	0.8
159	-0.820290	73.950007	13604.825831	0.000030	0.7
160	-0.807047	73.931411	13607.490945	0.000044	0.7
161	-0.806918	74.450026	13533.556479	0.000063	0.9
162	-0.807224	74.431063	13536.245703	0.000035	0.8
163	-0.813822	74.412096	13538.936565	0.000061	0.9
164	-0.810716	75.411985	13398.524129	0.000076	0.9
165	-0.815444	75.400365	13400.139259	0.000050	0.8
166	-0.818729	76.277486	13279.314324	0.000061	0.7
167	-0.815691	77.246881	13148.288241	0.000010	0.8
168	-0.806456	77.788394	13076.215362	0.000046	0.9
169	-0.810957	78.076238	13038.225363	0.000059	0.7
170	-0.819730	79.076237	12907.942472	0.000056	0.9
171	-0.810797	80.076235	12780.237717	0.000076	0.8
172	-0.813174	80.057262	12782.637228	0.000035	0.8
173	-0.816401	81.035184	12660.126272	0.000039	0.8
174	-0.812642	81.016196	12662.482625	0.000050	0.7
175	-0.820556	81.934909	12549.467733	0.000049	0.8
176	-0.811047	81.915931	12551.781837	0.000055	0.8
177	-0.811153	81.896942	12554.098192	0.000050	0.8
178	-0.813602	82.896885	12433.272751	0.000049	0.8
179	-0.816512	83.896825	12314.751317	0.000034	0.8
180	-0.804353	84.812630	12208.167533	0.000021	0.9
181	-0.807679	84.974829	12189.482433	0.000060	0.7
182	-0.818313	85.689494	12107.830573	0.000077	0.9
183	-0.822575	85.690428	12107.724537	0.000085	3.2
184	-0.813918	85.671917	12109.825661	0.000039	5.8
185	-0.814156	85.652928	12111.981700	0.000048	4.3
186	-0.809213	86.601921	12005.160296	0.000056	2.9
187	-0.813089	86.582945	12007.277801	0.000017	2.8
188	-0.812993	87.360445	11921.124160	0.000053	0.9
189	-0.803716	87.491463	11906.727728	0.000055	0.8
190	-0.811687	87.475027	11908.531849	0.000054	0.8
191	-0.811188	87.456205	11910.598519	0.000040	0.9
192	-0.814553	87.437216	11912.684238	0.000072	1.7
193	-0.814141	88.437204	11803.831476	0.000063	1.6
194	-0.819723	88.422334	11805.435547	0.000036	1.2
195	-0.809728	88.403353	11807.483714	0.000072	1.1
196	-0.812487	89.403337	11700.536848	0.000108	0.7
197	-0.811005	89.384348	11702.549648	0.000028	0.8
198	-0.818174	90.187971	11617.968255	0.000034	0.8
199	-0.813783	90.494897	11585.985984	0.000011	0.7
