1:ItNr	2:Metric	3a:Time	3b:StepSize	4:||Gradient||	Time[ms]
0	-0.716356	0.000000	50410.914286	0.000467	72.5
1	-0.723301	0.000000	50410.914286	0.000247	3.3
2	-0.722222	0.000000	50410.914286	0.000202	3.4
3	-0.729250	0.000000	50410.914286	0.000217	3.5
4	-0.724617	0.000000	50410.914286	0.000212	3.4
5	-0.734978	0.000000	50410.914286	0.000203	3.2
6	-0.726549	0.000000	50410.914286	0.000220	3.0
7	-0.738506	0.000000	50410.914286	0.000250	3.4
8	-0.733612	0.000000	50410.914286	0.000278	3.5
9	-0.740522	0.000000	50410.914286	0.000308	3.2
10	-0.737687	1.000000	48119.509091	0.000311	3.2
11	-0.740731	2.000000	46027.356522	0.000315	3.3
12	-0.744486	3.000000	44109.550000	0.000325	3.6
13	-0.743299	4.000000	42345.168000	0.000296	3.6
14	-0.745305	5.000000	40716.507692	0.000272	3.2
15	-0.744969	6.000000	39208.488889	0.000242	3.5
16	-0.752136	7.000000	37808.185714	0.000214	3.4
17	-0.747273	6.989178	37822.804678	0.000182	3.5
18	-0.747022	6.978120	37837.753844	0.000194	3.3
19	-0.749484	6.967061	37852.714832	0.000196	3.3
20	-0.751626	6.956003	37867.687656	0.000177	3.6
21	-0.750094	6.944945	37882.672330	0.000175	3.6
22	-0.754321	6.933887	37897.668868	0.000183	3.5
23	-0.757371	6.922829	37912.677284	0.000178	3.5
24	-0.752726	6.911771	37927.697591	0.000151	3.3
25	-0.752777	6.900713	37942.729806	0.000143	3.5
26	-0.753328	6.889654	37957.773940	0.000150	3.5
27	-0.756093	6.878596	37972.830009	0.000156	3.4
28	-0.755709	6.867538	37987.898027	0.000199	3.4
29	-0.756988	6.856480	38002.978008	0.000221	3.4
30	-0.757674	7.856480	36686.012879	0.000162	3.5
31	-0.762235	7.845422	36700.076767	0.000130	3.4
32	-0.762846	7.834364	36714.151441	0.000128	3.8
33	-0.757045	7.823306	36728.236916	0.000156	3.3
34	-0.762056	7.812248	36742.333202	0.000166	3.3
35	-0.762422	7.810577	36744.463912	0.000120	3.4
36	-0.760951	7.799519	36758.572659	0.000131	3.4
37	-0.762307	7.788461	36772.692245	0.000162	3.7
38	-0.762270	7.777402	36786.822683	0.000114	3.3
39	-0.758857	7.766344	36800.963984	0.000166	3.2
40	-0.766644	7.755286	36815.116162	0.000196	3.2
41	-0.769683	8.755286	35577.853110	0.000149	3.4
42	-0.761797	9.755286	34421.048620	0.000124	3.4
43	-0.766156	9.744228	34433.429236	0.000102	3.7
44	-0.764931	9.733170	34445.818762	0.000100	4.1
45	-0.767057	9.722112	34458.217207	0.000102	3.8
46	-0.766608	9.711054	34470.624580	0.000112	3.4
47	-0.767017	9.699995	34483.040892	0.000090	3.3
48	-0.762731	9.688937	34495.466152	0.000101	3.6
49	-0.767275	9.677879	34507.900369	0.000183	3.4
50	-0.765551	9.666821	34520.343554	0.000321	3.6
51	-0.763769	10.666821	33430.232758	0.000273	3.5
52	-0.767525	11.666821	32406.863124	0.000180	3.5
53	-0.767480	12.666821	31444.287446	0.000119	3.1
54	-0.773452	13.666821	30537.244734	0.000098	3.3
55	-0.769954	13.655763	30546.988708	0.000088	3.6
56	-0.770451	13.644705	30556.738904	0.000102	3.5
57	-0.769014	13.633647	30566.495325	0.000118	3.4
58	-0.772473	13.622600	30576.248275	0.000128	3.4
59	-0.770554	14.622600	29717.909795	0.000109	3.7
60	-0.771846	14.611541	29727.137830	0.000110	3.3
61	-0.768265	14.600483	29736.371598	0.000074	3.3
62	-0.770743	14.589425	29745.611105	0.000102	3.7
63	-0.768698	14.578367	29754.856355	0.000106	3.5
64	-0.765946	14.567383	29764.045544	0.000105	3.6
65	-0.770190	14.688372	29663.140573	0.000127	3.6
66	-0.765015	15.688372	28854.624449	0.000134	3.3
67	-0.771550	16.688372	28089.013657	0.000140	3.5
68	-0.770178	17.688372	27362.981206	0.000204	3.4
69	-0.769577	18.688372	26673.535413	0.000179	3.6
70	-0.773522	19.688372	26017.978702	0.000134	3.3
71	-0.768808	20.688372	25393.872330	0.000072	3.6
72	-0.770766	20.677314	25400.610019	0.000070	3.5
73	-0.770053	20.666256	25407.351285	0.000061	3.4
74	-0.770977	20.655198	25414.096130	0.000082	3.6
75	-0.769425	20.644140	25420.844556	0.000081	3.4
76	-0.773487	20.633081	25427.596568	0.000065	3.5
77	-0.771836	20.622023	25434.352167	0.000059	3.3
78	-0.768264	20.610965	25441.111357	0.000092	3.9
79	-0.771745	20.599907	25447.874141	0.000120	3.4
80	-0.771635	21.599907	24850.504900	0.000054	3.2
81	-0.771457	21.588849	24856.957298	0.000053	3.5
82	-0.768427	21.577791	24863.413046	0.000095	3.5
83	-0.770066	21.566733	24869.872149	0.000134	3.5
84	-0.772874	22.566733	24299.026676	0.000135	3.2
85	-0.773852	23.566733	23753.798762	0.000131	3.6
86	-0.775736	24.566733	23232.501813	0.000093	3.3
87	-0.772994	25.566733	22733.594106	0.000057	3.5
88	-0.769461	25.555675	22738.993900	0.000066	3.3
89	-0.774286	25.544616	22744.396260	0.000094	3.7
90	-0.767186	26.460277	22305.584077	0.000063	3.7
91	-0.772878	26.457203	22307.029074	0.000115	3.2
92	-0.771177	26.446145	22312.228107	0.000072	3.3
93	-0.771679	27.407631	21869.056263	0.000057	3.8
94	-0.775031	27.402046	21871.579563	0.000065	3.5
95	-0.774541	27.391204	21876.479759	0.000050	3.3
96	-0.773299	27.380146	21881.479863	0.000070	3.3
97	-0.768964	27.369090	21886.481595	0.000134	3.4
98	-0.772363	28.369090	21443.158019	0.000085	3.8
99	-0.775546	29.369090	21017.437444	0.000060	3.5
100	-0.773625	29.358032	21022.052667	0.000056	3.4
101	-0.772389	29.346980	21026.667515	0.000046	3.3
102	-0.774896	29.335921	21031.286782	0.000043	3.6
103	-0.771618	29.324872	21035.904369	0.000076	3.5
104	-0.769386	29.367960	21017.908949	0.000079	3.4
105	-0.777427	30.367938	20608.754050	0.000063	3.7
106	-0.772342	30.356880	20613.191514	0.000063	3.4
107	-0.768287	30.345822	20617.630890	0.000075	3.2
108	-0.773272	30.334765	20622.071637	0.000067	3.1
109	-0.770840	30.324771	20626.087277	0.000064	3.2
110	-0.772696	31.320667	20233.480416	0.000044	3.3
111	-0.773025	31.309609	20237.757728	0.000099	3.2
112	-0.773301	31.298551	20242.036848	0.000103	3.2
113	-0.773979	32.298551	19862.250974	0.000042	3.3
114	-0.769984	32.287493	19866.372755	0.000040	3.4
115	-0.772083	32.276435	19870.496087	0.000081	3.2
116	-0.773051	33.191743	19534.880114	0.000069	3.4
117	-0.777113	34.191743	19180.934413	0.000076	3.4
118	-0.776668	35.191743	18839.586495	0.000050	3.3
119	-0.773699	35.180685	18843.294716	0.000067	3.3
120	-0.772311	35.169627	18847.004401	0.000061	3.2
121	-0.768943	35.691969	18673.354002	0.000045	3.1
122	-0.773337	35.680911	18676.996869	0.000057	3.2
123	-0.772837	35.669855	18680.640659	0.000071	3.1
124	-0.775582	36.669855	18356.716862	0.000041	3.2
125	-0.773318	36.672588	18355.846885	0.000030	3.3
126	-0.776031	36.661549	18359.360949	0.000051	3.1
127	-0.776746	36.650546	18362.865043	0.000034	3.3
128	-0.770792	36.639490	18366.387465	0.000040	3.4
129	-0.775901	36.628503	18369.888938	0.000038	3.4
130	-0.771681	36.617515	18373.392079	0.000066	3.2
131	-0.771240	36.606457	18376.919034	0.000069	3.4
132	-0.771964	37.606457	18063.354286	0.000043	3.2
133	-0.771372	38.534404	17781.805651	0.000048	3.2
134	-0.774044	38.840315	17690.902995	0.000058	3.2
135	-0.772762	39.836730	17401.152364	0.000036	3.2
136	-0.773248	39.825711	17404.304641	0.000109	3.3
137	-0.772913	39.840016	17400.212297	0.000097	3.1
138	-0.773219	40.840016	17118.837657	0.000062	3.2
139	-0.773860	41.840016	16846.418287	0.000036	3.0
140	-0.770268	41.908001	16828.212393	0.000087	3.3
141	-0.772563	42.592640	16647.039725	0.000086	3.2
142	-0.774899	43.592640	16389.316248	0.000039	3.3
143	-0.774542	43.581582	16392.122547	0.000042	3.3
144	-0.770851	43.570595	16394.911551	0.000078	3.4
145	-0.776233	43.559537	16397.719766	0.000043	3.2
146	-0.771029	43.548479	16400.528944	0.000096	3.2
147	-0.773710	44.545742	16150.998690	0.000028	3.2
148	-0.773375	44.585330	16141.249981	0.000074	3.4
149	-0.772833	44.574272	16143.971939	0.000031	3.6
150	-0.771985	44.563217	16146.693925	0.000082	3.2
151	-0.773395	44.552305	16149.381713	0.000050	3.3
152	-0.771226	45.552305	15906.724729	0.000048	3.2
153	-0.777219	46.496660	15684.171549	0.000058	3.2
154	-0.773833	47.496381	15455.257423	0.000046	3.4
155	-0.776504	47.485424	15457.730209	0.000043	3.2
156	-0.769202	47.474819	15460.124059	0.000087	3.3
157	-0.773070	47.463817	15462.608564	0.000072	3.1
158	-0.776612	48.463817	15240.009098	0.000046	3.2
159	-0.774548	48.452759	15242.435582	0.000037	3.6
160	-0.773328	48.958513	15132.242761	0.000048	3.2
161	-0.769368	48.947455	15134.635044	0.000092	3.3
162	-0.773603	49.947455	14921.313296	0.000070	3.2
163	-0.770875	50.947455	14713.921480	0.000052	3.3
164	-0.776350	50.936397	14716.183319	0.000029	3.3
165	-0.778201	50.925348	14718.443874	0.000062	3.2
166	-0.775267	50.914291	14720.706927	0.000034	3.3
167	-0.772383	51.905728	14520.521545	0.000066	3.2
168	-0.774203	51.894690	14522.720305	0.000067	3.2
169	-0.774226	52.894690	14326.187642	0.000038	3.3
170	-0.776703	52.883633	14328.331737	0.000054	3.1
171	-0.772361	52.872680	14330.456226	0.000050	3.4
172	-0.775060	53.872579	14139.077566	0.000057	3.3
173	-0.774153	53.861521	14141.166113	0.000047	3.3
174	-0.772628	54.861468	13954.768221	0.000061	3.3
175	-0.771861	54.850410	13956.802560	0.000056	3.1
176	-0.775354	55.850410	13775.192569	0.000050	3.3
177	-0.770359	55.839357	13777.174123	0.000035	3.4
178	-0.775217	55.829670	13778.911145	0.000035	3.0
179	-0.770641	55.818812	13780.858814	0.000049	3.2
180	-0.771612	56.415809	13674.586802	0.000023	3.3
181	-0.773598	56.405552	13676.398868	0.000086	3.2
182	-0.773127	56.897905	13589.957321	0.000072	3.2
183	-0.769907	56.886847	13591.886780	0.000070	3.3
184	-0.771968	57.886847	13419.590797	0.000045	3.2
185	-0.774570	58.886695	13251.633528	0.000047	3.3
186	-0.772197	58.875636	13253.468103	0.000089	3.4
187	-0.770902	59.875636	13089.593434	0.000030	3.3
188	-0.769801	60.875610	12929.725963	0.000046	3.3
189	-0.775002	60.868798	12930.801730	0.000041	3.5
190	-0.773652	60.857740	12932.548544	0.000026	3.3
191	-0.775441	60.942996	12919.093143	0.000026	3.3
192	-0.777458	60.931995	12920.827796	0.000037	3.4
193	-0.773986	60.920949	12922.570071	0.000030	3.2
194	-0.773407	60.909894	12924.314138	0.000033	3.3
195	-0.774305	61.518328	12829.019085	0.000070	3.4
196	-0.770401	61.507269	12830.738509	0.000024	3.3
197	-0.773096	61.528755	12827.398142	0.000040	3.3
198	-0.774562	61.517743	12829.109935	0.000107	3.3
199	-0.774024	62.517741	12675.500823	0.000041	3.4
