1:ItNr	2:Metric	3a:Time	3b:StepSize	4:||Gradient||	Time[ms]
0	-0.467072	0.000000	17316.008579	0.000634	15.7
1	-0.465646	0.000000	17316.008579	0.000547	0.7
2	-0.462468	1.000000	16528.917280	0.000214	0.7
3	-0.461636	2.000000	15810.268703	0.000058	0.8
4	-0.468327	2.105973	15737.756983	0.000160	0.8
5	-0.464854	2.076892	15757.588903	0.000137	0.7
6	-0.462610	3.074175	15104.823976	0.000149	0.8
7	-0.469531	3.044501	15123.465397	0.000170	0.7
8	-0.463199	4.044337	14519.696780	0.000114	0.8
9	-0.467679	4.865583	14058.688669	0.000087	0.7
10	-0.462351	5.218862	13869.258536	0.000071	0.7
11	-0.467068	5.476493	13734.303293	0.000070	0.8
12	-0.468340	5.694502	13622.137618	0.000069	0.7
13	-0.468732	5.732067	13602.995335	0.000184	0.7
14	-0.461716	5.817131	13559.846436	0.000159	0.7
15	-0.466707	6.817109	13072.393140	0.000093	0.7
16	-0.466572	6.787452	13086.344838	0.000089	0.6
17	-0.467786	7.570060	12727.876101	0.000140	0.8
18	-0.468371	7.557883	12733.303027	0.000190	0.6
19	-0.477596	8.556231	12303.198817	0.000176	0.7
20	-0.471482	9.539530	11907.065203	0.000203	0.7
21	-0.458939	10.539472	11529.558437	0.000147	0.7
22	-0.470238	11.538569	11175.543015	0.000217	0.8
23	-0.469448	12.538569	10842.328513	0.000048	0.7
24	-0.474225	12.553427	10837.527158	0.000087	0.7
25	-0.472508	12.535747	10843.240947	0.000139	0.8
26	-0.467712	12.858424	10739.902674	0.000231	0.9
27	-0.463528	13.858422	10431.802721	0.000137	1.1
28	-0.467872	14.858407	10140.890463	0.000041	0.9
29	-0.456723	14.920197	10123.446280	0.000069	0.8
30	-0.467061	14.905063	10127.713088	0.000226	0.7
31	-0.462526	14.927857	10121.287829	0.000150	0.7
32	-0.466845	15.918839	9849.610383	0.000133	0.8
33	-0.472382	16.715212	9641.631593	0.000129	0.8
34	-0.462769	16.685573	9649.214544	0.000123	0.8
35	-0.466027	16.760552	9630.054722	0.000227	0.8
36	-0.456800	17.760532	9381.609687	0.000108	0.7
37	-0.467892	18.757285	9146.403784	0.000101	0.7
38	-0.456019	19.721340	8929.867687	0.000192	0.7
39	-0.463443	19.707149	8932.980769	0.000072	0.6
40	-0.470008	20.688668	8722.662445	0.000063	0.7
41	-0.466794	20.672511	8726.044447	0.000114	0.7
42	-0.467749	20.774237	8704.795213	0.000302	0.7
43	-0.463416	21.772301	8501.674586	0.000076	0.8
44	-0.469188	22.422586	8374.355765	0.000160	0.8
45	-0.466053	22.397888	8379.121642	0.000162	0.7
46	-0.474463	23.394519	8191.015187	0.000136	0.8
47	-0.467339	23.590808	8154.958342	0.000053	0.7
48	-0.469646	23.562961	8160.054333	0.000154	0.7
49	-0.460776	23.664169	8141.563802	0.000225	0.8
50	-0.471820	23.679538	8138.763170	0.000293	0.8
51	-0.465540	24.679538	7960.592298	0.000244	0.7
52	-0.463255	25.679538	7790.055214	0.000009	0.9
53	-0.468496	25.661484	7793.069391	0.000300	0.8
54	-0.472003	25.681077	7789.798461	0.000194	0.8
55	-0.469124	26.681077	7626.425506	0.000185	0.8
56	-0.469812	26.654297	7630.711282	0.000047	0.9
57	-0.472048	26.626344	7635.189874	0.000155	0.8
58	-0.458916	26.607290	7638.245752	0.000059	0.8
59	-0.468874	26.980622	7578.813353	0.000117	0.7
60	-0.459272	26.978989	7579.071346	0.000085	0.7
61	-0.469917	26.957671	7582.440334	0.000172	0.7
62	-0.467430	26.965721	7581.167850	0.000184	0.8
63	-0.465041	27.217235	7541.622384	0.000195	0.7
64	-0.462121	28.217235	7388.391074	0.000269	0.9
65	-0.470021	29.217027	7241.292485	0.000183	1.0
66	-0.467263	30.214958	7100.194778	0.000119	0.9
67	-0.474530	31.191897	6967.291887	0.000101	1.0
68	-0.467677	31.337879	6947.858492	0.000091	0.9
69	-0.469336	31.393316	6940.507126	0.000208	0.9
70	-0.456286	31.383411	6941.819433	0.000124	0.8
71	-0.474709	32.383403	6811.783461	0.000144	1.0
72	-0.478665	33.381398	6686.775099	0.000379	1.0
73	-0.459122	34.381398	6566.034646	0.000176	1.2
74	-0.457659	35.381398	6449.577182	0.000104	1.0
75	-0.471579	36.342914	6341.431839	0.000177	0.9
76	-0.457955	37.314952	6235.728005	0.000152	1.3
77	-0.469981	37.285342	6238.895843	0.000262	1.1
78	-0.470244	38.285342	6133.660795	0.000133	0.9
79	-0.464732	38.255668	6136.732437	0.000041	0.8
80	-0.464161	38.233725	6139.005765	0.000126	0.8
81	-0.459069	38.245838	6137.750631	0.000327	0.7
82	-0.467838	38.216164	6140.826370	0.000153	0.8
83	-0.461605	39.216164	6038.846669	0.000083	0.7
84	-0.468525	39.186640	6041.808935	0.000081	0.6
85	-0.478002	39.209619	6039.503117	0.000121	0.9
86	-0.465867	39.183861	6042.087935	0.000167	0.7
87	-0.470895	40.183496	5943.370459	0.000148	0.7
88	-0.474236	40.161401	5945.517521	0.000094	0.7
89	-0.470674	40.138800	5947.715407	0.000144	0.8
90	-0.461537	40.757978	5888.084295	0.000155	0.8
91	-0.459490	41.757923	5794.267266	0.000107	0.8
92	-0.468023	41.994430	5772.513229	0.000101	0.8
93	-0.467418	42.918716	5689.040765	0.000179	0.8
94	-0.461610	42.889107	5691.677321	0.000110	0.8
95	-0.474152	42.859434	5694.322017	0.000155	0.7
96	-0.467975	43.851464	5607.216173	0.000082	0.7
97	-0.468688	43.874800	5605.199258	0.000035	1.0
98	-0.465131	43.853365	5607.051833	0.000213	0.9
99	-0.471083	44.279760	5570.427671	0.000126	0.8
100	-0.466596	45.279758	5486.383674	0.000129	0.8
101	-0.453383	46.120048	5417.698433	0.000096	0.8
102	-0.465033	46.091035	5420.041271	0.000152	0.8
103	-0.468250	46.234577	5408.469845	0.000111	0.9
104	-0.465210	46.235604	5408.387199	0.000172	0.8
105	-0.462654	47.231444	5329.451634	0.000318	0.8
106	-0.468995	48.231444	5252.471416	0.000289	0.9
107	-0.469273	49.231444	5177.683385	0.000053	0.7
108	-0.457255	49.730502	5141.150872	0.000112	0.8
109	-0.455556	49.749363	5139.780255	0.000170	0.8
110	-0.474682	49.719689	5141.936892	0.000216	0.7
111	-0.460637	50.719689	5070.241985	0.000130	0.8
112	-0.465422	50.721614	5070.105958	0.000135	0.7
113	-0.472733	50.691983	5072.201459	0.000220	0.8
114	-0.472706	51.667287	5004.124903	0.000259	0.7
115	-0.465721	51.709345	5001.230297	0.000050	0.8
116	-0.465369	52.532065	4945.273574	0.000194	0.9
117	-0.465718	52.502478	4947.264199	0.000144	0.9
118	-0.464997	52.655547	4936.982947	0.000147	0.8
119	-0.464837	52.633103	4938.487785	0.000186	0.7
120	-0.465971	53.605733	4874.105078	0.000186	0.9
121	-0.462302	54.605686	4809.640652	0.000188	0.8
122	-0.472285	55.605684	4746.856362	0.000146	0.8
123	-0.462626	55.576014	4748.695585	0.000174	0.7
124	-0.468866	56.575872	4687.490698	0.000048	1.0
125	-0.467516	56.563944	4688.211582	0.000115	0.9
126	-0.472578	56.548458	4689.147784	0.000140	0.9
127	-0.467091	57.418563	4637.118627	0.000143	0.7
128	-0.463671	57.423173	4636.846031	0.000126	0.8
129	-0.467810	57.406889	4637.809039	0.000273	0.8
130	-0.469744	58.406889	4579.403415	0.000148	0.7
131	-0.463888	58.377215	4581.115376	0.000225	0.8
132	-0.473121	59.377213	4524.120262	0.000155	0.8
133	-0.465782	59.347539	4525.791122	0.000155	0.7
134	-0.459243	59.317916	4527.460369	0.000286	0.9
135	-0.467756	59.971618	4490.909162	0.000184	0.7
136	-0.461128	59.961963	4491.444726	0.000055	0.7
137	-0.461609	60.694646	4451.162948	0.000105	0.7
138	-0.479106	60.788326	4446.064570	0.000079	0.9
139	-0.461535	60.876966	4441.251289	0.000094	0.8
140	-0.472131	60.847817	4442.832960	0.000050	0.9
141	-0.465172	60.907456	4439.598015	0.000229	0.7
142	-0.465807	61.284481	4419.255918	0.000185	0.8
143	-0.468894	62.284481	4366.193740	0.000057	0.9
144	-0.463138	62.255044	4367.737527	0.000133	0.7
145	-0.468036	62.242633	4368.388732	0.000131	0.7
146	-0.465703	63.240985	4316.618320	0.000121	0.8
147	-0.469718	63.218494	4317.771127	0.000098	0.8
148	-0.466385	63.189851	4319.240119	0.000225	0.9
149	-0.470414	64.184387	4268.812525	0.000224	0.9
150	-0.462671	64.154713	4270.300101	0.000111	0.9
151	-0.460390	65.154696	4220.735463	0.000083	0.9
152	-0.471237	65.125176	4222.182151	0.000128	0.8
153	-0.463426	65.095693	4223.628000	0.000137	0.9
154	-0.465372	65.926853	4183.243362	0.000117	0.8
155	-0.470805	66.685949	4147.029084	0.000111	0.8
156	-0.471577	66.656301	4148.431726	0.000036	1.0
157	-0.465230	66.629310	4149.709486	0.000119	0.9
158	-0.474133	66.877392	4137.994672	0.000053	0.9
159	-0.473809	66.848382	4139.361149	0.000189	0.9
160	-0.474836	67.107477	4127.188657	0.000059	0.9
161	-0.467269	67.077848	4128.577029	0.000148	0.7
162	-0.472695	67.301822	4118.105079	0.000166	0.8
163	-0.478545	68.301806	4071.991351	0.000125	0.8
164	-0.467664	68.273556	4073.279909	0.000143	0.9
165	-0.472738	69.272719	4028.195735	0.000262	0.7
166	-0.460015	69.243280	4029.509776	0.000072	0.7
167	-0.468146	69.216057	4030.725713	0.000160	0.7
168	-0.458261	69.186453	4032.048822	0.000126	0.8
169	-0.465525	70.096181	3991.782946	0.000252	0.7
170	-0.466887	70.067591	3993.036129	0.000131	0.8
171	-0.464651	70.935764	3955.328873	0.000111	0.8
172	-0.463282	71.900916	3914.236777	0.000079	0.9
173	-0.466286	71.891418	3914.636989	0.000304	0.9
174	-0.464227	72.891353	3872.946430	0.000203	0.8
175	-0.473848	72.861869	3874.163017	0.000090	0.8
176	-0.470329	73.820837	3834.981746	0.000080	0.9
177	-0.468679	73.801010	3835.783807	0.000169	0.9
178	-0.465251	74.058978	3825.374385	0.000121	0.8
179	-0.462842	74.029306	3826.568816	0.000090	0.8
180	-0.463212	74.900576	3791.803939	0.000097	0.8
181	-0.465900	74.871033	3792.972382	0.000128	0.8
182	-0.468339	75.849212	3754.663293	0.000140	0.9
183	-0.460545	76.848505	3716.318200	0.000105	0.8
184	-0.464068	77.785552	3681.066448	0.000168	0.7
185	-0.465833	77.756286	3682.157316	0.000071	0.8
186	-0.463846	77.742710	3682.663549	0.000065	0.8
187	-0.471768	77.760544	3681.998547	0.000180	0.7
188	-0.466723	77.730912	3683.103613	0.000160	0.8
189	-0.471068	77.701238	3684.210930	0.000082	0.9
190	-0.468680	78.476812	3655.486878	0.000190	0.9
191	-0.466212	78.449918	3656.475425	0.000059	0.8
192	-0.458948	78.420307	3657.564450	0.000139	0.8
193	-0.468523	78.391152	3658.637328	0.000160	1.0
194	-0.468373	79.391040	3622.197565	0.000194	0.8
195	-0.464572	80.391032	3586.472800	0.000031	1.0
196	-0.471087	80.391564	3586.454014	0.000114	0.8
197	-0.465680	80.413655	3585.672769	0.000107	0.7
198	-0.463240	80.384016	3586.720998	0.000132	0.7
199	-0.461504	81.367465	3552.263221	0.000191	0.7
