1:ItNr	2:Metric	3a:Time	3b:StepSize	4:||Gradient||	Time[ms]
0	-0.177458	0.000000	4424.768894	0.001507	72.2
1	-0.184052	0.000000	4424.768894	0.000537	0.8
2	-0.190169	0.000000	4424.768894	0.000322	0.8
3	-0.194861	0.980126	4227.461928	0.000171	0.8
4	-0.187769	0.950513	4233.165200	0.000183	0.8
5	-0.190236	0.884363	4245.960798	0.000280	0.8
6	-0.188261	0.817339	4259.004623	0.000059	0.7
7	-0.184522	0.762179	4269.799688	0.000358	0.8
8	-0.187903	1.070926	4210.070128	0.000152	0.8
9	-0.185830	1.013161	4221.117916	0.000315	0.9
10	-0.186006	0.946034	4234.029192	0.000402	0.8
11	-0.182849	1.946017	4049.511019	0.000365	0.8
12	-0.185385	2.946015	3880.401188	0.000321	0.9
13	-0.188293	2.878973	3891.295743	0.000285	0.7
14	-0.190810	2.811813	3902.270954	0.000399	0.8
15	-0.190636	3.809939	3745.279113	0.000362	0.7
16	-0.189835	4.809929	3600.170531	0.000202	0.8
17	-0.183001	4.742917	3609.542200	0.000089	0.8
18	-0.190984	4.682509	3618.032240	0.000303	0.9
19	-0.198964	4.617702	3627.185095	0.000389	0.9
20	-0.182831	5.617701	3490.915521	0.000118	0.8
21	-0.183304	5.550777	3499.714836	0.000206	1.0
22	-0.183141	5.765451	3471.645063	0.000185	0.9
23	-0.181177	5.699377	3480.236519	0.000180	0.8
24	-0.187968	6.045843	3435.653509	0.000333	0.9
25	-0.187268	5.979098	3444.153181	0.000308	0.8
26	-0.192326	5.911943	3452.747654	0.000447	0.8
27	-0.189571	5.967169	3445.676778	0.000352	0.8
28	-0.190558	5.975562	3444.604722	0.000134	0.8
29	-0.194404	5.909233	3453.095391	0.000466	0.8
30	-0.193362	6.904192	3329.970930	0.000229	0.7
31	-0.195211	7.903813	3214.805807	0.000265	0.9
32	-0.192946	7.841023	3221.804770	0.000366	0.8
33	-0.191954	8.840928	3113.849107	0.000702	0.8
34	-0.189827	8.773768	3120.872986	0.000217	0.8
35	-0.189339	8.706655	3127.923606	0.000575	0.8
36	-0.194085	9.706654	3026.059004	0.000354	0.8
37	-0.194445	9.639494	3032.691990	0.000244	0.8
38	-0.185550	9.572567	3039.330848	0.000396	0.9
39	-0.189474	10.572459	2943.075996	0.000275	0.7
40	-0.185495	11.572459	2852.721284	0.000106	0.9
41	-0.185196	12.359262	2785.437727	0.000187	0.8
42	-0.186638	12.500152	2773.723105	0.000155	0.8
43	-0.187179	12.434835	2779.141785	0.000226	0.7
44	-0.193508	12.601370	2765.367780	0.000214	0.7
45	-0.190337	12.536239	2770.738468	0.000279	0.8
46	-0.185237	13.522353	2691.593647	0.000256	0.8
47	-0.186343	13.455303	2696.831543	0.000271	0.8
48	-0.183734	14.454782	2620.807172	0.000216	0.7
49	-0.195462	14.711354	2601.977715	0.000128	0.7
50	-0.182079	14.645131	2606.811783	0.000146	0.9
51	-0.190878	14.586541	2611.103645	0.000122	1.0
52	-0.186697	14.539540	2614.556808	0.000348	0.8
53	-0.191553	15.489824	2546.467379	0.000387	0.9
54	-0.181086	15.422665	2551.162770	0.000303	0.9
55	-0.197370	15.918491	2516.899936	0.000333	0.8
56	-0.188292	16.918482	2450.523889	0.000281	0.8
57	-0.194113	16.851329	2454.871455	0.000212	0.8
58	-0.189990	17.054716	2441.751158	0.000122	0.9
59	-0.190319	17.201999	2432.337301	0.000344	0.9
60	-0.188393	17.134911	2436.616325	0.000256	0.9
61	-0.191910	17.092358	2439.338297	0.000176	0.9
62	-0.190692	17.891778	2389.197731	0.000150	0.8
63	-0.184435	17.926602	2387.060291	0.000103	0.9
64	-0.184717	18.111022	2375.804614	0.000228	1.0
65	-0.187662	18.088890	2377.149783	0.000173	0.8
66	-0.184193	18.022938	2381.167388	0.000258	0.9
67	-0.188084	19.003151	2322.820661	0.000184	0.8
68	-0.195369	19.281511	2306.769134	0.000190	1.0
69	-0.190797	19.216305	2310.509293	0.000319	0.9
70	-0.192719	19.149699	2314.342291	0.000356	0.9
71	-0.187545	20.149699	2258.100275	0.000224	1.0
72	-0.191518	21.149519	2204.536353	0.000277	1.0
73	-0.191641	22.148860	2153.478623	0.000147	1.1
74	-0.193148	23.122708	2105.948429	0.000299	0.7
75	-0.185397	23.143586	2104.952392	0.000344	0.9
76	-0.194741	23.076437	2108.159219	0.000241	0.8
77	-0.193730	24.075215	2061.446562	0.000083	0.8
78	-0.189347	24.020224	2063.964549	0.000168	0.8
79	-0.189089	23.965111	2066.494330	0.000265	0.8
80	-0.189932	23.900389	2069.473093	0.000283	0.8
81	-0.194217	23.857711	2071.442022	0.000330	1.0
82	-0.186808	23.790552	2074.547920	0.000224	0.9
83	-0.186585	23.765707	2075.699324	0.000348	0.9
84	-0.180706	23.757789	2076.066510	0.000360	0.9
85	-0.186348	24.757789	2030.695742	0.000207	0.9
86	-0.188511	24.690643	2033.679996	0.000366	0.8
87	-0.179263	24.623626	2036.667290	0.000489	0.9
88	-0.185507	25.623621	1992.984331	0.000115	0.9
89	-0.190430	26.106935	1972.536445	0.000239	0.9
90	-0.189323	26.960568	1937.427969	0.000425	0.8
91	-0.195092	26.917829	1939.156033	0.000456	0.9
92	-0.187884	26.850862	1941.869851	0.000282	0.8
93	-0.183259	26.783721	1944.598379	0.000175	0.8
94	-0.191459	26.718533	1947.254877	0.000252	0.8
95	-0.179506	26.653532	1949.911007	0.000186	0.9
96	-0.179952	27.423053	1918.923757	0.000231	0.9
97	-0.192446	28.135738	1891.090908	0.000290	0.7
98	-0.194697	29.134179	1853.429107	0.000240	0.8
99	-0.182952	29.086804	1855.182205	0.000234	0.9
100	-0.182675	29.021277	1857.612438	0.000458	0.9
101	-0.179989	28.988574	1858.827718	0.000259	0.9
102	-0.195447	28.921919	1861.309578	0.000315	0.9
103	-0.186121	29.920445	1824.810195	0.000363	0.8
104	-0.189821	30.920444	1789.663932	0.000290	0.9
105	-0.190406	30.998307	1786.984069	0.000147	0.8
106	-0.193910	31.928067	1755.593038	0.000357	0.9
107	-0.193478	31.860988	1757.820860	0.000275	0.9
108	-0.176484	31.794224	1760.043800	0.000232	0.8
109	-0.188220	31.733161	1762.081857	0.000271	0.9
110	-0.184804	31.666060	1764.326892	0.000213	0.9
111	-0.185106	32.339604	1742.047933	0.000217	1.0
112	-0.184974	33.312804	1710.833171	0.000378	0.8
113	-0.195001	33.245644	1712.951315	0.000121	1.0
114	-0.186095	33.244185	1712.997392	0.000194	1.0
115	-0.190968	33.466752	1705.997584	0.000073	1.2
116	-0.183573	33.481034	1705.550348	0.000232	1.0
117	-0.192042	33.463252	1706.107202	0.000389	1.1
118	-0.184195	33.396324	1708.206356	0.000290	0.9
119	-0.186858	34.396323	1677.370305	0.000134	0.9
120	-0.192146	35.011268	1658.954533	0.000142	0.8
121	-0.187564	34.947898	1660.833554	0.000315	1.0
122	-0.190466	34.930035	1661.363996	0.000198	0.9
123	-0.192345	34.863649	1663.338301	0.000262	0.9
124	-0.189582	35.800527	1635.902889	0.000176	0.9
125	-0.180667	35.733511	1637.835304	0.000323	0.9
126	-0.190983	35.805627	1635.756014	0.000355	0.8
127	-0.186268	35.738631	1637.687508	0.000270	0.8
128	-0.192312	36.156229	1625.722134	0.000420	0.9
129	-0.193646	36.089310	1627.627792	0.000178	0.8
130	-0.186792	36.332568	1620.721875	0.000378	0.8
131	-0.191510	36.267468	1622.564267	0.000043	1.0
132	-0.192284	36.604880	1613.060339	0.000256	0.8
133	-0.193543	36.669693	1611.247474	0.000330	0.7
134	-0.197919	36.766653	1608.543027	0.000133	0.8
135	-0.184382	36.849159	1606.248875	0.000099	0.7
136	-0.188604	36.841453	1606.462865	0.000377	0.8
137	-0.187435	37.542249	1587.232277	0.000223	0.7
138	-0.190328	37.575371	1586.334758	0.000178	0.8
139	-0.185387	38.112435	1571.922163	0.000093	0.7
140	-0.184175	38.444079	1563.152277	0.000425	0.7
141	-0.190671	38.623678	1558.443717	0.000007	0.7
142	-0.195857	38.652886	1557.680669	0.000099	0.7
143	-0.177400	38.651228	1557.723943	0.000241	0.8
144	-0.180455	39.408503	1538.196470	0.000317	0.7
145	-0.190665	40.367519	1514.158445	0.000269	0.8
146	-0.189401	40.303320	1515.744113	0.000284	0.8
147	-0.193495	40.236945	1517.387041	0.000074	0.9
148	-0.184276	40.432961	1512.545464	0.000187	0.8
149	-0.185305	40.574128	1509.077748	0.000316	0.8
150	-0.188354	40.507543	1510.711401	0.000141	0.7
151	-0.189298	40.967626	1499.495023	0.000114	0.7
152	-0.189607	40.946783	1499.999544	0.000338	0.8
153	-0.187544	40.880592	1501.604033	0.000241	0.7
154	-0.187011	41.880438	1477.727405	0.000415	0.7
155	-0.183690	41.813492	1479.302357	0.000193	0.6
156	-0.180485	41.761479	1480.528309	0.000405	0.8
157	-0.188563	41.698841	1482.007402	0.000389	0.6
158	-0.193775	42.688021	1458.989380	0.000414	0.7
159	-0.196896	42.620861	1460.529540	0.000422	0.7
160	-0.195910	43.614000	1438.080702	0.000171	0.8
161	-0.184540	43.552275	1439.455812	0.000161	0.8
162	-0.183250	43.524416	1440.077303	0.000384	0.7
163	-0.188759	44.442383	1419.877193	0.000291	0.7
164	-0.193210	45.336497	1400.739427	0.000116	0.8
165	-0.189022	45.284547	1401.837251	0.000216	0.8
166	-0.189819	45.975398	1387.377295	0.000354	0.8
167	-0.181215	46.973947	1366.996482	0.000348	0.9
168	-0.187964	47.971779	1347.219801	0.000266	0.7
169	-0.191382	48.969501	1328.009272	0.000358	0.7
170	-0.187489	49.969445	1309.297912	0.000136	0.8
171	-0.191058	49.902597	1310.532348	0.000235	0.8
172	-0.192903	50.280564	1303.583215	0.000420	0.8
173	-0.188601	50.213807	1304.805214	0.000285	0.7
174	-0.193344	50.199066	1305.075360	0.000255	0.8
175	-0.192059	51.149535	1287.882830	0.000469	0.8
176	-0.184883	51.082376	1289.082744	0.000268	0.7
177	-0.194662	51.192804	1287.110930	0.000259	0.7
178	-0.186537	52.014571	1272.624701	0.000312	0.7
179	-0.183847	53.012146	1255.471597	0.000319	0.7
180	-0.200152	53.294057	1250.707672	0.000147	0.8
181	-0.194436	53.227423	1251.830426	0.000216	0.8
182	-0.186050	53.182572	1252.587284	0.000185	0.8
183	-0.191884	54.073306	1237.725515	0.000188	0.8
184	-0.188119	54.971285	1223.095638	0.000206	0.7
185	-0.189933	54.904885	1224.165565	0.000249	0.8
186	-0.184343	54.838101	1225.243592	0.000142	0.7
187	-0.184235	54.812001	1225.665406	0.000243	0.7
188	-0.191200	55.755728	1210.595601	0.000197	0.9
189	-0.189428	55.983393	1207.015472	0.000216	1.0
190	-0.188127	55.934937	1207.775699	0.000577	0.9
191	-0.183358	55.934538	1207.781955	0.000153	0.9
192	-0.191575	55.881584	1208.613846	0.000252	0.9
193	-0.189428	55.821737	1209.555401	0.000276	1.0
194	-0.187607	56.412559	1200.323922	0.000317	1.0
195	-0.193461	56.345409	1201.366020	0.000263	0.8
196	-0.181267	57.345321	1186.033134	0.000342	1.0
197	-0.183287	57.302587	1186.680415	0.000256	0.9
198	-0.187125	57.909128	1177.558914	0.000298	0.9
199	-0.183563	58.865034	1163.464683	0.000242	0.8
