(BSplineTransformSplineOrder 3)
(Direction 1 0 0 1)
(FixedImageDimension 2)
(FixedInternalImagePixelType "float")
(GridDirection 1 0 0 1)
(GridIndex 0 0)
(GridOrigin -371.33601308331913 -208.18147130552669)
(GridSize 35 36)
(GridSpacing 203.14645244600825 202.84498621635015)
(HowToCombineTransforms "Compose")
(Index 0 0)
(InitialTransformParameterFileName "results/lungTMA4/my_reg_project-modality_fluo_to_modality_brightfield_reg_output/TransformParameters.0.txt")
(MovingImageDimension 2)
(MovingInternalImagePixelType "float")
(NumberOfParameters 2520)
(Origin 0 0)
(Size 6206 6524)
(Spacing 1 1)
(Transform "BSplineTransform")
(TransformParameters -117.4190483711826 -108.85925851229685 -105.9061355401891 -102.49896769902575 -98.95889494996867 -95.17513174519087 -91.49531967175673 -87.8611827648385 -84.24775931909019 -80.6524414819464 -77.07151065025525 -73.17566580819157 -68.63776702365762 -64.35035070416046 -61.20624291219732 -58.52257082256924 -55.61595043072262 -52.057761445205855 -47.4220874039453 -42.6692363722963 -38.76369324654596 -35.18272715771198 -31.40205040039897 -27.621395965107126 -24.04059626694321 -20.487095900413912 -16.788107631512137 -13.017376100740833 -9.245296033026499 -5.324606358693421 -1.0613835704545704 3.0500186597617387 7.165176410595806 10.918971050921398 22.998309696493237 -111.34314949497177 -102.4797335078972 -99.39978713231596 -95.85420778362186 -92.21151599492374 -88.32999467423828 -84.5551560353986 -80.78278034680281 -76.95114000019993 -73.13992201436818 -69.35641380628451 -64.95107760615943 -59.30217843499549 -54.589012562454634 -52.16837148469366 -50.92473501137239 -49.412097251834474 -44.42473955242006 -39.482305737341555 -34.779983107048764 -30.989032562615137 -27.237439023563272 -22.360016700966423 -17.748291707702304 -14.73016992965878 -12.215393456217305 -9.1128003413356 -5.62118433289173 -1.9368756977535109 1.985325617745221 6.2377777168566695 10.336806809925633 14.438134644032914 18.16820156308408 30.064688599221668 -109.79175960239691 -100.8693897942888 -97.76341175687719 -94.21407655595918 -90.6357361178339 -86.8514945972678 -83.1717881975052 -79.41476418345454 -75.44397543287279 -71.44216477354902 -67.53759770217893 -62.97780923258027 -57.22778140913501 -53.81176943279368 -49.77890822065784 -48.63203913141154 -48.83620221486575 -40.6556006215807 -37.68856981187651 -33.979409118445105 -29.987081082440362 -26.23867721646353 -19.992160980428444 -14.420068527803673 -11.933929867451619 -10.01674100237262 -7.2852641539992335 -3.984494557809626 -0.3563039795669053 3.5627456745571653 7.791152692800038 11.864749784036816 15.95365663818838 19.673036088996156 31.491360653234757 -107.24744387211629 -98.24600510897051 -95.11648628485615 -91.64113219935949 -88.33471457514055 -84.88610363680412 -81.44361661632595 -77.70554871729944 -73.27698474741563 -68.8330664850808 -65.28505614736629 -60.66329165024963 -54.77692714127465 -50.821643908508484 -50.837598131660414 -48.58864151317954 -42.494218526470824 -38.36573850943981 -36.85917951394858 -31.878608941727624 -28.175583030814508 -24.731897042099483 -18.950515801316428 -11.951247312805926 -10.023683195674849 -7.887650601548145 -4.898397091453685 -1.3418638074718134 2.4151357465753147 6.363939247010191 10.524720193885603 14.499555319506435 18.5609600040822 22.261404369663854 33.955992945774824 -104.57789318348462 -95.53990092038072 -92.43178952479222 -89.14244071562241 -86.3322943055186 -83.34218654424959 -80.02765094424355 -76.32378247429607 -71.35546613326721 -66.306690221401 -62.88629358229675 -58.567262889415225 -53.26579227131204 -49.08410733808415 -50.40974456696588 -42.90975732382921 -39.02216442634018 -35.9817528448327 -33.505210997664584 -27.650987035686278 -25.517954770539156 -21.36396523728735 -17.559140566542748 -14.132350484958025 -8.177017413486855 -5.98342445947839 -2.8799542479559705 1.3725254581866713 5.398993042983237 9.357394131364943 13.4227447296879 17.275459211605643 21.26713187202198 24.92829066633104 36.48012349566518 -101.73579577365379 -92.733890451857 -89.77845656307154 -86.82828712104603 -84.6089000992133 -81.7799422807278 -77.73972258607162 -73.41587491816132 -68.37191623816021 -63.445494650706486 -59.39724056255951 -55.148140985626014 -49.62371760559883 -46.45522991097743 -45.236525617651864 -39.78099392050823 -36.36478668187031 -32.80841415131793 -28.853582605899533 -25.276425511313448 -22.394692459784075 -17.56228131896178 -13.726198912512086 -11.986008195675257 -5.369983456218671 -6.147356296963901 -0.08178597452931183 4.785869705013512 8.76044007414987 12.569155193696364 16.499992289996012 20.21572684407621 24.10317339669781 27.710335462167112 39.105284757601176 -98.83657385342286 -89.95675381248884 -87.31687199891054 -84.76288732733485 -82.83549121001073 -79.74017857036843 -73.73831003724142 -64.92074542930055 -63.39143221416606 -58.00504346287036 -55.92492100563221 -54.20812216906759 -48.473064953871486 -43.0326366865559 -40.843789794512595 -37.194428778167094 -34.93201171948853 -28.7699973297532 -26.224054202558143 -22.980029420176535 -17.494478682688914 -14.476490022564482 -11.01691730498216 -8.407845173849346 -4.186691947820156 -1.8491140190462165 4.927449693980457 7.61843058944058 12.500526881238766 15.720548022376825 19.528198502555963 23.20646470536022 26.992008621422304 30.50054725306368 41.714194323999905 -95.77795747569017 -87.11447398442087 -84.90452468849965 -82.43122894055789 -80.09017571342643 -76.95657822753074 -70.96966517689634 -62.107721457567614 -61.78748191051415 -56.85918265411169 -52.699658985494864 -46.973572495275505 -46.03008926163098 -40.497544467224884 -38.96505808146565 -33.75758099085939 -29.987575136167305 -23.67818434792715 -26.233997410571817 -18.16012273764514 -14.640977081338704 -9.8203496245658 -6.1408841756120065 -4.1406516208710995 -0.6655849660230722 2.9805952934433213 5.938724657405077 10.375528502012601 15.086558322553156 18.5543715502715 22.417864891766616 26.463547160505744 30.165895343829465 33.48152988021118 44.46912243199359 -92.57127708604267 -84.13041163882994 -82.38421174812267 -79.65477533148184 -76.22332650570185 -67.39069654875293 -61.98308319178038 -60.74168464193625 -55.053812920593124 -54.05787586163626 -51.838978123798626 -47.027633338382934 -40.853294236175515 -38.31456844346517 -37.86174720482679 -29.394989445266937 -27.296766223984427 -23.280981548348688 -22.993334103671025 -12.700443663010047 -11.37386690098393 -10.124345763761998 -2.7062985402093878 -2.2111801921893823 0.8332387694024173 4.372286649633207 8.580511150536928 10.284945706660416 15.90337323936147 21.647972407079095 25.559032175815524 30.306502169358932 33.88103887362723 36.76338675351057 47.38192730446527 -89.28746954851111 -80.83156806129118 -79.16248056856539 -76.39999972594137 -72.04528938892093 -62.782451773145205 -61.483853079827774 -58.896368650604536 -53.76751910837942 -51.336317846839236 -48.5310591226673 -42.532923118383415 -39.35605420118521 -32.66617268787528 -30.523514260810067 -26.30655123280019 -24.82005421891922 -20.08285523418101 -15.96014187963673 -14.75554923767291 -7.80503314097684 -5.528536854945695 -2.8392473778136833 0.8176673165624465 5.387603949550135 8.83890753793675 14.133608406349172 15.462663661254064 19.542270376021154 24.448386500222497 30.4469995066643 35.72084606559087 38.58935605998474 40.47267645852471 50.37747993510674 -85.96288935928726 -77.18188088912734 -74.99515128395151 -72.26944272922867 -68.4017591896732 -63.99394780244902 -60.3597460075268 -56.33435921268199 -49.660041966873 -47.38462460462088 -43.40229261312155 -39.18208453165469 -37.32433626581293 -31.601095280885858 -27.38012808595039 -24.719459603461605 -16.636016207850968 -21.09964007923412 -14.600294974267145 -7.9906797836674155 -0.8799969772052135 3.5993278803430475 -1.3047470082123689 7.006403120608249 8.397810804423383 10.122263004198388 16.075556711955592 20.184969594572067 22.37177314420578 28.815487218222923 36.35469865375042 41.730132297598416 43.62496076357622 44.36410158105547 53.44415092389705 -82.60412075087143 -73.2106252220548 -70.11120131528102 -66.83025714157617 -63.88081977628944 -60.68217631347374 -56.90644009069491 -52.965714913757736 -48.57630008118048 -45.17155473291758 -40.17959643589192 -34.174085313967545 -33.563173320835716 -29.977462220205815 -25.883297271145384 -23.665474765060036 -20.275737127623728 -14.760598146374482 -10.293412623302181 -5.113800256781934 -0.17960530850834855 7.921017571633423 4.907020321226402 6.986529700292753 11.931112452858521 16.97967161160741 18.44535851590447 23.964245559758236 24.973822224248664 33.456071846001734 41.05814387339879 44.87311342125195 46.682230083778485 47.64445918135521 56.641867366142314 -79.25616560699949 -69.18841458474593 -65.07140988520457 -60.988696037052925 -58.05272025634031 -55.14856507965743 -52.0767791453362 -48.939584438690645 -45.20373157663309 -43.125472853534404 -36.68794418952182 -33.88309835808396 -33.31043582321802 -27.8711932172724 -23.037231617514102 -21.753514460304967 -14.752748856719249 -8.56191957048373 -7.471286130223203 -2.5326137459222404 -0.11506658196041587 6.013652547418402 3.6367065341965956 11.84171592792452 15.971162171513493 18.837038839926098 19.1337276647394 25.243108787404083 29.248224064435345 31.344379679808274 38.24594306945776 45.30957634279225 47.73516080677649 50.21940566088144 59.914883231133786 -76.00226270929602 -65.82344671003455 -61.409727012862284 -57.16587211138327 -54.41245407533288 -50.9986992827728 -47.91208467813601 -44.848341395441345 -40.17041440188275 -34.15876633614491 -32.21130485897932 -32.174444877952205 -25.15005176867373 -22.6861348655136 -18.26930161346862 -15.774898500387836 -12.398563509489176 -7.749733134957363 -4.458164897508577 0.29477906336606213 2.310339494062382 6.686751672063301 12.334428520636925 15.404657552435651 13.081260986539524 21.72518117514488 23.39116656898433 28.274784390771543 35.59021274642006 35.488668968699535 39.82803892191482 44.10315897964476 48.75924322074288 52.59980087468227 63.058742247232296 -72.90004975678012 -63.18152011539915 -59.10492099571371 -54.92444511738178 -52.33310369867062 -48.38147753672953 -45.847001100323325 -42.32264351979932 -38.3773735426926 -36.38998364626958 -32.042259187409485 -25.457922122163495 -23.494825971459456 -20.03694706101794 -18.444039474310255 -12.917332934264111 -10.172581699308765 -4.673236281395545 -0.5474291635296589 1.57334623352027 6.849279400671039 11.481948562742842 12.953232715184699 15.427884201355171 22.58019698874407 38.35610833844148 41.16413814971374 35.96033332627194 37.11959155437239 43.52494593960948 44.70871389440807 45.430691647078035 50.7042831395266 55.136912427007196 66.06641637860429 -70.0395052936609 -60.73566943936746 -56.529872923097095 -52.863616644879635 -50.122797762699534 -44.88292885261747 -42.951677058379694 -38.3857106743863 -33.23359169969905 -30.943224035368694 -26.276577533138557 -22.187491398298697 -19.043584600250895 -11.434815237772334 -11.104393949178199 -8.549023716870153 -4.625163697768244 -0.791943072550536 3.069289222637038 7.9134279778757275 11.016097068014476 12.714419668429484 15.675039497477963 19.815720610592617 29.234840640951234 38.44951935454802 38.515131807168004 37.42689158654278 39.269419104133796 44.60331372546644 46.85621059522459 49.612704559678654 53.935954840047955 58.33218515030424 69.13815194131703 -67.32373683691814 -58.19965865374176 -53.53570145500062 -50.25103004634745 -46.09392140882673 -44.648895811163186 -40.30138923548568 -34.82845996330138 -29.827891241050963 -29.740511671810363 -27.208287882057814 -23.972912688106128 -10.137968570578012 -12.774113588502892 -11.243826227669055 -4.8727305273717 0.619458356438909 4.027856627602559 4.040461108997634 10.463147762622548 14.185419526867292 15.196881119113666 20.613841922177972 24.313484606490828 29.448925502221208 34.12991341780356 36.57524897231584 39.485876043323074 42.20934736273016 46.433826009609355 50.610594102287315 54.120373617277764 58.175197736168904 62.102321320033184 72.28849506755537 -64.35727006749903 -55.21961373730967 -50.57409889041017 -47.93366068358286 -40.03299254915033 -41.48543546505722 -35.60412792210704 -29.425893881555613 -27.463585242963557 -29.0115150884302 -22.484776962929043 -17.066579364624378 -10.453978529932698 -10.717047036871536 -7.289883351699582 -1.6855438318105818 -0.6522665361704895 3.667403613111632 7.768370331647033 12.584472108046729 16.479281398874218 20.62096251013977 26.046386369023566 27.21395030068074 30.37466488615941 33.23122158261419 36.44390247930227 43.11375529909816 44.43454845043388 47.09138448881277 51.27471903654537 57.241751099354765 62.01644255231582 65.68064472951416 75.38301281644257 -61.20807328765429 -52.00568498464537 -47.22928688672921 -43.878528596154744 -38.91057395827658 -36.858653566710714 -32.01374564154662 -29.304661894392588 -26.861671876758464 -24.032737902795887 -18.99676958659702 -17.78237859274539 -9.257557203844643 -2.7282959240151166 -3.3097664140685854 3.385647315343672 4.584793349919569 9.036458128678571 14.287501126931346 13.705107967658657 19.42649268442051 22.608397234643938 24.97145877627043 30.153529989697038 34.24721675637799 39.69856553814108 41.19274049004317 47.28875775123556 48.16140381282562 48.99119527595705 54.2043935393428 61.03744325435033 65.1276853522218 68.87210076228608 78.35341026995907 -58.51311246449477 -49.65473148046882 -44.41516370324416 -39.21722563727055 -37.56038129983433 -33.636846879221515 -27.93871357686901 -24.75009938253778 -20.718842039960446 -18.055831959264456 -12.887854327927705 -7.864578216045006 -7.114098268707269 -2.753188829192171 -3.6932572057038997 6.235230084829899 6.524276095713175 9.912544147189687 15.540053503421351 19.077044642633467 22.9289932412174 25.599517507835973 31.321149222495468 32.121336383875274 36.63360524441899 40.104963656366984 44.33172804317204 50.413444214548214 50.63287085565819 53.01524748518206 57.34674233636315 63.54698799444977 68.36383168155743 71.933684577259 81.14428365317104 -56.20512746024671 -48.06356291897853 -43.29050018330299 -38.07799080203572 -32.546444007637135 -27.92296516543422 -28.266466843359805 -24.748202310150724 -19.256866348755683 -14.832838847894672 -13.279313088412104 -8.46915746175668 -8.868772007556775 3.855099588924985 4.021097139696354 7.666438309492611 10.963740726252494 11.355094187489598 15.112291646230158 20.39891197888762 25.965625442039485 26.916858102961335 33.24526163904077 34.553258060351716 41.13417591441423 44.8450751413589 47.51510412183922 51.987845972535695 53.98776670838672 58.991238527135 63.29057586640909 68.30225685885424 71.93305143387933 74.90323655258453 83.7551065750759 -53.50048896354457 -45.95768311105652 -41.99269347025514 -35.442841923720714 -24.64838908224835 -23.774722286542094 -23.622415681567052 -22.09881613868625 -13.963708754556993 -9.727321162969167 -9.302238259760967 -1.8547436623460503 2.517185211530638 1.0191728176128938 6.084434829436349 7.398577663680249 13.721449449628604 17.362015248707248 20.51605521685358 25.188485717933396 30.123659331431455 30.761151072679514 35.47003863432948 38.90329230914993 43.529717162884204 46.369812614249575 50.372456624396584 55.71984365056282 57.24760171727464 63.265792835990396 66.08733359940712 70.96629030773938 75.22112689643973 77.70127735163324 86.25213727018212 -50.22702831085721 -42.88752880572757 -39.00566432382978 -34.14165941722491 -29.852942683913902 -27.113203831974467 -18.867258808307792 -17.976163738882207 -13.475983994869148 -8.775461853185409 -8.449452755141191 -0.5528189633222139 3.6900970464019656 4.641999520549782 11.085195113142449 15.649297128598313 18.28571596703758 18.86212372158501 22.833034959184754 25.936169471844178 33.21259763629997 35.106976387303185 38.83551857253443 42.95647187374053 46.30852509804939 49.577993977417236 54.73427920284709 58.22140355591796 60.626718094897264 67.22922063361877 70.82124663595843 74.10298645553581 78.04345832214265 80.30147564583544 88.66802305271854 -46.65708746437647 -38.761983839418306 -35.10078901265563 -30.69298824523028 -24.195297802868897 -21.993154399952815 -16.541143770059772 -11.402018789046762 -9.316169588880491 -6.994667247315957 -0.6814810907986001 2.801900146071551 5.6902396037103635 8.626467314865298 11.722550609591949 17.354531081453533 19.759600976146242 21.533488395589988 25.48837701406742 29.233125531767048 34.88806557378469 38.520213153988415 42.97815832716634 45.94350183778943 49.45241956937561 53.71989731111138 57.72235986010389 60.844961779287296 64.40774459895653 66.47592331363137 71.86170831740438 76.83552101477503 80.20045145348287 82.6718552161094 91.02770261686108 -42.98652638666154 -33.991093123302704 -30.14698672306851 -25.845815185656765 -21.544189893510726 -17.50369770783478 -13.268929456739583 -11.256210535164085 -6.895081857812828 -4.205002450895466 0.6501626591099924 3.1853441683674006 8.385681353893368 13.65324789691939 14.859286578024554 18.661925728289688 22.220737961423932 27.301899536292165 31.64252663572562 34.38025004263912 36.839573631137 42.88037888700299 44.30565318054989 49.54565443249842 52.51494193876504 57.013159318637946 58.50724780415912 65.45337891387805 68.1859542767396 69.10769472107305 73.52176708643246 78.16528598862237 81.92005794406708 84.8907884669821 93.32523856359192 -39.512233737551384 -29.865066477464918 -26.073017025498586 -22.56668229111584 -20.89398191450129 -15.202762746610382 -11.129747972121281 -6.972643457852555 -2.688978966272952 -0.013049590752629852 3.3745935446869124 8.49225014547498 13.597149304441702 14.177309302695766 18.09622855791818 22.593933008433865 26.301159107139142 27.207574124594178 32.75485572943707 37.69733202726552 40.852511566636856 45.110848606652226 48.66037860638932 52.23523021670015 56.77201427176213 58.754504425367024 62.31050988585898 66.49694575820767 70.08333782340533 72.6182687169088 76.78620943378799 80.47899582209477 84.1178625662183 87.22301547188805 95.51537341700255 -36.295416644070706 -26.609172678141682 -23.11533400704026 -19.386844471847485 -14.907962226412291 -9.885309943296646 -8.600694456355228 -4.438735582247483 0.21442661956153908 2.38694050654131 7.372992663150594 9.45830959767126 14.659322433065267 17.665612826325603 23.998364574999613 25.284842669503835 27.815629957855222 34.14729721129503 36.443484200782294 41.14152484887248 43.90400500881501 47.25357710048303 52.40887313218858 53.3879899830068 58.608324117289825 60.03161112319641 63.661741153483085 67.91400880896424 74.35831636972702 78.54902283648694 81.56990746353098 83.92484558142753 86.89737448483419 89.64682763901564 97.57740176526403 -33.15581925527493 -23.46796114307517 -20.09657308798265 -16.268100037680394 -11.963122889387042 -8.41445139964072 -6.133542870050926 -0.272004675817392 2.674741851787016 7.5310540628235785 10.777707188662752 14.025726045182498 16.776061571666112 22.317920108825536 26.450782880789188 30.32283352425931 32.859342661968654 37.132856086009326 40.321525748306094 44.565641503531374 47.28942658137133 51.615962195716314 54.143758601687715 58.023598740673975 61.17687247149085 67.20099935098928 68.72636902504209 72.2514190673739 80.47360201577793 83.96239059671477 85.35259052534971 86.7863841950499 89.26025717644907 91.76778122645494 99.49576940829756 -30.04326395930936 -20.251905677707235 -16.7979895645399 -12.660376269237497 -8.042265209638273 -3.7691172431299247 -0.11173172191554749 4.419503210520953 5.280611351438618 9.772453380370811 13.659190661645999 18.847443829970526 22.54649710893784 26.40046206443363 26.730520640759146 32.935357132072376 33.86284450321847 38.83221617703968 45.180404485138084 47.58568033016094 50.725312120567146 54.93761442849315 55.925377339113886 60.718888943514614 63.17140108434996 70.84729840091181 75.09205049855736 79.04494950113173 83.66438119098679 85.98133733743063 87.39961177570967 88.67137919984098 90.99533306934507 93.53926989386585 101.28879233212922 -26.989900858558727 -17.135945199302473 -13.680834354105574 -9.53127434423262 -4.896992258646362 -0.6440041240726601 1.8066081636841231 4.593907217414766 8.605557040782454 13.456113728186441 15.661607731471314 16.743722482059884 18.0339052347209 28.64210044117916 31.186112485470094 36.22612508257543 40.98952142224193 41.87216367153171 47.12819313675705 50.447930683113654 53.634556039364334 59.56502843865806 61.74575944832853 64.40413737814066 69.0543355868959 73.10348159657028 78.07176677849309 81.97407690353205 84.7466131922279 86.81714662808984 88.53738940070005 90.23423311926591 92.69418887931064 95.24280849891912 103.01526746812986 -23.962078546826937 -14.094612494724466 -10.762487875093564 -6.926297788834463 -2.870849752256563 0.8488321865165228 3.133289229698629 4.8182175160696845 9.772664732710437 18.230579343689303 20.29624019066809 20.228744174264385 22.986783228640974 29.044992417805982 33.35462210351836 38.28636954386157 42.74255914672663 43.49211909656323 50.29339971244234 53.267122535658785 56.75342865767899 60.07357202041167 62.378426288300396 66.9264631370705 70.86793928759857 74.43646375823481 78.29939630883676 81.6857275509679 84.41671185512399 86.83034069869389 89.30067530460411 91.71704305585068 94.41848309462665 96.96746278402861 104.71640569729887 -20.780910982722713 -10.86217530076363 -7.613317550458259 -3.9841204377386665 -0.30388426911234845 3.1804830515820126 5.703442845435379 8.939518586508262 14.577497640790801 20.010804711353853 22.190579027941745 23.458589760512172 26.834799368975776 32.1489328643982 38.46449796258969 41.09907602041212 45.16157900980018 48.57891314332287 52.00072882608558 56.44482141502351 59.59197150686653 62.72672643628069 65.63365780074733 69.41955378379075 72.64192443249385 75.84794444051393 79.04688385265491 82.08230559385082 84.88813322068994 87.64858335938081 90.6062336124229 93.43946413764634 96.26991245340353 98.79870203366656 106.47549361270922 -17.61728315763385 -7.598266298842335 -4.348615798180087 -0.7203409393222457 2.951916648436646 6.64186610414419 9.772877881184959 13.25610935435586 17.95071986703121 22.500446708957714 25.57464778957531 28.440403694387154 32.40308959641441 36.96227514308205 41.795404614237576 45.93345480260117 48.298625308624636 51.80914727976918 55.72100126988874 59.608400828343086 63.03413955631046 65.85168231498434 68.70445212047171 71.81821866488377 74.96229781451416 78.05936903104167 81.0955814683193 83.98445454108983 86.74570439462049 89.54131033285643 92.51715790134593 95.35373337153922 98.1524973648343 100.6367650350525 108.20537642606615 -14.452499595534343 -4.318257539130925 -1.0496529309870184 2.608147383891912 6.327847752558065 10.19292139805789 13.738540245192086 17.319064678232525 21.23890810517827 25.1982909510858 28.919733267486762 32.708705299332436 36.90583911721563 40.99486593189285 44.503258170832304 47.786786450947545 50.64033092220428 54.02730866054947 58.59187246544504 62.393155342366825 65.42195813851133 68.35267656153101 71.35338839599389 74.34435210536657 77.34838136672809 80.32724893593009 83.26713878986062 86.11982049301545 88.86152900837617 91.60406596357704 94.51351272210184 97.28276394999288 100.01502275342838 102.45181504788724 109.90224517393013 -12.557405524124809 -2.3354557717737565 0.9486581336823571 4.61714717282257 8.343787408623994 12.244942820411328 15.893074677146565 19.48873402147933 23.192190218268536 26.95533568846843 30.72872245189723 34.585642543012916 38.60026923821781 42.51498224673771 46.08013012776455 49.51228410312977 53.016373080468576 56.6457919044526 60.473662207514934 64.10472312276586 67.16473368724635 69.99921156372189 72.91535801345142 75.85644200348929 78.77063956368393 81.66345117451581 84.543111558544 87.37796047926955 90.12385505859702 92.83424603498112 95.7039054433108 98.43426985126226 101.13701601016858 103.5511017938184 110.93664698755451 -3.7219940170267045 6.66086506245941 9.951730041213995 13.600816310376354 17.284831126052044 21.13711899239803 24.732962340094634 28.229729943648525 31.744705259184173 35.29500700506452 38.89486726588399 42.529325067317984 46.18324812563382 49.84357314669779 53.49740867164099 57.15684404198945 60.83380520726781 64.39754267036679 67.71736597849763 70.80874443503849 73.68730898604383 76.46643006184833 79.25868040305933 82.03042985325779 84.74832316431689 87.4388662544366 90.12882862812094 92.78847475720357 95.38896919685072 98.00681054084238 100.75702496061655 103.36710067095295 105.94067290096456 108.23327191983924 115.23240024082406 159.87977746205655 149.6145996747502 146.39761943449747 142.8655035582891 139.3444121940453 135.73635783885518 132.49544477698407 129.44212770631023 126.43529718044303 123.40096189323033 120.27739484968676 116.73440074238803 112.44414142942189 108.53330092498233 106.12795866846062 104.7884035193624 104.0776705786007 102.76860544179699 99.62185160980239 95.64529691279529 91.85363598121745 88.16806858257681 84.50888733462125 81.06056651560145 78.00722780574064 75.22033318410145 72.57105892581814 69.98906330260529 67.40017185399152 64.55688560260998 61.15830469162761 57.722839377434816 54.025107043749394 50.34715190563068 36.61209462159463 146.11882308559362 135.85172300683902 132.6331462125114 129.0920762597128 125.54356926782565 121.82581473650887 118.33000736068337 114.93937916390136 111.55633838211986 108.28295688475762 105.39939529952238 102.17862433626615 97.85451328955303 93.78038505499102 91.42093474659337 90.47616279819324 90.43622067429962 89.51664306768758 87.16880227603741 83.43959469807824 79.8936455489975 76.1219291317588 71.42458026416497 66.80985090267872 63.22873629451208 60.35821131848612 57.87314242058519 55.47991173936555 52.88065045737693 49.92142925801435 46.39511248592977 42.835238966928706 39.01960936816531 35.25129578199808 21.369463638629227 143.7679531705694 133.55502168817023 130.36591053027624 126.84687586095455 123.28775625789447 119.48977382992801 115.77421442566545 112.08084816400302 108.36539129787273 105.00583135186673 102.55523023882024 100.24089738354255 97.0777880652826 93.51958496920788 91.60731413368092 90.73765230870775 91.61299933663416 86.72461558929972 81.56709199414375 81.71987388282702 78.68214459471575 74.78443039972261 69.65136950070598 64.33263746434397 60.65964824117475 57.733677987319 55.30580441274445 53.03913252453578 50.5754405092776 47.71181829668858 44.200054094885644 40.614930480232225 36.757164314633734 32.94828853629328 18.994891276748408 139.42846244313208 129.25408049345293 126.09347430515164 122.59176998542303 119.04518786570596 115.25572435061832 111.50751098858258 107.78286841014406 103.95820586823766 101.02806131224932 99.05476536721368 96.69423934628993 94.34439533294787 92.90011843876333 91.37458183247271 84.69086057580076 82.14076161299046 78.8607850874134 75.66793504081255 72.48872381002373 72.85473900059998 68.81811551766185 66.84792331079768 60.79929971575972 56.84757642220932 53.29802833666142 50.06940887918207 47.24854340667056 45.219236319340745 43.069547590036 39.85274436963023 36.324192487155386 32.44261915286387 28.583835014978508 14.549470465870263 134.8982536528904 124.69451661683061 121.46708834773753 117.84394862155958 114.11658336190351 110.29165547011485 106.9578378474706 103.78783073474753 99.91208330907457 96.9502790485007 95.2015494329296 92.54078789561275 90.74358877893759 89.31684275119429 87.75189589780938 79.98004434786291 75.0810443923548 74.86830492626689 75.4368897999596 64.52666608274133 66.66378080571042 58.73981687587731 56.78869195864364 57.25963933052066 51.290324504021925 47.227082070018334 44.46852447242785 40.51320697747251 39.01983055860378 37.970486336038476 35.2715782441394 31.87956365264648 28.01334253943675 24.11960675523979 10.035005484812583 130.02490925541943 119.61554330093571 116.06596211355195 111.705163816058 106.63769401712011 102.12958584693268 99.83319977273354 99.33709205202143 97.03013939677666 93.13954826121447 90.65087918454392 85.88861126804778 83.43875785519252 82.35783713519952 81.42367997184577 79.3786673804943 71.75188242784289 68.83470951154017 66.75078831982712 59.321954955069174 62.552958482439394 57.69274255037097 52.8791474150992 51.36322108189677 47.57254481065013 45.31659806046196 39.12904033497467 34.78633348887504 33.57380564685951 32.80460881972753 30.358444244897605 27.12130719849758 23.297384523174433 19.394852492484713 5.304540796633079 124.97455753331303 114.21964020628634 110.17431689435331 104.77650023827407 97.93656071280085 92.64759276096297 93.4115143316193 92.55107085292555 88.68820595687558 88.07784568241992 87.71146255455025 80.5187730860183 78.17349280735058 75.6464849068571 71.00223096443933 70.04596975773889 63.3906676385544 66.29346312621472 60.83409076540798 54.34177136535594 54.690722635379615 51.04810596391878 48.03855559167185 45.27772831009137 44.379951768756904 42.14518488354242 33.39988650901333 30.31901213880114 28.299888670755383 28.02291312441517 25.42039206885732 22.24554224539758 18.47737214426631 14.58995596420801 0.5494106076894542 119.35908557152113 108.32094034568141 104.02745752253651 98.67926364930187 92.436297343583 87.49460056831265 88.81173129415225 89.12270313278931 85.37788879269793 82.74008059173505 78.14607391484236 74.39556328900905 67.58377056215679 72.11833016472832 65.66698800976296 62.79208595906342 58.96554519738937 61.368362525232314 54.02338753729418 52.42911736478953 50.50220787251883 47.522676086997414 43.37880037914555 39.48313692531561 36.16862454390149 35.63288504923103 37.025367058043614 28.194541439340128 25.919062115364586 23.6071988600083 20.338224156842582 16.886324430322638 13.147362539135369 9.279533692346755 -4.65506191047973 113.17721853705405 101.98635440936842 97.74491161026215 93.53790369068776 89.21794731926606 88.27337414648274 85.14570326254096 81.62376420650499 81.32210125247994 76.06828578216384 74.17517050359584 74.12743068508426 67.47547766488997 65.70214715729604 59.22623988935479 59.540260833975466 57.259844941390774 52.54662285417702 46.95685130767711 46.0240373650541 44.69383419541804 38.75409170256759 39.07582744338285 34.53283771156712 33.33827372964406 31.961960409459223 28.26382068161034 23.982498566656556 21.978345066804025 18.15393944203704 15.005851946868361 10.96419362837289 7.07473402181536 3.3588339731905994 -10.346322376371266 106.68078108929214 95.4740123240624 91.69463036843646 88.76549778345895 86.07228547854565 86.59778034684514 88.96824244055178 79.07155818226674 72.79250501552808 71.68498584939081 70.30870566875937 62.805822651471715 61.713270669913655 58.19850510584096 57.154042115013475 54.08811676061947 49.36646066871211 48.39856064187565 47.626914475633775 43.18312125490066 37.4697697617163 32.85053720190423 33.426361067041675 29.105057548359966 27.59290798775481 26.390573111367843 19.54270856581398 19.469898877401853 15.048387585850538 12.81025093402959 8.817855086276953 4.599198691161375 0.6662423984450295 -2.905078934493453 -16.327580787295794 100.02745792372323 88.85096307167528 85.57603922928344 83.44884855759558 83.9857591466982 84.22553605421406 81.71536331426114 76.24060142106201 69.14171033671477 65.71431396588602 61.463979754656656 60.531774599090774 58.394097038751994 55.328452502920314 56.0102316398472 49.91400390364917 47.03992903076489 44.480446165693564 38.532152340689166 39.12151593090345 34.61048594116769 33.84354928271816 28.880452441207954 23.3492937546111 20.946720665777523 17.780050202627717 13.127377440522528 14.748776015094638 10.214366844106381 6.500391482786862 2.0541805539206557 -1.9948168837170381 -5.849762562543186 -9.336221283731582 -22.488776402264282 93.34117890523076 81.9693504070115 78.76598975050418 76.20535785456907 75.4374863330151 74.45577467189979 71.74450076346653 67.8892657339439 64.8919551231106 58.839217203888765 53.6629013525254 54.477528150648965 45.48101122695225 48.05110003401095 47.87824633468095 46.27045288329488 41.75830115012546 36.645086220346336 30.596135267384227 29.076726056463123 27.105285017611546 23.172769266137724 22.82640595242463 19.024283031914518 12.894788879669534 13.154621241683468 10.550537854737504 5.705990959501287 2.116065454523554 0.4179296700035336 -3.080536365050231 -8.2959894697521 -12.159680441506847 -15.712547684232852 -28.749489134349226 86.7641858748792 74.98044907043803 71.36294703115654 67.5114271224603 63.7753181517459 60.507564571310276 58.4947623027684 55.64593532991892 48.641850313391224 52.91624416273153 48.85103847474936 47.83850732731228 43.076359898934214 41.90237833763471 33.43782229368544 34.43023458316324 29.512965112255955 25.112929410260676 22.85921417952364 20.223913139355396 20.869120704637595 11.802291817258038 11.872697204056719 10.268653951413723 7.772208838487288 2.7228034722637955 1.878348386395435 -1.6005080650001664 -3.2331758729183013 -7.212876445060807 -9.749147480844561 -14.68307104369011 -18.239639777226543 -21.94075153793772 -35.01789187059374 80.47078501175004 68.359757155061 64.24596982128364 59.99449011543902 55.67241777326627 51.143103221993314 48.33999401210941 49.15748645710464 47.430354563190726 47.9828004729974 40.41049544314945 42.119131152680716 34.152433676964385 34.028863212607575 28.39959609148006 30.49379497560589 25.79646877938155 18.838614503890536 17.419506663990155 14.786450103605874 11.083059258872904 4.809952461040337 7.548400843422594 2.8446504255546543 4.295066737497901 -2.361047345058654 -3.4148205667063087 -9.035404187430684 -10.464778414861954 -14.332329579540723 -16.664823399987657 -19.24279731326288 -24.25302915134765 -28.032892141755113 -41.16627050933193 74.55680299811347 62.278039904570335 57.71202390299395 54.39143900328758 51.421793471086595 49.13246215567459 45.92260556393724 43.057970592206324 41.35024143877726 35.68411199179218 29.149066984619928 30.804965126221543 26.131200429508755 24.610264366990965 22.309834578958302 14.63924107497465 16.04848491121714 12.495022238897612 9.92899796773614 8.127868690577392 5.164415247810111 2.042429236214033 -2.9106583729543662 -7.149201524468367 -7.40141434297749 -10.647980605765497 -11.841263892427397 -16.836779393071392 -20.682640152756495 -21.892790440939308 -26.064086042984485 -26.48504987120383 -30.58097792006148 -34.06098605643157 -47.187093251782464 69.10931849916847 56.71356552938641 51.22919037668734 46.96474003630041 43.82346078359943 43.22204660085352 40.54242413149897 34.40843859453571 32.15325353282655 31.655785023180794 28.51614185564162 24.012533418748518 21.17360347625823 21.089644606782834 18.698495422787087 10.452532669667784 12.799955774438823 7.935524954551166 0.6065004991999072 0.3808251081746166 -3.338390142230954 -7.630507756685968 -9.735874977089912 -13.680802584894058 -15.683143238880838 -17.616972469080153 -22.06345496650626 -24.126588916628986 -23.700052562835324 -29.929684129053594 -32.911448177487024 -34.177823414699766 -36.98783598767929 -40.21919173857204 -53.214866974300136 63.97973441132872 51.54277134210732 45.37179260978731 41.57786089451348 40.027773802599675 36.05439577920068 35.74452499639502 28.593768557672867 28.186106916568068 24.80183200894376 20.04320386383916 17.775021772561672 12.068753491590584 10.635519397116223 10.153828402558414 2.124528532116002 2.592106868355251 0.12967700795974602 -2.0952650609599224 -5.711002386314896 -11.88642917274225 -6.792598536767256 -16.110274456607915 -19.38299702359621 -22.316069760127956 -24.421654653491416 -27.368963296316327 -28.161878287857732 -30.835404103327363 -34.69080650681347 -36.40139907199536 -39.733791705118506 -43.330663387159376 -46.57005273171694 -59.26558596435967 58.69244420016641 46.492555842736245 40.62130168475446 36.31184309259079 31.645847493931175 31.021453918423607 28.321242546850417 19.74809614705482 15.691503340883854 15.11971157731347 13.358771965127351 15.121528336398324 10.549548738850305 6.984895408349621 5.61629737497238 2.6372018090913976 -0.8771973108733175 -6.766031655835246 -7.192657606645878 -9.457962358181879 -16.32907913230165 -19.22227994269645 -21.83470309048909 -24.33058680514646 -24.745212814090785 -27.865797622666925 -31.115797756005094 -32.61831428189137 -36.99078688256291 -38.84190841542543 -42.97531234524492 -47.02961888646543 -50.41660091187369 -53.164896518323175 -65.26032107094005 53.10700068387903 41.286852015062365 36.388425054071135 31.13113754142867 26.03326373727711 24.75777378926441 22.43491899716059 20.768948142575017 19.101568910880506 14.318109917647558 12.87956391262895 9.85238797188484 3.7427510846501404 -0.8828451455526903 -1.3440195256651464 -6.825096421296515 -7.054200475030428 -13.239528115198699 -14.90219466228839 -16.339081098907975 -20.47724562759076 -21.27609708064005 -24.414092310421204 -29.89940731720057 -29.50448612087636 -37.390594938380346 -43.58390216148492 -41.682626824061614 -43.35041422634112 -45.17728761268847 -50.814176907872756 -55.536077491544006 -57.84328972849799 -59.71563817103982 -71.17207048712565 47.32802818825699 35.435160726920834 31.845292976721687 26.73470208707942 24.159196310104424 22.088424478684065 16.086183361779657 9.956333361621057 9.089431444061528 7.714052820483133 1.2886006691944232 -0.49850226902230343 -0.9370682322918373 -6.935497645136646 -5.970528829227882 -9.223533007866447 -12.34523019508756 -21.247576974700745 -19.613507395101045 -20.756675703628346 -26.225340880008453 -26.670864676853043 -31.451264697763452 -33.13783163660751 -35.419807498126524 -41.21883746700543 -42.854666531287585 -46.37962763588593 -48.8287528021882 -50.75146853974626 -55.49517018025055 -60.21372952660784 -63.03235035331093 -65.29352259366466 -76.98593507652332 41.47794112483633 29.08231614267714 25.77979749446198 21.05253285824626 20.141494909913494 16.662017380970134 10.856096929069768 8.98295329266367 6.99814818942297 2.8385203618844352 1.1423455226798351 -5.385874492601253 -5.9567725204680535 -8.135846131355633 -12.331597461381982 -13.591056532334184 -18.46728305263792 -19.388456469140277 -24.61107473213387 -28.08250361729176 -29.884587361723778 -33.99613600317367 -37.585055116363016 -38.7097722051213 -40.18804181763207 -43.54278366700934 -45.69835069152939 -51.731851203356015 -53.19338663444358 -55.7493580493649 -58.06733548463308 -62.86205029216762 -66.58389393071076 -70.10066745855477 -82.74506358681329 35.86869548938988 23.200200525287237 19.5806616803991 14.26165260766851 10.63023583184165 9.361493946796791 5.238768233048444 0.48125331133428245 2.570126267515782 -2.1885800609883197 -6.068776539307366 -9.415882893131473 -9.500186364244335 -16.554162925591207 -18.15863909006485 -18.109724319819616 -24.994921799483397 -24.7616826572797 -31.490810158327772 -35.002604095715725 -35.427505246682095 -38.965166778739345 -39.35446861146922 -44.35794885387679 -49.35579653265184 -50.223457241888696 -52.88413436472986 -56.106488525599985 -55.90461964834431 -62.426526824739064 -63.43520843271817 -67.61279026858703 -71.85525319895324 -75.65210941590179 -88.57247043051049 30.398240380222134 17.816621732403828 13.452301522112174 11.35402253653608 9.622469871788889 5.011351244628243 2.369625531935038 -2.3057172751913977 -6.569268530785646 -7.622987261235033 -11.881334156006098 -13.802142144046192 -17.284210931419423 -17.356908620770685 -19.1908344206667 -25.33506168958482 -31.44458002678121 -32.90903085602206 -34.62593039124189 -34.88291284823403 -39.26205425794931 -42.994649271918576 -47.19101066292915 -49.0640796871277 -52.921042098151716 -54.36467366832436 -56.81550035306131 -62.21221163041056 -62.94996639268207 -68.63660167366548 -70.99355728880163 -75.30281202006567 -79.12348527843079 -82.11734618399343 -94.52092362764417 24.456296449530196 12.052281620282354 7.594506248661395 4.1183385247392925 -3.9891882022026506 -5.043939764138506 -6.230161293937629 -8.094451531478787 -11.282993194042973 -14.218534156971774 -18.072293237942365 -19.22952054543357 -22.685795252530664 -26.50601513793532 -30.816477927402705 -31.268246409016555 -33.60065552889458 -38.38381957701483 -38.50083742529836 -44.575300878872994 -48.761661725438735 -49.56922633903192 -51.95883251190295 -53.4368358105598 -58.33558929489658 -61.2367446923452 -63.84140738011357 -67.79017781834341 -69.33237095521173 -71.04024161764715 -75.4176392464797 -81.92195072140952 -85.59199493690389 -88.44178164019588 -100.61409503304189 17.98354238378432 5.7109883194807285 1.8699491970093365 -0.5501960139782629 -2.6174257339243145 -6.674520437479937 -10.19940050118643 -13.48589368459609 -17.010415420065897 -18.083844276314718 -20.934915411911966 -26.73690217694308 -29.269198517463497 -31.5530718690741 -32.13866832366629 -38.99081517518161 -41.997254110077954 -44.63540529560006 -50.35149603417435 -50.52257515188176 -46.632751861695894 -57.63862427363271 -57.18593610434229 -61.328670422538806 -64.08683270227108 -66.61717860471022 -71.39214230630658 -75.22840568411583 -76.79807898438992 -77.2475855292654 -81.44955144079596 -86.72916796790595 -90.8854494519856 -94.43325375782513 -106.79931976203846 11.398294167777827 -0.924740353932735 -4.10959209467635 -7.276256000784945 -12.090536105864675 -14.912869942090387 -22.46687677892944 -24.183942132486006 -26.24507001912114 -28.07169539144499 -31.791263325361903 -35.99075232355627 -34.57217637148831 -41.21126126914655 -42.617969371005266 -46.17701037337902 -49.65754302655984 -51.09749369219948 -54.88975412957385 -58.631624048918326 -59.98424858944273 -62.235243218984735 -65.71702511072293 -68.75784693687365 -71.20951559815542 -76.10014746498666 -77.45375668655174 -75.75064871665954 -81.43152789813837 -85.56291787923269 -88.58893818309649 -92.5900550887307 -96.73521652857687 -100.55977516632898 -112.91234999909557 4.88870138816833 -7.699676955132752 -10.639656902951716 -14.264580622998627 -20.16058019313868 -23.715061319803066 -28.86067129478944 -28.70059755329078 -33.939501336799644 -34.80056992317557 -38.54184176888328 -42.169413790833 -43.562539078595826 -47.69834785802884 -50.61316152118792 -52.06649527854314 -54.64756103032187 -60.36081194640262 -61.56798782074194 -66.04417994568159 -68.78673330207795 -69.92571932559117 -74.09229993570972 -77.39459851594832 -81.08105646787091 -83.92831316758424 -86.98963465705762 -88.38319314383466 -91.08174315518353 -94.30782679604214 -97.0037157450599 -99.89711393807256 -103.40639997821526 -106.85638339418003 -118.8948821031388 -1.47372405937268 -14.471164018758572 -17.52408284880583 -21.55062014683128 -27.364448728010018 -30.20686547264524 -35.8893830557491 -36.579029508968546 -40.379468774184694 -45.328864119892415 -45.71084336207848 -51.60367057365809 -50.861718550072474 -53.37364266632173 -59.13947596097612 -60.19389786049504 -65.40525631771405 -66.41040117344104 -67.6152307411056 -71.7396885562827 -75.67265765137772 -78.84824453069965 -80.1599285144817 -84.01968385328824 -87.43236848602264 -87.46723779881218 -92.15161810462531 -98.71537087483142 -100.32340589821067 -101.87502732135786 -104.44465262461402 -106.71793249775388 -109.80683365025283 -113.0048431955442 -124.78739154583123 -7.5713359904824875 -21.048038008379038 -24.463812875678425 -28.77398340470136 -34.685651023914936 -40.69532961443544 -46.23085389994137 -45.35096372584095 -46.58782037787697 -51.39861661775857 -52.24273017713085 -57.22359759078963 -60.65850037840368 -64.2965290762061 -63.822129812153555 -66.24170474108676 -70.18243197896773 -73.33003867187611 -78.73186879536343 -80.38950759493639 -82.05981344730091 -84.98870447255338 -88.3200093298119 -89.73061725808455 -92.61648708647367 -97.71259976109774 -102.40693675768355 -105.48332123691628 -107.17931549215932 -108.31416409350213 -110.30179782132144 -112.60115739177384 -115.65134210088347 -118.88945168568789 -130.54245455512873 -13.214139889540442 -27.118075312306985 -30.856962529947598 -35.26291151923459 -40.65274679695257 -45.984424918347806 -49.27439128182297 -51.406019625033345 -53.97911248767974 -52.49839645328531 -55.381026897540316 -51.28631201768811 -53.92043718055126 -68.31886876685347 -71.44221421000317 -74.23125703875655 -79.21847301357121 -79.52968880639068 -81.73319957654687 -85.10838896690942 -87.06081571764992 -90.94567585899831 -94.75246894671663 -98.14420862191228 -100.64747446011629 -104.16397444940114 -107.77298478018176 -110.92429443361091 -112.43486688909626 -113.49606185515748 -115.59565594298755 -118.16358437588829 -121.28962504984257 -124.50533978682859 -135.9990764780216 -18.430481573446777 -32.673902984154445 -36.61228489126464 -40.92803829934161 -45.62017372949157 -50.40966815354615 -54.226238774106754 -57.29926476072669 -60.49142627985431 -64.50538716523587 -62.99004089797246 -60.2711081386714 -62.27726400651102 -69.58604504867533 -75.67108919568025 -78.49408150782472 -82.70257330508551 -84.25644538810363 -86.54887642089176 -92.43688358576371 -95.5697886898429 -96.45937075783417 -98.62957540981802 -104.28310444635258 -107.8803244668826 -110.30744697753433 -112.66899310301521 -114.70300368633255 -116.373645010452 -118.19109366089484 -120.78075945214913 -123.61807056587314 -126.77507816855534 -129.91496011814849 -141.20059135073 -23.62861423052759 -38.148223454933486 -42.19707074874952 -46.45365294068228 -50.68445194058199 -55.07600764532262 -59.040709432976634 -62.89306927634325 -66.89636927644881 -69.71181306520444 -68.01791368613942 -66.76160921745318 -69.09875770843303 -74.0947533135635 -80.4526075848752 -84.4202854204968 -86.30898357100433 -91.26910328338572 -93.3128500434588 -96.85198918691461 -98.06990034558468 -104.12211276524037 -106.25191911757997 -109.59902738662562 -113.22812758964396 -115.95107586387891 -117.70000640346296 -119.19775253488612 -121.12700852678083 -123.49459618770844 -126.37419747850166 -129.32829970490332 -132.4550049199349 -135.50861907105394 -146.5560480037833 -28.587879157459952 -43.33335677110228 -47.454868701462004 -51.72172543329693 -55.80272350336399 -59.96786748493594 -63.69169657080036 -67.31832809243525 -71.107567774484 -74.0765349908504 -75.2604690454538 -76.30117796271638 -78.85666972963571 -82.25018962263893 -85.7931911047492 -88.58646552577748 -91.43118921541728 -94.85312276006277 -96.94149316633795 -101.37628413006614 -105.78769045785138 -110.6318067273089 -113.23252305350006 -115.50712594964845 -118.16267446575368 -120.7025351402316 -122.73536508363937 -124.63734616879997 -126.78110494503959 -129.23338242751055 -132.10817732779714 -134.99149983001965 -138.03352936999116 -141.0049289694668 -151.80618717053227 -33.45365544886336 -48.39580853136998 -52.585046740276496 -56.893855539931295 -60.975043722305 -65.0837363895811 -68.65028118680726 -72.02941470152358 -75.51885082063728 -78.83139591255481 -81.69830557717015 -84.42334508509396 -87.33722142807981 -90.07224370563797 -92.21694334120463 -94.19746757851078 -97.24133853628969 -100.11983152790908 -103.35108780161174 -107.59491980276229 -112.09651050368737 -116.16915869723647 -118.88603955673963 -121.05729252782128 -123.47923042783569 -125.94282134257824 -128.23711477033115 -130.44807186071935 -132.6833840021143 -135.0797446428383 -137.8662459658011 -140.64440611970923 -143.59390701529375 -146.48499353577466 -157.0380983781157 -36.107045877140536 -51.171216285807816 -55.40186738473869 -59.76732808885264 -63.901304953508394 -68.04304237951146 -71.6139075223319 -74.93048406524706 -78.2518863884373 -81.52942160826605 -84.71139109123132 -87.8402215953783 -90.96059567309213 -93.90077968616794 -96.48716618712362 -99.02409059827737 -101.8131180236669 -104.82888715312636 -108.11340303065927 -111.69750033614525 -115.58328858071125 -119.22506152409079 -122.05321102755468 -124.48958826108307 -126.96004404758546 -129.38417825109772 -131.6815423194684 -133.90209294684198 -136.10607402958394 -138.44908088059393 -141.17134771255328 -143.88752991899625 -146.77466738450258 -149.61076823240265 -160.00432458447028 -52.06465544859306 -67.4599275452955 -71.81490302327725 -76.33533297435297 -80.64194751302678 -84.95920913694293 -88.6797880173139 -92.08189410735979 -95.38398822171845 -98.65918406240964 -101.9763050135154 -105.3296401719697 -108.71321098769485 -112.11446822404118 -115.52081655416451 -118.82837483558055 -121.93330878413111 -124.95859410922174 -128.02716672542766 -131.1108677610032 -134.1811340538863 -137.1743191960393 -140.0260781271908 -142.71066185491662 -145.20262443941232 -147.52503747716563 -149.7011152021944 -151.78827027424248 -153.84685488793272 -156.04730413418832 -158.60167757345377 -161.14897173444882 -163.8597240712104 -166.52789186431664 -176.35344011592383)
(UseCyclicTransform "false")
(UseDirectionCosines "true")

// ResampleInterpolator specific
(ResampleInterpolator "FinalNearestNeighborInterpolator")

// Resampler specific
(CompressResultImage "true")
(DefaultPixelValue 0)
(Resampler "DefaultResampler")
(ResultImageFormat "mha")
(ResultImagePixelType "float")
