(BSplineTransformSplineOrder 3)
(Direction 1 0 0 1)
(FixedImageDimension 2)
(FixedInternalImagePixelType "float")
(GridDirection 1 0 0 1)
(GridIndex 0 0)
(GridOrigin -1793.361180205377 -2338.053826577203)
(GridSize 7 8)
(GridSpacing 1625.171619568066 1622.7598897308012)
(HowToCombineTransforms "Compose")
(Index 0 0)
(InitialTransformParameterFileName "results/lungTMA4/my_reg_project-modality_fluo_to_modality_brightfield_reg_output/TransformParameters.0.txt")
(MovingImageDimension 2)
(MovingInternalImagePixelType "float")
(NumberOfParameters 112)
(Origin 0 0)
(Size 6206 6524)
(Spacing 1 1)
(Transform "BSplineTransform")
(TransformParameters -165.2750036778632 -143.70854187669497 -122.2391583374543 -94.3735812603664 -65.16225130045588 -40.34702084465851 11.097810687434693 -142.62720770752622 -111.69413580160477 -83.63079981408501 -54.812895440486834 -21.521651283369533 7.985395281779832 59.36427850574772 -125.2508426612711 -94.35134669078765 -61.94543646609048 -31.4407493828588 -3.2413705400775723 25.776665154129173 71.60199253249614 -99.9881541351773 -63.163888053113375 -37.93830129886967 -4.034008117158243 22.108037750946814 55.924590386161825 91.13668846911466 -75.96557097177906 -41.33038616926832 -8.235236569620097 17.531035637746896 47.90436764066358 82.1291286861934 110.08468248271112 -51.195262027849374 -15.470638951263833 12.525242758965817 45.67361682034038 73.96420432627512 95.99392205501134 126.16752789065401 -33.53126380692923 11.14545792349423 38.301122906334 69.04560967968867 89.52945903589847 109.5696717062154 136.58481833046375 22.055858116829004 61.416306594956026 80.34286818088887 101.79884867359745 120.63529917386602 134.56535030823832 148.6242937427807 295.28647590152195 264.09234624589993 248.47191149128312 230.27785733365204 209.3368962765395 188.04387909160957 115.47942563263258 188.20168433104604 143.2711381399666 116.1260442182942 93.3812141528405 64.48027169517496 52.01577627815498 -13.83188930864758 161.44905407295263 123.18599894836885 98.89764535934941 74.2634864452299 52.181492994639925 28.45410446074096 -39.73490680861361 114.78588831217444 55.406677616164615 36.80648875399187 13.454105080241206 -11.281299603282475 -28.443817915575806 -86.39920609250713 71.6038406666188 22.536051612351315 -2.056102337987364 -27.347680607202896 -51.767742806071325 -72.95715530459005 -132.1795385866412 26.98513602141556 -41.82939265827183 -61.094905864934404 -83.82995647185756 -107.67024413898531 -125.26206418114357 -179.26111941325308 2.0425416595139936 -69.43691418393155 -96.92887107198297 -127.88769682225612 -151.01799149510367 -161.22238693561505 -207.33974358873633 -129.08760560641295 -204.42806487905548 -228.61570137924363 -252.22627809837854 -271.45403735837453 -287.13526878257153 -321.67927466892263)
(UseCyclicTransform "false")
(UseDirectionCosines "true")

// ResampleInterpolator specific
(ResampleInterpolator "FinalNearestNeighborInterpolator")

// Resampler specific
(CompressResultImage "true")
(DefaultPixelValue 0)
(Resampler "DefaultResampler")
(ResultImageFormat "mha")
(ResultImagePixelType "float")
