(BSplineTransformSplineOrder 3)
(Direction 1 0 0 1)
(FixedImageDimension 2)
(FixedInternalImagePixelType "float")
(GridDirection 1 0 0 1)
(GridIndex 0 0)
(GridOrigin -574.4824655293274 -512.4489506300519)
(GridSize 19 20)
(GridSpacing 406.2929048920165 405.6899724327003)
(HowToCombineTransforms "Compose")
(Index 0 0)
(InitialTransformParameterFileName "results/lungTMA4/my_reg_project-modality_fluo_to_modality_brightfield_reg_output/TransformParameters.0.txt")
(MovingImageDimension 2)
(MovingInternalImagePixelType "float")
(NumberOfParameters 760)
(Origin 0 0)
(Size 6206 6524)
(Spacing 1 1)
(Transform "BSplineTransform")
(TransformParameters -125.75551626920263 -113.60515858185427 -107.8541988418528 -100.48195117057013 -93.56711655750676 -86.51547138149873 -79.42488845987005 -72.19700075160043 -64.90771788498813 -57.40321860433287 -49.64804388895988 -41.86299682125355 -34.07607932821518 -26.40712481522961 -18.89167556019071 -11.369944667791865 -2.5759986822194962 4.628125088747759 22.78623651682754 -116.61045657353358 -103.77279373085946 -97.62376747324338 -89.77717971472137 -82.19071748125153 -74.76414160525877 -67.47843639688342 -55.337079925834054 -52.741122884957804 -47.47946987159222 -35.19619856437608 -28.905851270697497 -20.412384669329317 -14.560964628119946 -7.188697698831468 0.3669409416150092 9.155322290063932 16.3365076698435 34.10942140158037 -112.66287770579002 -99.59249992278713 -93.24458398136422 -85.5582079655575 -78.38746277008845 -70.07476261790711 -61.99366049839798 -48.8155573546565 -51.59376530738609 -40.3697181852294 -33.05965692139569 -25.90706410169218 -10.173349034588552 -8.625137589532242 -3.0183340047454874 4.542671374743769 13.232415501875435 20.40626108620514 37.87458438107409 -107.19789288160727 -93.94385574260069 -87.6564972538278 -82.8230818724397 -76.4803872109005 -65.18235156117305 -58.35975280069453 -46.94303227247704 -44.58985840552451 -32.414778935114335 -27.953702426444988 -22.554627713893566 -14.297965650302771 -6.993089060516514 2.8905407982252966 10.973595738914588 18.926844129209634 25.981373812129043 43.001811672225294 -101.52157997305909 -88.1673697977006 -83.70688512957514 -81.01640217635605 -62.68255291453516 -59.63538563362139 -48.71939730927983 -45.76894229396611 -34.1579799498233 -27.655038372412033 -21.886626882931562 -7.5159945326106925 -4.549040907422594 0.9046072860202017 10.74886319493785 17.282290133436206 24.770596877697997 31.478213039357684 48.02755012863101 -95.13627233273424 -81.9008656425212 -80.36996226277368 -63.796818700057614 -57.11956234981559 -53.981964098953625 -45.95291470362208 -35.82651306226468 -29.300056233110666 -22.01758326895032 -12.475500341910589 -7.9547781713387264 -1.707197028436882 3.79516159944385 13.869746575402385 20.442096032402922 32.96497485542673 37.76303638218262 53.789622073702354 -88.48397835626866 -74.9044139600829 -70.65362370139745 -65.04340480905357 -55.202245136987926 -46.33643190387191 -35.4577197601183 -35.29306887941022 -16.096634659544872 -19.923876777165347 -4.695310298393765 9.313548050526357 5.065550873455554 18.596346817438153 20.3032129795952 31.806976846782156 48.320430133483036 44.94194520642573 59.83981231531746 -81.7759579596295 -67.31835748272651 -56.411317211793595 -51.34781283749208 -46.56389404902422 -39.98502025615214 -34.0301329853605 -25.818725764179973 -21.486773108154292 -9.20361629559655 -3.060734466779563 3.991181999232621 11.441841075394725 13.27459965238463 23.71131672418972 32.96616578329413 43.79400153564239 51.30219022544639 66.04569297544094 -75.32954177450932 -61.913350367495006 -54.508179062039915 -50.18305348207715 -40.11387542386891 -30.33531914761983 -24.622545133574537 -14.025190158608815 -10.053084021542102 -0.8041897815842738 3.9097173683053517 13.902748422669127 12.893549950666834 48.41336241532352 40.209277970242894 46.64510931415008 45.93553209781699 56.43394420180444 72.1826235765869 -69.21110469004894 -57.90349575055804 -45.038153712110486 -45.384774240159224 -29.75463581041044 -35.155723510160506 -15.80526652063996 -10.864503714096825 -6.020856677328919 6.998208217869542 9.591977744454159 19.134500792032902 27.427332574169146 28.74115738186246 35.634158566686125 44.8916184284414 56.66000972917893 64.08575766591437 78.11294413595617 -63.245742685368704 -50.38812843556648 -41.02989431962041 -35.4639445569589 -24.444318335247967 -21.489537621894538 -10.599121116298397 -4.301963701558511 3.996025275040114 7.898673188614508 17.463627347927154 25.2313577620243 29.355019494538848 40.520005595132226 50.67981404718169 47.29330906922567 61.86578658378084 70.62169326370895 83.75512900339773 -57.32608429153508 -49.054330235310594 -33.37082270913873 -22.854425645525154 -26.63547119706362 -9.67124253046197 -7.077030533431895 4.044759829740877 5.81855351859992 14.868971045516025 25.386248104437083 27.51230867169988 39.78785448118684 44.66670317986389 52.06834301733322 61.601557205376345 71.24543832861501 76.08181995436625 89.02184721541786 -51.30132997132963 -41.85474179570803 -33.76234957256008 -23.86890748689432 -11.134950633738798 -10.76190010898341 2.33213859558614 5.4721980055295605 19.64947215545061 19.69638067842751 26.902548564870155 40.082660746941876 42.02790855714792 53.12988928162314 60.40392586287 67.0060880427101 77.6682570484459 81.12302815182005 93.80627309393921 -45.14681926235725 -31.384048620908327 -22.703316906071937 -16.74643727115589 -7.729581337492164 -0.6188425502849725 6.657904142765588 14.313577063985813 16.57357511820845 28.352675332740176 35.42890788654791 42.4136824241305 53.04640319181788 56.32946556456059 66.56584050011277 68.29548311762115 78.76952686306052 85.98265094308034 98.11345949043188 -38.97222320881115 -24.893555972804577 -18.380487162857065 -11.613574012272803 -2.994957395120717 5.7512676885283085 13.147260855215803 19.72234031846435 29.66450524518836 34.477539230508846 43.488653019761394 48.92662803645913 55.59390554832362 62.0379131129597 67.10150402353193 83.60042095796886 85.63515954818439 90.76746831606799 102.04827840500693 -32.77934005208917 -18.502691444136637 -11.220028078440066 0.3029320009210791 3.7279751562523433 10.523353229428448 17.981795425435898 27.348969611811643 32.54344269183749 39.86863571001802 49.997895815373305 57.43414091463526 62.046903340772 73.91324137265693 83.99400198566569 87.56605657222087 89.19800133467476 94.18625511596547 105.66911845459606 -26.893381220760755 -12.366546964979277 -6.019854592602176 1.6130632929818765 4.572456369163785 20.995853995969945 18.76339226032501 27.335761130560954 43.485099163087156 47.11253687395355 54.720351468537054 60.56338351675445 67.83648262008664 74.49538185283717 80.85126208352911 86.27643302250758 92.56419009528659 97.61335663595722 109.01462217028423 -20.383480493777174 -5.494995406084373 0.877085110585747 8.848786305620399 15.749741500168987 23.909305397853213 31.46044887049494 40.67262570472686 46.28850738446105 51.66349349097376 61.35129686209527 67.1741674933328 73.28069531307086 79.39176180341286 85.22993472572361 90.64498577950576 96.63620910654859 101.465183091666 112.52557940906797 -15.391793688775302 -0.16028686815897814 6.24879687643693 14.242290469703638 21.369965716545963 28.639438620640604 36.122056875218064 43.806099649769095 51.198229754703405 59.02372048464422 65.96660210548588 71.41460355438204 77.24771205244745 82.89720224116387 88.58986293270509 93.91142674852519 99.6728311327291 104.36919950645283 115.16169197771465 -1.3806564609676422 14.157638196451478 20.478261643980247 28.26889472909758 35.067482532008945 41.93567579039782 48.99091494194074 56.09954703913751 63.059901887897865 69.68823710543683 75.79759474486798 81.48565839559903 86.85279466366997 91.99045474124874 97.0428469696053 101.98396616493753 107.41225961647481 111.73076868543647 121.56263866136467 176.12193278630477 160.9538968341374 154.82887255151167 147.39456820982025 141.15203004029163 135.13216833987144 129.310712504404 123.47781294574591 117.52557030265775 111.63871712241632 105.47100014808117 99.18788006707796 93.10982627772155 87.50435817907916 82.54258094247508 77.51406415572731 70.40977367401423 64.06726878605168 43.2361732559597 153.17867357398944 137.86902064730347 131.6327795883421 124.03974379241178 117.78984883180009 111.63666366388954 105.16771663371951 93.31069687632016 92.21836441921529 95.13848953030148 85.71720021543948 77.73532314818327 68.85602111474265 62.96959297843801 57.83340063251455 52.48005870284931 45.03401758513574 38.43138672576521 17.405458992535124 146.56987005884406 131.44804953350024 125.3438506781014 117.7644796125142 109.77619564152664 101.53473918472238 98.39446803046401 93.87430161501781 90.0119462344328 82.49615024827935 78.49853330148665 74.82793503293297 61.85252149818973 55.223867749653714 51.6945586843324 46.32915337093334 38.64652903316367 31.799889610155695 10.539404273873952 137.13923501040478 122.01762470388856 115.87460125541683 108.17922773621886 101.99341727977217 96.74111687472427 90.42567333588357 88.8134855443214 79.13342704260856 69.15800359510182 64.33205061691854 55.266803636120635 54.37877119074629 47.79510551095434 34.43625172386549 36.20251553602734 29.4900025451757 22.449944199183882 1.0517604418770161 127.19067957987636 111.67333383613826 102.25683619247201 82.31897091035898 91.35490051970555 89.38622944097531 74.32033050940649 71.6272052121227 62.15338808550019 65.87747229436783 50.70884818741132 55.624769142101876 40.56531700865463 41.47392708073866 29.11982090790145 25.971069305897466 19.94736880512108 13.001722005832615 -8.255744667367699 114.93154165509993 98.72769924161793 89.95914539597406 91.84895634897448 80.16032150484033 72.51828446905004 70.85635404551539 60.37435366379766 56.13518974801784 48.69788921910946 45.00308925567086 33.31998291283318 32.92520680866824 30.18079755788657 20.618572578898707 17.54123072066418 7.48813201558116 1.1219147080286078 -19.583694647330635 101.90698546896311 84.94124829268105 80.01468643387133 85.56556767024831 75.25310943620211 61.20379720519147 55.432831730379746 53.36344255772194 53.743091970930365 43.166909526072786 34.39408423988762 32.87963959970784 20.128187669754116 14.094362216421729 11.074994047150568 3.7835673881150678 -5.973324408138798 -11.894253804821465 -31.700434381764776 88.81626940180219 70.99514821815987 63.39768605474038 49.52119113398167 50.262135615020064 49.957552924916904 44.87532421474255 31.02999383498406 30.744796226648337 20.415231928822912 20.113982504220235 5.210268710862571 8.084578753288326 2.4855772150113005 -6.958243156334673 -8.57700761102658 -17.319065149187157 -24.528892006569937 -44.22979027196611 76.76915259897085 59.2247800889919 48.89075790559531 48.106452741402656 40.08404793474625 34.792232850420525 19.581109966409752 25.46673306713441 12.05723416906691 10.97899216480081 1.7099518081277019 1.6525758332164904 -12.72198045513855 -12.780164707173515 -20.83222551153977 -28.614008450611287 -30.949666474659146 -36.16250620070355 -56.477839272675766 65.89111318260541 50.23276847369049 32.318356831104246 36.484693700691786 21.295974585194433 18.862876658938557 18.756054427946605 8.066262382925352 3.3079776443161597 -0.30354792610272197 -9.377003890163484 -17.875352854340857 -22.390964857423167 -27.611986163393315 -31.61812786634546 -34.08585084633084 -43.46239477587509 -48.996241833503916 -68.27323208131786 55.38117555882537 38.638714033236475 30.66521655632617 20.981190441464946 19.49587646668119 9.973699000273278 3.4308792373732055 -3.7877373875604654 -4.9485049607846605 -20.488332227271034 -17.82184421714269 -23.932696245232425 -28.6079754444916 -38.96489405253251 -47.06317984091961 -46.09819950363065 -61.908686383918834 -61.87551662724481 -79.90232038011904 44.67944690864411 24.754775142776353 20.2634229481148 17.36142029371289 0.45808484107246145 4.061060840551882 -8.183193808736894 -10.143841351824095 -18.00241999528857 -21.17503090193284 -31.764998596437977 -36.00204472765299 -44.08382865475116 -46.1937732596822 -51.59887566708328 -58.157281270281885 -62.60981905346609 -71.87688747510052 -91.53756612784227 32.995457930689845 15.543211763895085 4.04579499251214 -1.7439441343928086 -0.7830143208018788 -13.817910272108321 -16.414553207092542 -21.53608270412498 -26.899791685841578 -37.91675423084688 -36.29138352486192 -47.75237872920462 -48.74660113888998 -59.46920623201166 -67.25735347847461 -68.75398051054417 -81.74893643429574 -84.4585261896409 -103.4448638688573 20.384215678934638 1.8826451395055084 -3.856881972387904 -8.29118494088214 -20.916735974377442 -20.77043134500836 -29.017597517024946 -35.6862797311413 -40.37703522042942 -46.966246696738665 -54.401981764869866 -57.76281325155333 -65.50488391699764 -69.77904814992165 -75.34033695246012 -78.2896124234342 -88.80829247897327 -97.03026829006696 -115.56174023028179 7.789993608490094 -12.10174358100696 -16.255276951019912 -32.00806267399539 -34.9194915121995 -42.791453669481726 -48.593024758860906 -48.83817671400569 -57.421285913815595 -61.38259941876034 -69.66974906176841 -74.62506195373582 -80.15337980350093 -88.37939032302742 -93.40385904049491 -100.01985444355354 -103.724026618351 -109.4561663857172 -127.43792314470936 -4.2474886225685236 -25.205321061901927 -31.63946120110249 -45.36537039593312 -48.77959130767255 -51.20304347113696 -55.122100051049465 -67.9137035969171 -72.02131867562899 -76.37759219136454 -82.7208279034499 -86.76261133412622 -93.967256894581 -99.69223717003011 -111.31018622207552 -110.75598862942877 -115.41500919848546 -121.3288150276024 -138.8782215997502 -14.28786771030436 -36.10530285496229 -43.37292635063223 -52.4909486759844 -60.72533633550941 -69.47749263949159 -58.05636771792347 -66.98842120968608 -85.25172792150344 -85.7042814314817 -94.45331541671027 -100.8354898336709 -107.60937013855899 -114.41071479268423 -115.66433514129031 -120.02156278140322 -126.44603407686428 -132.01040987242354 -148.95675315886365 -24.448289771571496 -46.94610460516282 -54.44394262254406 -62.974072982316606 -69.51394449016495 -76.84607183216727 -82.41203377859425 -88.0225248843564 -89.89056373190847 -96.26762164502658 -104.19301993873583 -114.86487808439595 -118.08934520282193 -123.19234623577027 -127.77521466292752 -132.33453516420278 -138.32180919810946 -143.54558738090853 -159.73133858059674 -31.801889011486235 -54.726624687847334 -62.465512962911696 -71.34995680676995 -78.02906002634991 -84.38732609009574 -90.86554563868002 -97.42256488232289 -103.7112450965031 -109.2835027370812 -115.58563506036785 -122.44329237386192 -128.03582830834847 -132.95872423463706 -137.34515779191702 -141.61039367043182 -147.2476742998489 -152.20392439000977 -167.78403478543805 -58.335843940348425 -81.91282448931311 -90.00662122095198 -99.36986531667111 -106.48026920368675 -113.24814158398225 -120.12812514344617 -127.06439204162794 -133.8961932910601 -140.4896324883467 -146.70844308261448 -152.48031726649745 -157.73702185181023 -162.39645163010675 -166.44229364937232 -170.3623220054322 -175.5445595042659 -180.06283489931255 -194.36299856792985)
(UseCyclicTransform "false")
(UseDirectionCosines "true")

// ResampleInterpolator specific
(ResampleInterpolator "FinalNearestNeighborInterpolator")

// Resampler specific
(CompressResultImage "true")
(DefaultPixelValue 0)
(Resampler "DefaultResampler")
(ResultImageFormat "mha")
(ResultImagePixelType "float")
