1:ItNr	2:Metric	3a:Time	3b:StepSize	4:||Gradient||	Time[ms]
0	-0.484340	0.000000	83756.614834	0.000267	16.2
1	-0.494343	0.000000	83756.614834	0.000190	0.8
2	-0.498901	0.000000	83756.614834	0.000218	0.9
3	-0.490166	0.000000	83756.614834	0.000172	0.9
4	-0.499059	0.000000	83756.614834	0.000206	0.8
5	-0.482536	1.000000	79949.495978	0.000102	0.8
6	-0.487248	2.000000	76473.430935	0.000082	0.9
7	-0.495284	2.999903	73287.335245	0.000047	0.7
8	-0.489713	3.993655	70373.417091	0.000061	0.7
9	-0.475225	3.945927	70508.059574	0.000026	0.7
10	-0.484343	3.900548	70636.555422	0.000090	0.8
11	-0.493657	4.799567	68175.131857	0.000052	0.9
12	-0.476582	5.799556	65631.270530	0.000096	0.9
13	-0.487962	5.749314	65754.542827	0.000079	0.8
14	-0.485548	6.749314	63384.951172	0.000103	0.8
15	-0.486919	7.749314	61180.204609	0.000100	1.0
16	-0.487062	8.749314	59123.679721	0.000117	0.9
17	-0.484945	9.749314	57200.915599	0.000085	0.8
18	-0.492619	10.749314	55399.273073	0.000078	0.9
19	-0.485106	11.714274	53765.183191	0.000033	0.9
20	-0.484973	12.713873	52171.073223	0.000072	0.8
21	-0.483588	12.671514	52236.703671	0.000062	1.0
22	-0.494026	13.667883	50735.400494	0.000047	1.0
23	-0.483911	14.040730	50195.556200	0.000048	0.9
24	-0.491102	14.776249	49163.591380	0.000076	1.0
25	-0.495560	14.743407	49208.764326	0.000104	0.9
26	-0.491657	15.717905	47902.758382	0.000098	0.9
27	-0.488225	16.717905	46632.731448	0.000059	0.8
28	-0.496272	16.667629	46694.972559	0.000072	1.1
29	-0.487701	17.667555	45487.461375	0.000164	0.9
30	-0.493657	18.667555	44340.744330	0.000033	0.8
31	-0.487533	18.617407	44396.870878	0.000114	0.9
32	-0.481874	19.617345	43303.886315	0.000084	0.9
33	-0.490529	19.567070	43357.553399	0.000069	0.9
34	-0.491861	20.567070	42314.478860	0.000071	0.8
35	-0.481609	20.516795	42365.720130	0.000054	0.9
36	-0.483389	21.512976	41372.989205	0.000094	1.0
37	-0.490707	21.462741	41421.935574	0.000065	0.7
38	-0.492679	22.462713	40468.916563	0.000056	1.0
39	-0.496964	22.419671	40509.034004	0.000028	0.9
40	-0.489426	22.370895	40554.591257	0.000056	0.7
41	-0.490062	22.756904	40196.832233	0.000060	0.8
42	-0.480601	22.706629	40243.069512	0.000083	0.7
43	-0.495881	23.706625	39342.914040	0.000072	0.9
44	-0.494695	23.662632	39381.667136	0.000083	0.9
45	-0.488351	24.660126	38521.333073	0.000098	0.9
46	-0.495002	24.610065	38563.612980	0.000086	0.8
47	-0.489300	25.610065	37736.246346	0.000024	1.0
48	-0.492266	25.655472	37699.520054	0.000122	0.8
49	-0.496956	25.605294	37740.109575	0.000042	0.9
50	-0.503679	25.555019	37780.865500	0.000073	0.8
51	-0.479927	25.504746	37821.707894	0.000204	0.8
52	-0.492044	26.504746	37025.540958	0.000076	0.9
53	-0.483703	27.504493	36262.391344	0.000107	0.9
54	-0.486791	28.504493	35529.884271	0.000063	1.0
55	-0.490893	29.504488	34826.388257	0.000006	0.8
56	-0.489941	29.472242	34848.638257	0.000093	1.0
57	-0.491069	29.461120	34856.319419	0.000052	1.0
58	-0.488655	30.454855	34183.147539	0.000111	1.1
59	-0.496476	30.404580	34216.579742	0.000150	0.9
60	-0.479448	31.404580	33563.648649	0.000080	1.0
61	-0.498637	32.404580	32935.169806	0.000065	1.0
62	-0.484493	33.396131	32334.816676	0.000050	1.0
63	-0.490051	33.477292	32286.643803	0.000029	0.9
64	-0.488289	34.088971	31928.149414	0.000044	0.9
65	-0.483343	34.046724	31952.653482	0.000013	0.8
66	-0.483298	34.203201	31862.081812	0.000086	0.7
67	-0.503607	34.200142	31863.847529	0.000170	0.7
68	-0.482096	35.200142	31296.876587	0.000067	1.0
69	-0.489344	36.200142	30749.729771	0.000063	0.9
70	-0.494783	36.149867	30776.780587	0.000028	1.4
71	-0.491106	37.118025	30264.086148	0.000036	0.9
72	-0.491544	37.398501	30118.733935	0.000028	0.8
73	-0.491348	37.349947	30143.796248	0.000065	0.8
74	-0.487753	38.321122	29650.297510	0.000058	0.8
75	-0.491959	38.270856	29675.442871	0.000068	0.9
76	-0.500497	38.283517	29669.105221	0.000106	0.8
77	-0.491795	38.233299	29694.258964	0.000049	0.7
78	-0.490274	39.233295	29201.273115	0.000113	0.8
79	-0.488175	40.232525	28724.748798	0.000040	0.9
80	-0.500661	40.183746	28747.649908	0.000075	0.7
81	-0.496237	40.843588	28440.925861	0.000039	0.8
82	-0.484000	40.793380	28464.034469	0.000045	0.8
83	-0.501555	41.210428	28273.216805	0.000069	1.0
84	-0.501191	42.210335	27825.970627	0.000060	0.9
85	-0.491299	42.680766	27620.410519	0.000030	0.8
86	-0.502033	43.427199	27300.409444	0.000073	0.7
87	-0.482948	44.338894	26919.477814	0.000136	0.8
88	-0.490822	45.338894	26513.690558	0.000073	0.7
89	-0.498357	45.288619	26533.799350	0.000071	0.7
90	-0.492464	46.288270	26139.606735	0.000024	0.8
91	-0.496545	47.251883	25770.554953	0.000075	1.0
92	-0.497199	48.203177	25416.302888	0.000066	0.9
93	-0.491273	49.203177	25054.263875	0.000069	0.8
94	-0.487297	49.152903	25072.218528	0.000045	0.8
95	-0.491650	50.151814	24720.225738	0.000088	0.8
96	-0.488853	50.105518	24736.320972	0.000075	0.8
97	-0.490455	51.105518	24393.263717	0.000086	0.9
98	-0.492418	51.055244	24410.283214	0.000104	1.0
99	-0.485900	52.055244	24076.148634	0.000103	0.9
100	-0.485335	53.055042	23751.102847	0.000178	1.0
101	-0.488929	53.004766	23767.238214	0.000077	1.0
102	-0.487930	54.004766	23450.361842	0.000041	0.8
103	-0.488822	55.002690	23142.456111	0.000119	0.8
104	-0.492850	54.954943	23157.003918	0.000025	1.0
105	-0.489939	55.953558	22856.498779	0.000028	0.9
106	-0.500108	55.915988	22867.663219	0.000069	0.8
107	-0.487427	55.872581	22880.575755	0.000018	0.7
108	-0.499572	56.042917	22829.988477	0.000111	0.9
109	-0.489192	56.009307	22839.952547	0.000110	1.0
110	-0.494046	55.959488	22854.737620	0.000074	0.9
111	-0.497941	56.959488	22561.575901	0.000055	1.0
112	-0.495149	56.909530	22576.043258	0.000030	0.9
113	-0.487642	57.138335	22509.935890	0.000031	1.2
114	-0.500130	57.112340	22517.426876	0.000038	1.1
115	-0.497011	57.069160	22529.881377	0.000078	0.9
116	-0.498751	57.037923	22538.899636	0.000068	1.0
117	-0.479650	58.037923	22253.734001	0.000046	0.8
118	-0.487969	59.036973	21975.954907	0.000125	1.0
119	-0.498173	58.987654	21989.504794	0.000089	0.8
120	-0.490219	59.987654	21717.988043	0.000045	0.9
121	-0.479645	59.937688	21731.395489	0.000154	0.8
122	-0.490364	60.937688	21466.176946	0.000055	0.9
123	-0.483761	61.937687	21207.354342	0.000048	0.8
124	-0.482193	62.934519	20955.489380	0.000026	0.7
125	-0.494606	62.901624	20963.705085	0.000040	0.9
126	-0.492079	63.270503	20871.940295	0.000067	0.7
127	-0.484808	63.220232	20884.398782	0.000066	0.8
128	-0.490256	63.187079	20892.623181	0.000074	0.8
129	-0.506498	63.136803	20905.107384	0.000028	1.1
130	-0.493289	63.646552	20779.215102	0.000077	1.1
131	-0.493785	63.596282	20791.562750	0.000051	1.0
132	-0.494763	64.567507	20555.570353	0.000101	0.8
133	-0.498860	65.567507	20318.119018	0.000131	0.7
134	-0.484096	66.567507	20086.090955	0.000051	0.8
135	-0.495093	66.517556	20097.555199	0.000109	0.9
136	-0.490490	67.503163	19873.740639	0.000065	0.8
137	-0.489548	67.452888	19885.036579	0.000071	0.8
138	-0.500733	68.448952	19663.605510	0.000088	0.8
139	-0.486449	68.398677	19674.663770	0.000068	0.8
140	-0.491213	69.398677	19457.020583	0.000089	0.8
141	-0.477785	69.353021	19466.852338	0.000055	0.7
142	-0.486377	69.322165	19473.502628	0.000075	0.8
143	-0.497455	70.321350	19260.434850	0.000083	0.7
144	-0.489246	71.321350	19051.811055	0.000066	0.8
145	-0.492407	72.321350	18847.658296	0.000036	1.0
146	-0.489867	72.271226	18857.786890	0.000050	0.9
147	-0.493849	72.221765	18867.792418	0.000043	0.8
148	-0.486269	73.214035	18669.075196	0.000057	0.8
149	-0.489646	73.163801	18679.034750	0.000044	0.8
150	-0.491368	74.152535	18484.940163	0.000071	0.8
151	-0.485322	74.102375	18494.689623	0.000076	0.8
152	-0.481766	74.061596	18502.623475	0.000064	0.9
153	-0.475713	75.061555	18310.019209	0.000007	0.8
154	-0.489918	75.173983	18288.614531	0.000071	0.7
155	-0.497666	75.407242	18244.364963	0.000061	0.9
156	-0.492998	75.356967	18253.884161	0.000100	0.7
157	-0.490931	76.356967	18066.389781	0.000067	0.7
158	-0.481921	76.309793	18075.148075	0.000052	0.8
159	-0.490216	76.298469	18077.251672	0.000068	0.7
160	-0.488948	77.298379	17893.366353	0.000025	0.9
161	-0.492595	77.248147	17902.514899	0.000096	0.8
162	-0.490305	78.244541	17722.777505	0.000079	0.7
163	-0.491494	79.244541	17545.982066	0.000061	0.8
164	-0.482843	80.244541	17372.679085	0.000048	0.8
165	-0.488277	80.195076	17381.170999	0.000124	0.8
166	-0.486188	81.195075	17211.092645	0.000073	0.8
167	-0.501597	82.195075	17044.310532	0.000058	0.8
168	-0.501095	82.144801	17052.618125	0.000062	0.8
169	-0.482211	82.141976	17053.085197	0.000055	0.7
170	-0.483771	82.091740	17061.395138	0.000114	0.8
171	-0.494467	83.091740	16897.487847	0.000081	0.8
172	-0.481266	84.086682	16737.505449	0.000063	0.7
173	-0.489414	84.036407	16745.516798	0.000080	0.7
174	-0.486454	83.986131	16753.535819	0.000077	0.7
175	-0.489494	83.936982	16761.382609	0.000032	0.8
176	-0.496704	84.934640	16603.529473	0.000083	0.9
177	-0.494245	84.884369	16611.412268	0.000067	0.8
178	-0.499834	85.884369	16455.997474	0.000045	0.8
179	-0.490091	86.112209	16420.993676	0.000023	0.8
180	-0.491393	86.878479	16304.354007	0.000160	0.7
181	-0.495224	87.878406	16154.616640	0.000051	0.7
182	-0.489386	88.878406	16007.593970	0.000095	0.6
183	-0.486091	88.938072	15998.906301	0.000033	0.8
184	-0.492202	89.937725	15854.741132	0.000032	0.8
185	-0.487664	89.895118	15860.832690	0.000071	0.8
186	-0.486535	90.399378	15789.037041	0.000089	0.7
187	-0.486479	91.399378	15648.564406	0.000054	0.7
188	-0.488448	91.349103	15655.567000	0.000062	0.7
189	-0.486888	91.298940	15662.560196	0.000052	0.7
190	-0.487234	92.046237	15559.022191	0.000068	0.8
191	-0.492909	91.995962	15565.944840	0.000074	0.7
192	-0.500445	92.995962	15429.396636	0.000053	0.8
193	-0.492523	92.945928	15436.171721	0.000048	0.7
194	-0.484899	92.896022	15442.935426	0.000082	0.8
195	-0.501876	93.896020	15308.527701	0.000101	0.7
196	-0.492333	93.845745	15315.229220	0.000089	0.8
197	-0.500415	94.845745	15183.025580	0.000054	0.9
198	-0.487914	94.795617	15189.598335	0.000024	0.8
199	-0.484045	94.780224	15191.617830	0.000032	0.8
