1:ItNr	2:Metric	3a:Time	3b:StepSize	4:||Gradient||	Time[ms]
0	-0.760704	0.000000	60192.312495	0.001006	15.9
1	-0.798087	0.000000	60192.312495	0.000415	1.5
2	-0.819359	0.000000	60192.312495	0.000322	0.9
3	-0.831643	0.000000	60192.312495	0.000258	0.9
4	-0.842338	0.000000	60192.312495	0.000237	0.9
5	-0.836929	0.000000	60192.312495	0.000183	0.9
6	-0.836934	0.000000	60192.312495	0.000110	0.8
7	-0.851578	0.000000	60192.312495	0.000025	0.8
8	-0.844316	0.000000	60192.312495	0.000070	0.8
9	-0.850022	0.000000	60192.312495	0.000075	0.9
10	-0.853371	0.000000	60192.312495	0.000051	0.8
11	-0.846053	0.000000	60192.312495	0.000038	0.9
12	-0.856042	0.000000	60192.312495	0.000060	0.9
13	-0.849609	1.000000	57456.298298	0.000042	1.0
14	-0.855497	0.987373	57489.293487	0.000084	0.9
15	-0.858098	1.981311	55002.891850	0.000039	0.9
16	-0.854238	1.968684	55033.128645	0.000050	0.9
17	-0.848606	2.968332	52737.860530	0.000050	0.9
18	-0.855262	2.955706	52765.657655	0.000044	1.0
19	-0.854297	3.955706	50651.285160	0.000013	0.8
20	-0.851515	3.960692	50641.166754	0.000011	0.8
21	-0.859418	3.964995	50632.439032	0.000048	0.7
22	-0.857176	3.952393	50658.009635	0.000013	0.9
23	-0.866559	4.606247	49364.460037	0.000033	1.1
24	-0.861965	4.593695	49388.670604	0.000025	0.9
25	-0.856110	5.401205	47878.063797	0.000042	0.8
26	-0.853180	6.339951	46234.119459	0.000028	0.8
27	-0.854458	7.330189	44618.077388	0.000043	0.9
28	-0.853571	7.351700	44584.224890	0.000034	0.9
29	-0.860958	8.351660	43065.318345	0.000063	0.8
30	-0.854219	9.351630	41646.480125	0.000047	0.8
31	-0.849747	10.351630	40318.112831	0.000040	1.0
32	-0.853618	10.339073	40334.267207	0.000053	0.9
33	-0.849594	10.327636	40348.992292	0.000027	0.8
34	-0.855413	10.320030	40358.791834	0.000031	0.8
35	-0.848461	10.556860	40055.904464	0.000020	1.0
36	-0.861180	10.593404	40009.572098	0.000055	1.0
37	-0.851525	10.580777	40025.568505	0.000057	1.0
38	-0.852902	11.578214	38800.118097	0.000026	1.0
39	-0.855602	12.535289	37692.788606	0.000031	0.9
40	-0.860360	12.522675	37706.971495	0.000033	0.9
41	-0.856150	12.555268	37670.346468	0.000038	1.0
42	-0.851657	12.706908	37500.875156	0.000032	0.9
43	-0.847192	12.699499	37509.120397	0.000026	0.8
44	-0.839812	12.686878	37523.173302	0.000048	0.9
45	-0.858079	12.674257	37537.237139	0.000021	0.9
46	-0.852394	13.673614	36455.345183	0.000053	0.9
47	-0.850701	14.384731	35722.711792	0.000014	1.0
48	-0.845758	14.372568	35734.995477	0.000036	0.9
49	-0.859440	14.361468	35746.212677	0.000047	0.9
50	-0.854763	14.638336	35468.506341	0.000024	0.9
51	-0.856771	15.593602	34542.611472	0.000031	1.0
52	-0.870682	15.653762	34485.916286	0.000050	0.8
53	-0.859001	15.641136	34497.799015	0.000029	1.0
54	-0.856225	15.642098	34496.893798	0.000026	0.9
55	-0.860458	15.655768	34484.029001	0.000020	0.8
56	-0.848662	15.662586	34477.615762	0.000026	0.9
57	-0.851445	15.658713	34481.258298	0.000038	0.9
58	-0.850879	15.690132	34451.730704	0.000030	0.8
59	-0.854304	16.599793	33618.232346	0.000027	0.9
60	-0.856412	16.588009	33628.771409	0.000009	0.9
61	-0.860728	16.594216	33623.218836	0.000032	0.9
62	-0.860532	16.583458	33632.843178	0.000024	0.9
63	-0.859621	16.571786	33643.291938	0.000039	0.9
64	-0.860619	16.559595	33654.211401	0.000043	1.0
65	-0.848489	16.560122	33653.739497	0.000056	0.8
66	-0.851153	16.547500	33665.052645	0.000031	0.9
67	-0.859195	16.534873	33676.377448	0.000043	1.1
68	-0.866180	17.534840	32802.485918	0.000031	0.8
69	-0.853662	17.733726	32634.055289	0.000035	0.8
70	-0.860582	18.733306	31813.072568	0.000025	0.9
71	-0.853565	19.730100	31034.506880	0.000039	0.9
72	-0.850704	20.729391	30291.325058	0.000040	0.9
73	-0.853861	20.716765	30300.493455	0.000042	0.9
74	-0.862279	20.704173	30309.641969	0.000095	0.7
75	-0.847429	21.704173	29599.883658	0.000020	0.8
76	-0.860976	21.691547	29608.638164	0.000044	0.9
77	-0.854233	22.683120	28936.544680	0.000027	1.0
78	-0.854357	22.670507	28944.902616	0.000023	1.0
79	-0.851263	22.657886	28953.269777	0.000048	0.7
80	-0.860612	23.656020	28306.117854	0.000051	0.7
81	-0.859713	23.643393	28314.123741	0.000026	0.8
82	-0.862222	23.630767	28322.134149	0.000057	0.8
83	-0.859887	24.630762	27701.456639	0.000015	0.8
84	-0.854191	24.618136	27709.123750	0.000063	0.8
85	-0.855744	24.605536	27716.778787	0.000017	0.8
86	-0.856221	24.617069	27709.771705	0.000041	0.8
87	-0.863687	24.738545	27636.177749	0.000016	0.7
88	-0.849605	24.725937	27643.798061	0.000030	0.9
89	-0.857500	24.739055	27635.869393	0.000014	0.8
90	-0.855979	24.735038	27638.296850	0.000045	0.9
91	-0.858201	24.722544	27645.849260	0.000040	0.8
92	-0.868256	25.722498	27054.173408	0.000019	0.8
93	-0.852235	25.721404	27054.807086	0.000066	0.7
94	-0.845853	25.708810	27062.101849	0.000030	0.8
95	-0.853020	26.708801	26494.871497	0.000043	0.8
96	-0.846100	26.696177	26501.884187	0.000093	0.8
97	-0.854883	27.696105	25957.693406	0.000069	0.8
98	-0.854672	28.696105	25435.364877	0.000072	0.9
99	-0.856541	29.696105	24933.642607	0.000038	0.8
100	-0.853382	29.683478	24939.854238	0.000046	0.8
101	-0.859988	29.670853	24946.068524	0.000006	0.7
102	-0.865157	29.781139	24891.890620	0.000033	0.7
103	-0.850391	29.843323	24861.446828	0.000031	0.8
104	-0.861960	29.911979	24827.920485	0.000056	0.8
105	-0.864998	29.899352	24834.079545	0.000064	0.8
106	-0.854294	30.899352	24355.574931	0.000058	0.8
107	-0.856252	30.886726	24361.501842	0.000052	0.7
108	-0.850716	31.815259	23933.207808	0.000026	0.7
109	-0.857116	31.803126	23938.707201	0.000057	0.7
110	-0.847930	31.790499	23944.432922	0.000038	0.8
111	-0.855820	31.838732	23922.575744	0.000009	0.8
112	-0.861618	31.829411	23926.796590	0.000022	0.7
113	-0.863568	31.819152	23931.443652	0.000093	0.7
114	-0.853936	32.818913	23486.883964	0.000050	0.8
115	-0.864060	32.806286	23492.395577	0.000039	0.8
116	-0.864299	33.806280	23063.754191	0.000030	0.8
117	-0.865433	34.806200	22650.504235	0.000079	0.8
118	-0.851804	34.793573	22655.630252	0.000016	0.8
119	-0.852689	34.781062	22660.711764	0.000027	0.8
120	-0.860599	34.769310	22665.486689	0.000039	0.8
121	-0.849604	34.756691	22670.616585	0.000052	0.7
122	-0.849890	34.744064	22675.751711	0.000011	0.8
123	-0.854922	34.731619	22680.815310	0.000059	0.8
124	-0.860155	34.722195	22684.651345	0.000017	0.7
125	-0.851731	34.714476	22687.794237	0.000040	0.7
126	-0.849609	34.928121	22601.126952	0.000026	0.7
127	-0.861619	35.925979	22204.950784	0.000023	0.7
128	-0.854470	35.928777	22203.859360	0.000046	0.7
129	-0.848973	36.928425	21820.696099	0.000051	0.8
130	-0.851530	37.928424	21450.404975	0.000034	0.8
131	-0.856278	37.915798	21455.002078	0.000053	0.7
132	-0.849581	37.903559	21459.459747	0.000035	0.8
133	-0.862652	38.903490	21101.250872	0.000028	0.9
134	-0.859190	39.895539	20757.490236	0.000035	0.7
135	-0.849188	39.883332	20761.652056	0.000035	0.7
136	-0.864716	39.870709	20765.957759	0.000061	0.9
137	-0.857271	39.858082	20770.266199	0.000010	0.7
138	-0.849981	40.787198	20457.936197	0.000028	0.8
139	-0.850068	40.775438	20461.830841	0.000028	0.9
140	-0.851103	40.781863	20459.702888	0.000046	0.8
141	-0.848788	40.769283	20463.869647	0.000065	0.8
142	-0.846783	40.756657	20468.053634	0.000025	0.8
143	-0.859824	40.749599	20470.393177	0.000039	0.7
144	-0.838975	40.737428	20474.428547	0.000042	0.9
145	-0.852408	40.724824	20478.609509	0.000016	0.7
146	-0.846129	40.712207	20482.796116	0.000055	0.8
147	-0.872082	41.705092	20158.467529	0.000022	0.8
148	-0.850958	41.692562	20162.496581	0.000056	0.8
149	-0.855384	41.977776	20071.184404	0.000031	0.8
150	-0.851214	41.965150	20075.209341	0.000069	0.9
151	-0.847244	42.965094	19761.380547	0.000059	0.8
152	-0.851045	43.965094	19457.195955	0.000030	0.8
153	-0.845524	44.379508	19333.864581	0.000049	0.9
154	-0.852313	44.374110	19335.461195	0.000059	0.8
155	-0.850823	45.374110	19044.150905	0.000069	0.9
156	-0.850857	45.361483	19047.774359	0.000012	0.9
157	-0.856245	45.915926	18889.950897	0.000036	0.7
158	-0.859259	45.985211	18870.412426	0.000008	0.8
159	-0.848747	46.088378	18841.393987	0.000021	0.8
160	-0.857301	46.079107	18843.997950	0.000045	0.8
161	-0.850401	46.066517	18847.535473	0.000029	0.8
162	-0.863603	46.053893	18851.083910	0.000033	0.8
163	-0.852788	46.041312	18854.621601	0.000020	0.8
164	-0.849266	46.029410	18857.969337	0.000033	0.8
165	-0.843646	46.235418	18800.189010	0.000041	0.9
166	-0.843635	46.222791	18803.720283	0.000044	0.7
167	-0.855736	47.027023	18581.418253	0.000054	0.7
168	-0.851681	48.027023	18312.227761	0.000047	0.9
169	-0.858815	48.014396	18315.578093	0.000026	0.9
170	-0.862723	49.000152	18057.654604	0.000033	0.6
171	-0.859820	49.901632	17828.060176	0.000029	0.8
172	-0.853025	49.929000	17821.181177	0.000047	0.8
173	-0.853879	49.916374	17824.354202	0.000031	0.8
174	-0.862696	50.915766	17576.654376	0.000028	0.8
175	-0.848342	51.900430	17339.247040	0.000022	0.7
176	-0.852088	52.570334	17181.362330	0.000049	0.8
177	-0.860702	52.557716	17184.309480	0.000028	0.8
178	-0.856152	52.545090	17187.259699	0.000067	0.8
179	-0.851041	52.532617	17190.175179	0.000025	0.9
180	-0.849503	52.522683	17192.497643	0.000041	0.7
181	-0.854160	52.529124	17190.991834	0.000045	0.7
182	-0.862243	52.516497	17193.944418	0.000040	0.8
183	-0.853715	52.535151	17189.582638	0.000029	0.9
184	-0.850271	52.588164	17177.199352	0.000061	0.8
185	-0.859131	52.575537	17180.147201	0.000023	0.8
186	-0.855204	53.575424	16949.800564	0.000019	0.8
187	-0.856843	53.744624	16911.431238	0.000057	0.8
188	-0.867391	53.731997	16914.288455	0.000078	0.8
189	-0.853092	54.731997	16690.944439	0.000097	0.8
190	-0.851062	54.719371	16693.727740	0.000048	0.8
191	-0.844680	55.719369	16476.133421	0.000065	0.8
192	-0.864580	55.706743	16478.845536	0.000042	0.9
193	-0.862287	55.694116	16481.558527	0.000022	0.7
194	-0.861256	56.664645	16275.598197	0.000029	0.7
195	-0.851496	56.773419	16252.835201	0.000028	0.9
196	-0.853436	56.760890	16255.453849	0.000054	0.7
197	-0.844736	56.749634	16257.807224	0.000041	0.8
198	-0.846762	57.749629	16051.358920	0.000045	0.9
199	-0.853471	57.737003	16053.932983	0.000025	0.9
