1:ItNr	2:Metric	3a:Time	3b:StepSize	4:||Gradient||	Time[ms]
0	-0.389758	0.000000	41771.873058	0.000307	83.6
1	-0.390854	0.000000	41771.873058	0.000183	3.7
2	-0.389726	1.000000	39873.151555	0.000307	3.2
3	-0.389183	2.000000	38139.536270	0.000452	3.6
4	-0.389360	3.000000	36550.388926	0.000682	3.1
5	-0.386202	4.000000	35088.373369	0.000933	3.5
6	-0.379904	5.000000	33738.820547	0.001128	3.3
7	-0.374964	6.000000	32489.234601	0.001261	3.2
8	-0.378129	7.000000	31328.904794	0.001268	3.1
9	-0.378805	8.000000	30248.597732	0.001140	3.6
10	-0.380493	9.000000	29240.311141	0.001063	3.3
11	-0.386561	10.000000	28297.075297	0.001056	3.2
12	-0.385247	11.000000	27412.791694	0.001051	3.2
13	-0.384244	12.000000	26582.101037	0.000892	3.5
14	-0.389217	13.000000	25800.274536	0.000734	3.2
15	-0.388932	14.000000	25063.123835	0.000659	3.4
16	-0.390858	15.000000	24366.925951	0.000628	3.2
17	-0.391595	16.000000	23708.360384	0.000580	4.0
18	-0.390736	17.000000	23084.456164	0.000366	3.3
19	-0.396131	18.000000	22492.547031	0.000138	3.4
20	-0.394554	19.000000	21930.233355	0.000139	3.5
21	-0.394893	20.000000	21395.349615	0.000200	3.8
22	-0.394941	21.000000	20885.936529	0.000148	3.4
23	-0.394296	22.000000	20400.217075	0.000131	3.4
24	-0.391885	23.000000	19936.575778	0.000111	3.5
25	-0.390417	24.000000	19493.540760	0.000075	3.7
26	-0.392106	25.000000	19069.768226	0.000092	3.4
27	-0.392962	25.020339	19061.340140	0.000087	3.3
28	-0.396080	26.020193	18656.013078	0.000057	3.7
29	-0.394997	26.006260	18661.542729	0.000100	3.5
30	-0.393612	26.928716	18302.375092	0.000092	3.5
31	-0.392278	27.928716	17928.313060	0.000085	3.2
32	-0.394142	27.914786	17933.418790	0.000123	3.9
33	-0.393764	28.906370	17577.101594	0.000188	3.8
34	-0.397408	29.906370	17231.818643	0.000137	3.7
35	-0.395141	30.906370	16899.839762	0.000114	3.5
36	-0.393933	31.906363	16580.412757	0.000075	4.3
37	-0.391196	32.906362	16272.835005	0.000077	3.7
38	-0.390216	33.905341	15976.757888	0.000114	3.5
39	-0.394695	34.886892	15696.155262	0.000071	4.0
40	-0.394722	35.886846	15420.248961	0.000102	3.8
41	-0.392693	36.886832	15153.866730	0.000156	3.8
42	-0.394076	37.886832	14896.527928	0.000161	4.0
43	-0.391876	38.886832	14647.783297	0.000154	4.2
44	-0.395280	39.886832	14407.209385	0.000191	4.2
45	-0.392687	40.886832	14174.410113	0.000190	3.2
46	-0.396778	41.886832	13949.014593	0.000138	3.6
47	-0.392389	42.886832	13730.675161	0.000121	3.5
48	-0.395503	42.945827	13718.007433	0.000117	3.7
49	-0.395385	43.945827	13506.785137	0.000067	3.0
50	-0.390079	43.931922	13509.677730	0.000118	3.7
51	-0.391775	43.919679	13512.225470	0.000100	3.3
52	-0.398089	44.919679	13307.245322	0.000138	3.5
53	-0.395541	45.525933	13185.975751	0.000089	3.3
54	-0.395220	46.525933	12990.702985	0.000102	3.4
55	-0.393817	46.511999	12993.384076	0.000086	3.4
56	-0.392700	46.673541	12962.367954	0.000098	3.3
57	-0.391502	47.673524	12773.617628	0.000084	3.2
58	-0.392578	48.673522	12590.282609	0.000117	3.6
59	-0.389997	49.673522	12412.135515	0.000052	3.3
60	-0.390368	49.661081	12414.320825	0.000059	3.2
61	-0.394632	49.649458	12416.363214	0.000048	3.3
62	-0.396352	49.875903	12376.693672	0.000118	3.5
63	-0.391773	50.875358	12204.590839	0.000065	3.1
64	-0.393940	51.836068	12043.611932	0.000062	3.1
65	-0.392968	51.822354	12045.879989	0.000063	3.2
66	-0.393963	51.854564	12040.554289	0.000087	3.6
67	-0.394049	52.853861	11877.636727	0.000061	3.2
68	-0.395998	52.840046	11879.859044	0.000166	3.7
69	-0.391718	52.828579	11881.704184	0.000127	3.5
70	-0.396570	53.828552	11722.922788	0.000168	4.7
71	-0.390797	54.828552	11568.325047	0.000152	3.7
72	-0.390594	55.828552	11417.751793	0.000099	3.6
73	-0.393195	56.828552	11271.047896	0.000116	3.9
74	-0.395596	56.814618	11273.066110	0.000105	3.3
75	-0.392906	57.814618	11130.033430	0.000136	3.4
76	-0.393324	58.814618	10990.584871	0.000212	3.1
77	-0.393372	59.814618	10854.587386	0.000087	3.6
78	-0.393948	60.814616	10721.914754	0.000112	3.2
79	-0.395201	60.800682	10723.741085	0.000075	3.1
80	-0.393879	60.786762	10725.566232	0.000071	3.2
81	-0.395387	61.712641	10605.505093	0.000187	3.6
82	-0.394824	61.698707	10607.291979	0.000171	3.1
83	-0.391777	62.698707	10480.560129	0.000070	3.3
84	-0.395952	63.698596	10356.834438	0.000101	3.2
85	-0.395014	64.538067	10255.192343	0.000101	3.7
86	-0.394854	65.537905	10136.706405	0.000040	3.0
87	-0.395474	65.550433	10135.239139	0.000072	3.3
88	-0.391647	65.538913	10136.588343	0.000090	3.2
89	-0.393637	65.528342	10137.826739	0.000079	3.5
90	-0.392917	66.528328	10022.004904	0.000085	3.1
91	-0.389569	66.514414	10023.598370	0.000088	3.2
92	-0.396201	66.500733	10025.165510	0.000063	3.1
93	-0.400186	66.487991	10026.625608	0.000153	3.7
94	-0.391691	66.474557	10028.165455	0.000100	3.1
95	-0.393609	67.044745	9963.221905	0.000074	3.2
96	-0.391669	67.099837	9956.991522	0.000118	3.0
97	-0.392241	68.010092	9855.167107	0.000132	3.7
98	-0.389356	69.010092	9745.677528	0.000071	3.2
99	-0.392840	70.003694	9639.271706	0.000058	3.1
100	-0.392709	69.990020	9640.720296	0.000096	3.1
101	-0.394510	70.042796	9635.131710	0.000069	3.5
102	-0.396821	70.028936	9636.598837	0.000061	3.2
103	-0.391454	71.027187	9532.067197	0.000083	3.3
104	-0.393295	71.013254	9533.510604	0.000126	3.2
105	-0.394829	72.005286	9431.822374	0.000090	3.3
106	-0.388663	72.489355	9382.986278	0.000071	3.2
107	-0.388007	72.475421	9384.384919	0.000103	3.2
108	-0.393836	72.461488	9385.783982	0.000209	3.2
109	-0.393367	73.461488	9286.423023	0.000077	3.3
110	-0.387636	73.447554	9287.793027	0.000157	3.3
111	-0.396454	74.447554	9190.485211	0.000093	3.3
112	-0.393077	75.447554	9095.195234	0.000050	3.1
113	-0.393589	75.436634	9096.225122	0.000079	3.3
114	-0.393154	75.529129	9087.509052	0.000079	3.3
115	-0.395804	76.421811	9004.239652	0.000124	3.3
116	-0.391015	77.421811	8912.753433	0.000090	3.1
117	-0.394880	77.408249	8913.981702	0.000095	3.3
118	-0.393895	78.371397	8827.583841	0.000124	3.3
119	-0.391510	79.371397	8739.634643	0.000066	3.3
120	-0.394861	79.694829	8711.562870	0.000068	3.2
121	-0.394452	79.682330	8712.644317	0.000089	3.3
122	-0.390790	79.669609	8713.745322	0.000131	3.5
123	-0.392228	80.669609	8628.038833	0.000122	3.2
124	-0.393077	81.669609	8544.001910	0.000118	3.1
125	-0.390764	82.669592	8461.587577	0.000056	3.3
126	-0.395672	83.636961	8383.360185	0.000104	3.3
127	-0.392181	84.488095	8315.718767	0.000069	3.1
128	-0.397673	84.474162	8316.817311	0.000152	3.3
129	-0.393079	85.462347	8239.620502	0.000151	3.1
130	-0.392881	86.462347	8162.946013	0.000085	3.5
131	-0.396128	87.462347	8087.685370	0.000109	3.2
132	-0.390157	87.973501	8049.749015	0.000075	3.2
133	-0.392679	88.971806	7976.674836	0.000077	3.1
134	-0.392628	88.958117	7977.667814	0.000067	3.5
135	-0.394593	88.944195	7978.678032	0.000111	3.2
136	-0.390119	89.943597	7906.804547	0.000129	3.2
137	-0.394739	90.943596	7836.172521	0.000106	3.1
138	-0.390271	91.943596	7766.791230	0.000070	3.1
139	-0.395767	91.930364	7767.701277	0.000072	3.2
140	-0.393595	92.929163	7699.603098	0.000100	3.2
141	-0.394467	93.881838	7635.752970	0.000055	3.1
142	-0.391949	93.867910	7636.678836	0.000138	3.1
143	-0.389353	94.867524	7570.795562	0.000176	3.9
144	-0.391875	95.867524	7506.014558	0.000163	3.1
145	-0.390808	96.867524	7442.332771	0.000086	3.4
146	-0.394899	97.867524	7379.722459	0.000077	3.4
147	-0.392129	97.853592	7380.587489	0.000135	3.3
148	-0.398672	98.476552	7342.104514	0.000107	3.1
149	-0.393764	99.476551	7281.162383	0.000091	3.7
150	-0.391983	99.471536	7281.465485	0.000128	3.3
151	-0.391832	99.457603	7282.307733	0.000088	3.2
152	-0.397116	99.443724	7283.146870	0.000141	3.1
153	-0.396087	99.429791	7283.989524	0.000079	3.1
154	-0.391334	100.428598	7224.075265	0.000081	3.1
155	-0.395564	100.416743	7224.780668	0.000102	3.1
156	-0.391834	100.402832	7225.608468	0.000078	3.1
157	-0.395791	101.399983	7166.743931	0.000096	3.2
158	-0.389439	101.386049	7167.559861	0.000112	3.2
159	-0.395731	101.374580	7168.231638	0.000083	3.2
160	-0.393198	101.841772	7140.969390	0.000101	3.1
161	-0.393609	101.827839	7141.779458	0.000082	3.2
162	-0.394388	101.813905	7142.589715	0.000048	3.0
163	-0.393352	102.430949	7106.883177	0.000069	3.1
164	-0.393623	102.417165	7107.676901	0.000111	3.2
165	-0.392131	103.417156	7050.549621	0.000161	3.2
166	-0.392224	103.403223	7051.339309	0.000094	3.1
167	-0.392537	104.403220	6995.110142	0.000106	3.0
168	-0.394164	105.403171	6939.773181	0.000087	3.3
169	-0.392703	105.389238	6940.538195	0.000105	3.1
170	-0.391403	106.388977	6886.069367	0.000124	3.1
171	-0.391434	107.388965	6832.435592	0.000087	3.3
172	-0.393800	107.375486	6833.152974	0.000079	4.3
173	-0.390870	107.361554	6833.894639	0.000121	3.5
174	-0.392501	108.361546	6781.067181	0.000079	3.5
175	-0.396708	108.434763	6777.231343	0.000111	3.6
176	-0.394770	109.434369	6725.292871	0.000048	3.3
177	-0.390501	109.672490	6713.037573	0.000043	3.3
178	-0.391198	109.659946	6713.682063	0.000070	3.2
179	-0.393365	109.676536	6712.829698	0.000078	3.1
180	-0.392941	109.662603	6713.545541	0.000090	3.3
181	-0.394046	109.648688	6714.260579	0.000122	3.1
182	-0.392351	110.648682	6663.259512	0.000096	3.4
183	-0.398579	111.648682	6613.027128	0.000111	3.1
184	-0.392643	111.634749	6613.721844	0.000198	3.3
185	-0.392523	112.634749	6564.230811	0.000090	3.1
186	-0.391498	112.620815	6564.915311	0.000141	3.2
187	-0.395064	113.620815	6516.149337	0.000101	3.1
188	-0.392431	113.884135	6503.428535	0.000090	3.3
189	-0.394016	114.884134	6455.568506	0.000110	3.0
190	-0.392712	115.884134	6408.407687	0.000134	3.2
191	-0.395052	116.884134	6361.930928	0.000083	3.1
192	-0.395096	117.884034	6316.127976	0.000186	3.1
193	-0.390168	117.870101	6316.761709	0.000082	3.0
194	-0.394330	118.870101	6271.600081	0.000078	3.2
195	-0.394580	118.856168	6272.224884	0.000052	3.1
196	-0.394159	119.752043	6232.302685	0.000094	3.1
197	-0.394335	119.738117	6232.919382	0.000093	3.1
198	-0.395116	120.737497	6188.971533	0.000114	3.0
199	-0.395245	120.724311	6189.547349	0.000073	3.0
