1:ItNr	2:Metric	3a:Time	3b:StepSize	4:||Gradient||	Time[ms]
0	-0.328267	0.000000	29432.107388	0.000553	18.9
1	-0.333029	0.000000	29432.107388	0.000136	0.8
2	-0.335842	0.000000	29432.107388	0.000072	0.7
3	-0.332869	0.000000	29432.107388	0.000187	0.9
4	-0.330926	1.000000	28094.284335	0.000165	0.8
5	-0.344323	2.000000	26872.793711	0.000092	0.8
6	-0.343613	3.000000	25753.094106	0.000064	0.9
7	-0.336085	2.972023	25783.149625	0.000122	0.9
8	-0.335723	3.971957	24750.733367	0.000090	0.8
9	-0.334406	4.971099	23798.540190	0.000108	0.8
10	-0.340190	4.943720	23823.656216	0.000167	0.8
11	-0.332192	5.943085	22939.995768	0.000160	0.7
12	-0.329953	6.943085	22119.041468	0.000079	0.9
13	-0.342252	7.935196	21360.638412	0.000189	0.9
14	-0.341071	7.907218	21381.312050	0.000239	1.0
15	-0.341297	8.907218	20666.390594	0.000128	1.1
16	-0.336447	9.907218	19997.731565	0.000045	0.9
17	-0.341764	9.879517	20015.671202	0.000089	1.0
18	-0.339089	10.476533	19636.033439	0.000051	0.9
19	-0.332298	11.304144	19132.970987	0.000116	0.9
20	-0.336749	11.707695	18896.906376	0.000149	0.8
21	-0.331586	12.707695	18336.295328	0.000166	0.9
22	-0.338316	13.707695	17807.988991	0.000131	0.9
23	-0.347114	14.598149	17362.539175	0.000074	0.9
24	-0.333243	15.598148	16888.129321	0.000073	0.9
25	-0.332708	15.570962	16900.683335	0.000095	0.9
26	-0.343345	16.570630	16450.995027	0.000050	0.9
27	-0.342456	16.598156	16438.951128	0.000069	0.9
28	-0.345696	16.628798	16425.564475	0.000087	0.8
29	-0.327556	16.771424	16363.541354	0.000045	1.0
30	-0.343187	17.167752	16193.624999	0.000141	0.9
31	-0.330102	18.151898	15786.571974	0.000126	1.0
32	-0.331426	19.151898	15393.400722	0.000101	0.9
33	-0.336414	20.151869	15019.348165	0.000087	0.7
34	-0.336688	20.130023	15027.325606	0.000096	0.8
35	-0.339304	21.129994	14670.646705	0.000101	0.8
36	-0.339425	21.158514	14660.722015	0.000067	0.7
37	-0.332941	22.158459	14321.045437	0.000096	0.8
38	-0.339057	22.577564	14183.313698	0.000090	0.8
39	-0.344127	23.577556	13865.144486	0.000079	0.9
40	-0.338316	24.577350	13560.995878	0.000123	0.8
41	-0.338486	24.549380	13569.323090	0.000105	0.8
42	-0.338237	25.549380	13277.819251	0.000132	0.8
43	-0.339706	25.521402	13285.804499	0.000117	0.8
44	-0.332728	26.521402	13006.229321	0.000068	0.8
45	-0.347897	27.517823	12739.117572	0.000021	1.0
46	-0.336948	27.724575	12685.061948	0.000087	0.9
47	-0.331738	28.025150	12607.289310	0.000046	0.9
48	-0.333553	27.997187	12614.484464	0.000049	1.0
49	-0.336242	27.975134	12620.164599	0.000118	0.7
50	-0.331348	27.947711	12627.235232	0.000104	0.7
51	-0.329663	28.947710	12374.426196	0.000181	0.7
52	-0.331453	28.919751	12381.356915	0.000040	0.8
53	-0.342124	28.891773	12388.299993	0.000046	0.8
54	-0.338891	29.368924	12270.944145	0.000123	0.8
55	-0.327515	29.342346	12277.422669	0.000115	0.9
56	-0.344306	30.342346	12038.294082	0.000134	1.0
57	-0.345591	31.342345	11808.302689	0.000113	1.2
58	-0.333400	32.340910	11587.246086	0.000058	1.0
59	-0.340888	33.317529	11378.909666	0.000083	1.2
60	-0.340085	33.290136	11384.651026	0.000058	0.9
61	-0.335009	34.264460	11183.937217	0.000130	0.8
62	-0.337778	34.236483	11189.601976	0.000075	0.8
63	-0.338926	34.213095	11194.341851	0.000137	0.8
64	-0.334105	34.187755	11199.481707	0.000095	0.7
65	-0.338416	34.159777	11205.162255	0.000071	0.8
66	-0.336220	34.131806	11210.847223	0.000071	0.7
67	-0.337686	34.103872	11216.530469	0.000033	0.9
68	-0.340766	34.454532	11145.603963	0.000121	0.8
69	-0.334505	34.595627	11117.317730	0.000160	0.8
70	-0.338371	35.593365	10921.320198	0.000125	0.7
71	-0.352623	35.565387	10926.722012	0.000108	0.8
72	-0.340163	36.565387	10736.907926	0.000060	0.8
73	-0.333790	37.473350	10570.187150	0.000065	0.8
74	-0.331615	37.445460	10575.231257	0.000075	0.8
75	-0.337362	37.574691	10551.899489	0.000126	1.0
76	-0.331936	38.573877	10374.920862	0.000068	0.9
77	-0.338193	38.545903	10379.794804	0.000039	0.8
78	-0.339080	39.263962	10256.117245	0.000201	0.7
79	-0.331288	39.236003	10260.877649	0.000117	0.9
80	-0.338124	40.236003	10093.314823	0.000047	0.8
81	-0.339827	40.331204	10077.647582	0.000048	0.8
82	-0.341578	40.471688	10054.616563	0.000086	0.7
83	-0.340023	40.999518	9969.017051	0.000081	0.8
84	-0.338897	40.971928	9973.455311	0.000124	0.8
85	-0.332138	41.967389	9815.783517	0.000014	0.7
86	-0.344035	41.949796	9818.526686	0.000077	0.8
87	-0.331166	41.942106	9819.726355	0.000063	0.8
88	-0.338368	42.785817	9689.838398	0.000086	0.8
89	-0.339382	42.758039	9694.059951	0.000076	0.8
90	-0.335659	42.730278	9698.282734	0.000053	0.9
91	-0.339472	43.677300	9556.277986	0.000142	1.0
92	-0.338240	43.649322	9560.413565	0.000213	0.9
93	-0.340701	44.649317	9414.785756	0.000087	0.8
94	-0.331007	45.649317	9273.527208	0.000074	0.8
95	-0.337006	46.510232	9155.267764	0.000148	0.9
96	-0.337092	47.510165	9021.643130	0.000107	0.8
97	-0.337280	48.510165	8891.854298	0.000119	0.9
98	-0.349670	48.482220	8895.430388	0.000087	0.8
99	-0.345498	49.482219	8769.222404	0.000037	0.9
100	-0.329198	49.481121	8769.359014	0.000140	0.9
101	-0.325761	50.442671	8651.331805	0.000103	0.9
102	-0.330629	50.414699	8654.720399	0.000051	0.9
103	-0.339766	51.411866	8535.538238	0.000056	1.0
104	-0.327112	51.384187	8538.802248	0.000032	0.9
105	-0.326820	51.359641	8541.698752	0.000063	1.0
106	-0.336025	51.832017	8486.298729	0.000166	0.9
107	-0.341171	51.804039	8489.559933	0.000064	0.9
108	-0.336685	51.776061	8492.823645	0.000036	0.8
109	-0.333210	51.754245	8495.370393	0.000072	0.8
110	-0.328212	51.731647	8498.009838	0.000019	1.0
111	-0.330994	51.742721	8496.716234	0.000114	0.9
112	-0.338614	51.756285	8495.132137	0.000092	0.9
113	-0.335442	52.014227	8465.120864	0.000132	0.8
114	-0.341818	51.986249	8468.365809	0.000191	0.8
115	-0.336861	52.986249	8353.907164	0.000086	0.8
116	-0.337706	52.958271	8357.067389	0.000039	0.9
117	-0.337164	52.930692	8360.184905	0.000091	0.9
118	-0.338314	53.559967	8289.626161	0.000144	0.9
119	-0.339392	54.345801	8203.167870	0.000095	0.9
120	-0.324359	55.345801	8095.720339	0.000134	1.0
121	-0.342076	55.326717	8097.744510	0.000097	0.9
122	-0.334676	56.326717	7993.023338	0.000083	0.8
123	-0.337689	56.298741	7995.916190	0.000044	0.8
124	-0.339950	57.228589	7900.874339	0.000106	0.9
125	-0.338966	57.200616	7903.700626	0.000133	0.8
126	-0.343958	58.200616	7803.907202	0.000073	0.8
127	-0.326301	58.173103	7806.619098	0.000047	0.8
128	-0.337839	58.145940	7809.298271	0.000056	0.7
129	-0.344861	58.650643	7759.814985	0.000057	0.7
130	-0.333028	58.638541	7760.994180	0.000094	0.7
131	-0.336497	58.613024	7763.481709	0.000067	0.7
132	-0.335689	58.612723	7763.511085	0.000116	0.8
133	-0.340838	59.611811	7667.291489	0.000065	0.8
134	-0.339724	60.564500	7577.736105	0.000132	0.7
135	-0.333479	61.326248	7507.620802	0.000141	1.1
136	-0.334982	61.298271	7510.173073	0.000120	0.7
137	-0.339141	61.273282	7512.454130	0.000101	0.8
138	-0.332304	61.245320	7515.008213	0.000134	0.9
139	-0.340380	62.245320	7424.732794	0.000056	0.7
140	-0.344450	63.184915	7341.864686	0.000050	0.7
141	-0.342485	63.157234	7344.279623	0.000088	0.9
142	-0.339424	63.130563	7346.607840	0.000035	0.8
143	-0.337275	63.130303	7346.630575	0.000122	0.9
144	-0.333863	63.102338	7349.073404	0.000085	0.7
145	-0.339326	64.102332	7262.718163	0.000095	0.7
146	-0.332483	64.074366	7265.105658	0.000086	0.7
147	-0.336194	65.069435	7181.112004	0.000109	0.7
148	-0.341876	65.041473	7183.445734	0.000043	0.7
149	-0.339533	66.037148	7101.269589	0.000055	0.8
150	-0.339628	66.009484	7103.527437	0.000060	0.8
151	-0.340454	66.123950	7094.194613	0.000155	0.9
152	-0.340604	67.116532	7014.282544	0.000156	0.8
153	-0.335036	68.116532	6935.573462	0.000049	0.9
154	-0.330919	68.284097	6922.557034	0.000116	1.0
155	-0.332511	68.256127	6924.726384	0.000137	0.7
156	-0.337861	68.228149	6926.897664	0.000186	0.7
157	-0.334086	69.228148	6850.126832	0.000093	0.7
158	-0.343082	70.228148	6775.038967	0.000118	0.7
159	-0.334002	71.228147	6701.579435	0.000106	0.7
160	-0.336909	72.228147	6629.695818	0.000132	0.7
161	-0.335391	72.200192	6631.684374	0.000199	0.8
162	-0.332815	73.200192	6561.284471	0.000071	0.6
163	-0.327730	73.172214	6563.233781	0.000006	0.8
164	-0.339981	73.157485	6564.260457	0.000071	0.8
165	-0.329159	73.152191	6564.629514	0.000079	0.7
166	-0.337037	74.143295	6496.246034	0.000077	0.8
167	-0.343799	74.305163	6485.212738	0.000094	0.7
168	-0.338273	75.304502	6417.916560	0.000061	0.8
169	-0.329131	75.276524	6419.781576	0.000105	0.9
170	-0.332896	75.973516	6373.639709	0.000066	0.8
171	-0.339859	76.500338	6339.201167	0.000062	0.8
172	-0.337714	76.472432	6341.016014	0.000043	0.8
173	-0.332190	76.444904	6342.807354	0.000024	0.8
174	-0.339428	76.449524	6342.506640	0.000178	0.8
175	-0.335008	76.421894	6344.305459	0.000061	0.7
176	-0.346816	76.393916	6346.127958	0.000125	0.9
177	-0.333638	76.365938	6347.951503	0.000163	0.7
178	-0.331013	77.365938	6283.417462	0.000094	0.8
179	-0.324578	77.337961	6285.205142	0.000117	0.7
180	-0.331229	78.337196	6221.982114	0.000047	0.9
181	-0.328927	79.297985	6162.379583	0.000158	0.8
182	-0.342284	79.270118	6164.092257	0.000065	0.7
183	-0.336431	80.266542	6103.439942	0.000139	0.8
184	-0.341800	80.890192	6066.081969	0.000104	0.7
185	-0.337234	80.862224	6067.747514	0.000158	1.0
186	-0.332753	80.834246	6069.414565	0.000063	0.8
187	-0.327500	81.834217	6010.394912	0.000099	0.9
188	-0.340302	81.806254	6012.029737	0.000110	0.8
189	-0.336826	81.778276	6013.666308	0.000104	0.8
190	-0.340755	82.771075	5956.132347	0.000129	0.8
191	-0.344389	83.771075	5899.283335	0.000055	0.8
192	-0.339522	83.744953	5900.754548	0.000152	0.7
193	-0.336833	84.744934	5844.953798	0.000059	0.8
194	-0.330013	85.744617	5790.214731	0.000064	0.8
195	-0.344679	85.719297	5791.588493	0.000097	0.8
196	-0.341821	86.717750	5737.905367	0.000083	0.8
197	-0.335070	86.692440	5739.253873	0.000115	0.9
198	-0.343765	86.664462	5740.745287	0.000207	0.8
199	-0.337398	87.664462	5687.915271	0.000132	0.8
