1:ItNr	2:Metric	3a:Time	3b:StepSize	4:||Gradient||	Time[ms]
0	-0.147578	0.000000	50557.502825	0.000187	43.8
1	-0.148440	0.000000	50557.502825	0.000198	4.2
2	-0.147974	0.000000	50557.502825	0.000226	4.2
3	-0.144207	0.999343	48260.876364	0.000186	4.0
4	-0.146282	1.947075	46267.664439	0.000199	4.7
5	-0.147944	2.946490	44336.667472	0.000185	5.1
6	-0.148343	2.234508	45695.288496	0.000203	4.3
7	-0.147103	3.234493	43809.769199	0.000215	4.4
8	-0.151435	4.234493	42073.662934	0.000201	4.3
9	-0.147877	4.877919	41027.547306	0.000192	4.1
10	-0.151856	5.859226	39528.598947	0.000212	4.3
11	-0.146456	5.114262	40656.233793	0.000182	4.9
12	-0.146724	6.114262	39156.792916	0.000193	4.7
13	-0.146292	7.092313	37793.526503	0.000183	4.2
14	-0.145160	8.092313	36494.436743	0.000194	4.8
15	-0.147474	9.092312	35281.687442	0.000177	5.0
16	-0.143687	9.808388	34461.639066	0.000192	4.3
17	-0.147491	10.808285	33378.333774	0.000208	4.7
18	-0.147501	11.781273	32387.624911	0.000198	4.6
19	-0.149446	11.036328	33140.738686	0.000187	4.2
20	-0.145505	12.036327	32137.578259	0.000187	4.5
21	-0.146729	13.011490	31216.143791	0.000190	4.5
22	-0.149773	14.011490	30324.546669	0.000193	4.2
23	-0.143020	13.953670	30374.708797	0.000190	4.7
24	-0.149779	13.557035	30723.340808	0.000184	4.5
25	-0.148395	14.557010	29859.303458	0.000224	4.2
26	-0.152132	15.557010	29042.516145	0.000201	5.0
27	-0.149747	16.185609	28551.570892	0.000185	4.7
28	-0.149290	17.185609	27803.865895	0.000197	4.4
29	-0.148878	17.046064	27905.844589	0.000198	5.5
30	-0.150189	16.301101	28463.169514	0.000200	5.6
31	-0.146361	15.556138	29043.209064	0.000184	6.0
32	-0.145326	16.556138	28269.881171	0.000188	8.3
33	-0.151751	16.778759	28103.293789	0.000197	7.1
34	-0.148456	17.339666	27692.143911	0.000190	4.6
35	-0.148233	17.400621	27648.187257	0.000191	5.0
36	-0.148995	16.655658	28195.166683	0.000185	4.9
37	-0.145151	17.655333	27466.004595	0.000188	4.4
38	-0.146883	16.915485	28001.951440	0.000208	4.8
39	-0.149275	16.170592	28563.105822	0.000197	4.9
40	-0.145553	17.170592	27814.804480	0.000191	4.4
41	-0.145674	18.126269	27135.415165	0.000192	5.6
42	-0.152026	19.126266	26459.166559	0.000184	4.7
43	-0.147358	19.989670	25901.832610	0.000186	5.5
44	-0.145738	19.260525	26370.931587	0.000191	5.7
45	-0.149134	18.533058	26856.196014	0.000192	5.3
46	-0.146820	17.856911	27323.519086	0.000192	5.5
47	-0.147813	18.856372	26638.339374	0.000193	6.8
48	-0.147478	18.465810	26901.958184	0.000187	5.5
49	-0.149021	19.465803	26237.155327	0.000209	5.9
50	-0.147271	20.465493	25604.604866	0.000194	6.1
51	-0.148416	21.465454	25001.676647	0.000201	5.9
52	-0.148265	22.465454	24426.468659	0.000193	6.3
53	-0.149519	21.815712	24797.148499	0.000188	7.1
54	-0.149442	22.815000	24231.599974	0.000191	6.2
55	-0.149581	23.815000	23690.897088	0.000193	6.5
56	-0.146058	23.070224	24091.267577	0.000186	5.8
57	-0.146657	23.173963	24034.691038	0.000188	6.2
58	-0.150832	24.169014	23505.218909	0.000205	5.5
59	-0.149596	25.144926	23008.110743	0.000197	6.7
60	-0.152125	26.013332	22583.116460	0.000201	7.1
61	-0.149961	27.013332	22112.765518	0.000189	5.1
62	-0.152176	28.013246	21661.645516	0.000201	5.1
63	-0.151083	29.013246	21228.527464	0.000197	5.8
64	-0.143817	28.270128	21548.706944	0.000182	5.1
65	-0.143192	29.270090	21120.064786	0.000201	5.0
66	-0.148145	28.525127	21437.755363	0.000175	5.4
67	-0.149123	27.780464	21765.015482	0.000193	5.2
68	-0.147676	27.035501	22102.560422	0.000195	5.0
69	-0.147670	28.035501	21651.814328	0.000190	6.0
70	-0.147656	28.860675	21293.485451	0.000211	5.2
71	-0.148919	29.815471	20893.392061	0.000182	5.2
72	-0.148813	30.766065	20509.721056	0.000200	5.0
73	-0.151386	30.021102	20809.185215	0.000193	5.5
74	-0.149440	29.278125	21116.689413	0.000192	4.9
75	-0.148036	30.277365	20705.189427	0.000183	4.9
76	-0.151743	31.276905	20309.304013	0.000191	5.0
77	-0.148598	32.276905	19928.101241	0.000171	6.7
78	-0.145731	31.581395	20191.696244	0.000199	7.9
79	-0.149980	30.836432	20481.879701	0.000197	8.1
80	-0.148862	31.836426	20094.235067	0.000178	6.5
81	-0.147178	31.091462	20381.604038	0.000176	5.7
82	-0.147669	32.091006	19997.879692	0.000192	4.7
83	-0.149142	31.922930	20061.390214	0.000188	5.1
84	-0.147375	32.922580	19689.479880	0.000179	5.7
85	-0.148575	33.432092	19505.176301	0.000193	4.6
86	-0.148337	32.687181	19775.811355	0.000208	4.5
87	-0.148279	33.603006	19444.122792	0.000182	4.5
88	-0.150748	33.076223	19633.537717	0.000208	5.1
89	-0.146530	34.076223	19277.058338	0.000189	4.5
90	-0.149674	33.392896	19519.232062	0.000194	4.6
91	-0.152082	34.331682	19188.058498	0.000184	4.9
92	-0.150594	35.331682	18847.432176	0.000202	4.1
93	-0.148857	36.295619	18530.344610	0.000203	4.6
94	-0.146475	35.550664	18774.448973	0.000196	4.8
95	-0.148311	35.916964	18653.622448	0.000213	4.4
96	-0.150467	36.916964	18331.547169	0.000192	4.4
97	-0.150155	37.916964	18020.405084	0.000201	4.7
98	-0.148656	38.916963	17719.649173	0.000195	4.3
99	-0.146322	39.916963	17428.767153	0.000199	5.0
100	-0.148423	39.174005	17643.957010	0.000212	4.3
101	-0.148604	40.024000	17398.196879	0.000183	4.1
102	-0.144169	39.296859	17608.007616	0.000194	4.0
103	-0.152329	40.292271	17322.046237	0.000191	4.3
104	-0.149250	39.547308	17535.173633	0.000200	4.1
105	-0.149612	40.547247	17250.285003	0.000191	4.6
106	-0.144932	41.547247	16974.488934	0.000190	4.2
107	-0.147271	40.802684	17178.987789	0.000179	4.0
108	-0.149758	40.780602	17185.128180	0.000181	4.7
109	-0.144688	40.035638	17394.879272	0.000196	4.8
110	-0.147614	41.014218	17120.389385	0.000195	5.5
111	-0.148639	42.014218	16848.698488	0.000203	4.6
112	-0.147346	41.510988	16984.334939	0.000206	4.5
113	-0.147792	42.484803	16723.806353	0.000192	4.3
114	-0.148957	43.484802	16464.461712	0.000212	4.7
115	-0.150510	42.837717	16631.352169	0.000202	5.0
116	-0.152621	43.837556	16374.885640	0.000191	5.0
117	-0.148785	44.837498	16126.183190	0.000199	4.7
118	-0.148924	45.830285	15886.623335	0.000208	4.2
119	-0.147749	46.820363	15654.701921	0.000186	4.9
120	-0.148090	47.819895	15427.334740	0.000193	4.4
121	-0.146238	48.211429	15340.061222	0.000177	4.4
122	-0.141551	47.467424	15506.754844	0.000171	5.4
123	-0.146286	48.457651	15285.681924	0.000194	4.6
124	-0.149207	47.713081	15451.316357	0.000197	4.1
125	-0.147026	48.713081	15229.674798	0.000187	4.7
126	-0.148100	49.713081	15014.301992	0.000186	4.2
127	-0.150960	49.112779	15142.853697	0.000180	4.1
128	-0.148816	48.367824	15305.475854	0.000200	4.6
129	-0.148038	49.362194	15089.176465	0.000190	5.1
130	-0.150648	50.361796	14877.814487	0.000189	4.1
131	-0.150486	50.884583	14769.614317	0.000202	4.8
132	-0.146202	51.884581	14566.970682	0.000185	4.3
133	-0.148077	51.490160	14646.230086	0.000181	4.2
134	-0.148704	50.745196	14798.308638	0.000205	4.5
135	-0.151567	50.071816	14938.517418	0.000220	4.7
136	-0.149059	49.946466	14964.911131	0.000187	4.5
137	-0.149489	49.201662	15123.681145	0.000184	4.8
138	-0.147150	50.201653	14911.276776	0.000193	4.9
139	-0.147570	49.462365	15067.725264	0.000197	4.6
140	-0.149326	50.462365	14856.876865	0.000190	4.6
141	-0.145228	49.717402	15013.384732	0.000179	5.1
142	-0.149684	50.717402	14804.043842	0.000179	5.1
143	-0.147562	51.717402	14600.460608	0.000181	4.7
144	-0.150481	50.972439	14751.585171	0.000202	4.6
145	-0.149260	51.972415	14549.437003	0.000175	4.7
146	-0.151203	52.972021	14352.826205	0.000209	4.8
147	-0.148642	53.972007	14161.386404	0.000181	4.5
148	-0.147037	53.888571	14177.164025	0.000184	4.9
149	-0.147943	54.823469	14002.360593	0.000192	5.3
150	-0.151001	54.162514	14125.492899	0.000178	4.6
151	-0.151881	53.460103	14258.744072	0.000178	4.6
152	-0.149829	54.093577	14138.460380	0.000207	4.9
153	-0.150251	55.026860	13964.900799	0.000199	4.7
154	-0.149704	54.289637	14101.642715	0.000195	4.7
155	-0.144473	55.289637	13916.799273	0.000189	4.6
156	-0.144410	54.662826	14032.089755	0.000204	4.3
157	-0.144093	53.917862	14171.621145	0.000179	4.4
158	-0.149400	54.917862	13984.950700	0.000197	4.2
159	-0.151484	54.733008	14019.086003	0.000194	4.2
160	-0.150519	55.729843	13836.957262	0.000194	4.3
161	-0.141388	56.286313	13737.329718	0.000191	4.0
162	-0.148474	57.286313	13561.854220	0.000202	4.0
163	-0.150988	58.286256	13390.814633	0.000188	4.2
164	-0.149434	58.016251	13436.572160	0.000206	4.6
165	-0.146739	59.016251	13268.649119	0.000176	5.8
166	-0.148791	60.016250	13104.871615	0.000193	4.2
167	-0.150865	61.016250	12945.087773	0.000208	4.5
168	-0.147885	62.016250	12789.153419	0.000203	4.1
169	-0.146889	61.342165	12893.850468	0.000189	4.5
170	-0.149369	60.597201	13011.568316	0.000182	4.0
171	-0.147671	61.597169	12854.042974	0.000205	4.2
172	-0.148872	61.226145	12912.043464	0.000196	4.0
173	-0.146332	62.222617	12757.440135	0.000192	4.3
174	-0.148998	61.477696	12872.662613	0.000204	4.1
175	-0.145753	60.732935	12989.959979	0.000183	4.6
176	-0.146252	61.732888	12832.956559	0.000187	4.3
177	-0.145792	62.732887	12679.696112	0.000181	4.1
178	-0.147944	63.084814	12626.626781	0.000169	4.1
179	-0.147095	62.858040	12660.772355	0.000169	4.5
180	-0.149085	63.858040	12511.572927	0.000192	4.1
181	-0.148810	63.117451	12621.727604	0.000182	4.1
182	-0.146501	64.117450	12473.441778	0.000187	4.7
183	-0.147604	64.525594	12413.916273	0.000172	4.2
184	-0.150823	63.787032	12522.051274	0.000196	4.4
185	-0.150230	64.787031	12376.084611	0.000199	5.1
186	-0.147744	64.149213	12468.788942	0.000199	5.5
187	-0.145255	65.144412	12324.740967	0.000201	4.4
188	-0.152540	66.137199	12184.320512	0.000201	5.8
189	-0.149056	65.392292	12289.378283	0.000192	5.1
190	-0.149621	65.552657	12266.608546	0.000179	5.5
191	-0.151583	64.834650	12369.218710	0.000193	4.8
192	-0.149737	64.090119	12477.448275	0.000183	5.0
193	-0.148387	63.345158	12587.652710	0.000200	4.6
194	-0.147666	62.600195	12699.821588	0.000199	4.8
195	-0.143683	63.600195	12549.705840	0.000176	5.0
196	-0.149022	64.596023	12403.702018	0.000195	4.6
197	-0.151081	63.854065	12512.159000	0.000189	4.8
198	-0.148773	64.854063	12366.421796	0.000195	4.3
199	-0.149789	65.854063	12224.040181	0.000177	4.2
