1:ItNr	2:Metric	3a:Time	3b:StepSize	4:||Gradient||	Time[ms]
0	-0.632074	0.000000	34387.607929	0.000909	14.2
1	-0.628025	0.000000	34387.607929	0.000888	0.7
2	-0.654798	0.000000	34387.607929	0.000752	0.8
3	-0.681920	0.000000	34387.607929	0.000649	0.7
4	-0.689424	0.000000	34387.607929	0.000489	0.7
5	-0.698184	0.000000	34387.607929	0.000328	0.8
6	-0.699261	0.000000	34387.607929	0.000193	0.8
7	-0.703585	0.000000	34387.607929	0.000220	0.8
8	-0.697281	0.000000	34387.607929	0.000138	0.9
9	-0.701081	0.000000	34387.607929	0.000099	0.8
10	-0.705100	0.000000	34387.607929	0.000200	0.8
11	-0.698254	0.000000	34387.607929	0.000085	0.7
12	-0.694625	0.000000	34387.607929	0.000064	0.7
13	-0.706514	0.000000	34387.607929	0.000054	0.7
14	-0.700292	0.000000	34387.607929	0.000065	0.8
15	-0.704427	0.943316	32909.326746	0.000046	0.7
16	-0.703938	1.943316	31474.951425	0.000031	0.8
17	-0.699356	1.947552	31469.141079	0.000057	0.8
18	-0.708393	1.935616	31485.519294	0.000059	0.7
19	-0.705807	2.865931	30258.185358	0.000055	0.8
20	-0.708891	3.865931	29041.332257	0.000051	0.8
21	-0.701020	3.853994	29055.280328	0.000060	0.8
22	-0.699338	3.842058	29069.240537	0.000025	0.7
23	-0.706051	3.830258	29083.054748	0.000053	0.7
24	-0.701962	3.818328	29097.035572	0.000052	0.8
25	-0.709476	3.806391	29111.037214	0.000022	0.8
26	-0.712733	3.794459	29125.046154	0.000067	0.9
27	-0.708961	4.794365	27996.028495	0.000042	0.8
28	-0.698034	4.782428	28008.990161	0.000083	0.7
29	-0.706115	5.782428	26963.192880	0.000030	0.9
30	-0.697153	5.770493	26975.213997	0.000080	0.8
31	-0.696935	6.770347	26003.987849	0.000079	0.8
32	-0.710877	7.770347	25100.140988	0.000048	0.9
33	-0.700294	7.758410	25110.559485	0.000053	0.9
34	-0.694100	8.758410	24266.745605	0.000018	0.9
35	-0.706519	8.762388	24263.502071	0.000004	0.8
36	-0.700990	8.774478	24253.649908	0.000046	0.9
37	-0.704189	8.786358	24243.976313	0.000059	0.8
38	-0.707321	9.786357	23456.486571	0.000049	1.0
39	-0.693314	10.786357	22718.544617	0.000044	1.0
40	-0.693469	11.079463	22510.968334	0.000072	1.0
41	-0.701353	12.079462	21830.456506	0.000041	0.9
42	-0.701212	13.079462	21189.881425	0.000066	0.9
43	-0.697461	13.067525	21197.306174	0.000038	0.9
44	-0.698304	13.055588	21204.736122	0.000051	0.8
45	-0.698097	13.047492	21209.778875	0.000042	0.9
46	-0.706636	14.047489	20604.607583	0.000059	0.8
47	-0.706797	14.035552	20611.627778	0.000048	0.9
48	-0.695825	14.948941	20087.928868	0.000011	0.8
49	-0.702112	14.937332	20094.417775	0.000039	0.7
50	-0.702333	15.157948	19971.812530	0.000064	0.7
51	-0.703645	15.146011	19978.408078	0.000041	0.7
52	-0.705587	15.134079	19985.005497	0.000039	0.7
53	-0.698549	15.134573	19984.732294	0.000019	0.9
54	-0.698761	16.094789	19467.418037	0.000048	0.9
55	-0.706109	16.082912	19473.653337	0.000046	0.9
56	-0.701257	17.058830	18974.302948	0.000075	1.2
57	-0.701843	18.058830	18488.515149	0.000054	1.0
58	-0.695577	18.622627	18225.438703	0.000048	0.9
59	-0.700218	18.610690	18230.931067	0.000074	0.9
60	-0.699756	18.598753	18236.426744	0.000031	0.9
61	-0.713645	19.598753	17787.240170	0.000044	1.0
62	-0.705511	19.606078	17784.031433	0.000053	1.0
63	-0.696573	20.606075	17356.594219	0.000052	0.9
64	-0.706730	20.594138	17361.575286	0.000059	0.9
65	-0.706943	21.594138	16953.970633	0.000054	0.9
66	-0.708586	22.593631	16565.258519	0.000046	1.0
67	-0.697995	22.581694	16569.795718	0.000025	0.8
68	-0.695752	22.569772	16574.329776	0.000030	1.0
69	-0.701778	22.560189	16577.976023	0.000041	1.0
70	-0.711083	23.553714	16208.295716	0.000037	1.1
71	-0.704698	23.541777	16212.639452	0.000042	0.9
72	-0.697396	23.529841	16216.985061	0.000089	0.9
73	-0.706154	24.529841	15860.801408	0.000041	1.0
74	-0.703251	24.517904	15864.960866	0.000044	0.9
75	-0.696901	24.505969	15869.121899	0.000060	1.0
76	-0.691499	25.505866	15527.928618	0.000040	0.9
77	-0.703486	26.183125	15305.043052	0.000030	0.9
78	-0.704005	26.171189	15308.916070	0.000060	0.8
79	-0.704719	27.171187	14991.114323	0.000085	0.9
80	-0.705526	28.171187	14686.238331	0.000052	0.9
81	-0.703620	28.159250	14689.804477	0.000033	1.2
82	-0.700249	29.159222	14396.949052	0.000030	0.9
83	-0.702124	29.147444	14400.330507	0.000031	0.9
84	-0.705632	29.852851	14200.575800	0.000047	0.8
85	-0.702608	29.840994	14203.887567	0.000037	1.0
86	-0.699595	30.840952	13929.909384	0.000062	0.9
87	-0.707637	30.829015	13933.117640	0.000075	0.8
88	-0.699851	30.817078	13936.327376	0.000043	0.7
89	-0.697926	30.805141	13939.538590	0.000036	0.8
90	-0.700421	31.722659	13696.952706	0.000038	0.9
91	-0.703490	31.710842	13700.023334	0.000053	0.8
92	-0.703097	32.709996	13445.165083	0.000038	0.8
93	-0.703216	33.709996	13199.411769	0.000034	0.9
94	-0.704034	33.698097	13202.283101	0.000076	0.9
95	-0.707123	33.713643	13198.531894	0.000029	0.8
96	-0.710197	33.701706	13201.412067	0.000030	0.9
97	-0.701437	33.690029	13204.230757	0.000015	0.9
98	-0.705126	33.682841	13205.966387	0.000063	0.8
99	-0.705934	33.670906	13208.849477	0.000058	0.9
100	-0.706881	33.658969	13211.734156	0.000033	0.8
101	-0.708989	34.658553	12974.461629	0.000084	0.7
102	-0.708891	35.658553	12745.467781	0.000051	0.7
103	-0.705332	36.499217	12559.123494	0.000034	0.8
104	-0.700109	36.487280	12561.731335	0.000090	0.8
105	-0.699447	36.475343	12564.340202	0.000031	0.8
106	-0.705317	37.474835	12349.582025	0.000051	0.9
107	-0.699715	37.463002	12352.081534	0.000030	0.8
108	-0.708561	38.248512	12188.319018	0.000031	0.9
109	-0.699759	39.111919	12013.254170	0.000062	0.8
110	-0.695597	39.099984	12015.639920	0.000064	0.9
111	-0.701082	39.817259	11873.928235	0.000031	1.0
112	-0.707541	39.805322	11876.259255	0.000032	0.9
113	-0.705316	40.784335	11688.072078	0.000046	0.7
114	-0.711920	40.772399	11690.330692	0.000040	0.8
115	-0.704526	40.760462	11692.590180	0.000033	0.8
116	-0.702959	41.751476	11507.932744	0.000040	0.7
117	-0.707669	41.739540	11510.122121	0.000023	0.8
118	-0.714224	41.727873	11512.262962	0.000071	1.2
119	-0.699129	42.727531	11331.676438	0.000053	1.0
120	-0.705819	43.033177	11277.587732	0.000049	0.9
121	-0.703157	43.021240	11279.690474	0.000042	0.8
122	-0.698187	43.029403	11278.252412	0.000022	0.8
123	-0.707839	43.145107	11257.908898	0.000039	0.7
124	-0.709768	44.017531	11106.846978	0.000048	0.8
125	-0.708393	44.005594	11108.886524	0.000047	0.9
126	-0.701167	45.005591	10940.584826	0.000069	0.8
127	-0.709857	45.084241	10927.563926	0.000027	0.9
128	-0.698270	45.072304	10929.538147	0.000027	0.9
129	-0.701589	45.065855	10930.605034	0.000054	0.8
130	-0.709489	45.068900	10930.101184	0.000053	0.9
131	-0.713639	46.068900	10767.132968	0.000035	0.8
132	-0.711348	47.068785	10608.971040	0.000085	0.8
133	-0.706648	47.056848	10610.831821	0.000056	1.1
134	-0.705205	48.056848	10457.178242	0.000033	1.0
135	-0.698477	48.045076	10458.961066	0.000043	0.9
136	-0.711053	49.044488	10309.730150	0.000029	0.8
137	-0.702988	50.044011	10164.681844	0.000052	0.8
138	-0.714154	50.037295	10165.642807	0.000074	0.9
139	-0.697640	51.037266	10024.530514	0.000048	0.9
140	-0.708005	51.064880	10020.689203	0.000040	26.7
141	-0.707219	52.064880	9883.541440	0.000072	9.8
142	-0.700270	52.052943	9885.156426	0.000045	1.1
143	-0.706354	53.052931	9751.670319	0.000022	1.1
144	-0.695745	53.041090	9753.229805	0.000028	1.3
145	-0.698781	53.065079	9750.070829	0.000009	1.2
146	-0.704212	53.056666	9751.178435	0.000019	6.8
147	-0.707892	53.103864	9744.967828	0.000033	1.6
148	-0.704713	53.091960	9746.533398	0.000005	1.4
149	-0.693717	53.141912	9739.966933	0.000031	1.1
150	-0.711188	53.140255	9740.184567	0.000056	1.0
151	-0.706267	53.136588	9740.666285	0.000064	0.9
152	-0.718854	53.173633	9735.801521	0.000021	0.9
153	-0.711958	54.110087	9614.417886	0.000040	0.9
154	-0.712510	54.208966	9601.777563	0.000055	0.9
155	-0.693612	55.131460	9485.431790	0.000023	0.8
156	-0.706359	55.120551	9486.791059	0.000044	1.0
157	-0.696294	55.118336	9487.067114	0.000035	0.9
158	-0.703649	55.106404	9488.554607	0.000042	0.9
159	-0.701208	56.106386	9365.498819	0.000041	1.0
160	-0.697287	56.094482	9366.944865	0.000055	1.0
161	-0.704704	56.093009	9367.123900	0.000042	1.0
162	-0.712733	57.093004	9247.176195	0.000013	0.8
163	-0.704730	57.081918	9248.489133	0.000051	0.8
164	-0.699648	57.179596	9236.934014	0.000054	0.8
165	-0.709153	58.179478	9120.289549	0.000091	0.7
166	-0.698177	59.179478	9006.541121	0.000010	0.8
167	-0.708806	59.272917	8996.057322	0.000069	0.8
168	-0.698288	59.261075	8997.384707	0.000020	0.8
169	-0.711424	59.668430	8951.950226	0.000021	0.7
170	-0.700204	59.656742	8953.247356	0.000035	0.7
171	-0.706192	60.456851	8865.304250	0.000052	0.7
172	-0.700438	61.453739	8758.120350	0.000063	0.9
173	-0.696820	61.441802	8759.388461	0.000050	0.8
174	-0.704368	61.429865	8760.656939	0.000060	0.9
175	-0.702986	61.968396	8703.793265	0.000017	1.0
176	-0.703246	62.891016	8608.070360	0.000024	1.0
177	-0.700288	62.880048	8609.195870	0.000042	0.7
178	-0.700679	63.397178	8556.444469	0.000026	0.7
179	-0.692280	64.395310	8456.433569	0.000060	0.7
180	-0.698501	65.392575	8358.817530	0.000028	0.8
181	-0.701032	66.392573	8263.170916	0.000054	0.9
182	-0.712366	66.380642	8264.299178	0.000012	0.8
183	-0.701322	66.373808	8264.945538	0.000025	0.8
184	-0.708233	66.456529	8257.128164	0.000045	0.8
185	-0.703175	66.483636	8254.569692	0.000030	0.8
186	-0.709956	67.479311	8161.679358	0.000045	0.8
187	-0.698965	67.467408	8162.777474	0.000028	0.8
188	-0.698109	68.461724	8072.052842	0.000048	0.7
189	-0.703073	68.456933	8072.485205	0.000052	0.8
190	-0.709747	69.456918	7983.245306	0.000020	0.8
191	-0.705130	69.444983	7984.298771	0.000021	0.9
192	-0.703794	69.479930	7981.214933	0.000028	0.8
193	-0.705298	69.479601	7981.243911	0.000053	0.9
194	-0.711569	70.479563	7894.001067	0.000029	1.0
195	-0.716398	71.424364	7813.305234	0.000037	0.8
196	-0.709553	72.416160	7730.351623	0.000023	0.7
197	-0.694793	73.399660	7649.813208	0.000053	0.7
198	-0.713872	73.554655	7637.273525	0.000029	0.7
199	-0.704492	73.600538	7633.569330	0.000070	0.8
