1:ItNr	2:Metric	3a:Time	3b:StepSize	4:||Gradient||	Time[ms]
0	-0.942931	0.000000	513585.736495	0.000134	71.0
1	-0.946356	0.000000	513585.736495	0.000062	4.1
2	-0.950298	0.000000	513585.736495	0.000076	3.7
3	-0.951820	0.000000	513585.736495	0.000054	3.3
4	-0.954636	0.000000	513585.736495	0.000056	4.3
5	-0.951931	0.000000	513585.736495	0.000055	4.0
6	-0.953789	0.000000	513585.736495	0.000062	4.1
7	-0.955075	0.000000	513585.736495	0.000052	4.7
8	-0.959285	0.000000	513585.736495	0.000052	4.0
9	-0.962221	0.000000	513585.736495	0.000050	4.0
10	-0.956093	0.000000	513585.736495	0.000049	4.4
11	-0.959217	0.000000	513585.736495	0.000057	4.2
12	-0.966585	0.000000	513585.736495	0.000058	4.1
13	-0.962036	0.000000	513585.736495	0.000053	4.0
14	-0.966162	0.000000	513585.736495	0.000055	3.8
15	-0.966245	0.000000	513585.736495	0.000052	3.8
16	-0.968215	0.000000	513585.736495	0.000053	3.8
17	-0.973478	0.000000	513585.736495	0.000056	3.9
18	-0.965176	0.000000	513585.736495	0.000068	3.5
19	-0.970715	0.000000	513585.736495	0.000077	3.5
20	-0.976540	0.000000	513585.736495	0.000102	4.0
21	-0.974953	0.000000	513585.736495	0.000173	3.7
22	-0.972111	0.000000	513585.736495	0.000332	3.7
23	-0.979592	1.000000	490240.930291	0.000165	3.6
24	-0.983985	2.000000	468926.107234	0.000096	4.0
25	-0.982160	3.000000	449387.519433	0.000064	3.7
26	-0.983760	2.983430	449697.989428	0.000075	3.7
27	-0.986722	2.966861	450008.888710	0.000176	4.2
28	-0.996328	2.950291	450320.218171	0.000156	3.8
29	-0.986348	3.950291	432271.522457	0.000204	3.9
30	-0.990756	4.950291	415613.847399	0.000251	3.7
31	-0.998635	5.950291	400192.350072	0.000214	3.9
32	-1.001831	6.950291	385874.347309	0.000214	3.7
33	-0.993128	7.950291	372545.488492	0.000211	3.8
34	-1.002613	8.950291	360106.695059	0.000168	4.2
35	-1.003915	9.950291	348471.693309	0.000220	3.9
36	-1.008109	10.950291	337565.010534	0.000282	4.0
37	-0.999659	11.950291	327320.336032	0.000328	4.2
38	-1.003315	12.950291	317679.171784	0.000333	5.6
39	-1.007845	13.950291	308589.714767	0.000302	4.0
40	-1.007007	14.950291	300005.925807	0.000278	4.5
41	-1.009564	15.950291	291886.749635	0.000273	4.4
42	-1.009261	16.950291	284195.458249	0.000280	4.2
43	-1.011525	17.950291	276899.095430	0.000283	5.2
44	-1.010751	18.950291	269968.004681	0.000284	4.6
45	-1.023859	19.950291	263375.426333	0.000268	4.5
46	-1.013606	20.950291	257097.152278	0.000270	4.1
47	-1.019111	21.950291	251111.228932	0.000271	4.1
48	-1.021342	22.950291	245397.700745	0.000266	4.4
49	-1.021743	23.950291	239938.387960	0.000259	4.4
50	-1.023545	24.950291	234716.693376	0.000244	4.4
51	-1.029195	25.950291	229717.433815	0.000229	3.8
52	-1.026707	26.950291	224926.692676	0.000199	4.0
53	-1.026910	27.950291	220331.690562	0.000192	3.5
54	-1.029041	28.950291	215920.671442	0.000181	3.8
55	-1.028921	29.950291	211682.802230	0.000176	4.5
56	-1.036511	30.950291	207608.083949	0.000178	3.8
57	-1.029396	31.950291	203687.272971	0.000178	3.7
58	-1.029958	32.950291	199911.811013	0.000190	4.0
59	-1.032436	33.950291	196273.762774	0.000188	3.7
60	-1.040270	34.950291	192765.760264	0.000175	3.6
61	-1.034725	35.950291	189380.952998	0.000119	3.8
62	-1.040841	36.950291	186112.963342	0.000072	4.4
63	-1.043832	36.933722	186166.193178	0.000073	3.8
64	-1.036414	36.917152	186219.453470	0.000113	3.6
65	-1.036850	36.900583	186272.744246	0.000094	4.1
66	-1.043820	37.900583	183110.250173	0.000069	3.7
67	-1.039101	37.884013	183161.776025	0.000082	3.8
68	-1.043315	37.867444	183213.330884	0.000077	3.9
69	-1.042717	37.850874	183264.914773	0.000077	3.9
70	-1.045202	37.834305	183316.527717	0.000075	3.6
71	-1.041001	37.817735	183368.169741	0.000065	3.5
72	-1.048282	37.801166	183419.840869	0.000065	4.1
73	-1.042882	37.784596	183471.541126	0.000066	3.5
74	-1.043421	37.768027	183523.270537	0.000064	3.5
75	-1.047325	37.751457	183575.029126	0.000074	3.5
76	-1.051613	37.734888	183626.816917	0.000085	3.9
77	-1.052531	37.718318	183678.633937	0.000091	3.8
78	-1.050086	37.701757	183730.452751	0.000106	3.5
79	-1.046563	38.701757	180652.981321	0.000093	4.0
80	-1.058699	39.701757	177676.906343	0.000067	3.7
81	-1.052307	39.685188	177725.419352	0.000063	3.7
82	-1.051525	39.668618	177773.958861	0.000085	3.6
83	-1.051631	39.652049	177822.524890	0.000066	3.9
84	-1.055303	39.635479	177871.117462	0.000067	3.7
85	-1.052033	39.618910	177919.736599	0.000071	3.4
86	-1.057329	39.602340	177968.382322	0.000066	3.9
87	-1.058161	39.585771	178017.054653	0.000070	3.6
88	-1.060705	39.569201	178065.753613	0.000078	3.7
89	-1.056175	39.552632	178114.479226	0.000079	3.5
90	-1.058590	39.536062	178163.231513	0.000083	4.4
91	-1.058910	39.519493	178212.010495	0.000067	3.7
92	-1.061908	39.502923	178260.816194	0.000065	3.6
93	-1.059828	39.486354	178309.648633	0.000063	3.8
94	-1.060571	39.469784	178358.507834	0.000068	4.1
95	-1.061882	39.453215	178407.393818	0.000097	3.6
96	-1.059949	39.436645	178456.306607	0.000072	3.5
97	-1.063380	39.420076	178505.246224	0.000073	3.9
98	-1.061966	39.403506	178554.212691	0.000078	3.7
99	-1.066456	39.386937	178603.206029	0.000086	3.6
100	-1.063871	39.370367	178652.226262	0.000095	3.8
101	-1.069234	40.370367	175741.175946	0.000081	3.7
102	-1.065177	41.370367	172923.472872	0.000073	3.7
103	-1.064329	41.353797	172969.424507	0.000061	3.4
104	-1.062775	41.337228	173015.400571	0.000061	3.9
105	-1.068817	41.320658	173061.401082	0.000063	3.5
106	-1.073748	41.304089	173107.426061	0.000062	3.7
107	-1.073467	41.287519	173153.475526	0.000059	3.5
108	-1.065825	41.270950	173199.549498	0.000071	3.8
109	-1.072875	41.254380	173245.647996	0.000092	3.6
110	-1.068880	41.237811	173291.771039	0.000068	3.5
111	-1.076205	41.221241	173337.918648	0.000074	3.6
112	-1.070812	41.204672	173384.090841	0.000072	3.7
113	-1.069671	41.188102	173430.287639	0.000065	3.8
114	-1.068713	41.171533	173476.509060	0.000064	3.6
115	-1.073271	41.154963	173522.755126	0.000070	3.7
116	-1.072543	41.138394	173569.025855	0.000079	3.5
117	-1.079087	41.121824	173615.321267	0.000074	3.5
118	-1.077809	41.105255	173661.641383	0.000068	3.4
119	-1.074913	41.088685	173707.986221	0.000070	4.1
120	-1.075955	41.072116	173754.355801	0.000083	3.6
121	-1.078482	41.055546	173800.750144	0.000080	3.3
122	-1.080083	42.053720	171049.392280	0.000070	3.4
123	-1.078929	42.037150	171094.353169	0.000071	3.6
124	-1.078261	42.020581	171139.337701	0.000087	3.7
125	-1.083754	42.004011	171184.345892	0.000096	3.6
126	-1.079140	43.004011	168509.758122	0.000088	3.7
127	-1.081622	44.004011	165917.460282	0.000073	3.5
128	-1.084914	43.987442	165959.763403	0.000060	3.7
129	-1.080792	43.970872	166002.088118	0.000091	3.5
130	-1.085936	43.954303	166044.434426	0.000090	3.8
131	-1.088447	44.954303	163526.866543	0.000076	3.5
132	-1.083859	45.954303	161084.501246	0.000064	3.5
133	-1.087174	45.937733	161124.375510	0.000057	3.5
134	-1.085046	45.921164	161164.269520	0.000056	3.7
135	-1.086344	45.904594	161204.183290	0.000076	3.6
136	-1.084537	45.888025	161244.116836	0.000085	3.4
137	-1.083745	46.888025	158868.968912	0.000096	3.6
138	-1.083257	47.888025	156562.777525	0.000070	3.7
139	-1.089816	47.885493	156568.531641	0.000069	3.6
140	-1.088673	47.868923	156606.201250	0.000057	3.3
141	-1.088399	47.852354	156643.888990	0.000057	3.9
142	-1.089983	47.835784	156681.594873	0.000065	3.5
143	-1.089596	47.819215	156719.318914	0.000088	3.7
144	-1.088969	47.802645	156757.061124	0.000058	3.6
145	-1.092563	47.786076	156794.821517	0.000083	3.7
146	-1.090031	47.769506	156832.600107	0.000079	3.5
147	-1.090695	48.769506	154584.732889	0.000077	3.4
148	-1.091549	48.759731	154606.393363	0.000083	3.9
149	-1.088232	49.759731	152421.444517	0.000064	3.7
150	-1.093972	49.743162	152457.144790	0.000065	3.4
151	-1.092568	49.726592	152492.861790	0.000084	3.4
152	-1.093848	49.710023	152528.595530	0.000057	4.0
153	-1.092547	49.693453	152564.346020	0.000069	3.5
154	-1.096656	49.676884	152600.113273	0.000067	3.6
155	-1.093697	49.660314	152635.897301	0.000069	3.4
156	-1.090045	49.643745	152671.698115	0.000060	3.9
157	-1.095570	49.627175	152707.515727	0.000065	3.5
158	-1.096727	49.610606	152743.350150	0.000058	3.7
159	-1.098335	49.594036	152779.201394	0.000053	3.6
160	-1.101709	49.577467	152815.069471	0.000058	3.5
161	-1.101310	49.560897	152850.954394	0.000064	3.6
162	-1.093509	49.544328	152886.856175	0.000081	3.3
163	-1.094315	49.527758	152922.774824	0.000055	3.8
164	-1.100391	49.511189	152958.710355	0.000054	3.5
165	-1.097134	49.494619	152994.662779	0.000055	3.2
166	-1.097856	49.478050	153030.632108	0.000083	3.4
167	-1.101497	49.461480	153066.618354	0.000105	3.7
168	-1.095349	50.461480	150924.672534	0.000057	3.3
169	-1.102063	50.444910	150959.675019	0.000069	3.5
170	-1.094583	50.428341	150994.693743	0.000059	3.5
171	-1.103037	50.411771	151029.728718	0.000071	4.0
172	-1.103133	50.395202	151064.779954	0.000087	3.5
173	-1.098459	50.382047	151092.619740	0.000058	3.4
174	-1.102911	50.365477	151127.700178	0.000054	3.4
175	-1.103756	50.348908	151162.796910	0.000054	3.5
176	-1.107553	50.332338	151197.909946	0.000056	3.5
177	-1.103770	50.315769	151233.039299	0.000073	3.3
178	-1.098841	50.299199	151268.184980	0.000062	3.6
179	-1.107037	50.282630	151303.347000	0.000065	3.5
180	-1.109128	50.266060	151338.525370	0.000067	3.4
181	-1.103907	50.249491	151373.720102	0.000066	3.5
182	-1.104233	50.232921	151408.931207	0.000065	3.5
183	-1.108549	50.216352	151444.158697	0.000074	3.3
184	-1.107591	50.199782	151479.402584	0.000059	3.6
185	-1.104527	50.183213	151514.662878	0.000057	3.7
186	-1.108306	50.166643	151549.939591	0.000057	3.8
187	-1.106287	50.150074	151585.232735	0.000063	3.4
188	-1.111043	50.133504	151620.542320	0.000058	3.5
189	-1.108456	50.116935	151655.868360	0.000055	3.4
190	-1.106597	50.100365	151691.210864	0.000055	3.5
191	-1.107985	50.083796	151726.569845	0.000057	3.4
192	-1.107048	50.067226	151761.945314	0.000060	3.5
193	-1.113225	50.050656	151797.337282	0.000055	3.5
194	-1.111556	50.034087	151832.745762	0.000054	3.5
195	-1.107458	50.017517	151868.170765	0.000056	3.3
196	-1.112047	50.000948	151903.612301	0.000064	3.3
197	-1.113409	49.984378	151939.070384	0.000070	3.6
198	-1.115754	49.967809	151974.545024	0.000066	3.8
199	-1.112803	49.951239	152010.036233	0.000080	3.5
