1:ItNr	2:Metric	3a:Time	3b:StepSize	4:||Gradient||	Time[ms]
0	-0.555389	0.000000	30667.259984	0.000447	91.1
1	-0.562082	0.000000	30667.259984	0.000387	3.6
2	-0.566408	0.000000	30667.259984	0.000350	3.7
3	-0.574518	0.000000	30667.259984	0.000343	3.6
4	-0.571620	0.000000	30667.259984	0.000354	3.8
5	-0.571947	0.000000	30667.259984	0.000322	3.9
6	-0.575293	0.000000	30667.259984	0.000329	3.8
7	-0.580193	1.000000	29273.293622	0.000445	3.3
8	-0.575836	2.000000	28000.541725	0.000568	3.4
9	-0.577512	3.000000	26833.852486	0.000587	3.7
10	-0.577310	4.000000	25760.498387	0.000612	3.9
11	-0.578782	5.000000	24769.709987	0.000670	3.3
12	-0.580923	6.000000	23852.313321	0.000704	3.4
13	-0.576693	7.000000	23000.444988	0.000723	3.3
14	-0.578893	8.000000	22207.326196	0.000682	3.8
15	-0.580690	9.000000	21467.081989	0.000597	3.4
16	-0.579003	10.000000	20774.595473	0.000508	3.5
17	-0.581058	11.000000	20125.389365	0.000312	3.5
18	-0.580908	12.000000	19515.529081	0.000267	3.6
19	-0.581075	13.000000	18941.542932	0.000279	3.5
20	-0.580440	14.000000	18400.355991	0.000189	3.2
21	-0.581187	15.000000	17889.234991	0.000087	3.8
22	-0.583801	16.000000	17405.742167	0.000067	3.7
23	-0.580360	17.000000	16947.696356	0.000108	3.4
24	-0.577464	17.999999	16513.140257	0.000054	3.4
25	-0.576915	18.999994	16100.313934	0.000093	4.1
26	-0.582281	18.988696	16104.862757	0.000071	3.2
27	-0.581525	19.988696	15711.952898	0.000130	3.4
28	-0.577919	20.988696	15337.758069	0.000053	3.5
29	-0.577666	21.988381	14981.081902	0.000085	3.8
30	-0.583036	21.977084	14985.019751	0.000224	3.5
31	-0.584805	22.977084	14644.273657	0.000228	3.3
32	-0.580091	23.977084	14318.679550	0.000147	3.2
33	-0.582253	24.977084	14007.248764	0.000076	3.6
34	-0.582624	25.977084	13709.076817	0.000109	3.5
35	-0.577635	25.965787	13712.374632	0.000133	3.7
36	-0.579142	26.965787	13426.496392	0.000052	3.7
37	-0.581377	27.965565	13152.354338	0.000078	3.3
38	-0.581593	27.954322	13155.374816	0.000076	3.4
39	-0.581088	28.954322	12892.026738	0.000045	3.5
40	-0.578549	28.943024	12894.943144	0.000075	3.5
41	-0.581519	29.907851	12650.552975	0.000031	3.4
42	-0.582745	29.899589	12652.606360	0.000027	3.6
43	-0.578213	29.895530	12653.615460	0.000137	3.5
44	-0.579436	30.893539	12410.262862	0.000121	3.6
45	-0.579061	31.893539	12175.635664	0.000118	3.7
46	-0.585683	32.893538	11949.715659	0.000057	3.9
47	-0.581622	32.882253	11952.218554	0.000103	3.4
48	-0.579215	32.871629	11954.575547	0.000077	3.5
49	-0.577521	32.860331	11957.083198	0.000115	3.5
50	-0.578598	33.860331	11739.128203	0.000115	3.7
51	-0.579996	33.849033	11741.546272	0.000065	3.5
52	-0.578988	34.849033	11531.309039	0.000116	3.4
53	-0.578391	34.837735	11533.642243	0.000156	3.7
54	-0.577881	34.826882	11535.884530	0.000121	3.4
55	-0.581961	35.826882	11332.884045	0.000086	3.4
56	-0.581464	35.815584	11335.137635	0.000036	3.4
57	-0.576326	35.805505	11337.148772	0.000126	3.8
58	-0.580106	36.805454	11141.032896	0.000141	3.3
59	-0.580504	37.805454	10951.577119	0.000157	3.3
60	-0.580821	38.805454	10768.457078	0.000050	3.4
61	-0.581902	39.805454	10591.360183	0.000111	3.8
62	-0.580221	39.794156	10593.328485	0.000106	3.5
63	-0.582213	40.794156	10421.899191	0.000068	3.4
64	-0.580714	41.794156	10255.929936	0.000063	3.4
65	-0.582536	41.782884	10257.771263	0.000117	3.9
66	-0.578356	42.782884	10096.948003	0.000094	3.4
67	-0.578866	43.782785	9941.104863	0.000085	3.4
68	-0.582281	44.673442	9806.284531	0.000068	3.7
69	-0.580169	44.865925	9777.627188	0.000087	3.7
70	-0.581015	44.854627	9779.304636	0.000082	3.6
71	-0.584767	45.854627	9633.027483	0.000034	3.5
72	-0.584032	45.845364	9634.362428	0.000033	3.6
73	-0.583779	45.837451	9635.503059	0.000044	3.5
74	-0.581478	46.002741	9611.733114	0.000080	3.5
75	-0.580925	45.991462	9613.351314	0.000024	3.3
76	-0.579435	46.967079	9475.358853	0.000109	3.9
77	-0.578528	46.955785	9476.933596	0.000094	3.5
78	-0.581865	47.955785	9339.498664	0.000039	3.8
79	-0.579037	48.955778	9205.993844	0.000051	3.4
80	-0.581704	48.944493	9207.479183	0.000138	3.7
81	-0.580775	49.944493	9077.694913	0.000103	3.3
82	-0.582030	50.943574	8951.632888	0.000067	3.1
83	-0.580158	51.943574	8828.912922	0.000041	3.3
84	-0.576155	51.932766	8830.221185	0.000045	3.6
85	-0.582654	52.466479	8766.072243	0.000094	3.1
86	-0.579056	52.455181	8767.420537	0.000063	3.2
87	-0.584173	53.454883	8649.700755	0.000089	3.2
88	-0.579197	54.454883	8535.066681	0.000036	3.6
89	-0.584231	54.969611	8477.237778	0.000111	3.2
90	-0.579184	55.969602	8367.101371	0.000038	3.2
91	-0.580230	55.958304	8368.329720	0.000106	3.2
92	-0.579358	56.923283	8264.698767	0.000047	3.7
93	-0.580285	56.911985	8265.897230	0.000033	3.1
94	-0.580933	56.913117	8265.777126	0.000054	3.3
95	-0.580249	57.312530	8223.619621	0.000056	3.2
96	-0.580241	58.303794	8120.827882	0.000040	3.5
97	-0.580491	59.284708	8021.608038	0.000086	3.2
98	-0.578072	60.283726	7923.018425	0.000087	3.3
99	-0.575462	61.283726	7826.729416	0.000037	3.4
100	-0.580103	61.272428	7827.804212	0.000095	4.3
101	-0.578400	61.684953	7788.750389	0.000068	3.9
102	-0.580698	62.684953	7695.678097	0.000032	3.6
103	-0.579546	62.673663	7696.716452	0.000025	4.0
104	-0.582510	62.681767	7695.971131	0.000050	4.7
105	-0.579403	62.707296	7693.623971	0.000093	6.6
106	-0.581216	62.695998	7694.662523	0.000108	4.7
107	-0.583717	63.695998	7603.812156	0.000037	3.4
108	-0.584752	63.684701	7604.826543	0.000161	3.4
109	-0.580903	63.673407	7605.840895	0.000125	3.7
110	-0.579405	64.673407	7517.063745	0.000026	3.1
111	-0.586470	64.683789	7516.152948	0.000071	3.4
112	-0.582597	64.933441	7494.317164	0.000059	3.2
113	-0.581676	64.922143	7495.302601	0.000119	3.6
114	-0.580575	65.922143	7409.072529	0.000068	3.2
115	-0.581069	65.911079	7410.015701	0.000043	3.3
116	-0.580508	66.893570	7327.185129	0.000038	3.1
117	-0.580299	66.882317	7328.123384	0.000152	3.5
118	-0.581559	66.871103	7329.058576	0.000103	3.2
119	-0.580663	66.859805	7330.000986	0.000102	3.2
120	-0.577031	67.859805	7247.511485	0.000100	3.2
121	-0.582355	67.848507	7248.433077	0.000073	3.7
122	-0.580174	68.818481	7170.155323	0.000061	3.5
123	-0.582739	68.807185	7171.057166	0.000113	3.5
124	-0.581063	69.807185	7092.087048	0.000043	3.2
125	-0.579601	70.807184	7014.837314	0.000107	3.5
126	-0.581722	70.795886	7015.700683	0.000056	3.5
127	-0.581204	71.795886	6940.097109	0.000034	3.2
128	-0.578374	71.784838	6940.923448	0.000059	3.2
129	-0.584053	72.260784	6905.501223	0.000084	3.6
130	-0.581511	73.260784	6832.241689	0.000061	3.4
131	-0.581713	73.249486	6833.060693	0.000065	3.2
132	-0.580534	74.248777	6761.372489	0.000091	3.4
133	-0.585041	74.237479	6762.174589	0.000066	3.6
134	-0.579092	75.237479	6691.909089	0.000040	3.3
135	-0.579234	75.226418	6692.678282	0.000056	3.6
136	-0.584311	75.218350	6693.239482	0.000060	3.3
137	-0.581705	75.207152	6694.018579	0.000074	3.6
138	-0.579924	76.207151	6625.155175	0.000079	3.1
139	-0.579957	76.195853	6625.925281	0.000089	3.4
140	-0.580935	76.184580	6626.693872	0.000097	3.5
141	-0.582175	77.184001	6559.240323	0.000028	3.8
142	-0.583531	77.979583	6506.518224	0.000075	3.7
143	-0.584100	77.968299	6507.260033	0.000088	3.5
144	-0.578734	78.968299	6442.166798	0.000057	3.6
145	-0.581481	78.957001	6442.894948	0.000117	3.8
146	-0.580777	79.957000	6379.076861	0.000055	3.3
147	-0.580227	80.957000	6316.510515	0.000033	3.5
148	-0.581113	81.227268	6299.810949	0.000066	3.5
149	-0.581187	81.220015	6300.257911	0.000046	3.7
150	-0.579275	81.221876	6300.143206	0.000100	3.1
151	-0.581074	82.221876	6239.108286	0.000112	3.7
152	-0.583813	83.221876	6179.244575	0.000108	3.3
153	-0.581087	84.221876	6120.518720	0.000035	3.2
154	-0.580267	85.210752	6063.533592	0.000069	3.5
155	-0.582827	85.206646	6063.767991	0.000092	3.5
156	-0.580478	86.206646	6007.206498	0.000142	3.5
157	-0.580652	87.206646	5951.690439	0.000023	3.6
158	-0.580883	87.199776	5952.068342	0.000092	3.6
159	-0.580043	87.196304	5952.259337	0.000061	3.6
160	-0.582235	87.185006	5952.880945	0.000068	3.2
161	-0.582252	88.184097	5898.408980	0.000092	3.4
162	-0.580738	88.432918	5884.997611	0.000060	3.6
163	-0.580573	89.432918	5831.707364	0.000056	3.7
164	-0.580317	89.421620	5832.304035	0.000192	3.6
165	-0.582133	90.421565	5779.962412	0.000083	3.4
166	-0.577436	91.421565	5728.549123	0.000078	3.5
167	-0.579208	91.410267	5729.124882	0.000079	3.4
168	-0.582025	92.410238	5678.609550	0.000058	3.3
169	-0.584502	92.399731	5679.135672	0.000037	3.2
170	-0.581652	93.037603	5647.369293	0.000046	3.5
171	-0.579947	93.052063	5646.653297	0.000070	3.7
172	-0.578495	94.051804	5597.586815	0.000031	3.4
173	-0.582931	95.013656	5551.178053	0.000041	3.3
174	-0.576163	95.014711	5551.127563	0.000027	3.4
175	-0.580881	95.025209	5550.625308	0.000061	3.4
176	-0.579146	95.905792	5508.815676	0.000088	3.3
177	-0.583148	96.904100	5462.171864	0.000081	3.4
178	-0.579856	96.892802	5462.695320	0.000091	3.5
179	-0.582327	97.892802	5416.748928	0.000050	3.3
180	-0.583096	98.891960	5371.606736	0.000122	3.5
181	-0.580717	99.779077	5332.152528	0.000107	3.3
182	-0.578897	100.779077	5288.367071	0.000082	3.5
183	-0.582864	100.767779	5288.857743	0.000119	3.1
184	-0.582917	101.767779	5245.777565	0.000042	3.4
185	-0.583216	101.756481	5246.260365	0.000073	3.5
186	-0.583183	101.747994	5246.623094	0.000030	3.5
187	-0.581649	101.736854	5247.099293	0.000135	3.2
188	-0.582997	102.631706	5209.120552	0.000097	3.3
189	-0.586956	103.631706	5167.324442	0.000057	3.3
190	-0.579600	104.631706	5126.193707	0.000147	3.6
191	-0.581207	104.701262	5123.357158	0.000075	3.3
192	-0.586078	105.701262	5082.920657	0.000080	3.2
193	-0.580381	105.786838	5079.489861	0.000119	3.6
194	-0.575470	106.786838	5039.740151	0.000060	3.8
195	-0.581493	107.786838	5000.607734	0.000090	3.5
196	-0.582081	107.775630	5001.042970	0.000023	3.4
197	-0.583143	107.764529	5001.474116	0.000043	3.2
198	-0.581430	107.756786	5001.774878	0.000051	3.5
199	-0.584148	107.745490	5002.213758	0.000114	3.2
