1:ItNr	2:Metric	3a:Time	3b:StepSize	4:||Gradient||	Time[ms]
0	-0.020377	0.000000	4217.324265	0.000202	65.2
1	-0.021361	0.000000	4217.324265	0.000407	1.0
2	-0.022321	0.000000	4217.324265	0.000296	1.0
3	-0.020841	0.000000	4217.324265	0.000096	1.0
4	-0.022972	0.994042	4026.718233	0.000426	1.0
5	-0.022337	0.106894	4195.966064	0.000162	0.9
6	-0.022518	1.106718	4006.194427	0.000225	0.9
7	-0.020417	1.890447	3869.029240	0.000246	0.9
8	-0.022139	2.886358	3707.715009	0.000517	1.0
9	-0.024148	3.886358	3558.729169	0.000199	1.0
10	-0.021452	4.758429	3438.245794	0.000473	1.0
11	-0.020134	3.867025	3561.496043	0.000257	1.0
12	-0.022359	2.975620	3693.911125	0.000372	1.0
13	-0.022534	3.975619	3546.010548	0.000320	1.0
14	-0.024344	4.975619	3409.497517	0.000280	1.0
15	-0.022465	4.084215	3530.659007	0.000311	1.0
16	-0.021970	5.084114	3395.315939	0.000335	1.1
17	-0.020707	4.192710	3515.453867	0.000215	0.9
18	-0.022584	5.192692	3381.241186	0.000128	0.9
19	-0.025293	5.282967	3369.627535	0.000162	1.0
20	-0.020850	5.515098	3340.127504	0.000238	0.9
21	-0.022461	4.642545	3453.783853	0.000170	1.0
22	-0.022423	5.629650	3325.759485	0.000254	1.0
23	-0.024205	5.726395	3313.720712	0.000404	1.1
24	-0.023016	6.726395	3194.205709	0.000185	1.2
25	-0.023587	5.851000	3298.343092	0.000183	1.0
26	-0.019623	6.815360	3183.989331	0.000213	1.0
27	-0.022168	7.546382	3102.453080	0.000271	0.9
28	-0.021402	8.543911	2997.700909	0.000320	0.9
29	-0.022605	7.652549	3090.957415	0.000156	1.1
30	-0.020341	8.644792	2987.499759	0.000191	0.8
31	-0.022090	8.485962	3003.592291	0.000076	0.9
32	-0.021956	7.753254	3080.131700	0.000472	0.9
33	-0.021429	8.327345	3019.837238	0.000349	0.9
34	-0.022342	9.327336	2920.263369	0.000164	0.9
35	-0.023641	8.441368	3008.141821	0.000470	1.0
36	-0.023734	9.441359	2909.325090	0.000744	0.9
37	-0.022386	10.441359	2816.793311	0.000347	1.0
38	-0.020777	9.549954	2898.983361	0.000615	1.1
39	-0.020518	8.658779	2986.090859	0.000490	0.9
40	-0.023629	9.658779	2888.693281	0.000253	1.1
41	-0.020135	8.767375	2975.197189	0.000252	0.9
42	-0.022993	7.876362	3067.000281	0.000199	1.1
43	-0.023073	6.986323	3164.539011	0.000205	0.9
44	-0.021138	7.982543	3055.763916	0.000274	1.0
45	-0.022119	7.226793	3137.579604	0.000403	0.9
46	-0.023446	8.192872	3033.747782	0.000365	0.9
47	-0.021903	9.192867	2933.269291	0.000336	1.1
48	-0.023544	8.301469	3022.504103	0.000238	1.1
49	-0.021667	7.410083	3117.337247	0.000129	1.0
50	-0.020622	8.109634	3042.422645	0.000195	1.1
51	-0.018988	9.020910	2950.070804	0.000219	0.8
52	-0.024842	9.637321	2890.716475	0.000343	1.0
53	-0.023021	8.748473	2977.087556	0.000744	1.0
54	-0.024138	9.748473	2880.266893	0.000481	0.9
55	-0.023773	8.857069	2966.259359	0.000502	1.0
56	-0.021499	9.857069	2870.130371	0.000174	1.1
57	-0.023133	9.098302	2942.485248	0.000189	1.0
58	-0.024412	8.212902	3031.667665	0.000465	0.9
59	-0.020797	9.181074	2934.415400	0.000354	0.9
60	-0.019570	8.289670	3023.721670	0.000227	1.0
61	-0.022080	7.403270	3118.085016	0.000250	0.9
62	-0.024283	7.204656	3140.042152	0.000392	1.0
63	-0.022419	6.321056	3241.595427	0.000209	1.1
64	-0.024790	5.669735	3320.760746	0.000274	1.1
65	-0.021318	4.778575	3435.558811	0.000128	1.0
66	-0.022606	4.359727	3492.301329	0.000151	1.0
67	-0.022655	5.280619	3369.928559	0.000262	0.9
68	-0.023198	4.437153	3481.671407	0.000130	1.2
69	-0.023387	3.549368	3607.580044	0.000549	1.0
70	-0.022348	2.664021	3742.551124	0.000350	1.1
71	-0.021940	3.664021	3590.809805	0.000133	1.1
72	-0.023242	4.560837	3464.824363	0.000153	0.9
73	-0.024155	3.862380	3562.161375	0.000082	0.9
74	-0.023002	4.495707	3473.675346	0.000312	1.1
75	-0.020001	3.814806	3568.990661	0.000366	1.1
76	-0.023089	4.809812	3431.400753	0.000152	1.0
77	-0.020843	5.809212	3303.484240	0.000109	1.0
78	-0.022314	5.503899	3341.538906	0.000150	0.9
79	-0.021872	4.710446	3444.662577	0.000310	0.9
80	-0.023230	5.429687	3350.921619	0.000038	1.0
81	-0.022686	4.868469	3423.620099	0.000193	1.2
82	-0.020797	4.973152	3409.821390	0.000242	1.2
83	-0.022528	4.269976	3504.704938	0.000220	1.1
84	-0.020582	3.380621	3632.549378	0.000188	1.1
85	-0.022417	4.071543	3532.443451	0.000299	1.1
86	-0.021896	5.051623	3399.550547	0.000210	1.0
87	-0.018727	4.160225	3519.992789	0.000123	1.1
88	-0.022477	5.079210	3395.954512	0.000415	0.9
89	-0.020956	4.276515	3503.798235	0.000424	1.1
90	-0.021510	5.276293	3370.483423	0.000292	1.2
91	-0.023322	4.384889	3488.839793	0.000405	1.1
92	-0.022908	3.493484	3615.811014	0.000439	1.0
93	-0.021946	4.493484	3473.978293	0.000171	1.1
94	-0.022348	5.493480	3342.853050	0.000264	1.2
95	-0.023145	6.484215	3222.351848	0.000137	1.1
96	-0.022708	7.101177	3151.604949	0.000457	1.1
97	-0.020104	8.100582	3043.369038	0.000399	1.0
98	-0.022035	7.209335	3139.521321	0.000322	1.0
99	-0.024649	6.360494	3236.922917	0.000247	1.0
100	-0.020073	7.360493	3122.788044	0.000368	1.0
101	-0.019997	8.360487	3016.428539	0.000324	1.0
102	-0.021916	8.559375	2996.132668	0.000352	1.0
103	-0.022555	7.667971	3089.294694	0.000320	0.9
104	-0.019593	8.664234	2985.541752	0.000248	0.8
105	-0.023154	9.664184	2888.184099	0.000176	1.0
106	-0.021524	10.652842	2797.973365	0.000253	1.0
107	-0.022915	9.762112	2878.989917	0.000058	0.9
108	-0.021299	9.530304	2900.849286	0.000252	0.9
109	-0.021900	8.939782	2958.064647	0.000210	0.8
110	-0.022705	9.836227	2872.070195	0.000313	0.9
111	-0.022120	10.836221	2781.856865	0.000196	0.9
112	-0.022214	9.947396	2861.753230	0.000098	0.9
113	-0.020701	10.712743	2792.688397	0.000175	0.9
114	-0.022661	11.620761	2714.952267	0.000193	0.9
115	-0.021184	12.616140	2634.562143	0.000445	0.9
116	-0.021393	12.162142	2670.629954	0.000298	1.1
117	-0.023856	13.161364	2592.513844	0.000232	0.9
118	-0.023070	14.137450	2520.496223	0.000137	0.9
119	-0.022293	15.100474	2453.258902	0.000477	0.8
120	-0.023560	14.707683	2480.245240	0.000196	1.0
121	-0.022143	15.705021	2412.852733	0.000291	1.0
122	-0.020567	16.704979	2348.862472	0.000046	0.8
123	-0.022648	17.313367	2311.564276	0.000124	0.9
124	-0.021247	17.022614	2329.240446	0.000057	0.9
125	-0.020989	16.605214	2355.093878	0.000249	0.9
126	-0.021041	16.379396	2369.321587	0.000275	0.8
127	-0.022954	15.491272	2426.986071	0.000234	0.9
128	-0.021845	14.867108	2469.220822	0.000189	0.9
129	-0.023075	13.977031	2532.056262	0.000038	0.9
130	-0.023342	13.409551	2573.814731	0.000194	1.1
131	-0.021781	13.388613	2575.381852	0.000139	0.9
132	-0.022763	14.374533	2503.603644	0.000454	0.9
133	-0.020606	15.374129	2434.802217	0.000131	0.9
134	-0.020858	14.482882	2495.958775	0.000260	0.9
135	-0.022363	13.632656	2557.234093	0.000249	0.9
136	-0.021786	14.632054	2485.509538	0.000214	0.9
137	-0.021770	15.622341	2418.300063	0.000146	0.8
138	-0.022717	16.617932	2354.297688	0.000351	0.9
139	-0.020498	17.617326	2293.369798	0.000397	0.9
140	-0.021832	16.725922	2347.558540	0.000291	0.9
141	-0.022979	15.837560	2404.171410	0.000365	0.9
142	-0.021129	14.946156	2463.790838	0.000178	0.9
143	-0.022033	14.054832	2526.436550	0.000122	0.9
144	-0.023242	14.996638	2460.335575	0.000125	0.9
145	-0.020218	15.794060	2407.013763	0.000232	1.0
146	-0.021595	15.379268	2434.458290	0.000191	0.9
147	-0.023415	16.379053	2369.343342	0.000305	0.9
148	-0.020452	16.152088	2383.817832	0.000284	0.8
149	-0.023594	15.260691	2442.419260	0.000392	0.8
150	-0.021626	15.329605	2437.786200	0.000436	0.9
151	-0.022056	16.329605	2372.481833	0.000403	0.9
152	-0.025155	16.043855	2390.782753	0.000309	0.8
153	-0.022308	15.153264	2449.676706	0.000162	0.9
154	-0.020892	14.303177	2508.664038	0.000267	0.8
155	-0.022311	13.520315	2565.556242	0.000226	0.8
156	-0.026775	12.630200	2633.460678	0.000229	0.8
157	-0.023404	13.344189	2578.713101	0.000242	1.0
158	-0.022510	12.936541	2609.688721	0.000231	0.8
159	-0.025173	13.697403	2552.462222	0.000262	0.9
160	-0.023037	14.692515	2481.299252	0.000244	1.0
161	-0.021439	15.692495	2413.676424	0.000269	0.8
162	-0.021571	16.632375	2353.394117	0.000179	1.0
163	-0.021417	15.808015	2406.101199	0.000298	0.8
164	-0.026454	16.801603	2342.858552	0.000263	0.8
165	-0.023972	15.910199	2399.440047	0.000370	0.9
166	-0.020844	15.018795	2458.822118	0.000205	0.9
167	-0.021745	16.018768	2392.402963	0.000290	0.9
168	-0.025909	15.131027	2451.184383	0.000437	0.8
169	-0.021436	15.804776	2406.312933	0.000233	0.7
170	-0.019978	14.913372	2466.039940	0.000312	0.8
171	-0.022217	15.913369	2399.233962	0.000208	0.8
172	-0.021994	15.021973	2458.605214	0.000195	0.9
173	-0.023018	14.135869	2520.609607	0.000117	0.9
174	-0.020739	14.742880	2477.802865	0.000098	0.9
175	-0.023374	15.080893	2454.590255	0.000110	1.0
176	-0.023553	15.666096	2415.414235	0.000166	0.8
177	-0.025478	15.157156	2449.413062	0.000172	1.0
178	-0.022289	16.150905	2383.893718	0.000481	0.9
179	-0.022784	17.150905	2321.407821	0.000223	0.9
180	-0.020429	16.259501	2376.945641	0.000529	0.9
181	-0.021550	17.259500	2314.818778	0.000210	0.9
182	-0.020767	16.368096	2370.038073	0.000137	0.9
183	-0.022345	17.351166	2309.285991	0.000235	0.8
184	-0.023227	16.493864	2362.088105	0.000413	0.9
185	-0.021557	15.602471	2419.612885	0.000159	0.8
186	-0.022937	16.602069	2355.290885	0.000141	0.8
187	-0.022735	16.299427	2374.401359	0.000382	0.9
188	-0.020240	17.289213	2313.022460	0.000323	0.9
189	-0.020284	16.397808	2368.155067	0.000413	0.8
190	-0.025190	16.987150	2331.414962	0.000353	1.0
191	-0.021123	16.095745	2387.438472	0.000039	0.8
192	-0.023248	16.466444	2363.816794	0.000151	0.9
193	-0.022638	16.286057	2375.252723	0.000252	0.9
194	-0.023145	15.420558	2431.698319	0.000258	1.3
195	-0.021089	15.549475	2423.121238	0.000160	1.1
196	-0.026396	14.658491	2483.666765	0.000343	0.9
197	-0.021074	13.776138	2546.683311	0.000111	0.9
198	-0.023047	12.887499	2613.465463	0.000141	0.8
199	-0.022046	12.099787	2675.661012	0.000178	0.8
