1:ItNr	2:Metric	3a:Time	3b:StepSize	4:||Gradient||	Time[ms]
0	-0.785026	0.000000	39945.909547	0.000126	69.7
1	-0.786716	0.000000	39945.909547	0.000140	3.5
2	-0.785152	0.000000	39945.909547	0.000112	3.6
3	-0.789180	0.000000	39945.909547	0.000152	3.3
4	-0.792345	0.000000	39945.909547	0.000151	3.3
5	-0.787038	0.000000	39945.909547	0.000125	3.5
6	-0.785994	0.000000	39945.909547	0.000145	3.6
7	-0.789700	0.000000	39945.909547	0.000136	3.3
8	-0.788795	1.000000	38130.186387	0.000117	3.4
9	-0.789643	0.989147	38149.005418	0.000107	3.4
10	-0.793638	0.978294	38167.844217	0.000131	3.5
11	-0.791208	0.967487	38186.620781	0.000117	3.4
12	-0.791901	1.928672	36585.812588	0.000130	3.3
13	-0.790446	1.917819	36603.138791	0.000115	3.9
14	-0.788952	2.917769	35072.840315	0.000125	3.7
15	-0.791493	3.917769	33665.296967	0.000073	4.0
16	-0.794012	3.906916	33679.966838	0.000113	3.4
17	-0.789718	3.896063	33694.649505	0.000079	4.3
18	-0.792565	4.066926	33464.976444	0.000056	3.6
19	-0.796525	4.056078	33479.465021	0.000067	3.4
20	-0.788935	4.045225	33493.973355	0.000064	3.8
21	-0.791907	4.034372	33508.494268	0.000123	3.8
22	-0.795037	5.034330	32221.459573	0.000102	3.6
23	-0.791140	6.034330	31029.587609	0.000085	3.3
24	-0.791436	7.024783	29932.938328	0.000071	4.1
25	-0.790884	7.013934	29944.530173	0.000077	3.5
26	-0.791523	7.008652	29950.178040	0.000146	3.5
27	-0.796658	8.008652	28917.721292	0.000104	3.6
28	-0.793839	9.008652	27954.075150	0.000048	3.8
29	-0.794364	8.997798	27964.189075	0.000042	3.8
30	-0.794585	8.986949	27974.306184	0.000062	3.3
31	-0.793131	8.976102	27984.429198	0.000086	4.0
32	-0.790404	9.976090	27081.019764	0.000051	3.7
33	-0.792614	10.976088	26234.106376	0.000059	3.7
34	-0.792993	11.421130	25873.993104	0.000149	3.6
35	-0.793340	12.421130	25099.812431	0.000157	3.9
36	-0.796533	13.421130	24370.614631	0.000037	3.7
37	-0.790283	13.603912	24241.886485	0.000081	3.5
38	-0.791547	13.593062	24249.489654	0.000056	3.9
39	-0.787592	14.593030	23568.212983	0.000043	3.5
40	-0.795870	14.582559	23575.148388	0.000080	3.7
41	-0.797713	15.312465	23101.271080	0.000106	3.5
42	-0.792148	16.312465	22482.140958	0.000126	4.0
43	-0.790626	17.312465	21895.330872	0.000057	3.5
44	-0.794290	18.312465	21338.374426	0.000064	3.5
45	-0.793302	18.301851	21344.137231	0.000097	3.6
46	-0.787812	19.301851	20814.530359	0.000040	3.7
47	-0.791205	20.294747	20314.063123	0.000080	3.9
48	-0.789819	20.468937	20228.734128	0.000063	4.0
49	-0.795482	21.421308	19774.593224	0.000079	4.7
50	-0.796906	22.421307	19319.181053	0.000071	3.9
51	-0.793457	23.421307	18884.273074	0.000069	3.6
52	-0.792571	24.421303	18468.516851	0.000071	3.5
53	-0.790505	25.421303	18070.671128	0.000046	3.9
54	-0.792001	25.410450	18074.897048	0.000048	3.9
55	-0.793402	26.010888	17844.038640	0.000030	3.5
56	-0.792604	26.001092	17847.757589	0.000075	4.1
57	-0.793075	26.961736	17490.278242	0.000052	3.7
58	-0.793131	27.961600	17133.102112	0.000122	3.6
59	-0.791791	28.961573	16790.185946	0.000119	3.8
60	-0.794249	29.961573	16460.718370	0.000091	3.6
61	-0.791559	30.005356	16446.588523	0.000063	3.5
62	-0.792746	29.994503	16450.088913	0.000080	3.5
63	-0.796278	30.994503	16133.707601	0.000071	4.2
64	-0.793538	30.990115	16135.069139	0.000042	3.4
65	-0.793570	31.989136	15830.869483	0.000053	3.6
66	-0.789399	32.988882	15537.719481	0.000052	3.4
67	-0.791517	33.976106	15258.703482	0.000032	3.4
68	-0.797474	34.927852	14999.040168	0.000084	3.4
69	-0.792072	35.927285	14735.712507	0.000030	3.3
70	-0.791253	36.900171	14488.110913	0.000051	3.8
71	-0.792565	36.889323	14490.826009	0.000110	3.8
72	-0.791839	37.889323	14244.757191	0.000076	3.6
73	-0.795223	38.889323	14006.905824	0.000086	3.5
74	-0.788604	38.878469	14009.444665	0.000083	3.6
75	-0.795386	39.878469	13779.323165	0.000045	3.9
76	-0.791189	39.867619	13781.779365	0.000064	3.5
77	-0.789994	39.856766	13784.237244	0.000023	3.6
78	-0.793184	39.846670	13786.524285	0.000055	3.6
79	-0.794845	40.597205	13618.541696	0.000066	3.5
80	-0.795438	41.597205	13400.983392	0.000031	3.3
81	-0.794358	42.595369	13190.647648	0.000067	3.9
82	-0.789628	42.584515	13192.899182	0.000044	3.6
83	-0.791717	42.573662	13195.151486	0.000021	3.6
84	-0.790665	42.665484	13176.120645	0.000022	3.6
85	-0.790240	42.664692	13176.284531	0.000066	3.4
86	-0.791334	43.464532	13012.800643	0.000055	3.6
87	-0.795280	44.464195	12814.090119	0.000036	3.5
88	-0.791000	44.453342	12816.214904	0.000063	3.6
89	-0.791054	44.442489	12818.340416	0.000046	3.5
90	-0.791909	45.442472	12625.419772	0.000047	3.5
91	-0.795337	46.439990	12438.674746	0.000050	3.5
92	-0.793322	47.438230	12257.244197	0.000056	3.7
93	-0.792996	48.438228	12080.724404	0.000036	3.4
94	-0.794137	48.427386	12082.610996	0.000066	3.8
95	-0.792432	48.425506	12082.938158	0.000051	3.7
96	-0.796096	49.425506	11911.367742	0.000078	3.6
97	-0.793377	50.425506	11744.601437	0.000038	3.9
98	-0.791735	51.423721	11582.725796	0.000048	3.6
99	-0.792139	52.419267	11425.667066	0.000082	3.6
100	-0.792306	53.419267	11272.136032	0.000041	3.6
101	-0.794814	54.419265	11122.676620	0.000038	3.6
102	-0.795235	54.419541	11122.636012	0.000041	3.5
103	-0.793668	55.343049	10988.087439	0.000040	3.6
104	-0.794110	56.325944	10848.417167	0.000048	3.2
105	-0.793751	57.324687	10710.085642	0.000045	3.7
106	-0.793862	58.245449	10585.643800	0.000051	3.6
107	-0.799631	58.234596	10587.093793	0.000058	3.6
108	-0.794328	59.229354	10455.825163	0.000043	3.5
109	-0.795337	59.218513	10457.238194	0.000055	3.7
110	-0.791810	60.218468	10328.489601	0.000014	3.5
111	-0.793319	60.208487	10329.758956	0.000023	3.9
112	-0.792423	60.212455	10329.254368	0.000012	3.8
113	-0.794967	60.207696	10329.859685	0.000021	3.7
114	-0.794169	60.202073	10330.574909	0.000024	3.8
115	-0.791863	60.197666	10331.135587	0.000067	3.4
116	-0.791823	60.186856	10332.511184	0.000028	3.6
117	-0.794759	60.176003	10333.892638	0.000102	3.5
118	-0.790975	61.166536	10209.315590	0.000026	3.9
119	-0.794680	62.166532	10086.558618	0.000031	3.7
120	-0.796818	62.312201	10068.922526	0.000086	3.5
121	-0.792639	62.301356	10070.233448	0.000056	3.7
122	-0.795475	62.693475	10023.052572	0.000030	3.5
123	-0.793378	62.689535	10023.524470	0.000024	3.7
124	-0.796606	62.679100	10024.774440	0.000022	3.4
125	-0.795034	62.732275	10018.408116	0.000078	3.9
126	-0.793637	62.722836	10019.537594	0.000020	3.5
127	-0.793965	62.755518	10015.627884	0.000059	3.8
128	-0.793406	62.826708	10007.122099	0.000023	3.4
129	-0.794620	62.817018	10008.278967	0.000064	4.0
130	-0.795458	63.802649	9891.956333	0.000060	3.7
131	-0.789997	64.802649	9776.669026	0.000043	3.5
132	-0.792562	64.791796	9777.905854	0.000090	3.5
133	-0.791278	65.791796	9665.246529	0.000079	3.8
134	-0.791473	66.791796	9555.153707	0.000029	3.7
135	-0.791492	67.786431	9448.111493	0.000040	3.4
136	-0.794934	67.775588	9449.265515	0.000089	3.6
137	-0.795846	68.775588	9344.011229	0.000014	3.8
138	-0.791413	68.764747	9345.139646	0.000029	3.5
139	-0.793246	68.768431	9344.756222	0.000066	3.4
140	-0.793729	69.644338	9254.456708	0.000029	3.6
141	-0.792485	69.796767	9238.920333	0.000055	3.8
142	-0.791761	70.671514	9150.760842	0.000023	3.4
143	-0.796803	70.662518	9151.658969	0.000049	3.6
144	-0.797490	70.652118	9152.697349	0.000032	3.8
145	-0.795481	70.641265	9153.781289	0.000034	3.8
146	-0.794287	71.036862	9114.436121	0.000035	3.5
147	-0.790253	71.077258	9110.437441	0.000082	3.6
148	-0.789985	72.074939	9012.781662	0.000048	3.5
149	-0.791621	73.074938	8916.977428	0.000037	3.7
150	-0.796548	73.217893	8903.447895	0.000053	3.8
151	-0.791857	73.207044	8904.473217	0.000027	3.4
152	-0.793663	73.347769	8891.191679	0.000034	3.5
153	-0.791241	73.342534	8891.685034	0.000044	3.4
154	-0.794100	74.328573	8799.713168	0.000025	3.4
155	-0.792634	74.359688	8796.841937	0.000079	3.3
156	-0.792346	74.987011	8739.350146	0.000078	3.5
157	-0.792972	75.987011	8649.241687	0.000061	3.3
158	-0.792202	75.977581	8650.082793	0.000095	3.4
159	-0.798510	76.977581	8561.796445	0.000023	3.5
160	-0.792470	76.977842	8561.773555	0.000048	3.5
161	-0.795608	76.967119	8562.710715	0.000057	3.4
162	-0.792912	77.966839	8476.213933	0.000055	3.5
163	-0.794370	77.955986	8477.143593	0.000085	3.3
164	-0.792286	78.955761	8392.353713	0.000053	3.4
165	-0.788535	79.955100	8309.279053	0.000053	3.8
166	-0.798366	79.944247	8310.172452	0.000044	4.6
167	-0.794049	79.934731	8310.955948	0.000027	3.8
168	-0.791278	79.923902	8311.847704	0.000067	3.6
169	-0.795830	80.902942	8231.991002	0.000054	3.9
170	-0.794494	80.892089	8232.867858	0.000051	3.5
171	-0.791174	81.892077	8152.854203	0.000028	3.6
172	-0.790402	82.763808	8084.361139	0.000036	3.4
173	-0.792153	82.754909	8085.054585	0.000062	3.7
174	-0.792933	83.754488	8007.906074	0.000032	3.3
175	-0.791443	83.743635	8008.735835	0.000020	3.8
176	-0.796682	83.755920	8007.796578	0.000061	3.9
177	-0.795298	83.745097	8008.624062	0.000059	4.1
178	-0.796850	84.745097	7932.888881	0.000092	3.7
179	-0.791062	84.734297	7933.699115	0.000061	3.7
180	-0.796204	85.734297	7859.367815	0.000020	3.9
181	-0.791750	86.057082	7835.671284	0.000074	3.6
182	-0.793614	86.046231	7836.465550	0.000016	3.7
183	-0.789995	86.041293	7836.827057	0.000035	3.5
184	-0.792939	86.137524	7829.787973	0.000066	3.8
185	-0.794990	86.126689	7830.579925	0.000059	3.5
186	-0.794583	87.126689	7758.159508	0.000050	3.4
187	-0.794710	87.115836	7758.938322	0.000070	3.7
188	-0.792367	88.115826	7687.831634	0.000068	3.3
189	-0.791847	88.104973	7688.596390	0.000050	3.5
190	-0.791519	89.104973	7618.766698	0.000075	3.6
191	-0.795501	89.094120	7619.517742	0.000016	3.8
192	-0.792024	89.086635	7620.035778	0.000040	3.4
193	-0.793998	89.076233	7620.755868	0.000091	3.5
194	-0.794800	90.076155	7552.152832	0.000059	3.6
195	-0.793636	91.076155	7484.768714	0.000015	3.6
196	-0.792835	91.684266	7444.376522	0.000065	3.6
197	-0.793689	91.673819	7445.066696	0.000025	3.5
198	-0.795290	92.533497	7388.692529	0.000032	3.7
199	-0.791139	92.525397	7389.219674	0.000020	3.6
