1:ItNr	2:Metric	3a:Time	3b:StepSize	4:||Gradient||	Time[ms]
0	-0.137898	0.000000	75925.182713	0.000231	103.7
1	-0.140649	0.000000	75925.182713	0.000230	6.9
2	-0.138228	0.087642	75609.631371	0.000232	6.4
3	-0.137033	1.087008	72188.537615	0.000230	6.8
4	-0.138776	0.628522	73718.807141	0.000257	8.0
5	-0.140911	1.619000	70490.685018	0.000232	8.3
6	-0.137700	2.619000	67506.194412	0.000235	9.1
7	-0.138428	2.067854	69119.078950	0.000241	7.6
8	-0.137784	1.472703	70949.579652	0.000222	9.5
9	-0.138543	0.708353	73447.710184	0.000233	10.3
10	-0.145728	1.595598	70563.692759	0.000249	8.2
11	-0.139171	2.595598	67573.147974	0.000235	7.9
12	-0.140444	3.595597	64825.783691	0.000243	8.3
13	-0.140737	4.595597	62293.090892	0.000250	9.1
14	-0.135416	3.831224	64210.641963	0.000249	8.5
15	-0.139825	4.831218	61724.879846	0.000250	9.6
16	-0.136602	5.831218	59424.392759	0.000237	7.6
17	-0.137371	5.067199	61166.097944	0.000252	6.7
18	-0.143831	6.063911	58913.466748	0.000241	5.7
19	-0.136877	5.784639	59527.733177	0.000225	6.5
20	-0.137139	6.784639	57385.263972	0.000222	4.8
21	-0.142836	6.020223	59008.722744	0.000246	5.8
22	-0.141776	6.391953	58207.927683	0.000266	5.3
23	-0.139745	7.258869	56422.245296	0.000239	5.1
24	-0.137625	8.258869	54493.864355	0.000256	5.3
25	-0.140006	9.258869	52692.942305	0.000215	4.7
26	-0.137271	8.494805	54057.954847	0.000238	5.6
27	-0.136014	8.705778	53674.030038	0.000252	5.2
28	-0.138830	7.944736	55085.278872	0.000246	5.1
29	-0.137408	8.915837	53297.149874	0.000229	5.1
30	-0.141372	8.327675	54366.015337	0.000234	4.9
31	-0.138488	9.327396	52573.877953	0.000215	5.1
32	-0.135977	8.563313	53932.685337	0.000237	4.6
33	-0.143757	8.438166	54161.962804	0.000249	4.6
34	-0.137667	9.438161	52382.561560	0.000227	5.8
35	-0.139918	10.010049	51416.520347	0.000234	6.5
36	-0.142013	11.003628	49820.252431	0.000236	5.6
37	-0.141202	12.001133	48314.366312	0.000242	5.5
38	-0.140924	11.237150	49459.360255	0.000234	5.9
39	-0.140114	10.472734	50660.639655	0.000261	5.4
40	-0.137671	11.472734	49100.541893	0.000259	5.4
41	-0.137817	10.708348	50284.197726	0.000232	5.4
42	-0.141003	11.708347	48746.848116	0.000229	6.2
43	-0.138810	12.708328	47300.738774	0.000234	7.5
44	-0.141916	13.706685	45940.106965	0.000249	25.1
45	-0.137355	14.706617	44653.595807	0.000249	27.1
46	-0.141576	15.706617	43437.095908	0.000224	6.8
47	-0.137118	16.407992	42622.678484	0.000225	6.7
48	-0.139023	17.403781	41517.496497	0.000225	6.1
49	-0.139536	16.649592	42349.166198	0.000236	5.6
50	-0.141908	15.891170	43219.796119	0.000250	5.2
51	-0.140449	15.127106	44133.865196	0.000243	4.5
52	-0.137172	14.362690	45087.883464	0.000231	4.9
53	-0.139079	13.619801	46055.401244	0.000235	5.1
54	-0.135587	14.619801	44762.429443	0.000242	4.9
55	-0.142671	15.619782	43540.096619	0.000241	4.7
56	-0.143133	16.619782	42382.724243	0.000234	4.8
57	-0.138943	15.855378	43261.768344	0.000217	5.0
58	-0.140685	15.092128	44176.637339	0.000233	5.0
59	-0.138853	16.091787	42986.034562	0.000245	4.7
60	-0.143029	15.327413	43890.514037	0.000249	5.2
61	-0.137702	15.708746	43434.576554	0.000256	4.7
62	-0.138853	16.433369	42593.784184	0.000234	4.7
63	-0.136827	15.669164	43481.461816	0.000243	4.7
64	-0.145764	16.669162	42327.164514	0.000233	5.0
65	-0.137562	17.669162	41232.567143	0.000240	4.6
66	-0.139027	18.599623	40263.737794	0.000240	4.9
67	-0.139188	17.835643	41055.811884	0.000245	4.7
68	-0.139172	18.835626	40025.198620	0.000234	4.7
69	-0.135418	18.451782	40414.621903	0.000222	5.0
70	-0.143844	19.451760	39415.561181	0.000242	4.7
71	-0.142226	19.778616	39099.630640	0.000251	4.8
72	-0.137946	19.014299	39846.477132	0.000227	5.1
73	-0.142226	18.249935	40622.458417	0.000260	4.9
74	-0.140947	17.897122	40990.920614	0.000242	5.5
75	-0.141698	18.897122	39963.505165	0.000254	4.7
76	-0.140161	19.897117	38986.337841	0.000238	5.0
77	-0.141744	20.871660	38078.949751	0.000220	4.7
78	-0.141758	21.871660	37190.741797	0.000234	4.7
79	-0.136897	21.108311	37864.943875	0.000227	4.7
80	-0.140478	22.108311	36986.576368	0.000237	5.2
81	-0.139564	21.348291	37650.370715	0.000242	4.8
82	-0.136500	22.348290	36781.815813	0.000232	5.1
83	-0.139349	21.826323	37230.112426	0.000229	5.2
84	-0.141122	21.061907	37906.717741	0.000230	5.4
85	-0.138148	22.061393	37026.875672	0.000222	5.3
86	-0.139184	23.061393	36186.528301	0.000245	5.1
87	-0.141062	24.058496	35385.753867	0.000230	5.1
88	-0.140502	25.058495	34617.475496	0.000230	5.4
89	-0.139614	24.580621	34980.410719	0.000246	4.9
90	-0.143363	23.816578	35576.764158	0.000234	5.2
91	-0.135237	24.816578	34800.259987	0.000218	4.7
92	-0.138170	25.808301	34062.950239	0.000231	4.8
93	-0.141357	26.754929	33387.733375	0.000237	5.5
94	-0.143902	26.286282	33718.634144	0.000242	5.5
95	-0.146111	25.521868	34272.674820	0.000253	5.2
96	-0.138796	24.757451	34845.228478	0.000238	5.2
97	-0.144686	24.057301	35386.691861	0.000253	4.7
98	-0.138462	23.301027	35990.786964	0.000233	5.9
99	-0.141648	24.301027	35196.306373	0.000255	4.9
100	-0.138874	25.301027	34436.143836	0.000237	4.8
101	-0.138536	26.301027	33708.122781	0.000223	5.0
102	-0.141429	27.301027	33010.246941	0.000247	5.0
103	-0.142033	26.925570	33268.855080	0.000244	4.8
104	-0.143132	27.078900	33162.756360	0.000239	4.6
105	-0.142844	28.055231	32502.727901	0.000220	4.7
106	-0.139335	27.290815	33017.227803	0.000256	5.0
107	-0.137961	26.526438	33548.250364	0.000239	4.6
108	-0.140307	25.762022	34096.661388	0.000236	4.7
109	-0.136874	26.649097	33461.889726	0.000217	5.0
110	-0.136911	25.884711	34007.436471	0.000234	4.7
111	-0.138145	25.121129	34570.464439	0.000220	4.7
112	-0.142622	24.356731	35153.081056	0.000229	4.8
113	-0.137136	23.592428	35755.596310	0.000243	5.0
114	-0.141869	24.532927	35017.050840	0.000237	5.3
115	-0.137452	25.236015	34484.564487	0.000228	5.0
116	-0.139293	26.235688	33754.749601	0.000242	4.8
117	-0.138408	25.477970	34305.045001	0.000251	4.7
118	-0.143295	26.477970	33582.498411	0.000247	4.5
119	-0.140500	25.714796	34131.131209	0.000227	5.2
120	-0.139130	24.990291	34668.813871	0.000232	4.8
121	-0.138791	24.228711	35252.581967	0.000241	4.9
122	-0.140370	25.228676	34490.038757	0.000233	5.0
123	-0.142090	26.216279	33768.625215	0.000230	4.9
124	-0.137073	25.451927	34324.277919	0.000231	5.7
125	-0.141624	24.699462	34889.444721	0.000242	4.7
126	-0.140291	23.935167	35482.873346	0.000243	4.7
127	-0.139862	24.934927	34710.598918	0.000233	5.2
128	-0.141316	25.934879	33971.086367	0.000240	4.6
129	-0.138568	26.880491	33300.177467	0.000221	4.9
130	-0.141031	26.116074	33840.443256	0.000248	4.9
131	-0.138794	26.909787	33279.814599	0.000245	4.8
132	-0.138221	27.909787	32599.381981	0.000239	5.3
133	-0.141235	27.163020	33104.835075	0.000258	4.8
134	-0.136501	27.763340	32697.284906	0.000227	4.6
135	-0.141575	27.045965	33185.488766	0.000236	5.1
136	-0.137497	28.045953	32508.876810	0.000243	4.7
137	-0.141658	27.448725	32909.614103	0.000255	4.7
138	-0.141005	26.684308	33437.180736	0.000263	5.1
139	-0.139563	25.991641	33930.052123	0.000243	4.8
140	-0.140556	25.227225	34491.121697	0.000240	5.0
141	-0.138510	26.227225	33760.798842	0.000236	5.2
142	-0.137551	25.464800	34314.768373	0.000235	4.5
143	-0.139635	25.148517	34549.947729	0.000260	5.4
144	-0.137473	26.148517	33817.158021	0.000216	4.7
145	-0.137551	27.141666	33119.519382	0.000229	4.6
146	-0.139121	28.141656	32445.565746	0.000247	5.1
147	-0.137842	27.377800	32957.861318	0.000231	4.7
148	-0.135493	28.377793	32290.402750	0.000239	5.1
149	-0.140799	27.619244	32794.192395	0.000253	5.2
150	-0.139953	28.617862	32134.170796	0.000232	4.7
151	-0.144909	29.611538	31503.268072	0.000247	5.5
152	-0.139440	30.611538	30892.876103	0.000236	4.7
153	-0.140543	31.611538	30305.687865	0.000251	4.7
154	-0.138048	32.420710	29846.642821	0.000234	5.2
155	-0.140406	33.420676	29298.217934	0.000241	4.7
156	-0.137416	32.656260	29715.616379	0.000235	4.7
157	-0.144134	33.656245	29171.942767	0.000252	5.1
158	-0.139781	32.891828	29585.725408	0.000231	4.7
159	-0.145434	32.127413	30011.415225	0.000234	4.9
160	-0.139332	31.799489	30197.808373	0.000229	4.8
161	-0.144166	32.270885	29930.586848	0.000237	4.6
162	-0.141914	31.537230	30348.551886	0.000236	5.4
163	-0.141204	32.537230	29781.683709	0.000241	4.8
164	-0.141524	31.884777	30149.107821	0.000247	4.8
165	-0.143659	31.120360	30591.285689	0.000239	5.1
166	-0.139156	32.085216	30035.270731	0.000236	4.6
167	-0.135335	33.081738	29481.834396	0.000235	5.0
168	-0.140490	32.317324	29904.517361	0.000230	4.7
169	-0.137614	31.555138	30338.210271	0.000224	4.7
170	-0.143335	30.790722	30785.993693	0.000244	5.4
171	-0.142421	30.026305	31247.193450	0.000249	4.8
172	-0.142004	31.026305	30646.589714	0.000240	4.6
173	-0.141024	32.026296	30068.644346	0.000236	5.0
174	-0.138456	31.936896	30119.424594	0.000241	5.7
175	-0.139035	31.172479	30560.725901	0.000236	5.1
176	-0.142483	30.747518	30811.697067	0.000248	5.0
177	-0.141210	31.228311	30528.056528	0.000237	4.6
178	-0.138994	31.647052	30285.244449	0.000234	5.2
179	-0.139594	32.647052	29720.716794	0.000256	5.0
180	-0.141928	33.647052	29176.850002	0.000235	4.7
181	-0.139055	34.635688	28658.382471	0.000239	5.6
182	-0.140932	35.635688	28152.369685	0.000221	4.8
183	-0.137444	34.933144	28505.975425	0.000253	5.0
184	-0.140086	34.168728	28900.953367	0.000225	4.7
185	-0.140703	35.168728	28386.415219	0.000221	4.6
186	-0.141616	36.160842	27893.725654	0.000225	5.2
187	-0.142062	35.396425	28271.806748	0.000243	4.7
188	-0.142502	34.632477	28660.037015	0.000238	4.7
189	-0.140949	35.627184	28156.597665	0.000241	5.3
190	-0.139496	34.862768	28541.887670	0.000223	5.0
191	-0.140998	35.858262	28042.166192	0.000239	4.9
192	-0.142260	36.858262	27557.496152	0.000234	5.9
193	-0.141110	37.858262	27089.295170	0.000233	6.0
194	-0.144122	38.142095	26959.289268	0.000237	5.3
195	-0.144377	39.141892	26511.118886	0.000244	4.7
196	-0.141655	38.378387	26852.006597	0.000239	5.0
197	-0.141415	37.614034	27202.168690	0.000243	4.8
198	-0.139921	36.879396	27547.433950	0.000244	4.7
199	-0.139036	37.200687	27395.361121	0.000238	5.1
