1:ItNr	2:Metric	3a:Time	3b:StepSize	4:||Gradient||	Time[ms]
0	-0.253260	0.000000	100449.116756	0.000131	21.0
1	-0.251130	0.000000	100449.116756	0.000294	3.1
2	-0.248938	1.000000	95883.247812	0.000757	3.0
3	-0.219457	2.000000	91714.410951	0.000892	3.4
4	-0.238260	3.000000	87892.977161	0.000907	3.0
5	-0.222268	4.000000	84377.258075	0.000968	3.0
6	-0.232233	5.000000	81131.978918	0.000920	3.0
7	-0.224903	6.000000	78127.090810	0.000963	3.3
8	-0.233477	7.000000	75336.837567	0.000921	3.1
9	-0.235452	8.000000	72739.015582	0.000953	3.0
10	-0.234116	9.000000	70314.381729	0.001022	3.4
11	-0.231804	10.000000	68046.175867	0.000957	3.1
12	-0.243670	11.000000	65919.732871	0.000936	3.1
13	-0.233764	12.000000	63922.165208	0.000959	3.0
14	-0.237379	13.000000	62042.101526	0.000901	3.2
15	-0.239474	14.000000	60269.470053	0.000861	3.3
16	-0.245703	15.000000	58595.318108	0.000870	4.3
17	-0.239170	16.000000	57011.660861	0.000873	3.1
18	-0.243487	17.000000	55511.353997	0.000832	3.0
19	-0.242067	18.000000	54087.985945	0.000843	3.4
20	-0.244125	19.000000	52735.786297	0.000846	3.1
21	-0.245003	20.000000	51449.547607	0.000834	3.0
22	-0.246750	21.000000	50224.558378	0.000831	3.0
23	-0.246013	22.000000	49056.545392	0.000819	3.4
24	-0.249038	23.000000	47941.623906	0.000753	3.3
25	-0.248148	24.000000	46876.254486	0.000659	3.0
26	-0.250410	25.000000	45857.205475	0.000553	3.2
27	-0.251200	26.000000	44881.520253	0.000504	3.3
28	-0.250634	27.000000	43946.488581	0.000512	3.1
29	-0.250628	28.000000	43049.621467	0.000498	3.0
30	-0.252721	29.000000	42188.629037	0.000426	2.9
31	-0.252630	30.000000	41361.401017	0.000354	3.1
32	-0.252615	31.000000	40565.989459	0.000342	3.3
33	-0.254613	32.000000	39800.593432	0.000368	3.2
34	-0.254937	33.000000	39063.545405	0.000312	3.4
35	-0.252085	34.000000	38353.299125	0.000254	3.3
36	-0.253788	35.000000	37668.418783	0.000201	3.6
37	-0.257330	36.000000	37007.569331	0.000183	3.5
38	-0.254999	37.000000	36369.507791	0.000170	3.7
39	-0.250195	38.000000	35753.075455	0.000197	3.7
40	-0.255797	39.000000	35157.190865	0.000263	3.7
41	-0.255326	40.000000	34580.843473	0.000252	3.4
42	-0.250419	41.000000	34023.087933	0.000277	3.6
43	-0.255249	42.000000	33483.038919	0.000259	3.7
44	-0.255600	43.000000	32959.866436	0.000217	3.6
45	-0.251985	44.000000	32452.791567	0.000176	3.6
46	-0.253209	45.000000	31961.082604	0.000112	3.9
47	-0.249977	46.000000	31484.051520	0.000134	3.6
48	-0.257294	45.956900	31504.317946	0.000173	3.5
49	-0.257238	46.956900	31040.725313	0.000124	3.6
50	-0.254526	47.956900	30590.578547	0.000117	3.3
51	-0.256229	48.956900	30153.301042	0.000106	3.7
52	-0.256189	48.927449	30166.000483	0.000166	3.5
53	-0.251228	49.927449	29740.692637	0.000140	3.7
54	-0.255874	50.927449	29327.210814	0.000108	3.5
55	-0.256617	51.927449	28925.068529	0.000147	3.8
56	-0.253469	52.807825	28580.051540	0.000213	3.7
57	-0.252822	53.807825	28198.005258	0.000255	3.5
58	-0.253263	54.807825	27826.038312	0.000176	4.1
59	-0.255827	55.807825	27463.757018	0.000200	4.5
60	-0.253639	56.806959	27111.089870	0.000223	4.0
61	-0.253364	57.806959	26767.070887	0.000141	3.7
62	-0.252192	58.806959	26431.673181	0.000105	4.2
63	-0.255022	59.806959	26104.576744	0.000179	3.7
64	-0.252270	60.806945	25785.481255	0.000079	3.8
65	-0.255594	60.768697	25797.542693	0.000146	4.3
66	-0.259677	61.736538	25495.766494	0.000123	4.2
67	-0.255784	61.957009	25428.007581	0.000161	3.9
68	-0.253925	62.956334	25125.340269	0.000229	3.6
69	-0.254166	63.956334	24829.596100	0.000121	4.0
70	-0.258671	64.956334	24540.733197	0.000129	3.9
71	-0.249953	64.913508	24552.966031	0.000127	3.8
72	-0.252101	65.913503	24270.468737	0.000110	4.5
73	-0.257726	66.913503	23994.396645	0.000111	3.7
74	-0.254718	67.913492	23724.537217	0.000155	4.0
75	-0.259018	67.921045	23722.522124	0.000197	4.0
76	-0.256073	68.921033	23458.710206	0.000185	4.1
77	-0.256130	69.921033	23200.698286	0.000109	4.1
78	-0.254465	70.161825	23139.416748	0.000121	4.2
79	-0.254766	71.161825	22888.342982	0.000165	4.2
80	-0.255892	72.161082	22642.839826	0.000170	3.8
81	-0.253253	73.161082	22402.370627	0.000108	3.8
82	-0.256178	74.161082	22166.955369	0.000137	4.4
83	-0.256427	74.770019	22026.010626	0.000131	4.2
84	-0.260411	74.732955	22034.538274	0.000100	3.7
85	-0.254167	74.693427	22043.639938	0.000111	3.9
86	-0.254979	75.693388	21815.674279	0.000138	3.7
87	-0.254332	76.690250	21593.060170	0.000142	3.8
88	-0.257366	77.690250	21374.263884	0.000152	3.9
89	-0.252831	78.690250	21159.857121	0.000131	4.4
90	-0.257715	79.690250	20949.709101	0.000099	4.1
91	-0.257874	80.689595	20743.827925	0.000167	4.4
92	-0.250629	81.689595	20541.822769	0.000179	5.0
93	-0.252799	82.689595	20343.713954	0.000203	4.2
94	-0.255784	83.689595	20149.389828	0.000116	4.2
95	-0.254567	84.689595	19958.742963	0.000157	4.8
96	-0.255243	85.689595	19771.669967	0.000151	4.1
97	-0.256278	86.060026	19703.259219	0.000121	3.4
98	-0.253756	87.060026	19520.922976	0.000121	3.9
99	-0.253993	88.059692	19341.989873	0.000142	3.2
100	-0.255641	89.059622	19166.261060	0.000132	3.6
101	-0.256132	90.059622	18993.684738	0.000200	3.1
102	-0.256007	91.059619	18824.188997	0.000130	3.9
103	-0.254750	92.059619	18657.691098	0.000196	3.4
104	-0.258691	93.059619	18494.112689	0.000146	3.7
105	-0.256352	93.849677	18366.890640	0.000098	3.5
106	-0.254275	93.808710	18373.444483	0.000100	4.1
107	-0.256069	93.840734	18368.320905	0.000163	3.7
108	-0.253206	93.856266	18365.836912	0.000126	3.6
109	-0.256037	94.856266	18207.314309	0.000078	3.7
110	-0.255454	95.855980	18051.549064	0.000139	3.6
111	-0.254804	96.830436	17902.263042	0.000130	3.2
112	-0.255642	97.825634	17752.326492	0.000149	3.6
113	-0.254017	98.825634	17604.175166	0.000106	3.7
114	-0.252075	98.782534	17610.509531	0.000145	3.7
115	-0.257086	99.782534	17464.706086	0.000116	3.4
116	-0.255224	99.742432	17470.506581	0.000119	3.5
117	-0.255271	100.742425	17327.003766	0.000080	4.1
118	-0.255541	100.699420	17333.126574	0.000141	4.2
119	-0.255351	100.656327	17339.266327	0.000107	3.5
120	-0.256765	100.614634	17345.210687	0.000163	4.1
121	-0.255644	101.614634	17203.749509	0.000142	3.4
122	-0.251372	102.614634	17064.577075	0.000119	3.9
123	-0.256693	103.614634	16927.638286	0.000103	3.9
124	-0.257539	103.587400	16931.338580	0.000218	4.0
125	-0.251262	104.585394	16796.789699	0.000108	3.7
126	-0.256549	105.585394	16664.098326	0.000132	3.5
127	-0.255380	105.542294	16669.774139	0.000150	3.9
128	-0.254897	105.738023	16644.029918	0.000130	3.6
129	-0.259869	106.738023	16513.731754	0.000138	3.6
130	-0.257750	107.472970	16419.262753	0.000132	3.8
131	-0.253770	108.472953	16292.448745	0.000153	3.8
132	-0.253844	109.472953	16167.576514	0.000169	3.7
133	-0.252752	110.472953	16044.603871	0.000133	3.5
134	-0.254151	111.472953	15923.487798	0.000144	4.3
135	-0.256812	112.472953	15804.186565	0.000161	3.7
136	-0.257855	112.429853	15809.291533	0.000103	3.5
137	-0.256368	112.798757	15765.702869	0.000094	3.5
138	-0.256562	113.798280	15648.800964	0.000169	3.8
139	-0.255204	114.798260	15533.567633	0.000133	3.5
140	-0.254669	115.798260	15420.016717	0.000117	3.5
141	-0.254893	116.798260	15308.113882	0.000111	3.9
142	-0.257346	116.755159	15312.903413	0.000098	3.5
143	-0.257199	117.331041	15249.154792	0.000101	3.5
144	-0.261043	118.330523	15139.765513	0.000110	3.4
145	-0.255937	118.303796	15142.670281	0.000100	3.9
146	-0.257373	119.106907	15055.870483	0.000120	3.9
147	-0.253168	119.119800	15054.485181	0.000144	3.8
148	-0.256047	120.119587	14947.829004	0.000127	4.5
149	-0.254457	121.119587	14842.651179	0.000139	4.0
150	-0.255125	122.119587	14738.943143	0.000095	3.5
151	-0.251876	123.119124	14636.721299	0.000106	3.5
152	-0.254911	123.378510	14610.425370	0.000119	4.3
153	-0.254262	124.378355	14509.941703	0.000122	3.6
154	-0.253958	125.377885	14410.861710	0.000109	3.6
155	-0.254271	125.500834	14398.767502	0.000139	3.8
156	-0.257263	125.457734	14403.004838	0.000074	3.2
157	-0.256146	126.133008	14336.901567	0.000088	3.2
158	-0.258708	126.117723	14338.391092	0.000124	3.1
159	-0.256981	127.117723	14241.587083	0.000127	3.6
160	-0.254147	127.618206	14193.627505	0.000131	3.2
161	-0.256309	128.617915	14098.789241	0.000111	3.2
162	-0.251898	128.576525	14102.690591	0.000090	3.0
163	-0.260033	128.671052	14093.783852	0.000119	3.5
164	-0.257321	129.069842	14056.331529	0.000113	3.3
165	-0.252942	130.000458	13969.702351	0.000104	3.3
166	-0.256389	131.000458	13877.796692	0.000098	3.2
167	-0.258323	131.998459	13787.272550	0.000104	3.5
168	-0.257456	132.998455	13697.744291	0.000087	3.3
169	-0.254296	132.969421	13700.327231	0.000111	3.3
170	-0.257667	133.968736	13611.980718	0.000118	3.1
171	-0.254925	133.925636	13615.767584	0.000108	3.4
172	-0.255206	134.919634	13528.966168	0.000130	3.4
173	-0.251889	134.876671	13532.695049	0.000107	3.3
174	-0.253708	135.876655	13446.433169	0.000132	3.0
175	-0.256810	135.915854	13443.074088	0.000129	3.3
176	-0.253232	136.915854	13357.946004	0.000097	3.4
177	-0.259518	137.512873	13307.634929	0.000084	3.2
178	-0.253949	137.469836	13311.249052	0.000134	3.1
179	-0.254551	138.435890	13230.593520	0.000188	3.3
180	-0.255554	139.435890	13148.126975	0.000174	3.4
181	-0.258296	140.435890	13066.682094	0.000144	3.1
182	-0.255123	141.435890	12986.240006	0.000090	3.1
183	-0.253869	141.394232	12989.571263	0.000136	3.7
184	-0.250398	141.351229	12993.011895	0.000130	3.9
185	-0.253206	142.351229	12913.471558	0.000126	3.6
186	-0.259439	143.155794	12850.179714	0.000121	3.8
187	-0.252384	143.149207	12850.695319	0.000113	3.9
188	-0.255218	143.106108	12854.070327	0.000093	3.8
189	-0.256936	144.106102	12776.217416	0.000103	3.7
190	-0.253169	144.363445	12756.334678	0.000107	3.6
191	-0.255953	144.382040	12754.900385	0.000145	3.8
192	-0.257430	144.400175	12753.501936	0.000133	4.0
193	-0.254543	145.400175	12676.858375	0.000091	3.7
194	-0.251545	145.357119	12680.139365	0.000092	4.0
195	-0.254197	145.314019	12683.425427	0.000136	3.9
196	-0.251905	146.313084	12607.689728	0.000135	3.9
197	-0.252152	147.312810	12532.803959	0.000139	3.9
198	-0.251807	148.312768	12458.785429	0.000094	4.3
199	-0.255815	149.312766	12385.633239	0.000129	3.5
