1:ItNr	2:Metric	3a:Time	3b:StepSize	4:||Gradient||	Time[ms]
0	-0.842433	0.000000	105931.041878	0.000636	75.6
1	-0.874735	0.000000	105931.041878	0.000142	4.8
2	-0.873282	1.000000	101115.994520	0.000162	4.3
3	-0.875482	0.988332	101169.651257	0.000178	3.8
4	-0.883342	0.976664	101223.364969	0.000172	4.0
5	-0.879132	0.964996	101277.135748	0.000155	4.0
6	-0.883008	0.953328	101330.963685	0.000139	3.9
7	-0.882715	0.941660	101384.848870	0.000127	3.9
8	-0.889206	0.929992	101438.791395	0.000129	3.6
9	-0.891581	0.918324	101492.791352	0.000126	4.2
10	-0.889445	0.906656	101546.848832	0.000123	3.7
11	-0.891605	0.894988	101600.963927	0.000125	3.6
12	-0.896073	0.883320	101655.136730	0.000127	3.5
13	-0.893814	0.871652	101709.367332	0.000130	4.0
14	-0.896092	0.859984	101763.655827	0.000128	4.0
15	-0.897655	0.848316	101818.002307	0.000120	3.7
16	-0.897814	0.836648	101872.406865	0.000124	4.1
17	-0.896016	0.824980	101926.869594	0.000122	3.8
18	-0.902154	0.813312	101981.390588	0.000120	3.6
19	-0.903071	0.801644	102035.969940	0.000129	3.6
20	-0.901236	0.789976	102090.607744	0.000139	3.6
21	-0.901481	0.778308	102145.304094	0.000146	3.7
22	-0.907535	0.766640	102200.059083	0.000143	3.3
23	-0.907811	0.754972	102254.872807	0.000148	3.9
24	-0.909037	0.743304	102309.745360	0.000127	3.5
25	-0.907161	0.731636	102364.676836	0.000113	3.6
26	-0.910019	0.719968	102419.667331	0.000115	3.6
27	-0.907769	0.708300	102474.716940	0.000110	4.4
28	-0.913858	0.696632	102529.825758	0.000109	3.6
29	-0.916699	0.684964	102584.993880	0.000116	3.6
30	-0.912487	0.673296	102640.221403	0.000109	4.0
31	-0.917898	0.661628	102695.508423	0.000107	3.8
32	-0.917689	0.649960	102750.855035	0.000108	3.8
33	-0.917637	0.638292	102806.261336	0.000108	3.7
34	-0.918934	0.626624	102861.727423	0.000104	3.8
35	-0.917457	0.614956	102917.253392	0.000102	3.6
36	-0.920869	0.603288	102972.839341	0.000104	3.5
37	-0.918297	0.591620	103028.485367	0.000099	3.6
38	-0.926560	0.579952	103084.191566	0.000104	3.7
39	-0.927933	0.568284	103139.958038	0.000126	3.5
40	-0.929731	0.556616	103195.784880	0.000131	3.4
41	-0.927749	0.544948	103251.672189	0.000118	3.8
42	-0.926625	0.533280	103307.620064	0.000117	3.5
43	-0.928856	0.521612	103363.628604	0.000098	3.7
44	-0.929603	0.509944	103419.697907	0.000098	3.8
45	-0.929527	0.498276	103475.828073	0.000103	3.8
46	-0.933233	0.486608	103532.019200	0.000096	3.7
47	-0.932592	0.474940	103588.271388	0.000096	3.4
48	-0.931515	0.463272	103644.584736	0.000102	3.9
49	-0.933004	0.451604	103700.959344	0.000091	3.6
50	-0.931887	0.439936	103757.395313	0.000112	3.6
51	-0.940103	0.428268	103813.892742	0.000090	3.7
52	-0.936018	0.416600	103870.451732	0.000085	3.6
53	-0.939018	0.404932	103927.072383	0.000096	3.6
54	-0.936671	0.393264	103983.754797	0.000092	3.8
55	-0.941927	0.381596	104040.499075	0.000089	3.9
56	-0.937937	0.369928	104097.305317	0.000086	3.8
57	-0.941931	0.358260	104154.173626	0.000083	3.3
58	-0.941673	0.346592	104211.104103	0.000089	3.4
59	-0.943260	0.334924	104268.096850	0.000091	3.6
60	-0.943349	0.323256	104325.151970	0.000086	3.5
61	-0.942900	0.311588	104382.269564	0.000122	3.4
62	-0.940777	0.299920	104439.449737	0.000113	3.5
63	-0.943991	1.299920	99756.049449	0.000079	3.6
64	-0.941967	1.288252	99808.272222	0.000104	4.0
65	-0.942381	1.276584	99860.549701	0.000089	3.9
66	-0.946935	1.264916	99912.881972	0.000080	3.5
67	-0.946565	1.253248	99965.269123	0.000075	3.6
68	-0.945485	1.241580	100017.711238	0.000078	3.6
69	-0.949835	1.229912	100070.208404	0.000081	3.3
70	-0.947679	1.218244	100122.760709	0.000081	3.5
71	-0.944109	1.206576	100175.368239	0.000121	3.5
72	-0.950024	1.194908	100228.031082	0.000118	3.5
73	-0.953420	2.194908	95906.908824	0.000100	3.4
74	-0.953307	3.194711	91943.727481	0.000094	3.7
75	-0.946812	3.183043	91988.088891	0.000132	3.6
76	-0.952428	4.183043	88335.309913	0.000148	3.9
77	-0.947149	5.183043	84961.549614	0.000124	3.9
78	-0.949139	6.183043	81836.014675	0.000084	3.5
79	-0.950309	7.183025	78932.330369	0.000071	3.7
80	-0.951101	7.171357	78965.022546	0.000079	4.0
81	-0.952355	7.159689	78997.741814	0.000071	4.2
82	-0.952949	7.148021	79030.488209	0.000087	4.2
83	-0.949302	7.136353	79063.261763	0.000092	4.3
84	-0.950902	7.124685	79096.062510	0.000118	4.3
85	-0.957831	8.124683	76380.294971	0.000111	4.3
86	-0.957265	9.124683	73844.822816	0.000070	4.3
87	-0.953834	9.113015	73873.435757	0.000106	4.3
88	-0.954847	9.101347	73902.070880	0.000112	4.1
89	-0.955297	10.101347	71525.901420	0.000113	3.5
90	-0.956720	11.101347	69297.773690	0.000085	3.7
91	-0.956215	11.116903	69264.209994	0.000075	3.5
92	-0.957523	11.105234	69289.382689	0.000069	3.6
93	-0.957425	11.093566	69314.573689	0.000066	3.5
94	-0.958252	11.081898	69339.783012	0.000065	3.9
95	-0.954979	11.070230	69365.010678	0.000077	3.7
96	-0.953394	11.058562	69390.256709	0.000089	3.4
97	-0.955179	11.046895	69415.520150	0.000097	3.6
98	-0.957801	12.046894	67315.005740	0.000074	3.6
99	-0.954645	12.035261	67338.710629	0.000061	3.8
100	-0.954752	12.023593	67362.502969	0.000063	3.5
101	-0.960863	12.011925	67386.312128	0.000081	3.5
102	-0.961159	12.000257	67410.138123	0.000069	3.6
103	-0.956468	11.988589	67433.980889	0.000077	3.6
104	-0.956893	11.976921	67457.840611	0.000064	3.4
105	-0.962689	11.965253	67481.717223	0.000059	3.7
106	-0.960291	11.953585	67505.610744	0.000074	3.6
107	-0.960041	11.941917	67529.521191	0.000085	4.5
108	-0.960647	11.960492	67491.465598	0.000069	4.6
109	-0.960882	11.948832	67515.349277	0.000065	4.1
110	-0.957996	11.937164	67539.266624	0.000080	4.3
111	-0.962478	11.925496	67563.200895	0.000070	4.9
112	-0.961229	11.913829	67587.149848	0.000073	4.0
113	-0.963851	11.902161	67611.118083	0.000088	3.6
114	-0.960424	11.897112	67621.494271	0.000125	3.6
115	-0.957269	12.897112	65626.589985	0.000110	3.8
116	-0.962108	13.897112	63746.016322	0.000098	3.5
117	-0.962414	14.897112	61970.218422	0.000089	3.4
118	-0.959309	15.897112	60290.677264	0.000068	3.5
119	-0.954488	16.148311	59882.988482	0.000069	3.6
120	-0.961713	16.136650	59901.791198	0.000056	3.3
121	-0.959511	16.124982	59920.617726	0.000057	3.4
122	-0.961242	16.113314	59939.456092	0.000057	3.6
123	-0.963377	16.101646	59958.306306	0.000059	3.5
124	-0.961809	16.089978	59977.168381	0.000055	3.5
125	-0.959609	16.078310	59996.042327	0.000079	3.5
126	-0.962599	16.066698	60014.838672	0.000063	4.0
127	-0.961384	16.342812	59571.085816	0.000054	3.5
128	-0.962219	16.331144	59589.705011	0.000056	3.5
129	-0.968342	16.319476	59608.335848	0.000051	4.3
130	-0.964165	16.307808	59626.978340	0.000049	3.5
131	-0.963637	16.296140	59645.632495	0.000055	3.4
132	-0.960978	16.284472	59664.298326	0.000047	3.5
133	-0.962106	16.272804	59682.975844	0.000063	3.6
134	-0.961372	16.261136	59701.665059	0.000068	3.5
135	-0.962465	16.249471	59720.361461	0.000065	3.5
136	-0.965622	16.237803	59739.074101	0.000043	3.7
137	-0.962745	16.226135	59757.798472	0.000050	3.5
138	-0.964727	16.214467	59776.534584	0.000046	3.4
139	-0.960457	16.202799	59795.282448	0.000063	3.5
140	-0.966075	16.191131	59814.042075	0.000058	4.1
141	-0.965650	16.179463	59832.813475	0.000050	3.6
142	-0.964427	16.167795	59851.596663	0.000073	3.4
143	-0.964820	16.156127	59870.391649	0.000062	3.5
144	-0.962911	16.240762	59734.327457	0.000054	3.6
145	-0.964281	16.229094	59753.048850	0.000056	3.6
146	-0.969673	16.217426	59771.781984	0.000046	3.4
147	-0.967511	16.205758	59790.526866	0.000046	3.7
148	-0.971053	16.194090	59809.283510	0.000059	3.6
149	-0.963425	16.182422	59828.051925	0.000047	3.4
150	-0.962721	16.170754	59846.832123	0.000043	3.3
151	-0.961211	16.159086	59865.624116	0.000079	3.8
152	-0.967175	16.147418	59884.427904	0.000044	3.6
153	-0.963473	16.135750	59903.243518	0.000047	3.4
154	-0.966968	16.124082	59922.070959	0.000086	3.4
155	-0.966439	16.112415	59940.908998	0.000080	3.6
156	-0.965813	17.112415	58368.169268	0.000053	3.4
157	-0.966851	17.100747	58386.043988	0.000061	3.4
158	-0.964370	17.089079	58403.929636	0.000059	3.5
159	-0.964762	17.077411	58421.826183	0.000057	3.7
160	-0.964027	17.065744	58439.732131	0.000068	3.2
161	-0.965684	17.054076	58457.650716	0.000101	3.4
162	-0.971936	18.054076	56960.812056	0.000060	3.5
163	-0.969691	18.042408	56977.835063	0.000052	3.7
164	-0.960906	18.030740	56994.868247	0.000062	3.3
165	-0.969298	18.019274	57011.616772	0.000043	3.4
166	-0.966396	18.007606	57028.670163	0.000048	3.5
167	-0.969893	17.995938	57045.733759	0.000054	3.5
168	-0.968740	17.984270	57062.807569	0.000070	3.3
169	-0.967354	17.972602	57079.891355	0.000045	3.5
170	-0.970948	17.960934	57096.985621	0.000065	3.8
171	-0.968849	17.949266	57114.090129	0.000056	3.6
172	-0.969967	17.937699	57131.056582	0.000047	3.6
173	-0.966670	17.926074	57148.117521	0.000055	3.7
174	-0.966500	17.914406	57165.252682	0.000100	3.4
175	-0.966504	18.914406	55733.056885	0.000087	3.6
176	-0.969482	19.914406	54370.870265	0.000053	3.3
177	-0.968531	19.902738	54386.380221	0.000074	3.7
178	-0.965239	19.891070	54401.899014	0.000053	3.5
179	-0.972450	19.892254	54400.324694	0.000045	3.9
180	-0.971132	19.880586	54415.851461	0.000054	4.0
181	-0.968227	19.868918	54431.387095	0.000070	3.8
182	-0.969258	20.843786	53163.254732	0.000051	3.7
183	-0.966370	20.835771	53173.440922	0.000050	3.3
184	-0.974568	20.824104	53188.274040	0.000043	3.7
185	-0.971315	20.812436	53203.116542	0.000049	3.5
186	-0.964643	20.800771	53217.963513	0.000068	3.5
187	-0.966774	21.034056	52922.608454	0.000075	3.4
188	-0.970401	22.034056	51692.824103	0.000054	4.0
189	-0.966933	22.022388	51706.843600	0.000059	3.6
190	-0.974774	23.011724	50544.529758	0.000042	3.7
191	-0.969353	23.000056	50557.933234	0.000070	3.6
192	-0.970847	22.990271	50569.179260	0.000048	3.9
193	-0.967800	23.990229	49445.222855	0.000039	3.9
194	-0.967960	23.978561	49458.049570	0.000040	3.4
195	-0.966556	23.966893	49470.882942	0.000045	4.4
196	-0.969187	23.955225	49483.722976	0.000047	3.4
197	-0.967940	23.943557	49496.569676	0.000064	3.8
198	-0.965194	23.945392	49494.547876	0.000059	3.9
199	-0.972653	24.945346	48417.349543	0.000042	4.3
