1:ItNr	2:Metric	3a:Time	3b:StepSize	4:||Gradient||	Time[ms]
0	-0.166816	0.000000	406510.396486	0.000208	33.9
1	-0.161120	0.000000	406510.396486	0.000266	4.8
2	-0.161224	1.000000	388032.651191	0.000282	5.0
3	-0.157055	2.000000	371161.666357	0.000295	3.6
4	-0.164366	3.000000	355696.596926	0.000265	5.2
5	-0.162825	4.000000	341468.733048	0.000257	4.6
6	-0.158333	5.000000	328335.320239	0.000244	3.9
7	-0.164569	6.000000	316174.752823	0.000256	5.0
8	-0.164352	7.000000	304882.797365	0.000250	4.4
9	-0.167572	8.000000	294369.597456	0.000249	4.3
10	-0.166037	9.000000	284557.277540	0.000261	4.4
11	-0.170389	10.000000	275378.010523	0.000253	4.2
12	-0.166265	11.000000	266772.447694	0.000215	4.5
13	-0.170779	12.000000	258688.434128	0.000247	4.7
14	-0.167522	13.000000	251079.950771	0.000271	4.1
15	-0.162506	14.000000	243906.237892	0.000260	3.7
16	-0.169396	15.000000	237131.064617	0.000215	4.6
17	-0.166500	16.000000	230722.116925	0.000196	4.4
18	-0.169678	17.000000	224650.482269	0.000195	4.3
19	-0.167145	18.000000	218890.213493	0.000219	4.5
20	-0.168743	19.000000	213417.958155	0.000217	4.1
21	-0.169444	20.000000	208212.642103	0.000208	4.5
22	-0.171416	21.000000	203255.198243	0.000244	5.8
23	-0.166502	22.000000	198528.333168	0.000245	4.6
24	-0.168798	23.000000	194016.325596	0.000178	5.9
25	-0.169520	24.000000	189704.851694	0.000183	6.5
26	-0.170993	25.000000	185580.833179	0.000183	6.2
27	-0.170654	26.000000	181632.304813	0.000189	5.4
28	-0.168843	27.000000	177848.298463	0.000198	3.9
29	-0.171274	28.000000	174218.741351	0.000212	5.1
30	-0.170909	29.000000	170734.366524	0.000235	5.0
31	-0.170361	30.000000	167386.633847	0.000172	4.4
32	-0.169189	31.000000	164167.660119	0.000183	4.5
33	-0.170394	32.000000	161070.157098	0.000180	4.6
34	-0.170294	33.000000	158087.376411	0.000201	4.5
35	-0.169797	34.000000	155213.060477	0.000171	4.4
36	-0.169119	35.000000	152441.398682	0.000182	4.2
37	-0.170699	36.000000	149766.988179	0.000168	5.7
38	-0.168975	37.000000	147184.798728	0.000174	4.9
39	-0.167487	38.000000	144690.141122	0.000155	5.4
40	-0.172564	39.000000	142278.638770	0.000178	4.9
41	-0.170976	40.000000	139946.202069	0.000169	4.3
42	-0.171991	41.000000	137689.005261	0.000184	4.5
43	-0.172447	42.000000	135503.465495	0.000175	5.1
44	-0.169946	43.000000	133386.223847	0.000178	5.9
45	-0.166793	44.000000	131334.128096	0.000176	35.9
46	-0.171215	45.000000	129344.217064	0.000170	5.4
47	-0.173269	46.000000	127413.706361	0.000162	13.2
48	-0.172003	47.000000	125539.975385	0.000174	5.1
49	-0.167299	48.000000	123720.555452	0.000189	6.0
50	-0.171811	49.000000	121953.118946	0.000178	4.8
51	-0.170937	50.000000	120235.469383	0.000163	4.2
52	-0.170253	51.000000	118565.532309	0.000167	3.8
53	-0.172886	52.000000	116941.346934	0.000172	4.7
54	-0.172289	53.000000	115361.058462	0.000177	3.9
55	-0.172705	54.000000	113822.911016	0.000178	4.3
56	-0.171431	55.000000	112325.241134	0.000169	4.9
57	-0.168964	56.000000	110866.471769	0.000169	4.0
58	-0.173662	57.000000	109445.106746	0.000160	4.0
59	-0.170131	57.997946	108062.534818	0.000161	4.8
60	-0.174531	58.997946	106711.718456	0.000192	4.1
61	-0.171978	59.997946	105394.256430	0.000190	3.7
62	-0.168743	60.997946	104108.928430	0.000156	4.9
63	-0.169345	61.997946	102854.572954	0.000196	4.0
64	-0.171101	62.997946	101630.083816	0.000169	4.0
65	-0.173277	63.997946	100434.406882	0.000182	4.6
66	-0.175970	64.997946	99266.537054	0.000190	4.2
67	-0.169779	65.997946	98125.515441	0.000168	4.2
68	-0.170158	66.997946	97010.426742	0.000166	4.3
69	-0.172017	67.997946	95920.396795	0.000148	4.0
70	-0.167000	68.997946	94854.590288	0.000160	4.3
71	-0.172979	69.997946	93812.208634	0.000169	4.3
72	-0.171518	70.997946	92792.487951	0.000168	4.1
73	-0.171676	71.997946	91794.697230	0.000183	4.1
74	-0.169805	72.997946	90818.137139	0.000175	4.6
75	-0.171900	73.997946	89862.136076	0.000178	4.0
76	-0.171509	74.997946	88926.052128	0.000144	4.1
77	-0.164862	75.997946	88009.269288	0.000172	4.7
78	-0.174644	76.997446	87111.641151	0.000162	4.1
79	-0.170441	77.997446	86231.702881	0.000167	3.9
80	-0.173195	78.997446	85369.363826	0.000187	4.7
81	-0.167797	79.997446	84524.101223	0.000156	4.1
82	-0.170260	80.997446	83695.412812	0.000165	3.9
83	-0.168824	81.997446	82882.815854	0.000169	4.4
84	-0.173034	82.997446	82085.846128	0.000149	4.1
85	-0.168886	83.997425	81304.073289	0.000168	4.1
86	-0.174688	84.997425	80537.035096	0.000147	3.9
87	-0.170234	85.979341	79797.821367	0.000162	4.3
88	-0.171521	86.979341	79058.811286	0.000163	4.0
89	-0.172438	87.979341	78333.363594	0.000163	4.1
90	-0.173203	88.979341	77621.108337	0.000181	4.4
91	-0.171121	89.979341	76921.688898	0.000161	4.1
92	-0.172505	90.979341	76234.761395	0.000150	3.7
93	-0.175390	91.979341	75559.994125	0.000167	4.7
94	-0.173479	92.979341	74897.067022	0.000173	3.8
95	-0.169171	93.979341	74245.671158	0.000156	4.0
96	-0.173472	94.979341	73605.508269	0.000165	5.2
97	-0.170362	95.979341	72976.290257	0.000177	3.9
98	-0.173724	96.979341	72357.738824	0.000158	4.0
99	-0.170789	97.979341	71749.585019	0.000154	4.9
100	-0.169928	98.926475	71182.933722	0.000151	4.8
101	-0.167084	99.926475	70594.287326	0.000164	3.8
102	-0.172383	100.888998	70036.824116	0.000174	5.2
103	-0.172418	101.834377	69497.795049	0.000174	4.2
104	-0.170243	102.834377	68936.579359	0.000154	3.8
105	-0.170894	103.834377	68384.355034	0.000175	5.3
106	-0.171377	104.834377	67840.907712	0.000188	4.0
107	-0.172544	105.834377	67306.029790	0.000181	4.2
108	-0.169241	106.834377	66779.520164	0.000172	4.4
109	-0.175510	107.834377	66261.183972	0.000164	3.7
110	-0.170870	108.834377	65750.832355	0.000133	3.7
111	-0.172053	109.834377	65248.282230	0.000162	4.1
112	-0.173079	110.834376	64753.356238	0.000165	4.0
113	-0.173595	111.834376	64265.881850	0.000173	3.7
114	-0.168375	112.834376	63785.692203	0.000156	3.6
115	-0.174297	113.834376	63312.625215	0.000164	4.8
116	-0.175087	114.834227	62846.592765	0.000156	3.8
117	-0.174524	115.834227	62387.302760	0.000160	3.7
118	-0.171527	116.834227	61934.677136	0.000182	4.6
119	-0.171356	117.834227	61488.571888	0.000156	3.8
120	-0.169673	118.834227	61048.847127	0.000160	3.9
121	-0.172009	119.834227	60615.366939	0.000161	4.4
122	-0.173587	120.834227	60187.999241	0.000166	3.7
123	-0.170250	121.545651	59887.609908	0.000171	3.5
124	-0.170744	122.545651	59470.407371	0.000166	4.1
125	-0.171421	123.545651	59058.977438	0.000142	3.7
126	-0.169333	124.545651	58653.201126	0.000149	3.9
127	-0.167964	125.545651	58252.962696	0.000173	3.8
128	-0.172190	126.545651	57858.149550	0.000161	4.0
129	-0.167359	127.545651	57468.652117	0.000146	3.7
130	-0.172511	128.545651	57084.363762	0.000160	3.5
131	-0.172963	128.372369	57150.585521	0.000171	4.4
132	-0.167222	129.372369	56770.525103	0.000149	3.6
133	-0.169476	130.372369	56395.486213	0.000145	3.5
134	-0.170121	131.372368	56025.370034	0.000152	4.0
135	-0.171726	132.370489	55660.762430	0.000161	4.2
136	-0.169149	133.370489	55300.196346	0.000151	3.8
137	-0.172436	134.370489	54944.271635	0.000171	3.5
138	-0.171557	135.370489	54592.899249	0.000145	4.4
139	-0.174977	136.370489	54245.992407	0.000151	4.1
140	-0.169857	137.370489	53903.466518	0.000165	3.6
141	-0.172196	138.370489	53565.239114	0.000157	4.3
142	-0.169941	139.370480	53231.232535	0.000163	3.8
143	-0.170277	139.075157	53329.439102	0.000153	3.8
144	-0.171459	140.045038	53008.266830	0.000166	3.9
145	-0.169841	141.045018	52681.152636	0.000155	5.2
146	-0.169374	142.045018	52358.044618	0.000155	5.7
147	-0.172346	141.749903	52452.985507	0.000155	6.3
148	-0.172112	142.749903	52132.661743	0.000174	4.7
149	-0.173220	143.749888	51816.231543	0.000145	5.3
150	-0.170803	144.749887	51503.614686	0.000143	5.4
151	-0.170367	145.749887	51194.747238	0.000145	5.4
152	-0.170740	146.749778	50889.595417	0.000150	4.9
153	-0.170165	147.749708	50588.048108	0.000169	4.5
154	-0.167301	148.749707	50290.032657	0.000157	5.0
155	-0.171232	149.749701	49995.509759	0.000160	4.5
156	-0.171353	150.749701	49704.414580	0.000182	4.2
157	-0.169338	151.749701	49416.689540	0.000140	4.7
158	-0.172675	152.749701	49132.276449	0.000154	4.7
159	-0.173133	153.749701	48851.118448	0.000154	3.9
160	-0.168793	154.749701	48573.159975	0.000150	3.7
161	-0.172825	155.743077	48300.156810	0.000154	4.1
162	-0.169448	156.743076	48028.415585	0.000146	3.8
163	-0.173869	157.741951	47760.015337	0.000154	3.6
164	-0.169254	158.741951	47494.300989	0.000157	3.8
165	-0.172751	159.741951	47231.526903	0.000164	4.0
166	-0.169854	160.741950	46971.644914	0.000129	4.1
167	-0.171494	161.737838	46715.657970	0.000132	3.6
168	-0.167692	161.450795	46789.153784	0.000145	4.3
169	-0.169139	162.450795	46534.103629	0.000156	3.6
170	-0.169641	163.450795	46281.818994	0.000163	3.6
171	-0.170423	164.450795	46032.255119	0.000166	3.9
172	-0.169220	165.450795	45785.368240	0.000155	4.2
173	-0.174657	165.155463	45858.005819	0.000161	4.1
174	-0.171157	166.155463	45612.979546	0.000145	3.8
175	-0.171948	167.155463	45370.557781	0.000139	3.9
176	-0.172759	166.910973	45429.589272	0.000167	3.8
177	-0.170210	167.910973	45189.107798	0.000160	3.7
178	-0.167813	168.910973	44951.158895	0.000165	4.2
179	-0.169521	169.910973	44715.702785	0.000170	4.0
180	-0.173971	170.910973	44482.700460	0.000160	3.7
181	-0.175773	171.910973	44252.113784	0.000157	4.0
182	-0.170175	172.910973	44023.905419	0.000144	4.0
183	-0.169097	173.910971	43798.039019	0.000145	3.8
184	-0.167646	174.892130	43578.669263	0.000152	3.6
185	-0.169348	175.882558	43359.444328	0.000134	4.1
186	-0.170550	176.882558	43140.327268	0.000155	4.1
187	-0.167962	176.587226	43204.808724	0.000148	4.7
188	-0.170145	177.587226	42987.247859	0.000133	6.8
189	-0.175161	178.587226	42771.867219	0.000150	4.6
190	-0.171202	179.587226	42558.633981	0.000151	5.0
191	-0.170363	180.587226	42347.516268	0.000146	4.3
192	-0.171384	181.587226	42138.482771	0.000149	4.1
193	-0.170815	182.587226	41931.502781	0.000163	4.1
194	-0.179218	183.572859	41729.476621	0.000169	4.5
195	-0.173309	184.572679	41526.521756	0.000139	4.1
196	-0.171637	185.572679	41325.495553	0.000149	4.2
197	-0.173443	186.572679	41126.406271	0.000150	4.0
198	-0.170260	187.569453	40929.859051	0.000153	4.2
199	-0.174444	188.569453	40734.554542	0.000177	4.0
