1:ItNr	2:Metric	3a:Time	3b:StepSize	4:||Gradient||	Time[ms]
0	-0.039242	0.000000	6562.944114	0.000607	48.6
1	-0.041970	0.000000	6562.944114	0.000098	0.9
2	-0.041622	0.999163	6264.866822	0.000244	0.9
3	-0.040469	0.566555	6390.535025	0.000436	1.0
4	-0.039675	1.543272	6113.656673	0.000177	1.0
5	-0.044167	0.859638	6304.854123	0.000268	0.9
6	-0.039469	0.803780	6321.006198	0.000244	1.0
7	-0.043141	1.803477	6043.895130	0.000251	1.0
8	-0.043457	2.803383	5790.009921	0.000298	1.0
9	-0.040048	3.803383	5556.573818	0.000395	1.1
10	-0.040975	4.803380	5341.231481	0.000237	1.2
11	-0.040332	5.798537	5142.886116	0.000167	1.1
12	-0.040015	6.111403	5083.537263	0.000318	1.2
13	-0.038412	5.427302	5215.130427	0.000230	1.1
14	-0.039229	6.427301	5024.986821	0.000087	1.4
15	-0.039484	5.776980	5147.026555	0.000175	1.2
16	-0.038849	6.186193	5069.552260	0.000186	1.2
17	-0.040323	5.551625	5190.711483	0.000231	0.9
18	-0.041072	6.549750	5002.652457	0.000183	0.8
19	-0.042621	7.546380	4827.996654	0.000214	0.8
20	-0.041566	8.533411	4666.640966	0.000045	0.7
21	-0.041168	9.193586	4564.606020	0.000250	1.0
22	-0.038317	8.626165	4652.030556	0.000312	1.1
23	-0.042504	9.626135	4500.137756	0.000160	1.2
24	-0.042628	9.182383	4566.300425	0.000279	1.2
25	-0.041654	8.497643	4672.299616	0.000247	0.9
26	-0.038225	9.495746	4519.378720	0.000136	1.0
27	-0.038441	8.816067	4622.401243	0.000061	1.1
28	-0.039706	8.640108	4649.842296	0.000109	1.2
29	-0.041148	9.062833	4584.459021	0.000241	1.3
30	-0.041379	8.433239	4682.523345	0.000242	1.2
31	-0.036604	9.432208	4528.814597	0.000373	0.9
32	-0.041356	8.751885	4632.372931	0.000200	0.9
33	-0.039174	9.751884	4481.736034	0.000164	0.9
34	-0.038649	9.106939	4577.742912	0.000281	1.0
35	-0.039090	8.428358	4683.299856	0.000126	1.0
36	-0.043363	9.418203	4530.899702	0.000212	1.2
37	-0.044700	9.356297	4540.139597	0.000268	1.2
38	-0.042471	10.356268	4395.351704	0.000258	0.9
39	-0.040992	11.354142	4259.789314	0.000417	0.9
40	-0.040825	12.354142	4132.075360	0.000157	1.0
41	-0.038180	13.346623	4012.674774	0.000337	1.0
42	-0.043667	12.661867	4094.301321	0.000501	1.0
43	-0.039246	13.661865	3976.180322	0.000223	1.2
44	-0.038392	14.661865	3864.683649	0.000268	0.9
45	-0.041186	13.981830	3939.811827	0.000147	0.9
46	-0.039437	14.934713	3835.339582	0.000221	1.0
47	-0.036985	15.773182	3747.889597	0.000289	0.8
48	-0.039910	16.054734	3719.412138	0.000247	1.0
49	-0.042666	15.514616	3774.428991	0.000118	0.9
50	-0.039129	16.330671	3691.919379	0.000387	1.0
51	-0.040179	15.646355	3760.860472	0.000200	1.0
52	-0.042274	16.405774	3684.506780	0.000316	1.0
53	-0.041222	15.743782	3750.888402	0.000209	0.9
54	-0.039551	15.060417	3821.969846	0.000235	0.8
55	-0.039346	15.791352	3746.038660	0.000099	0.8
56	-0.041795	16.772420	3648.742295	0.000359	0.8
57	-0.038888	17.771043	3554.761868	0.000317	1.0
58	-0.040915	18.766478	3465.779071	0.000295	1.2
59	-0.039007	18.081659	3526.509112	0.000372	1.2
60	-0.037747	18.017999	3532.262796	0.000135	0.9
61	-0.042794	18.195369	3516.278291	0.000251	1.0
62	-0.042346	19.192212	3429.067993	0.000151	0.9
63	-0.038091	20.183766	3346.508548	0.000253	0.9
64	-0.042238	21.127324	3271.554267	0.000289	1.1
65	-0.041913	20.449692	3325.038585	0.000174	0.8
66	-0.040473	19.770532	3380.427441	0.000466	1.0
67	-0.039127	19.085714	3438.178197	0.000181	0.8
68	-0.043435	20.085613	3354.503349	0.000150	0.9
69	-0.043271	19.439775	3408.075978	0.000318	0.9
70	-0.041380	18.755465	3466.739145	0.000216	1.0
71	-0.038388	19.645298	3390.843089	0.000085	0.9
72	-0.041916	19.784002	3379.311006	0.000174	1.0
73	-0.044454	20.192168	3345.825954	0.000219	1.0
74	-0.040870	21.185506	3267.042159	0.000308	0.9
75	-0.041002	22.185504	3191.390941	0.000131	0.9
76	-0.038823	22.994540	3132.702974	0.000239	0.9
77	-0.037551	23.801346	3076.287639	0.000150	1.0
78	-0.038054	24.798765	3009.291309	0.000174	0.9
79	-0.040624	24.570556	3024.361319	0.000252	0.9
80	-0.039408	23.885894	3070.493092	0.000270	1.0
81	-0.041818	24.885587	3003.597306	0.000283	0.9
82	-0.039870	25.885241	2939.556716	0.000244	0.9
83	-0.039293	26.885236	2878.169492	0.000185	0.9
84	-0.041252	26.200590	2919.917475	0.000186	0.9
85	-0.039689	26.867880	2879.213077	0.000181	0.9
86	-0.041451	27.776011	2825.606743	0.000219	1.0
87	-0.039852	28.774485	2768.925188	0.000226	0.9
88	-0.041196	29.774407	2714.395565	0.000354	0.9
89	-0.039481	30.774405	2661.968328	0.000058	0.8
90	-0.042604	31.665451	2616.930512	0.000256	0.8
91	-0.042599	31.792084	2610.653266	0.000299	0.8
92	-0.036645	31.113167	2644.664179	0.000286	0.9
93	-0.041645	31.440217	2628.170386	0.000226	0.9
94	-0.040168	32.422523	2579.844972	0.000345	0.7
95	-0.039914	33.418308	2532.637106	0.000309	0.8
96	-0.038708	34.418306	2486.936848	0.000271	0.8
97	-0.042954	35.417489	2442.891885	0.000247	0.8
98	-0.039098	34.767958	2471.344341	0.000229	0.8
99	-0.043099	35.767940	2427.810966	0.000154	0.8
100	-0.038507	35.108731	2456.334777	0.000268	0.9
101	-0.039056	34.439605	2485.981395	0.000228	0.8
102	-0.039121	34.048313	2503.652136	0.000192	0.9
103	-0.039781	35.032212	2459.689194	0.000277	0.9
104	-0.038888	35.248204	2450.244015	0.000379	0.8
105	-0.041089	35.257077	2449.857576	0.000337	0.8
106	-0.040068	36.257077	2407.070593	0.000163	0.8
107	-0.040056	37.256977	2365.756570	0.000195	0.7
108	-0.042998	36.639394	2391.104723	0.000274	0.7
109	-0.039834	36.448711	2399.041219	0.000142	0.8
110	-0.041100	37.441961	2358.268339	0.000243	0.7
111	-0.038110	36.758014	2386.194006	0.000226	0.7
112	-0.038775	37.742768	2346.192240	0.000331	0.7
113	-0.043071	37.309268	2363.634984	0.000310	0.8
114	-0.039455	36.630805	2391.461077	0.000195	0.7
115	-0.040457	37.630765	2350.674186	0.000326	0.8
116	-0.039852	38.495674	2316.501654	0.000348	0.8
117	-0.043303	39.495665	2278.209962	0.000191	0.8
118	-0.039815	38.811754	2304.259916	0.000109	0.8
119	-0.040681	38.381755	2320.945670	0.000350	1.0
120	-0.037374	39.297373	2285.702016	0.000317	0.9
121	-0.040015	38.612792	2311.950547	0.000205	0.7
122	-0.040621	37.927977	2338.818208	0.000147	0.8
123	-0.038464	38.739118	2307.061611	0.000366	0.9
124	-0.038887	38.054312	2333.814786	0.000255	0.8
125	-0.037355	39.054312	2294.953051	0.000290	1.5
126	-0.038509	38.369494	2321.424964	0.000334	0.8
127	-0.044309	39.369487	2282.971618	0.000239	0.9
128	-0.040653	40.369486	2245.771223	0.000322	0.8
129	-0.042115	39.690159	2270.908980	0.000264	0.8
130	-0.041019	39.005341	2296.825986	0.000308	0.7
131	-0.038874	40.005337	2259.176526	0.000170	0.8
132	-0.040498	39.320566	2284.823176	0.000196	0.8
133	-0.043128	38.649063	2310.544708	0.000097	0.9
134	-0.040158	39.238179	2287.948101	0.000206	1.0
135	-0.039840	38.716882	2307.920688	0.000289	0.9
136	-0.042320	39.716874	2269.909776	0.000105	0.8
137	-0.038193	39.034611	2295.706171	0.000321	0.8
138	-0.038759	38.382698	2320.908805	0.000203	0.7
139	-0.039244	39.382466	2282.480901	0.000245	0.7
140	-0.036344	40.249604	2250.166806	0.000071	0.8
141	-0.040738	40.889734	2226.893160	0.000275	0.8
142	-0.041689	40.778557	2230.900699	0.000101	0.7
143	-0.039386	41.675927	2198.959523	0.000176	0.8
144	-0.039586	41.031055	2221.819785	0.000088	0.7
145	-0.040955	40.452614	2242.733330	0.000296	0.8
146	-0.038161	41.420527	2207.956782	0.000297	0.6
147	-0.038946	40.735737	2232.448062	0.000236	0.8
148	-0.040201	41.734292	2196.913714	0.000058	0.8
149	-0.043112	41.253293	2213.888128	0.000153	0.7
150	-0.040985	41.817540	2194.002295	0.000441	0.9
151	-0.038715	42.232922	2179.589708	0.000103	1.0
152	-0.041679	41.549099	2203.418248	0.000449	0.8
153	-0.038898	42.548300	2168.772837	0.000300	0.7
154	-0.040808	43.548300	2135.173615	0.000410	0.7
155	-0.042356	44.548300	2102.599564	0.000318	0.7
156	-0.036273	45.545929	2071.078259	0.000277	0.7
157	-0.042599	46.522806	2041.115220	0.000238	0.7
158	-0.040590	45.839594	2061.978816	0.000200	0.7
159	-0.038631	45.796526	2063.308294	0.000129	0.8
160	-0.038493	45.123008	2084.324808	0.000198	0.7
161	-0.040909	44.462570	2105.353113	0.000238	0.8
162	-0.039247	45.389988	2075.942922	0.000040	0.6
163	-0.037584	45.232170	2080.889502	0.000320	0.6
164	-0.038871	45.792886	2063.420745	0.000126	0.7
165	-0.041115	45.114513	2084.592625	0.000171	0.7
166	-0.038094	45.793444	2063.403513	0.000455	0.8
167	-0.038178	46.793344	2032.969888	0.000077	0.7
168	-0.038230	46.664366	2036.845015	0.000157	0.8
169	-0.041422	47.080991	2024.380433	0.000220	0.9
170	-0.037362	47.878920	2000.928955	0.000173	0.7
171	-0.041192	48.878177	1972.315718	0.000272	0.8
172	-0.041991	49.875755	1944.555326	0.000135	0.7
173	-0.039861	49.196030	1963.384915	0.000186	0.8
174	-0.035323	50.097725	1938.484342	0.000188	0.8
175	-0.037238	49.659564	1950.504914	0.000185	0.7
176	-0.042429	50.395029	1930.412084	0.000311	0.8
177	-0.039036	51.383155	1904.059383	0.000149	0.7
178	-0.037244	52.361227	1878.673944	0.000201	0.7
179	-0.043476	53.355930	1853.541829	0.000128	0.7
180	-0.036929	52.675667	1870.655970	0.000243	1.0
181	-0.038647	53.567202	1848.290162	0.000254	0.8
182	-0.040650	52.882450	1865.420356	0.000162	0.8
183	-0.041392	53.880036	1840.568383	0.000081	0.8
184	-0.038302	54.017419	1837.197653	0.000164	0.8
185	-0.042100	53.424509	1851.833870	0.000161	0.8
186	-0.041055	54.382448	1828.301278	0.000129	0.9
187	-0.039960	53.724959	1844.388119	0.000122	0.8
188	-0.040802	54.058134	1836.201077	0.000113	0.8
189	-0.042898	53.447919	1851.251554	0.000190	0.8
190	-0.041187	53.929185	1839.361075	0.000195	0.9
191	-0.040990	53.244817	1856.315800	0.000469	0.7
192	-0.040517	52.561194	1873.567003	0.000124	0.8
193	-0.042303	52.151213	1884.067547	0.000215	0.9
194	-0.039317	53.084614	1860.329943	0.000233	0.8
195	-0.038943	54.025983	1836.987939	0.000298	0.9
196	-0.041596	55.016339	1813.055292	0.000200	0.8
197	-0.040081	56.016317	1789.514636	0.000276	0.8
198	-0.038571	56.147798	1786.464816	0.000151	0.8
199	-0.043489	56.066964	1788.338599	0.000322	0.8
