1:ItNr	2:Metric	3a:Time	3b:StepSize	4:||Gradient||	Time[ms]
0	-0.018184	0.000000	828.781319	0.000392	64.3
1	-0.017830	0.000000	828.781319	0.000296	1.1
2	-0.016523	0.996756	791.226121	0.000275	0.9
3	-0.017293	0.072374	825.934834	0.000155	1.0
4	-0.017402	0.760189	799.827981	0.000632	1.0
5	-0.017113	1.760146	764.687891	0.000075	1.1
6	-0.017928	0.792818	798.630421	0.000246	1.1
7	-0.018904	0.000000	828.781319	0.000393	0.9
8	-0.017022	0.999509	791.127097	0.000560	0.9
9	-0.017702	1.999509	756.729533	0.000322	0.9
10	-0.016993	1.029875	790.036624	0.000145	1.1
11	-0.018088	1.839327	762.036786	0.000136	1.1
12	-0.018367	1.345935	778.862368	0.000291	1.0
13	-0.018690	0.727825	801.019311	0.000355	1.0
14	-0.018274	0.000000	828.781319	0.000266	1.1
15	-0.017843	0.999976	791.110312	0.000440	1.0
16	-0.022580	1.999947	756.715111	0.000325	1.1
17	-0.017802	2.996528	725.288582	0.000267	1.0
18	-0.019583	3.900525	698.957461	0.000167	1.1
19	-0.018669	4.892536	672.178566	0.000190	1.1
20	-0.016675	4.114083	693.013858	0.000281	1.0
21	-0.017967	4.149636	692.034181	0.000218	1.0
22	-0.017547	5.146695	665.644644	0.000255	0.9
23	-0.018193	4.458079	683.649679	0.000470	1.1
24	-0.018421	3.488526	710.716826	0.000366	0.9
25	-0.018465	2.519298	740.005403	0.000231	0.9
26	-0.016218	3.463311	711.449396	0.000320	1.0
27	-0.017218	4.463240	683.511112	0.000050	0.9
28	-0.017156	4.157042	691.830453	0.000261	1.0
29	-0.017311	4.423309	684.584667	0.000252	1.1
30	-0.018435	3.453840	711.724936	0.000215	1.0
31	-0.019290	3.749754	703.215383	0.000540	1.0
32	-0.019212	3.898509	699.014057	0.000410	1.1
33	-0.018883	2.928872	727.339251	0.000275	1.0
34	-0.017263	1.959224	758.057316	0.000135	0.9
35	-0.019612	1.521698	772.784000	0.000549	1.0
36	-0.016324	2.521595	739.933148	0.000212	1.0
37	-0.020078	1.552275	771.736224	0.000405	1.0
38	-0.018080	2.551523	738.992888	0.000411	1.1
39	-0.017744	1.581878	770.724532	0.000417	0.9
40	-0.019356	1.823456	762.566701	0.000552	0.9
41	-0.018311	2.823450	730.557832	0.000236	1.0
42	-0.020244	1.854165	761.542052	0.000464	0.9
43	-0.017531	1.038386	789.731508	0.000336	1.1
44	-0.016437	0.071530	825.967927	0.000296	1.1
45	-0.017918	0.000000	828.781319	0.000304	1.1
46	-0.018650	0.000000	828.781319	0.000759	1.0
47	-0.017990	0.000000	828.781319	0.000472	1.0
48	-0.018427	0.998572	791.160794	0.000184	0.9
49	-0.018747	1.994242	756.902856	0.000374	1.1
50	-0.018756	1.025171	790.205334	0.000135	0.9
51	-0.017550	0.069840	826.034155	0.000436	1.0
52	-0.019111	0.000000	828.781319	0.000205	1.1
53	-0.018829	0.000000	828.781319	0.000307	1.0
54	-0.017892	0.975512	791.990981	0.000524	1.0
55	-0.018151	0.025075	827.792913	0.000153	1.1
56	-0.018105	1.025011	790.211091	0.000559	1.0
57	-0.018452	0.076599	825.769248	0.000215	1.1
58	-0.017193	0.000000	828.781319	0.000155	1.2
59	-0.018520	0.269735	818.271005	0.000136	1.1
60	-0.020772	0.000000	828.781319	0.000299	1.1
61	-0.019380	0.991885	791.401342	0.000577	1.0
62	-0.020273	0.022452	827.896196	0.000473	1.1
63	-0.018076	0.000000	828.781319	0.000290	1.0
64	-0.018840	1.000000	791.109441	0.000184	1.1
65	-0.018868	0.032603	827.496623	0.000396	1.1
66	-0.019780	0.000000	828.781319	0.000209	1.1
67	-0.017531	0.000000	828.781319	0.000182	1.3
68	-0.018882	0.000000	828.781319	0.000133	1.1
69	-0.017687	0.000000	828.781319	0.000402	1.3
70	-0.018809	0.000000	828.781319	0.000258	1.0
71	-0.019695	0.999999	791.109475	0.000434	1.2
72	-0.019263	0.428164	812.221151	0.000229	1.2
73	-0.017264	0.000000	828.781319	0.000298	1.2
74	-0.018817	0.895290	794.892754	0.000514	1.0
75	-0.017214	0.000000	828.781319	0.000100	1.0
76	-0.018129	0.989747	791.478303	0.000350	1.1
77	-0.017033	1.103603	787.401385	0.000357	1.0
78	-0.017859	2.103335	753.328815	0.000374	1.1
79	-0.018365	1.133697	786.330787	0.000171	1.2
80	-0.017590	2.119985	752.786285	0.000242	1.2
81	-0.018025	1.169407	785.064180	0.000086	1.2
82	-0.020479	2.039660	755.410792	0.000170	1.2
83	-0.019178	2.623003	736.756789	0.000314	1.2
84	-0.018383	1.655178	768.230886	0.000213	1.2
85	-0.017822	0.686220	802.556066	0.000346	1.1
86	-0.019531	1.686056	767.185273	0.000290	1.1
87	-0.020127	0.957493	792.640914	0.000231	1.2
88	-0.018583	0.000000	828.781319	0.000314	1.2
89	-0.018747	0.931447	793.582272	0.000345	1.0
90	-0.018121	0.527554	808.471226	0.000254	1.1
91	-0.018718	0.846234	796.677715	0.000081	1.1
92	-0.017546	0.901049	794.683754	0.000266	1.2
93	-0.018721	0.055809	826.584628	0.000269	1.1
94	-0.018519	0.810608	797.979042	0.000651	1.1
95	-0.018314	0.000000	828.781319	0.000280	0.9
96	-0.018545	0.000000	828.781319	0.000532	1.1
97	-0.018557	0.000000	828.781319	0.000274	1.2
98	-0.017058	0.000000	828.781319	0.000167	0.9
99	-0.019215	0.000000	828.781319	0.000491	0.8
100	-0.019138	0.000000	828.781319	0.000276	1.0
101	-0.016810	0.000000	828.781319	0.000438	0.9
102	-0.019166	0.000000	828.781319	0.000478	0.9
103	-0.017789	0.000000	828.781319	0.000194	0.9
104	-0.018031	0.762250	799.752224	0.000499	1.0
105	-0.016914	0.000000	828.781319	0.000380	1.1
106	-0.018306	0.000000	828.781319	0.000461	1.3
107	-0.017660	1.000000	791.109440	0.000370	1.0
108	-0.017869	0.030366	827.584619	0.000140	1.0
109	-0.019237	1.025654	790.188025	0.000047	0.9
110	-0.017315	1.023442	790.267385	0.000467	1.0
111	-0.019013	0.386074	813.819675	0.000203	1.0
112	-0.019578	0.000000	828.781319	0.000133	0.8
113	-0.016463	0.432500	812.056821	0.000187	0.9
114	-0.018793	0.000000	828.781319	0.000378	0.9
115	-0.021649	0.998962	791.146753	0.000187	0.9
116	-0.017769	1.996173	756.839314	0.000364	0.9
117	-0.017592	1.027110	790.135795	0.000185	1.0
118	-0.018472	0.809584	798.016493	0.000351	1.0
119	-0.019768	0.000000	828.781319	0.000274	1.1
120	-0.016880	0.000000	828.781319	0.000510	1.0
121	-0.017873	0.000000	828.781319	0.000274	0.9
122	-0.017276	1.000000	791.109441	0.000232	0.8
123	-0.017039	0.044803	827.016879	0.000389	0.9
124	-0.019518	0.000000	828.781319	0.000187	1.0
125	-0.018317	0.000000	828.781319	0.000198	1.0
126	-0.018548	0.936097	793.414040	0.000224	1.0
127	-0.018347	1.634759	768.923914	0.000196	0.9
128	-0.018864	2.037725	755.474223	0.000424	0.8
129	-0.017252	3.026416	724.386335	0.000290	0.9
130	-0.017628	2.056768	754.850270	0.000295	0.9
131	-0.018661	3.054736	723.533508	0.000552	0.9
132	-0.018620	4.054736	694.655395	0.000378	1.0
133	-0.018222	3.085092	722.621596	0.000389	1.1
134	-0.019682	4.085092	693.814782	0.000544	1.0
135	-0.017946	5.084813	667.223789	0.000428	0.9
136	-0.017117	5.593890	654.451377	0.000628	0.9
137	-0.016902	6.593890	630.734120	0.000266	0.9
138	-0.019357	5.624600	653.696500	0.000474	1.0
139	-0.018081	4.663152	678.186661	0.000272	0.9
140	-0.020270	3.712621	704.272028	0.000277	1.0
141	-0.018881	4.705657	677.065286	0.000511	0.9
142	-0.016745	3.736083	703.604033	0.000215	0.9
143	-0.020691	4.728350	676.468095	0.000321	0.9
144	-0.018778	5.718432	651.400786	0.000287	1.0
145	-0.017323	6.717139	627.929450	0.000488	1.1
146	-0.016667	7.717139	606.063434	0.000444	1.0
147	-0.018290	8.717139	585.669026	0.000186	0.9
148	-0.018183	9.029390	579.579126	0.000369	1.0
149	-0.017494	8.073305	598.638765	0.000101	0.9
150	-0.019488	9.041052	579.354142	0.000493	1.0
151	-0.018109	8.153638	596.989222	0.000515	1.0
152	-0.017863	7.183990	617.528171	0.000553	0.9
153	-0.015923	6.214342	639.530728	0.000316	0.9
154	-0.017526	5.245061	663.149819	0.000049	1.0
155	-0.017266	5.735522	650.984400	0.000633	0.9
156	-0.018218	5.952778	645.737068	0.000421	0.9
157	-0.018341	5.866721	647.805425	0.000179	1.0
158	-0.017334	5.379646	659.766541	0.000393	1.0
159	-0.018978	5.634635	653.450214	0.000617	1.0
160	-0.018677	6.634633	629.804189	0.000263	0.9
161	-0.016456	7.521012	610.231080	0.000256	1.0
162	-0.018512	8.520689	589.566456	0.000191	0.9
163	-0.017401	9.517949	570.300706	0.000320	0.9
164	-0.018116	10.257839	556.801380	0.000234	0.9
165	-0.015481	11.257794	539.541156	0.000315	0.9
166	-0.017431	10.299331	556.063254	0.000300	1.0
167	-0.017851	11.299328	538.847370	0.000214	0.9
168	-0.018509	10.487725	552.736278	0.000319	0.9
169	-0.019661	9.524751	570.173620	0.000334	1.0
170	-0.017743	10.523477	552.109396	0.000315	0.9
171	-0.018391	9.555231	569.604839	0.000231	1.3
172	-0.021155	10.534129	551.922891	0.000229	1.8
173	-0.018585	9.614638	568.499538	0.000604	1.3
174	-0.017092	8.655531	586.885713	0.000330	1.4
175	-0.015432	9.655530	567.741206	0.000309	1.1
176	-0.018755	10.655519	549.806425	0.000691	0.9
177	-0.019735	9.685875	567.179782	0.000612	1.1
178	-0.017966	10.685875	549.279699	0.000403	1.0
179	-0.019023	11.685873	532.474916	0.000338	0.9
180	-0.018109	12.679821	516.760700	0.000201	1.0
181	-0.018798	13.453704	505.153463	0.000247	0.9
182	-0.018809	13.866745	499.169268	0.000500	0.9
183	-0.017780	14.866745	485.251942	0.000565	0.9
184	-0.021271	15.866745	472.089621	0.000324	1.0
185	-0.017028	16.864887	459.645042	0.000159	1.0
186	-0.018008	15.971466	470.752432	0.000404	1.0
187	-0.019949	15.003120	483.413868	0.000109	1.0
188	-0.017898	14.709837	487.384129	0.000247	0.9
189	-0.017483	13.872464	499.087404	0.000364	1.0
190	-0.018961	12.902851	513.361183	0.000314	0.9
191	-0.017894	13.901584	498.670994	0.000501	1.0
192	-0.018885	12.995633	511.960101	0.000072	0.9
193	-0.016867	13.719826	501.281539	0.000263	0.9
194	-0.019221	12.933675	512.894866	0.000408	0.8
195	-0.018986	12.030979	526.911648	0.000285	0.9
196	-0.016661	11.063314	542.813756	0.000380	0.9
197	-0.016722	12.063246	526.397436	0.000494	0.9
198	-0.016876	13.062145	510.960415	0.000217	0.9
199	-0.017921	14.023620	496.933433	0.000110	1.0
