1:ItNr	2:Metric	3a:Time	3b:StepSize	4:||Gradient||	Time[ms]
0	-1.427154	0.000000	305500.647360	0.000575	75.4
1	-1.429804	0.000000	305500.647360	0.000159	3.7
2	-1.438274	1.000000	291614.254298	0.000214	3.6
3	-1.436618	0.987832	291775.628216	0.000421	3.7
4	-1.436069	1.987832	279083.016582	0.000203	3.6
5	-1.440363	2.987832	267448.659104	0.000178	3.9
6	-1.456528	2.975665	267584.389394	0.000170	3.4
7	-1.441049	2.963497	267720.257521	0.000467	3.7
8	-1.440882	3.963497	256995.788219	0.000142	4.3
9	-1.445812	4.963497	247097.437932	0.000181	3.5
10	-1.450804	4.951329	247213.293161	0.000178	4.1
11	-1.439653	4.939162	247329.257083	0.000439	4.7
12	-1.445246	5.939162	238148.226887	0.000161	4.2
13	-1.443968	6.939162	229624.412559	0.000207	3.9
14	-1.447582	6.926994	229724.458823	0.000043	4.3
15	-1.440536	6.914826	229824.592288	0.000089	4.5
16	-1.434951	6.902659	229924.813101	0.000371	4.1
17	-1.441000	7.902659	221969.669070	0.000197	3.6
18	-1.450832	8.902659	214546.594385	0.000174	4.0
19	-1.438118	8.890491	214633.930845	0.000397	4.1
20	-1.440845	9.890491	207685.710750	0.000177	3.3
21	-1.447733	10.890491	201173.245631	0.000198	3.7
22	-1.451632	10.878323	201250.031581	0.000128	3.4
23	-1.454719	11.878323	195128.976409	0.000118	3.7
24	-1.440996	12.878323	189369.276497	0.000338	3.8
25	-1.452125	13.878323	183939.850483	0.000206	3.8
26	-1.458563	14.878323	178813.082202	0.000113	3.5
27	-1.451566	14.866156	178873.744865	0.000083	3.7
28	-1.446097	15.866156	174021.768741	0.000088	3.5
29	-1.439124	16.866156	169426.061407	0.000347	3.5
30	-1.445470	17.866156	165066.842981	0.000202	3.4
31	-1.457006	18.866156	160926.317246	0.000115	3.8
32	-1.447576	18.853988	160975.449003	0.000074	3.3
33	-1.446875	19.853988	157035.186196	0.000088	3.4
34	-1.442312	20.853988	153283.209524	0.000340	3.7
35	-1.450800	21.853988	149706.337986	0.000217	3.5
36	-1.451047	22.853988	146292.592847	0.000097	3.6
37	-1.450117	22.841820	146333.194225	0.000062	3.4
38	-1.448550	22.829653	146373.818145	0.000101	3.5
39	-1.438284	23.829653	143108.706556	0.000323	3.4
40	-1.448419	24.829653	139986.084006	0.000202	3.3
41	-1.445068	25.829653	136996.822367	0.000101	3.4
42	-1.450816	25.817485	137032.427239	0.000060	3.8
43	-1.446383	25.805317	137068.050622	0.000037	3.5
44	-1.454156	26.238943	135809.846470	0.000045	3.5
45	-1.449274	26.226775	135844.836956	0.000036	3.6
46	-1.441484	26.214608	135879.845477	0.000209	3.7
47	-1.452926	27.214608	133061.615649	0.000204	3.4
48	-1.452857	28.214608	130357.914005	0.000053	3.5
49	-1.449328	29.214608	127761.898223	0.000033	3.7
50	-1.451852	29.202440	127792.864064	0.000034	3.5
51	-1.454182	29.190272	127823.844966	0.000034	3.5
52	-1.450220	29.178105	127854.840893	0.000042	3.3
53	-1.457666	29.165937	127885.851857	0.000037	3.6
54	-1.449601	29.153769	127916.877864	0.000037	3.3
55	-1.447211	29.141602	127947.918932	0.000218	3.6
56	-1.463137	30.141602	125446.082568	0.000208	3.8
57	-1.450287	31.141602	123040.209362	0.000038	3.9
58	-1.450798	32.141602	120724.881910	0.000037	3.6
59	-1.447681	32.129434	120752.530221	0.000051	3.4
60	-1.448636	32.118731	120776.861208	0.000250	3.6
61	-1.451146	33.118731	118545.159557	0.000233	3.5
62	-1.450216	34.118731	116394.435882	0.000054	3.4
63	-1.455366	35.118731	114320.361273	0.000044	3.5
64	-1.452170	35.106563	114345.153579	0.000037	3.7
65	-1.454913	35.094396	114369.956641	0.000030	3.3
66	-1.452308	35.082228	114394.770465	0.000032	3.6
67	-1.457725	35.070060	114419.595060	0.000035	3.3
68	-1.447393	35.057893	114444.430430	0.000197	3.7
69	-1.458607	36.057893	112438.670576	0.000220	3.4
70	-1.448910	37.057893	110502.005888	0.000232	3.9
71	-1.459677	38.057893	108630.926495	0.000199	3.5
72	-1.455310	39.057893	106822.156295	0.000051	3.8
73	-1.450688	40.057893	105072.633806	0.000037	3.5
74	-1.450567	40.045725	105093.576926	0.000035	3.4
75	-1.453621	40.033557	105114.528396	0.000041	3.5
76	-1.451407	40.021390	105135.488221	0.000043	3.5
77	-1.447701	40.009237	105156.430351	0.000207	3.5
78	-1.463997	41.009237	103460.611547	0.000220	3.3
79	-1.446922	42.009237	101818.620368	0.000239	4.0
80	-1.462619	43.009237	100227.934008	0.000199	3.7
81	-1.451883	44.009237	98686.184890	0.000044	3.6
82	-1.454312	45.009237	97191.148905	0.000049	3.5
83	-1.447683	44.997069	97209.067711	0.000039	3.7
84	-1.454804	45.809056	96027.603797	0.000033	3.6
85	-1.455867	45.796889	96045.096095	0.000046	3.4
86	-1.453341	45.784721	96062.594767	0.000036	3.6
87	-1.453690	45.772553	96080.099817	0.000031	3.6
88	-1.454276	45.760386	96097.611247	0.000032	3.4
89	-1.448337	45.748218	96115.129061	0.000221	3.5
90	-1.459033	46.748218	94696.418255	0.000229	3.7
91	-1.439272	47.748218	93318.980106	0.000201	3.5
92	-1.465592	48.748218	91981.039401	0.000160	3.5
93	-1.449931	49.748218	90680.921293	0.000036	3.4
94	-1.448379	49.736050	90696.519767	0.000048	3.6
95	-1.454938	49.723883	90712.123609	0.000039	3.5
96	-1.450415	49.711715	90727.732821	0.000216	3.5
97	-1.464676	50.711715	89462.559722	0.000158	3.4
98	-1.457495	51.711715	88232.186327	0.000036	3.7
99	-1.455750	51.699547	88246.953670	0.000029	3.5
100	-1.451183	51.687380	88261.725956	0.000036	3.6
101	-1.453980	51.675212	88276.503189	0.000034	3.6
102	-1.455974	51.663044	88291.285371	0.000193	3.5
103	-1.461720	52.663044	87092.702200	0.000165	3.5
104	-1.454978	53.663044	85926.225494	0.000036	3.3
105	-1.452755	53.650877	85940.230969	0.000029	3.6
106	-1.455739	53.638709	85954.241010	0.000043	3.5
107	-1.448274	53.626541	85968.255619	0.000213	3.5
108	-1.466405	54.626541	84831.508468	0.000151	3.4
109	-1.448732	55.626541	83724.431118	0.000040	3.6
110	-1.457659	55.614374	83737.727974	0.000032	3.5
111	-1.458871	55.602206	83751.029054	0.000039	3.3
112	-1.455822	55.590039	83764.334360	0.000047	3.4
113	-1.452028	55.577871	83777.643894	0.000196	3.7
114	-1.465853	56.577871	82697.727122	0.000154	3.3
115	-1.458041	57.577871	81645.296887	0.000032	3.5
116	-1.456914	57.565703	81657.941489	0.000032	3.6
117	-1.453105	57.553536	81670.590009	0.000231	3.7
118	-1.461783	58.553536	80643.978313	0.000157	3.4
119	-1.451684	59.553536	79642.855547	0.000049	3.4
120	-1.457830	59.541368	79654.887464	0.000035	3.6
121	-1.459787	59.529200	79666.923017	0.000050	3.6
122	-1.450148	59.517033	79678.962208	0.000240	3.6
123	-1.466747	60.517033	78701.510506	0.000213	3.3
124	-1.464051	61.517033	77747.749712	0.000037	3.8
125	-1.452476	61.504865	77759.215800	0.000039	3.5
126	-1.455200	61.492697	77770.685271	0.000037	3.6
127	-1.448786	61.480530	77782.158126	0.000172	3.5
128	-1.452565	62.480530	76850.418012	0.000146	3.7
129	-1.449801	63.480530	75940.736001	0.000033	3.5
130	-1.455738	63.468362	75951.675256	0.000038	3.7
131	-1.457352	63.456194	75962.617663	0.000038	3.7
132	-1.446005	63.444027	75973.563223	0.000202	3.5
133	-1.463035	64.444027	75084.401438	0.000172	3.6
134	-1.453540	65.444027	74215.811619	0.000044	3.6
135	-1.452300	65.431859	74226.259533	0.000214	4.1
136	-1.462990	66.431859	73377.298292	0.000147	3.4
137	-1.455525	67.431859	72547.537398	0.000059	3.6
138	-1.456588	67.419691	72557.520849	0.000029	3.5
139	-1.454139	67.407524	72567.507048	0.000039	3.6
140	-1.454350	67.395356	72577.495997	0.000197	3.2
141	-1.449473	68.395356	71765.625008	0.000153	3.4
142	-1.459418	69.395356	70971.716691	0.000035	3.2
143	-1.458880	69.383188	70981.271118	0.000028	3.7
144	-1.455607	69.371021	70990.828118	0.000033	3.4
145	-1.452931	69.358853	71000.387692	0.000167	3.5
146	-1.452745	70.358853	70223.228333	0.000140	3.7
147	-1.457730	71.358853	69462.898098	0.000032	3.7
148	-1.450479	71.346685	69472.050574	0.000026	3.6
149	-1.454706	71.334518	69481.205462	0.000042	3.7
150	-1.452531	71.322350	69490.362764	0.000194	3.9
151	-1.457768	72.322350	68745.735536	0.000157	3.5
152	-1.456261	73.322350	68016.897297	0.000037	3.5
153	-1.458396	73.310182	68025.672663	0.000034	3.3
154	-1.449296	73.298015	68034.450294	0.000185	3.6
155	-1.457284	74.298015	67320.537727	0.000141	3.2
156	-1.458771	75.298015	66621.452310	0.000036	3.7
157	-1.455200	75.285847	66629.871274	0.000029	3.5
158	-1.459309	75.273679	66638.292366	0.000029	3.5
159	-1.450314	75.261512	66646.715587	0.000037	3.5
160	-1.453180	75.249344	66655.140938	0.000184	3.5
161	-1.454252	76.249344	65969.736408	0.000130	3.4
162	-1.452640	77.249344	65298.284227	0.000042	3.6
163	-1.458419	77.237176	65306.372073	0.000033	3.4
164	-1.457924	77.225009	65314.461924	0.000036	3.4
165	-1.452208	77.212841	65322.553719	0.000195	3.6
166	-1.455744	78.212841	64664.145463	0.000150	3.5
167	-1.455109	79.212841	64018.877405	0.000036	3.6
168	-1.453355	79.200674	64026.651403	0.000034	3.5
169	-1.455052	79.188506	64034.427289	0.000200	3.8
170	-1.451900	80.188506	63401.604156	0.000139	3.6
171	-1.455144	81.188506	62781.166431	0.000043	3.6
172	-1.459675	81.176338	62788.642719	0.000025	3.6
173	-1.454718	81.164171	62796.120789	0.000030	3.9
174	-1.462318	81.152003	62803.600640	0.000037	3.7
175	-1.459690	81.139835	62811.082273	0.000030	3.7
176	-1.447901	81.127668	62818.565688	0.000219	4.6
177	-1.455327	82.127668	62209.431717	0.000150	3.8
178	-1.460245	83.127668	61611.997498	0.000031	4.0
179	-1.451009	83.115500	61619.197903	0.000046	3.7
180	-1.455074	83.103332	61626.399991	0.000029	3.6
181	-1.454941	83.091165	61633.603763	0.000213	3.6
182	-1.455157	84.091165	61047.126260	0.000124	3.5
183	-1.454646	85.091165	60471.704862	0.000059	3.9
184	-1.454809	85.078997	60478.641193	0.000037	3.5
185	-1.455524	85.066829	60485.579116	0.000030	3.6
186	-1.456679	85.054662	60492.518630	0.000216	3.6
187	-1.459571	86.054662	59927.456655	0.000138	3.6
188	-1.449580	87.054662	59372.853496	0.000054	3.5
189	-1.454467	87.042494	59379.540019	0.000032	3.5
190	-1.452536	87.030326	59386.228048	0.000030	3.8
191	-1.457878	87.018159	59392.917583	0.000028	3.7
192	-1.453347	87.005991	59399.608627	0.000203	3.5
193	-1.453331	88.005991	58854.688039	0.000158	3.5
194	-1.454801	89.005991	58319.674559	0.000031	4.0
195	-1.454921	88.993823	58326.125957	0.000036	3.4
196	-1.457592	88.981656	58332.578782	0.000028	3.6
197	-1.459873	88.969488	58339.033035	0.000025	3.3
198	-1.453923	88.957320	58345.488716	0.000176	4.0
199	-1.461479	89.957320	57819.651498	0.000123	3.4
