1:ItNr	2:Metric	3a:Time	3b:StepSize	4:||Gradient||	Time[ms]
0	-0.013792	0.000000	167.731454	0.000359	76.8
1	-0.015961	0.000000	167.731454	0.000388	1.0
2	-0.015709	0.000000	167.731454	0.000090	1.4
3	-0.014748	0.000000	167.731454	0.000263	1.1
4	-0.013256	0.743012	161.999656	0.000920	1.1
5	-0.014786	0.000000	167.731454	0.000298	1.0
6	-0.014213	1.000000	160.107297	0.000320	1.3
7	-0.017680	1.999876	153.146936	0.000750	1.3
8	-0.013818	2.999876	146.765780	0.000596	1.1
9	-0.014837	3.999876	140.895120	0.001123	1.0
10	-0.015589	4.999706	135.476935	0.000454	1.0
11	-0.012694	4.038707	140.676615	0.000490	1.1
12	-0.013797	5.026489	135.337520	0.000062	1.2
13	-0.015648	4.252219	139.487169	0.000195	1.1
14	-0.012184	4.049711	140.614817	0.000387	1.3
15	-0.012806	5.047727	135.227175	0.000477	1.1
16	-0.015546	6.047724	130.227612	0.000391	1.0
17	-0.014140	7.047724	125.584542	0.000259	1.0
18	-0.015819	7.883571	121.950313	0.000368	1.1
19	-0.015339	7.281016	124.548583	0.000436	1.1
20	-0.014474	7.808379	122.268611	0.000169	1.2
21	-0.015947	8.797659	118.209302	0.000412	1.0
22	-0.014279	8.465728	119.540931	0.000250	1.0
23	-0.014094	7.534177	123.443565	0.000155	1.2
24	-0.013844	7.211193	124.856842	0.000312	1.2
25	-0.013687	6.269247	129.169702	0.000397	1.2
26	-0.016972	7.248463	124.692112	0.000472	1.2
27	-0.016016	8.230790	120.501720	0.000388	1.1
28	-0.014962	7.269855	124.597759	0.000226	1.1
29	-0.013098	6.856357	126.447280	0.000254	1.1
30	-0.014267	7.814640	122.242045	0.000357	1.3
31	-0.013825	8.366729	119.943919	0.000147	1.0
32	-0.014422	9.308620	116.216462	0.000485	1.0
33	-0.015266	8.387032	119.861051	0.000456	1.0
34	-0.012897	9.387032	115.916571	0.000391	1.2
35	-0.013764	8.426034	119.702185	0.000291	1.1
36	-0.013922	9.426005	115.768093	0.000338	1.1
37	-0.016128	8.465230	119.542949	0.000625	1.3
38	-0.015043	9.463116	115.627059	0.000352	1.2
39	-0.015374	10.463116	111.952056	0.000202	1.0
40	-0.014246	11.207450	109.364775	0.000607	1.1
41	-0.014492	10.268594	112.648510	0.000575	1.2
42	-0.016074	9.307594	116.220393	0.000286	1.1
43	-0.015509	8.346737	120.025626	0.000397	1.0
44	-0.015715	7.386407	124.086171	0.000699	1.3
45	-0.014283	6.425407	128.434211	0.000312	1.1
46	-0.014089	5.464408	133.098030	0.000197	1.1
47	-0.014719	5.461346	133.113432	0.000220	1.0
48	-0.013972	6.297352	129.036711	0.000311	1.1
49	-0.014168	7.245007	124.707368	0.000295	1.1
50	-0.017048	8.244855	120.443766	0.000548	1.2
51	-0.012221	9.244850	116.461497	0.000277	1.1
52	-0.014293	8.283963	120.282920	0.000281	1.1
53	-0.013366	8.959021	117.572616	0.000214	1.0
54	-0.015378	9.643835	114.945161	0.000396	1.0
55	-0.014895	10.643533	111.313755	0.000262	1.1
56	-0.014303	9.682635	114.799804	0.000426	1.1
57	-0.015370	10.682286	111.177599	0.000387	1.2
58	-0.014574	11.549531	108.215400	0.000474	1.2
59	-0.014081	12.549531	104.989859	0.000324	1.1
60	-0.014959	11.597136	108.057362	0.000238	1.1
61	-0.016850	10.660184	111.255214	0.000514	1.1
62	-0.014075	9.699357	114.737274	0.000215	1.2
63	-0.013710	10.386988	112.223591	0.000319	1.1
64	-0.015508	9.456084	115.653758	0.000531	1.2
65	-0.014803	10.456082	111.977091	0.000608	1.1
66	-0.015473	9.495082	115.505854	0.000677	1.0
67	-0.014801	8.534083	119.264260	0.000436	1.2
68	-0.014899	9.533624	115.360054	0.000294	1.1
69	-0.015374	10.452356	111.990355	0.000436	1.1
70	-0.013720	11.210845	109.353249	0.000618	1.3
71	-0.012189	10.249845	112.716095	0.000638	1.3
72	-0.014910	9.288846	116.292333	0.000439	1.1
73	-0.015174	10.062413	113.396229	0.000441	1.0
74	-0.014497	11.062412	109.859499	0.000398	1.2
75	-0.015781	11.972885	106.825974	0.000349	1.0
76	-0.013845	12.972880	103.681540	0.000363	1.1
77	-0.014431	13.970783	100.722953	0.000169	1.1
78	-0.013918	14.917331	98.068549	0.000399	1.1
79	-0.015675	15.285224	97.074240	0.000225	1.2
80	-0.012833	15.269446	97.116469	0.000308	1.3
81	-0.015160	16.237858	94.590846	0.000351	1.6
82	-0.014440	17.237681	92.117525	0.000368	1.1
83	-0.014653	17.035070	92.608231	0.000183	1.0
84	-0.013995	16.080355	94.992632	0.000225	1.1
85	-0.016729	15.309781	97.008587	0.000709	1.2
86	-0.016980	16.307759	94.413620	0.000438	1.1
87	-0.014602	17.307757	91.949016	0.000588	1.1
88	-0.013251	16.346879	94.314721	0.000366	1.2
89	-0.014267	17.346876	91.855214	0.000449	1.0
90	-0.014598	18.294394	89.640280	0.000146	1.2
91	-0.014897	19.282146	87.442226	0.000474	1.1
92	-0.014232	19.772718	86.390133	0.000296	1.4
93	-0.015519	20.693403	84.482443	0.000368	1.2
94	-0.014273	21.627339	82.631490	0.000200	1.2
95	-0.013396	21.278049	83.314170	0.000198	1.2
96	-0.014970	22.100196	81.724931	0.000371	1.1
97	-0.014665	22.805034	80.409949	0.000595	1.3
98	-0.013950	21.844036	82.213556	0.000478	1.1
99	-0.013010	20.883036	84.099933	0.000395	1.3
100	-0.014966	19.922697	86.073518	0.000679	1.2
101	-0.016298	19.991927	85.928152	0.000347	1.4
102	-0.014825	19.030942	87.990948	0.000377	1.4
103	-0.013420	18.069956	90.155220	0.000233	1.3
104	-0.015134	19.043816	87.962659	0.000218	1.1
105	-0.012455	19.727130	86.486835	0.000416	1.1
106	-0.014235	19.431225	87.119807	0.000437	1.0
107	-0.016100	20.431167	85.017169	0.000410	1.1
108	-0.013886	19.470170	87.035971	0.000347	1.0
109	-0.014660	20.469344	84.938901	0.000670	1.0
110	-0.013316	19.508345	86.953949	0.000113	1.1
111	-0.013228	20.505121	84.865686	0.000166	1.0
112	-0.013322	20.131422	85.636731	0.000871	1.0
113	-0.014145	21.115308	83.636109	0.000210	1.1
114	-0.015418	22.115269	81.696360	0.000249	1.0
115	-0.013505	21.200700	83.466874	0.000445	1.4
116	-0.014236	20.259672	85.370540	0.000454	1.2
117	-0.014563	21.259672	83.350398	0.000337	1.1
118	-0.014102	20.317183	85.251711	0.000222	1.2
119	-0.014141	19.929367	86.059492	0.000308	1.2
120	-0.016021	20.917132	84.031525	0.000352	1.1
121	-0.012371	19.956712	86.002035	0.000260	1.2
122	-0.015868	18.997549	88.064409	0.000564	1.5
123	-0.015322	18.036956	90.231434	0.000227	1.3
124	-0.014462	19.036301	87.979169	0.000407	1.3
125	-0.015230	18.992302	88.075963	0.000662	1.2
126	-0.014439	18.031303	90.244503	0.000355	1.2
127	-0.015375	18.957384	88.152931	0.000358	1.1
128	-0.016317	18.034820	90.236372	0.000464	1.2
129	-0.015109	17.758039	90.880773	0.000410	1.2
130	-0.016518	18.758039	88.594927	0.000578	1.3
131	-0.012372	19.484396	87.005386	0.000203	1.1
132	-0.014085	20.472568	84.932298	0.000222	1.2
133	-0.014886	20.184447	85.526473	0.000119	1.3
134	-0.015303	20.399019	85.083189	0.000622	1.3
135	-0.015337	20.263143	85.363360	0.000519	1.3
136	-0.016044	21.263143	83.343554	0.000256	1.4
137	-0.016419	22.245699	81.449962	0.000353	1.4
138	-0.016369	21.381172	83.111448	0.000715	1.2
139	-0.013679	22.381172	81.195606	0.000196	1.2
140	-0.014167	21.901849	82.102767	0.000316	1.1
141	-0.014860	22.889025	80.256066	0.000280	1.2
142	-0.018153	23.884579	78.475962	0.000368	1.0
143	-0.013974	22.923667	80.192770	0.000527	1.0
144	-0.013691	21.962668	81.986542	0.000683	1.1
145	-0.015318	22.955597	80.134517	0.000523	1.1
146	-0.014958	23.950069	78.361626	0.000237	1.2
147	-0.013580	22.991128	80.069793	0.000399	1.3
148	-0.014346	22.031060	81.856234	0.000723	1.2
149	-0.014102	21.070061	83.726063	0.000313	1.0
150	-0.015365	22.063882	81.793845	0.000537	1.2
151	-0.013856	23.063882	79.937590	0.000290	1.2
152	-0.015550	24.063874	78.163732	0.000507	1.2
153	-0.015474	25.063699	76.467166	0.000470	1.2
154	-0.015761	26.062089	74.844968	0.000329	1.2
155	-0.012854	27.055271	73.298110	0.000231	1.0
156	-0.014566	26.770898	73.734442	0.000447	1.1
157	-0.014243	25.844235	75.193042	0.000431	1.4
158	-0.013693	26.634196	73.946048	0.000528	1.2
159	-0.012231	25.673196	75.468595	0.000430	1.4
160	-0.016092	24.712198	77.055156	0.000315	1.2
161	-0.015319	25.557661	75.655874	0.000493	1.1
162	-0.011003	24.617051	77.215875	0.000353	1.1
163	-0.015385	23.701008	78.798235	0.000310	1.2
164	-0.014618	24.700943	77.074132	0.000671	1.2
165	-0.017106	23.802189	78.620277	0.000481	1.2
166	-0.017282	24.445700	77.507014	0.000177	1.2
167	-0.014399	23.486238	79.178655	0.000390	1.3
168	-0.014529	24.470978	77.463927	0.000071	1.3
169	-0.014614	25.310867	76.059049	0.000118	1.3
170	-0.015894	25.162341	76.303768	0.000368	1.2
171	-0.015003	25.469217	75.799868	0.000472	1.1
172	-0.014998	25.011898	76.553254	0.000383	1.1
173	-0.013680	24.051571	78.185077	0.000330	1.2
174	-0.014682	23.279726	79.547930	0.000205	1.0
175	-0.015779	24.222374	77.889775	0.000103	1.1
176	-0.015723	24.714117	77.051922	0.000354	1.3
177	-0.013504	24.007077	78.262370	0.000337	1.2
178	-0.013779	24.544497	77.338884	0.000443	1.2
179	-0.016181	25.544443	75.677359	0.000385	1.3
180	-0.013129	26.543174	74.087618	0.000567	1.4
181	-0.014044	27.543174	72.561398	0.000422	1.5
182	-0.014529	26.582174	74.026893	0.000177	1.0
183	-0.015173	25.723047	75.388075	0.000413	1.2
184	-0.013443	24.763515	76.968750	0.000143	1.4
185	-0.013369	24.204164	77.921152	0.000512	1.1
186	-0.014556	25.064711	76.465486	0.000221	1.0
187	-0.014971	24.103937	78.094304	0.000110	1.0
188	-0.014993	23.942736	78.374413	0.000581	1.0
189	-0.016375	24.936728	76.678524	0.000300	0.9
190	-0.013696	24.020423	78.239169	0.000360	1.2
191	-0.015460	23.061111	79.942617	0.000984	1.2
192	-0.015593	24.061111	78.168524	0.000114	1.0
193	-0.016305	25.057197	76.477962	0.000458	1.0
194	-0.012941	25.930584	75.054692	0.000895	1.0
195	-0.017530	24.969585	76.623719	0.000677	1.0
196	-0.014126	25.969585	74.992371	0.000344	1.0
197	-0.014285	25.009496	76.557251	0.000287	1.0
198	-0.014833	26.008998	74.929497	0.000302	0.9
199	-0.014170	25.110889	76.388910	0.000254	0.9
