1:ItNr	2:Metric	3a:Time	3b:StepSize	4:||Gradient||	Time[ms]
0	-0.165658	0.000000	11950.199924	0.001449	32.9
1	-0.182123	0.000000	11950.199924	0.000445	0.9
2	-0.181755	0.000000	11950.199924	0.000093	1.0
3	-0.181267	0.000000	11950.199924	0.000254	0.7
4	-0.180838	0.000000	11950.199924	0.000110	0.9
5	-0.184148	0.999071	11407.490911	0.000132	0.9
6	-0.182575	1.997867	10912.064156	0.000254	1.0
7	-0.182555	2.284531	10777.722074	0.000077	0.8
8	-0.175322	2.426793	10712.272654	0.000196	1.0
9	-0.189548	2.433562	10709.178712	0.000366	1.0
10	-0.181904	2.395698	10726.510262	0.000092	0.8
11	-0.185031	3.395698	10286.821706	0.000187	0.8
12	-0.180415	3.361629	10301.207591	0.000146	0.9
13	-0.176311	4.361629	9895.034762	0.000232	0.8
14	-0.180908	5.361492	9519.726768	0.000056	0.9
15	-0.181852	6.263878	9204.640549	0.000197	0.9
16	-0.184340	6.805716	9025.273709	0.000129	0.9
17	-0.179044	7.714540	8739.620954	0.000178	0.9
18	-0.183636	8.714540	8445.501685	0.000220	0.8
19	-0.174480	8.676717	8456.265614	0.000220	1.0
20	-0.182045	9.676717	8180.608160	0.000178	0.9
21	-0.192244	10.676716	7922.355317	0.000037	0.9
22	-0.185385	10.641782	7931.102013	0.000061	0.9
23	-0.180895	10.744279	7905.493607	0.000055	0.8
24	-0.177601	10.832549	7883.572181	0.000166	0.8
25	-0.181635	11.699586	7674.537596	0.000091	0.7
26	-0.174457	12.696116	7447.570494	0.000170	0.8
27	-0.176391	13.695572	7233.032390	0.000121	0.9
28	-0.176917	14.694542	7030.604279	0.000208	0.8
29	-0.179220	15.694522	6839.009964	0.000346	0.8
30	-0.186056	16.694522	6657.577499	0.000091	0.9
31	-0.179137	17.694159	6485.583483	0.000182	0.9
32	-0.181605	18.694022	6322.216490	0.000052	0.9
33	-0.176054	19.642822	6174.625274	0.000179	1.0
34	-0.188407	19.756884	6157.345036	0.000112	0.9
35	-0.185265	20.641573	6026.530182	0.000205	1.1
36	-0.180497	21.641573	5885.200293	0.000087	1.0
37	-0.179861	21.603920	5890.401536	0.000170	0.9
38	-0.175943	22.603371	5755.385243	0.000216	0.9
39	-0.184641	22.565503	5760.388002	0.000144	0.8
40	-0.180726	22.527634	5765.399467	0.000131	0.7
41	-0.186045	23.527630	5635.920914	0.000216	0.8
42	-0.177899	23.489761	5640.718035	0.000101	0.8
43	-0.185069	23.451893	5645.523353	0.000165	0.9
44	-0.184660	24.451812	5521.324410	0.000104	0.9
45	-0.185221	24.414828	5525.820750	0.000144	0.9
46	-0.189475	25.414693	5406.783583	0.000206	0.8
47	-0.180844	25.376829	5411.197835	0.000174	0.7
48	-0.187882	26.376829	5296.981711	0.000139	0.8
49	-0.190602	27.357219	5189.591229	0.000142	0.8
50	-0.178938	27.320099	5193.577880	0.000149	0.9
51	-0.178886	28.320098	5088.274577	0.000079	1.0
52	-0.184428	28.282879	5092.117287	0.000167	0.8
53	-0.180701	29.061821	5012.885982	0.000068	0.9
54	-0.176448	30.037279	4917.076362	0.000156	0.8
55	-0.188664	31.024134	4823.803449	0.000073	0.8
56	-0.181460	30.986461	4827.299103	0.000092	0.7
57	-0.179596	30.957165	4830.021029	0.000243	0.6
58	-0.181808	30.919522	4833.522886	0.000239	0.8
59	-0.180753	30.881654	4837.050881	0.000121	0.9
60	-0.189215	30.843785	4840.584030	0.000167	0.7
61	-0.186825	31.841360	4749.200262	0.000131	0.9
62	-0.181649	31.803492	4752.606136	0.000133	0.8
63	-0.176420	31.769889	4755.632469	0.000103	0.8
64	-0.185260	31.999759	4735.006447	0.000150	0.8
65	-0.185245	32.088550	4727.087112	0.000230	1.0
66	-0.182598	33.088549	4639.691787	0.000105	0.9
67	-0.181028	33.706712	4587.265259	0.000037	1.0
68	-0.179270	33.680929	4589.428225	0.000111	0.8
69	-0.182695	34.042352	4559.292822	0.000046	0.9
70	-0.178093	34.005311	4562.363082	0.000141	0.8
71	-0.181845	33.967926	4565.466050	0.000181	0.7
72	-0.182520	34.967874	4483.897287	0.000197	0.7
73	-0.186646	34.930006	4486.933197	0.000232	0.7
74	-0.188067	35.928683	4408.220662	0.000115	0.8
75	-0.180341	36.143471	4391.651285	0.000172	0.7
76	-0.184443	37.142671	4316.179359	0.000107	0.7
77	-0.179569	37.104808	4318.991981	0.000188	0.8
78	-0.181143	37.756194	4271.110486	0.000086	0.8
79	-0.177127	37.718327	4273.864898	0.000048	0.7
80	-0.183590	37.968160	4255.757629	0.000098	0.8
81	-0.180710	38.475681	4219.442212	0.000077	0.8
82	-0.181387	38.446335	4221.525172	0.000124	0.7
83	-0.181323	39.437526	4152.291042	0.000162	0.9
84	-0.178115	39.422372	4153.332470	0.000171	0.7
85	-0.175548	40.422307	4085.717531	0.000127	0.9
86	-0.182643	41.422305	4020.264843	0.000248	0.8
87	-0.186025	42.343500	3961.798752	0.000143	0.7
88	-0.180193	43.343499	3900.226139	0.000079	0.7
89	-0.182722	44.290823	3843.636622	0.000148	0.8
90	-0.183939	45.280873	3786.223475	0.000082	0.7
91	-0.183263	45.243164	3788.378811	0.000105	0.9
92	-0.184788	45.230305	3789.114367	0.000188	0.9
93	-0.187009	46.230087	3732.766214	0.000138	0.8
94	-0.182800	46.192221	3734.869827	0.000305	0.9
95	-0.177419	47.192221	3680.100093	0.000040	0.8
96	-0.180705	47.910594	3641.736123	0.000106	0.7
97	-0.186578	47.894072	3642.609485	0.000074	0.7
98	-0.187323	48.808801	3594.879105	0.000121	0.7
99	-0.185882	48.831215	3593.725201	0.000077	1.0
100	-0.180921	48.810315	3594.801114	0.000106	0.9
101	-0.183731	48.791540	3595.768159	0.000187	1.0
102	-0.178445	48.753673	3597.720207	0.000111	0.9
103	-0.183430	48.716261	3599.650844	0.000137	0.8
104	-0.186443	48.888126	3590.798799	0.000152	0.8
105	-0.178117	48.853746	3592.566096	0.000202	0.7
106	-0.179001	48.815877	3594.514723	0.000121	0.7
107	-0.182599	48.778062	3596.462720	0.000188	0.9
108	-0.182048	49.763638	3546.372182	0.000297	1.0
109	-0.184040	50.763638	3496.954785	0.000048	0.7
110	-0.191286	51.762806	3448.935158	0.000155	0.9
111	-0.178196	52.689919	3405.543145	0.000134	0.9
112	-0.179456	52.652065	3407.293433	0.000133	0.9
113	-0.179106	53.648903	3361.793503	0.000150	0.8
114	-0.178020	54.648896	3317.354401	0.000098	1.1
115	-0.183682	54.611087	3319.013223	0.000036	0.8
116	-0.188597	54.575695	3320.567514	0.000161	1.0
117	-0.182924	54.642621	3317.629585	0.000082	0.9
118	-0.189457	54.604760	3319.291007	0.000181	0.9
119	-0.184094	55.535313	3278.933453	0.000134	1.0
120	-0.179228	55.742152	3270.095923	0.000120	0.8
121	-0.180468	55.759698	3269.348418	0.000166	0.8
122	-0.178501	56.744119	3227.950904	0.000263	0.8
123	-0.187341	56.706250	3229.523977	0.000093	0.8
124	-0.182145	57.706103	3188.497304	0.000078	0.8
125	-0.181496	58.566358	3154.023952	0.000084	0.8
126	-0.187044	58.550398	3154.656724	0.000249	0.8
127	-0.172403	59.550390	3115.493268	0.000062	0.7
128	-0.183251	59.512522	3116.958607	0.000114	0.8
129	-0.181597	59.481702	3118.152216	0.000139	0.8
130	-0.179282	60.481664	3079.885524	0.000138	0.8
131	-0.184181	60.443880	3081.314368	0.000187	0.9
132	-0.187711	60.490525	3079.550632	0.000123	1.2
133	-0.186648	61.487638	3042.324931	0.000134	0.9
134	-0.189496	61.499927	3041.871761	0.000056	0.8
135	-0.178059	61.464204	3043.189471	0.000046	1.0
136	-0.189897	61.602416	3038.097575	0.000076	0.8
137	-0.184547	61.626443	3037.214111	0.000069	0.9
138	-0.173713	62.124062	3019.031959	0.000030	0.8
139	-0.185139	62.166732	3017.482999	0.000201	0.9
140	-0.182688	62.140124	3018.448684	0.000137	0.9
141	-0.179615	63.140124	2982.574615	0.000036	0.8
142	-0.183735	63.334852	2975.687897	0.000100	0.8
143	-0.184420	63.452815	2971.531475	0.000200	0.8
144	-0.185994	64.452799	2936.758080	0.000176	1.0
145	-0.182505	64.414931	2938.060084	0.000194	0.9
146	-0.180175	65.414931	2904.060634	0.000060	1.0
147	-0.180708	65.377065	2905.333706	0.000218	1.0
148	-0.185382	66.257819	2876.008144	0.000228	0.9
149	-0.177174	66.240771	2876.570146	0.000173	0.9
150	-0.181727	67.240736	2843.972194	0.000086	0.7
151	-0.188878	67.203050	2845.187313	0.000156	0.7
152	-0.180736	67.178132	2845.991318	0.000095	0.8
153	-0.182985	68.030801	2818.734594	0.000073	0.9
154	-0.184425	68.396728	2807.196695	0.000206	0.8
155	-0.180533	69.396474	2776.150313	0.000079	0.8
156	-0.182388	69.473809	2773.777295	0.000077	0.9
157	-0.180878	69.501243	2772.936471	0.000159	0.8
158	-0.182149	70.490189	2742.962946	0.000127	0.8
159	-0.179389	70.455837	2743.993251	0.000103	0.7
160	-0.176494	71.308416	2718.649162	0.000107	0.9
161	-0.180346	71.515238	2712.571519	0.000079	0.9
162	-0.178903	71.823096	2703.574958	0.000117	0.9
163	-0.185252	71.846325	2702.898575	0.000136	0.8
164	-0.186761	71.989046	2698.750113	0.000180	0.8
165	-0.182290	71.996480	2698.534393	0.000116	0.7
166	-0.180597	72.996474	2669.825651	0.000086	0.7
167	-0.180482	73.037869	2668.650408	0.000075	0.7
168	-0.183458	73.912900	2644.047313	0.000135	0.8
169	-0.181338	74.864727	2617.794956	0.000167	0.9
170	-0.186661	75.863068	2590.814071	0.000135	0.8
171	-0.179658	76.863067	2564.340214	0.000118	0.8
172	-0.175874	76.825199	2565.332874	0.000112	0.7
173	-0.181423	76.789813	2566.261149	0.000120	0.8
174	-0.184801	76.752029	2567.253078	0.000172	0.7
175	-0.187668	76.714208	2568.246769	0.000142	0.6
176	-0.188472	77.712107	2542.283888	0.000146	0.9
177	-0.187030	77.674238	2543.259548	0.000213	0.9
178	-0.172899	78.619261	2519.133301	0.000083	0.9
179	-0.180595	78.582165	2520.071738	0.000057	0.7
180	-0.179240	78.575800	2520.232814	0.000177	0.8
181	-0.182479	78.539298	2521.157006	0.000142	0.7
182	-0.185648	78.562710	2520.564147	0.000135	0.8
183	-0.184934	78.697241	2517.162915	0.000093	0.7
184	-0.182323	79.452905	2498.227379	0.000128	0.6
185	-0.182876	79.415041	2499.169416	0.000062	0.7
186	-0.179540	79.386335	2499.884054	0.000138	0.8
187	-0.183710	79.475134	2497.674674	0.000196	0.7
188	-0.183089	79.802621	2489.560238	0.000056	0.8
189	-0.182818	80.800171	2465.164813	0.000120	0.8
190	-0.187063	80.834585	2464.331715	0.000027	1.2
191	-0.184390	81.067621	2458.705274	0.000261	0.8
192	-0.182468	81.142891	2456.893425	0.000134	0.8
193	-0.182068	82.142536	2433.081523	0.000071	0.8
194	-0.184343	82.105522	2433.954973	0.000086	1.0
195	-0.181061	82.500398	2424.668911	0.000417	1.0
196	-0.185847	83.500326	2401.468086	0.000099	0.9
197	-0.180969	84.500326	2378.705426	0.000028	0.7
198	-0.178825	84.469569	2379.399108	0.000135	0.7
199	-0.184193	84.440128	2380.063474	0.000130	0.8
