1:ItNr	2:Metric	3a:Time	3b:StepSize	4:||Gradient||	Time[ms]
0	-0.076767	0.000000	6995.703246	0.000828	82.7
1	-0.083917	0.000000	6995.703246	0.000380	0.9
2	-0.084954	0.000000	6995.703246	0.000126	0.8
3	-0.081725	0.999640	6677.826110	0.000335	0.7
4	-0.085767	1.874572	6422.405151	0.000249	0.8
5	-0.085108	1.788354	6446.703817	0.000470	1.0
6	-0.088406	1.702111	6471.194279	0.000220	0.8
7	-0.087835	1.615867	6495.871524	0.000166	1.0
8	-0.087986	2.597162	6225.738967	0.000111	0.9
9	-0.087491	2.515682	6247.310463	0.000235	0.9
10	-0.084878	2.429793	6270.212002	0.000272	0.9
11	-0.082679	3.429694	6013.573755	0.000090	0.9
12	-0.087954	3.375668	6026.902289	0.000233	0.7
13	-0.081795	3.290474	6048.040330	0.000170	0.8
14	-0.086470	4.281323	5810.999896	0.000261	0.7
15	-0.079963	4.195143	5830.876577	0.000256	0.8
16	-0.086145	5.195136	5608.284223	0.000249	0.8
17	-0.088315	5.108893	5626.809599	0.000170	0.8
18	-0.077913	5.022650	5645.457661	0.000327	0.8
19	-0.091291	5.898188	5461.697631	0.000156	0.8
20	-0.085846	5.812561	5479.139740	0.000045	0.9
21	-0.087167	5.804775	5480.731189	0.000081	0.8
22	-0.090805	5.882199	5464.946078	0.000134	0.8
23	-0.084169	5.849444	5471.613044	0.000202	0.8
24	-0.084948	5.786151	5484.541851	0.000350	0.7
25	-0.087215	6.786151	5287.157856	0.000262	0.8
26	-0.084471	6.720656	5299.649814	0.000247	0.7
27	-0.085158	6.854481	5274.187972	0.000268	0.7
28	-0.080149	7.854362	5091.423263	0.000210	0.7
29	-0.088433	8.854326	4920.887187	0.000232	0.8
30	-0.086118	8.768249	4935.116196	0.000224	0.8
31	-0.081890	9.768237	4774.721713	0.000107	0.9
32	-0.085711	10.761021	4625.473670	0.000082	1.1
33	-0.084398	10.683753	4636.753918	0.000060	0.9
34	-0.088551	10.655580	4640.880648	0.000352	0.9
35	-0.086032	11.557419	4512.328415	0.000196	0.9
36	-0.086919	11.471191	4524.311063	0.000386	0.9
37	-0.084940	12.471191	4389.140780	0.000206	0.8
38	-0.086717	13.471191	4261.812983	0.000171	0.7
39	-0.089230	14.150119	4179.495670	0.000273	0.7
40	-0.083921	15.150076	4063.885485	0.000300	1.0
41	-0.086291	16.149800	3954.523762	0.000208	0.9
42	-0.084520	17.149800	3850.866055	0.000084	0.8
43	-0.083205	17.065669	3859.376992	0.000112	0.8
44	-0.084723	17.463284	3819.480638	0.000149	0.7
45	-0.084495	17.751625	3791.060890	0.000156	0.9
46	-0.086898	18.386088	3729.991376	0.000152	0.9
47	-0.079183	18.300040	3738.158234	0.000292	1.1
48	-0.084279	18.709910	3699.574448	0.000104	0.9
49	-0.090429	19.497242	3627.648756	0.000179	1.1
50	-0.082972	20.149874	3570.114690	0.000233	0.9
51	-0.083222	20.063662	3577.609974	0.000226	0.8
52	-0.088418	21.063623	3492.560944	0.000170	1.0
53	-0.090701	20.977384	3499.736136	0.000108	0.9
54	-0.086148	21.888736	3425.369511	0.000074	0.9
55	-0.084843	21.818369	3430.998696	0.000169	0.9
56	-0.086480	22.567439	3372.008327	0.000223	1.0
57	-0.081923	23.474026	3303.271186	0.000129	0.9
58	-0.084813	23.388021	3309.671479	0.000088	0.9
59	-0.085576	23.556790	3297.135365	0.000124	0.8
60	-0.090720	23.501958	3301.197876	0.000045	1.0
61	-0.087905	23.468548	3303.678097	0.000044	1.0
62	-0.084287	23.506212	3300.882329	0.000183	1.0
63	-0.082526	23.716729	3285.342425	0.000126	0.9
64	-0.083823	24.399824	3235.910551	0.000245	1.0
65	-0.081442	24.688608	3215.457274	0.000138	0.8
66	-0.088219	25.609402	3151.934215	0.000264	0.8
67	-0.086662	25.525525	3157.616582	0.000216	0.8
68	-0.085614	25.466438	3161.631811	0.000058	0.8
69	-0.085209	25.496571	3159.582835	0.000117	0.9
70	-0.085683	25.497180	3159.541460	0.000158	0.8
71	-0.087016	25.415122	3165.127271	0.000070	0.8
72	-0.087359	25.336858	3170.473236	0.000306	0.9
73	-0.089082	26.293710	3106.327874	0.000214	0.7
74	-0.087547	27.180749	3049.138293	0.000243	0.8
75	-0.090177	27.107854	3053.758489	0.000175	0.8
76	-0.087550	27.021623	3059.242046	0.000121	0.9
77	-0.086072	26.936771	3064.657147	0.000200	0.7
78	-0.083767	26.856067	3069.825376	0.000248	0.8
79	-0.084961	26.769824	3075.367552	0.000269	0.9
80	-0.086155	26.687483	3080.677736	0.000098	0.8
81	-0.085001	26.786805	3074.274759	0.000045	0.7
82	-0.088212	26.871798	3068.816576	0.000159	0.8
83	-0.082383	26.800149	3073.416502	0.000149	0.9
84	-0.087403	26.714171	3078.954628	0.000219	0.8
85	-0.089310	27.676276	3018.097960	0.000165	0.9
86	-0.081939	27.669508	3018.517665	0.000364	0.8
87	-0.088514	27.583264	3023.876032	0.000254	0.8
88	-0.086619	28.583179	2962.895305	0.000091	0.7
89	-0.091215	29.498664	2909.181285	0.000162	0.8
90	-0.085899	29.617962	2902.324839	0.000206	0.8
91	-0.088693	30.617563	2846.119797	0.000109	0.8
92	-0.082852	31.534025	2796.468910	0.000135	0.8
93	-0.084876	31.449042	2801.000007	0.000090	0.9
94	-0.081723	31.390211	2804.145391	0.000205	0.9
95	-0.086749	31.305842	2808.668442	0.000162	1.0
96	-0.086741	31.219603	2813.306867	0.000240	0.8
97	-0.090289	32.219449	2760.452618	0.000145	0.7
98	-0.085759	32.301867	2756.184283	0.000100	0.7
99	-0.091942	32.674540	2737.047530	0.000183	0.8
100	-0.083972	32.977993	2721.660429	0.000154	0.9
101	-0.084564	32.898221	2725.688655	0.000100	0.9
102	-0.085979	32.857003	2727.774664	0.000098	0.7
103	-0.089865	32.776988	2731.833315	0.000256	0.7
104	-0.084805	33.753916	2683.091518	0.000145	0.7
105	-0.088242	33.668316	2687.292732	0.000252	0.8
106	-0.086789	33.582249	2691.530159	0.000174	0.8
107	-0.082061	34.482659	2647.850193	0.000153	0.8
108	-0.085640	34.403644	2651.626475	0.000118	0.7
109	-0.088617	34.355380	2653.938397	0.000234	0.9
110	-0.083672	35.322639	2608.360864	0.000151	1.0
111	-0.089057	35.239459	2612.218711	0.000325	0.8
112	-0.090349	36.238042	2566.645592	0.000108	0.8
113	-0.087192	36.151875	2570.515298	0.000203	0.7
114	-0.083080	36.066993	2574.338687	0.000290	0.8
115	-0.082267	37.065711	2530.060614	0.000161	0.8
116	-0.084221	36.979515	2533.821976	0.000200	0.8
117	-0.083304	36.931803	2535.908797	0.000240	0.8
118	-0.091275	37.923869	2493.213187	0.000087	0.8
119	-0.087447	38.823381	2455.724932	0.000290	0.7
120	-0.087909	38.788993	2457.137363	0.000218	0.7
121	-0.087557	39.788984	2416.716961	0.000101	0.7
122	-0.084979	39.949504	2410.352168	0.000313	0.7
123	-0.090621	39.863553	2413.756046	0.000081	0.8
124	-0.085262	39.778031	2417.152487	0.000286	0.8
125	-0.082059	40.723952	2380.109567	0.000207	0.7
126	-0.082814	41.723950	2342.163833	0.000065	0.9
127	-0.088905	41.641753	2345.237196	0.000484	1.0
128	-0.089605	42.636146	2308.589954	0.000164	0.9
129	-0.085522	42.549903	2311.722931	0.000094	0.7
130	-0.083872	42.672017	2307.289376	0.000165	0.8
131	-0.088291	42.696648	2306.397149	0.000105	0.8
132	-0.083560	43.030541	2294.370256	0.000229	0.8
133	-0.089196	42.947264	2297.358169	0.000106	0.8
134	-0.081403	42.861118	2300.457206	0.000206	0.8
135	-0.083954	42.921019	2298.301426	0.000203	0.8
136	-0.085100	42.834988	2301.398840	0.000237	0.8
137	-0.088825	43.814211	2266.628957	0.000118	0.8
138	-0.087155	44.805632	2232.480158	0.000053	0.7
139	-0.091297	44.773779	2233.561321	0.000036	0.7
140	-0.081318	44.811610	2232.277367	0.000280	0.8
141	-0.073736	44.802579	2232.583752	0.000197	0.8
142	-0.087567	44.716335	2235.513699	0.000096	0.8
143	-0.086282	44.679511	2236.767069	0.000131	1.0
144	-0.084233	44.606425	2239.258861	0.000123	1.0
145	-0.084613	45.246591	2217.620039	0.000086	0.8
146	-0.086632	45.199524	2219.196749	0.000217	0.8
147	-0.088453	45.417775	2211.904404	0.000180	0.8
148	-0.089842	45.331532	2214.780251	0.000209	0.8
149	-0.084343	45.245299	2217.663289	0.000255	0.8
150	-0.085481	45.188446	2219.568167	0.000307	0.8
151	-0.083733	46.188446	2186.533199	0.000174	0.9
152	-0.083413	47.027859	2159.553025	0.000145	0.8
153	-0.085607	48.020071	2128.507937	0.000258	0.7
154	-0.087552	49.019908	2098.114269	0.000079	0.8
155	-0.091122	49.828762	2074.154119	0.000137	0.8
156	-0.086061	49.746553	2076.564312	0.000130	0.7
157	-0.087069	49.736526	2076.858690	0.000078	0.8
158	-0.087548	49.664436	2078.977442	0.000126	0.9
159	-0.082473	49.588001	2081.228619	0.000205	0.9
160	-0.082674	49.511150	2083.496977	0.000056	0.8
161	-0.088535	49.848214	2073.584638	0.000143	0.9
162	-0.084015	49.799276	2075.017955	0.000146	0.8
163	-0.082526	49.714144	2077.516051	0.000311	0.8
164	-0.089001	50.187458	2063.702955	0.000142	0.9
165	-0.086468	50.101224	2066.205899	0.000196	0.7
166	-0.081455	50.434588	2056.563529	0.000103	0.8
167	-0.088181	50.852782	2044.594029	0.000186	0.9
168	-0.090856	51.282500	2032.438942	0.000111	0.8
169	-0.090126	51.220464	2034.184760	0.000048	0.7
170	-0.091052	51.229959	2033.917374	0.000280	0.8
171	-0.087065	51.149613	2036.182332	0.000200	0.7
172	-0.076579	51.063497	2038.615588	0.000106	0.8
173	-0.085813	51.063278	2038.621782	0.000146	0.8
174	-0.087312	51.967972	2013.345914	0.000159	1.0
175	-0.089991	51.882133	2015.717201	0.000135	1.0
176	-0.087889	52.009844	2012.191223	0.000094	1.0
177	-0.084738	51.987918	2012.795716	0.000082	0.8
178	-0.088167	51.962996	2013.483219	0.000092	0.6
179	-0.080634	51.961356	2013.528488	0.000166	0.7
180	-0.088154	51.883778	2015.671697	0.000137	0.7
181	-0.084660	52.853112	1989.215686	0.000197	0.7
182	-0.092790	53.591719	1969.518469	0.000123	1.1
183	-0.085883	53.505720	1971.791805	0.000059	1.0
184	-0.083463	53.496116	1972.045995	0.000063	0.9
185	-0.086339	53.531650	1971.105802	0.000233	0.8
186	-0.087341	53.447613	1973.330800	0.000297	0.8
187	-0.080500	54.447532	1947.177914	0.000044	0.8
188	-0.084951	54.559287	1944.297970	0.000014	0.8
189	-0.087469	54.550226	1944.531162	0.000026	0.9
190	-0.086943	54.542350	1944.733884	0.000121	0.8
191	-0.084548	54.516470	1945.400363	0.000067	1.0
192	-0.088416	54.601812	1943.204319	0.000275	0.8
193	-0.087631	54.516508	1945.399373	0.000222	0.7
194	-0.090777	55.286115	1925.773358	0.000346	0.8
195	-0.091116	56.286065	1900.857140	0.000388	0.8
196	-0.090677	57.286065	1876.576227	0.000128	0.8
197	-0.087913	57.199822	1878.645821	0.000190	0.8
198	-0.087032	58.192055	1855.107400	0.000085	0.9
199	-0.084684	59.109623	1833.859192	0.000402	0.7
