(BSplineTransformSplineOrder 3)
(Direction 1 0 0 1)
(FixedImageDimension 2)
(FixedInternalImagePixelType "float")
(GridDirection 1 0 0 1)
(GridIndex 0 0)
(GridOrigin -244.60798353299782 -65.00660506983448)
(GridSize 37 36)
(GridSpacing 200.5608122636238 200.608766754394)
(HowToCombineTransforms "Compose")
(Index 0 0)
(InitialTransformParameterFileName "results/lungTMA8/my_reg_project-modality_fluo_to_modality_brightfield_reg_output/TransformParameters.0.txt")
(MovingImageDimension 2)
(MovingInternalImagePixelType "float")
(NumberOfParameters 2664)
(Origin 0 0)
(Size 6728 6458)
(Spacing 1 1)
(Transform "BSplineTransform")
(TransformParameters 336.49117638453623 294.7154196993024 283.55843290493186 271.82414112157 259.8269128456481 246.81075850669166 234.28210036299825 221.56041973537057 208.1265931235369 194.11631692865916 179.67048138234134 164.84536617441216 149.69840222058207 134.38885294888553 119.07647442799735 103.88752208882812 88.94825898108334 74.3677472539473 60.255004458502896 46.30226320195654 32.20186050313363 17.62167336566573 2.2296599392243976 -13.458427227150978 -28.927232022597334 -44.0417713031752 -58.66945790496607 -72.89118518130822 -86.78759781553104 -100.13849030811063 -112.73734152444099 -125.15896100818256 -138.14230880683004 -150.12349425653636 -161.84069662209222 -173.03986357075587 -215.54218273389642 341.4394968350346 299.1097191885876 287.70468475559693 275.72766246416256 263.59919666874237 250.38337578757498 237.43741181001877 224.05267782224436 209.6133769675055 195.16243187281694 181.15417349923248 166.7146533804875 150.96758148806614 135.03914114579692 120.09706177385972 105.0644010235077 88.85178826436625 73.00455284680254 59.09697683660337 45.68389758592424 31.5921242870305 17.11117603305098 1.8702916428120973 -13.574560933707092 -28.645437316303976 -43.65193716143403 -58.90568679582727 -74.05780569220893 -88.74741473803896 -102.72482827157705 -115.86796540971598 -128.80907259955677 -142.28283667861467 -154.68434652329125 -166.76086391062316 -178.2133042024186 -221.43769866627028 342.44273791995977 300.01366594284895 288.55863710665517 276.58686932590024 264.5955003322171 251.48834673204473 238.47056333457596 224.72725385949627 209.4938361047789 194.7275527135768 181.30015181598952 167.576453815803 151.92940679768685 135.83359555671484 120.51115875866192 105.93268680224756 89.35636781360772 73.05936882279758 59.20373665591196 45.14829004660473 28.979768644807198 15.38454776695677 0.824040949003311 -13.802857336894341 -27.740330858802093 -42.277619520354996 -57.7052155707413 -73.40937938980896 -88.6877240120681 -103.12902236111071 -116.50239499545545 -129.57450367381963 -143.15655191481724 -155.63146712681842 -167.85796555299544 -179.3824482228321 -222.76485665099847 344.104109334679 301.48540341151175 289.94037110747536 277.89692324583825 265.8909690753873 252.83662753122871 239.93510931679825 225.88907565164084 210.19769997983167 194.4552833778963 180.7077244128238 167.00644002265994 152.38316867119977 136.71924301772884 119.06702610714893 108.9869681658996 92.69335450690923 74.1235001786991 60.30165446031147 44.929677456097345 29.469664100190844 13.96996099851592 -1.617037514126808 -15.865863383059978 -28.421877566609883 -41.85532219295106 -57.54485640363195 -73.11220878853025 -88.828301632675 -103.92144869187617 -117.57126164353937 -130.7421785069683 -144.5520654859992 -157.28557752009064 -169.63270560508727 -181.2945120835485 -224.9783210062461 345.69676118701886 302.8731714252435 291.24171595655696 279.10683033349324 267.04020722014803 253.9840968730808 241.20610628792977 226.93321647766834 210.7263130041306 195.7246002993906 179.73938517022523 166.5074481043253 152.61489380091385 136.33353368986732 120.11547800081995 110.03993638335888 92.64468519273935 73.54601498160505 60.5623350971499 44.42730306900906 28.504252921682582 14.285328514631074 -1.0316031391853435 -12.844793341247506 -31.331425391721204 -43.226270481446875 -59.2236286200639 -72.51999857397787 -89.27463144978577 -104.82323096371182 -118.55397409785722 -131.72464908550478 -145.7421012627955 -158.77990875003627 -171.37605669826928 -183.21560135803526 -227.23921566881492 347.2141326462734 304.16976667888827 292.4659754010521 280.4262863236814 268.69295285766015 255.66718556062543 242.19384111365065 227.5533943248488 210.2569835015175 194.97915602013703 182.66448149374645 167.08905964405568 149.6917110886912 137.67515108489695 119.14549847218001 103.85120210591117 90.13144301249322 74.22324175763721 61.14197749106329 47.78439802747531 28.792325683192846 13.948826367162859 -2.359714683145166 -15.497937585676 -34.13303173505037 -45.81567042682927 -60.155666950222944 -74.75199830166402 -91.02983868571032 -106.44496338125806 -119.66647853882662 -132.25893281694883 -146.60381301610659 -160.27655442542672 -173.23448877820383 -185.2429779875222 -229.58582530087932 348.5500643225965 305.29963901979676 293.56707150181063 281.7709405858769 270.73311194435627 257.8927071661714 243.16347570705085 226.46403569163664 212.32341479807604 197.92762063107514 180.6443187074587 164.9578798247495 146.17867957273614 129.6229841182754 124.38671257720041 102.39235668327245 88.7521658933247 73.91909055276554 57.00415871879487 43.91996024692553 27.32793587181509 14.008268816056544 -1.7558180089632975 -15.49321564527397 -33.17049103561682 -48.30768003906679 -61.18955281522383 -80.46405172355392 -92.0603491464544 -107.09917188144082 -120.89111725479451 -132.8379851149716 -147.52213380788268 -161.85249910406853 -175.12233606347004 -187.27610956236208 -231.89659094031748 349.82038444522476 306.42865084525135 294.7710917359191 283.26420094221754 273.0460853548591 260.43792127430277 243.7738010146957 224.7976135303755 212.69486977872043 195.82584468699835 180.23233544728407 165.53406282986404 151.6142564825112 136.34030674901146 124.29243568010801 104.33383736920165 86.970373681861 67.63697879139637 60.476095041403234 43.58334588681109 27.73132916327001 11.210239784684415 -0.4239606508171595 -17.041507271390373 -30.305656211627593 -48.080412541869 -63.149224782143826 -81.53020538408921 -93.95722758554182 -108.94519677419166 -122.07079904243199 -134.90926720111733 -150.10837377952134 -163.93665969900928 -177.11407640885903 -189.36147454276283 -234.25612458716893 350.9830129461331 307.4498250630775 295.9303878865505 284.72882734354164 275.0388068403093 262.5647584667164 244.1309238428908 220.8017613149977 211.57559208827763 195.11327351041945 181.6040444772402 164.6452487497933 148.8884130841537 136.14878367256873 119.46019480361916 101.40757203933802 85.83188687817069 59.59538919339638 51.977601143739044 43.15589384337628 26.749678767817173 10.74008987518518 -3.7380406259987238 -17.92120684244697 -40.03650740521741 -49.541286071665915 -63.12386702139972 -74.42565644755534 -93.82973002587538 -107.55730150508052 -123.65319410712294 -139.8815070085669 -153.82243642903185 -166.06206332468687 -178.89872971468017 -191.3631026324887 -236.63148198380287 351.85147371023066 308.0178070447511 296.65344537300365 285.3143661637853 274.3826021270434 259.95238020809154 241.3279335808374 221.20764012416328 209.59259983535907 196.68291850994675 179.1769831132116 163.864449192555 150.20936729508512 134.5710077600119 119.5328651248508 102.29520339144459 94.06155722443056 72.62261699826567 53.55061141411042 45.6693206166088 26.314313096354024 13.204431972304118 -2.0761799367286984 -16.583749686892936 -32.51009750661065 -44.83213543030307 -64.88286494463418 -76.58431432122623 -94.89293130688388 -105.30232912467902 -123.53855763856662 -143.03098516696906 -154.71079103854956 -166.54007315476446 -179.832420745466 -193.01636890776248 -238.93711857923734 352.42729559663934 307.9512086011966 296.5705662606406 285.20646636745914 273.0165978073475 254.795848440565 237.53286019464798 223.3034394807468 207.5607863996751 195.5141111721806 177.0707374650182 162.6423392822953 148.32218105085968 131.25945039470972 120.62455216895695 110.1452862837066 87.46808730850897 68.74098407525004 54.512149491204916 43.80221315337237 26.540625080001487 8.670935758958494 -0.4678029218768075 -21.206563810631675 -37.175348474386645 -49.64582891388269 -67.07604227763805 -79.871200714143 -96.11105357815697 -109.11333416938004 -126.10974286606402 -136.2642777191624 -151.60899445343173 -165.72659169918302 -180.18838484367652 -194.34531553926018 -241.07917844876596 352.90224188430994 307.2810566234015 294.8163481064561 282.06957531778636 270.9419153343528 253.52447328147812 240.20900495470372 226.1281540497469 208.41761698420268 193.51538508943383 180.81682659141288 161.8843492084882 148.0820037310606 131.74578987068054 116.52156947554552 109.89152756894327 85.19856993702658 70.57386510238302 56.78631113871739 43.11418112210469 27.098093758788764 9.95002632941497 -3.295223212126616 -18.583762138421353 -33.29090955584667 -47.75566195438123 -59.8010001625533 -77.67687769497427 -95.39998472107585 -110.11408676990492 -128.6647152383112 -140.6842572735054 -155.3977873253343 -166.6943621586216 -181.57787788835964 -195.8177501781875 -242.92897033490559 353.43293859670877 306.7958520945354 292.4902659484207 275.96925879836976 266.8972628077344 258.9265687283723 239.19489755740037 223.1674598605732 212.07556354776065 192.2598040091906 176.23320158939612 166.0401049183954 146.9525610907662 133.92027848042449 113.47124977543166 102.64328677908446 86.92681466099293 71.37556573011189 53.81729778215306 39.060658283680155 27.13867464762843 10.314494121964854 -3.8294839392641946 -24.07087131090573 -37.13487220796689 -51.121418661992564 -64.33965164717426 -79.68476294272435 -94.1716143944652 -109.50149548455212 -124.45706668273141 -144.85684041743593 -157.09335839018203 -168.21237008102574 -183.80471471291742 -197.32014863477082 -244.40468384767325 354.308002597727 308.55695005795394 293.8939781201104 280.7389500230351 267.660838693081 254.59334476968039 237.95036463405785 222.79137732924772 208.62293484661046 192.55567146618293 177.1139433019279 160.55414338632684 146.66001600762183 133.5175866325617 117.87271123441647 102.14925914060117 86.88871009105772 72.5158924802118 54.73428450700724 38.557719548433646 24.890407479991936 10.978187220877636 -4.316474706848517 -21.647721318047576 -35.13483040620486 -54.513203071103455 -64.59489805070511 -80.79405647748709 -94.1892395780131 -114.91636024141856 -127.03866670952053 -144.336575193605 -157.04888170700372 -171.46826927204776 -185.13289463237732 -198.15477359042885 -245.45490811614175 355.26651217387723 311.84187177931625 298.03224420333413 285.4832481051374 267.3415473426668 254.80995048052307 235.99517989154626 219.8345994530021 209.54038515803208 189.74004227019392 175.56861384340195 163.24791684566566 145.68494102613238 132.44769245255569 117.32366586334916 102.60859578756165 86.54806499161154 71.55593718478134 55.8342043162686 36.80134656074996 23.251803427922894 8.260458495741181 -3.749726439570131 -20.094265910765035 -34.52822891156352 -50.64115656689405 -63.97477839607168 -80.31568585071975 -94.77207288277933 -114.35732371220912 -126.27887873818653 -138.8921128392748 -158.26126824480252 -173.11332855406064 -185.34223626509578 -198.23030210933317 -246.05118672553053 355.3213375489596 312.64782278011137 299.3146116486942 287.784333833437 263.3210968856796 250.6532403830506 236.27708961457017 220.3256519733137 203.72266486741256 191.37874078061208 173.15187457098418 159.3069393057051 143.4198385115087 130.9857191817116 111.74074410667716 103.32422853910566 84.87431898234036 68.2196158333102 53.22199085012522 39.63979279772294 24.145822116196502 7.353284134374997 -5.369612000636669 -22.838850577529936 -37.75728631432452 -49.50136135413187 -63.75342883123847 -84.44152413176204 -96.63267702704267 -111.81054487216467 -129.56050639109696 -142.58487619305006 -159.38906271061788 -170.54000887291218 -184.31577698553286 -197.66380140030867 -246.14288698133169 354.2981587515643 310.55613938171985 295.87390328859647 280.0900552921702 262.7475226714864 250.03298167152846 236.11311933462017 221.60743656591697 206.25751241854064 192.75332789178373 175.43685218307328 161.62481351231386 144.3379384636424 132.5207429168893 119.33574983427793 107.39464773131547 86.28980230820704 66.51068296132452 50.93418448845457 37.24675875895483 22.25516916172555 8.458399257659623 -4.226360497695093 -22.310472358899595 -38.6967936300471 -50.69154216490693 -65.12574715196544 -81.87446424500675 -96.93069022558083 -113.09682107865966 -129.2877169594253 -145.5271494737808 -161.63533591519536 -171.40993045750372 -183.60337721250943 -196.95456884234432 -245.90463051673495 352.67665304523877 308.09123289553077 293.65393122546175 279.9308552964787 267.4371892221951 252.39932850290626 235.5546115501961 221.64602960219074 207.80840282014853 188.1837563525903 174.45693509984463 157.6508310419202 139.87284543980888 126.80491192073781 119.19908687450504 104.42030915251436 84.49996052967138 65.60540059761331 49.07102881260417 34.50969442765752 19.286284387920524 3.9923814509563162 -5.82788011844872 -22.476839139887783 -39.915854900107135 -51.91126079995478 -68.07755859162047 -85.08849706386256 -97.87935088831819 -112.73719419280825 -128.1259983774618 -142.86134591692073 -158.56893608940968 -172.7065998224541 -184.24316726415873 -197.368060187989 -245.86273171515856 350.78790815797504 306.16626936200794 293.40659402948796 279.3181047096592 264.64860111923014 248.12674145200512 234.8138102648814 220.8922622504124 209.2552815025443 183.5317873706219 175.0308385433704 157.26470844210658 146.09716273584738 124.53627446082794 112.73257491877133 100.15720526900849 83.82853911525065 68.52195422018644 50.75697137197566 35.666254577998494 23.380756080816102 9.350995418923487 -5.8212469647882825 -23.507652487707748 -38.58592441011284 -50.46899513253932 -67.68519698176347 -83.63338277984823 -99.97001718793484 -114.80653982854356 -127.1161835562549 -146.5541519607556 -157.39134842750423 -174.61005397196362 -185.3318734755618 -198.8827364237128 -246.0400179487522 349.05455583971286 304.56241204141605 292.89564866523455 280.11624171101283 266.4751435468776 251.25215914023264 235.71782988413491 216.57912500083046 206.23638597267527 189.3149135963824 174.38959914244515 157.62129498984623 143.6927002132564 130.48879292050142 114.69351820545624 98.4097232219533 79.74459251305554 67.56300644006805 54.928619623745824 35.00974811186512 19.05544034346383 8.660697494148243 -6.510734370965798 -24.90082569548974 -39.75034398969796 -55.28157915286229 -69.05580616661148 -83.6747337281733 -98.29303221034083 -111.96909154863764 -128.8760307773078 -142.52040069937078 -156.0140124249878 -175.88213249770274 -188.01647054736972 -200.17486729064623 -245.9484216648992 347.52192351760795 302.9727999423673 291.1073392694394 279.5262772106797 266.10838380407455 248.08375823685185 233.7493776341045 218.8030822283572 202.77669701227825 190.03158352189712 176.03112590613534 156.49156204724116 145.47686639391443 127.42296795376387 113.28947777759328 99.04920157728553 81.65944370306195 68.75497060641776 56.31860643247809 36.70130249677926 20.563461018631305 3.499591851148651 -9.058224630599055 -23.303331937940055 -35.35611279831287 -54.65038115756432 -69.19526769827111 -84.70768564037407 -99.52944688710998 -113.81143281886756 -128.56298950041543 -145.06626313303906 -161.50780313142226 -176.6385076352677 -189.17445915523905 -200.64938964515417 -245.47602048332945 345.8633815530772 301.24974263868756 288.78138851243284 276.36198303842343 262.2699636157676 248.7181629332037 237.707124919289 214.51147354684556 203.77944901744291 187.36860779020245 175.01724475203426 158.80170612188016 145.75208798355786 125.97778983863797 109.21061175659081 101.09566659209719 81.83181982236245 64.35988376458181 49.68640704076985 35.80924321154575 24.49860160205566 4.878353625850259 -8.984864587308634 -26.095564334992538 -43.7901736528655 -54.83674441652462 -69.63608610370503 -84.72245591645634 -100.63190555618222 -119.26721262458437 -130.83832060915205 -146.19220098300136 -163.24478184632633 -177.05191789249778 -188.10731096055233 -199.99865303746773 -244.76379019828678 343.9830887013177 299.33655498541924 286.4295006321533 272.8822793731069 260.8760132211941 245.81345418934018 234.75308427585867 218.64054114416348 207.97843016913367 187.48556834653883 172.1665920657156 160.54443997719196 143.5584779754927 128.30708889306646 115.8976305566196 95.98946443318297 80.95473982199778 68.302627143283 51.87198218754124 35.086855952712035 19.05142451172269 4.468041648027442 -2.797663970430917 -25.208193418006534 -39.0217113956151 -54.31339376418663 -72.11329354809622 -89.2911969962078 -96.58961373393947 -113.73714444431015 -131.86998323685714 -144.479181361058 -159.5117115308422 -171.92766688038728 -185.22787765868446 -198.513927269095 -243.90684168764696 341.9255000484036 297.49650251877546 284.6658674147164 271.19938758984165 259.3394129980471 245.75050248178582 232.46051490613627 218.48119993957408 202.9346389038042 186.57473644812356 172.05316371828056 159.48429467058122 141.98952257156185 126.11623308288021 109.65970993891128 94.9807616024855 83.96613348160537 67.58086314183909 45.412750607480376 33.93818775490749 19.43740296381722 2.868359951213711 -6.046725385893581 -25.877402770220627 -41.77220495166371 -57.37635358046681 -73.94790977309701 -89.71070960007317 -100.16013096873786 -119.81372306903609 -130.47815939248332 -144.6415292877559 -158.03196514142235 -168.88627129692878 -183.10607517449768 -197.30502185184912 -243.04577874834285 339.7400360856576 295.77679577745704 283.4886645580353 270.8030670643873 258.779863550884 247.4640055147549 232.84264070278115 215.93823762383175 201.0720057620377 184.8347909471724 170.44320899978987 156.14958554564396 142.08945844104554 124.54023615643405 113.05260979767222 98.01615282483546 79.37606735803183 65.57067104520783 46.53357554022055 35.7846091974738 20.553665612528647 5.797066652909297 -11.787039717940072 -25.325909911152376 -41.20710349858768 -55.58039699831245 -72.21871822985914 -84.05096108612504 -100.72608656166032 -116.83161714446553 -132.33095895683712 -145.05253194953616 -156.4501259420673 -168.07546357260827 -182.39400168935296 -196.69045548052443 -242.2188821676336 337.5289130274834 294.03489508108225 282.2317965528517 270.16457385614166 258.569841664449 245.253508094383 233.42891294243032 217.4622072164328 204.3008474179467 187.4799255248045 170.36178261879655 157.9377007346209 142.1588762488626 126.26488557101601 108.21645874230514 90.25122688336673 80.3387949255787 69.52904717885946 53.666846030376 34.4512419005052 20.08340508646831 6.280721221376035 -10.40308909342402 -24.50909572342332 -39.93857413434281 -55.737277947131865 -74.71506024168156 -88.81137608459026 -100.04202279417056 -119.71727171417086 -133.90661074412193 -143.04261064002964 -156.3865866164132 -168.66666111043114 -182.65726412961092 -196.4002903517992 -241.35647826608414 335.34238051407976 292.25053018217255 280.7401718852394 268.9672970817912 257.582746747979 244.16332043558984 229.18074896319015 214.51651634316582 201.6459148246262 186.8532408975677 170.70640287577578 152.10899977843658 140.87813173326165 127.25939342373105 113.125531259854 98.47118587593205 84.49759412619376 64.3370468567386 51.457688613234595 34.24978100584392 20.821882628194533 5.667967562628578 -11.740411191882577 -31.51010266514731 -43.166156821644435 -57.7551956703906 -68.82774744349386 -86.11540719296661 -101.0971896824587 -117.91599933260659 -132.5210075547186 -144.11122404743068 -157.30132657974784 -170.135353236132 -183.51502337942017 -196.2843162724594 -240.45796395704997 333.18636003705154 290.4967101305859 279.26187866392155 267.637272039636 255.91635334030303 241.6138198662759 224.62635193860498 207.9742602749887 188.4259754977894 183.50724511886332 173.4677562317962 152.95296030126005 142.63439012897115 131.73122182952542 110.70508935797704 93.97519809108978 79.31029897369598 57.33794741728257 48.1577366704116 34.855001200040896 21.020228563930303 2.615730660995044 -11.139409836437668 -26.910823075398543 -44.08971804737118 -54.69191290367881 -74.16633068832027 -89.39805669860444 -109.84161262327679 -124.17674751151044 -133.5877249369316 -144.88117649110092 -158.20253169356073 -171.2708767106254 -184.0487070802746 -196.0665673990986 -239.57224706635438 331.0950083136653 288.7752200347672 277.7961168356513 266.32449722356847 253.98487742950525 238.5283396722115 220.36879833579172 203.51718563891458 191.46862277882246 184.65808033878523 174.13290404425578 152.6613335711153 142.71770770617204 130.31269913595685 106.94783045044758 93.97863341437044 74.11720449282468 60.34534245895724 52.229146395526314 40.82050202175529 20.054968417716843 -3.3961243865812105 -16.00773702688481 -26.320075988468478 -42.84570210828722 -57.52379129381388 -74.05929249781484 -88.90446956175204 -107.96442995438802 -124.42152512017256 -135.61293973798757 -146.1054995296784 -158.96440347243916 -171.6542476799607 -184.00129102798158 -195.65923468047376 -238.70915456448287 329.1354790375799 287.0208614775187 276.08311103225986 264.4532784515772 251.87590998854787 236.6073574951049 219.31597996735042 203.25553529803182 191.98568319874346 181.13152657972802 167.15245230540106 151.92829630742074 141.47146479893473 125.09017841178988 106.98075094367432 95.67966863959043 77.33406942791419 63.42514692253994 47.261479801385654 36.4574413839456 17.50973927067569 -1.1048681099449134 -13.020180535710717 -28.185808757538133 -44.0810951689383 -58.53490458463791 -74.79290491264439 -89.93801149468963 -107.08618244184528 -123.40173707901312 -135.45695065814104 -146.3295094956901 -159.13703653972067 -171.58464629519537 -183.68757978041623 -195.14393061477892 -237.85511567084066 327.30780854735434 285.2223880895885 274.16079924977436 262.42969499738973 250.09443939531505 236.0175828894751 221.3409664813082 206.81939107729335 193.36025933050698 179.6928416587529 164.17500529170533 148.71545729620877 134.7663063313899 121.9477123103851 102.03801987374872 94.64372320879419 77.30944425827751 62.18918118822863 48.20258333907782 33.3436284341015 18.43517662230166 2.761571194448708 -11.796569950140412 -26.96525560495948 -43.234475952547044 -61.13896955502874 -76.29188850262219 -89.99006771046163 -105.51498926365586 -120.46104834890544 -133.1424368888268 -145.45385729147745 -158.7183297336529 -171.18125667548173 -183.19664464442386 -194.53163548772824 -236.98742499730875 325.5092126047682 283.4652189372026 272.3252974186438 260.60641127390625 248.52490520563242 235.29423739374613 222.40348164473588 209.0457171301162 194.5736240153961 179.22913958130331 163.270615032727 146.97971234089846 131.14742550861766 117.56031888363391 104.49082460459466 92.8945818636276 77.11907877607283 61.63388954794 49.58816594315476 30.306279499442876 15.439409819935095 0.7483998866435049 -16.446822528561672 -28.864996704039118 -45.078719389499454 -61.58419562252002 -76.18359022499722 -89.97416896869707 -104.53611708119716 -118.63923947097366 -131.61262583087608 -144.7415738262994 -158.20871231246352 -170.5936432903032 -182.52098423966098 -193.77673752838015 -236.03014722875994 323.8182446923407 281.8590318531972 270.71919447995185 259.0830711049581 247.13824743711535 234.16006066773045 221.6847901870187 208.76974557149046 194.70887828593087 179.85263177808167 164.55071789314403 149.02609828508517 133.4957148240543 118.3355852654207 103.8593154989999 89.3270194788258 74.29591351795985 59.345470480160124 45.08547035394862 29.773551951461727 13.291499038671779 -2.03507287414402 -16.286621769673552 -30.194486232698733 -45.36307095323944 -60.82448003767568 -75.6635982667285 -90.17602442997433 -104.67343900865856 -118.67123424432084 -131.70920960104354 -144.51051661896562 -157.807326397948 -169.9903876637088 -181.7771859399616 -192.95223682437205 -235.0413071754483 322.19427925004254 280.36451731808154 269.2856986005128 257.70048427544236 245.84802217735887 232.96993756797443 220.56691272830366 207.85283287331754 194.24272815284826 179.97525340046087 165.28696648333016 150.3054352294786 135.15553390423509 119.7397209603865 103.94367179400328 88.10284167054787 72.55342041795058 57.572794091192584 43.45272900401713 29.094915241730593 13.420665440417181 -2.300199426428566 -16.811447395722624 -30.91482767729012 -45.395257381738425 -60.237656915281015 -75.30718042534313 -90.27439187079096 -104.82445265268268 -118.69389945463595 -131.617218407219 -144.22686574151325 -157.31132905207048 -169.31319440875345 -180.97849853427275 -192.07935496937495 -234.0246171896619 321.2930267603177 279.5439157410047 268.50615070800126 256.9485949607735 245.14288648592162 232.31700260910264 219.9605583702017 207.31833811763985 193.79660892573784 179.64553057699936 165.12606179046148 150.3176092461141 135.29974700678392 120.05650299361548 104.57238793300242 89.10008180241465 73.89286707422505 59.03208092428961 44.600577267475934 30.02300328696528 14.7252822307042 -0.6836182541480426 -15.597275705331253 -30.341967465621337 -45.240242494639105 -60.26266850600707 -75.35891672338099 -90.28238969318285 -104.79087333279877 -118.61556514706518 -131.49712975705995 -144.03982394876672 -157.01043145117015 -168.90865432446773 -180.5045041216671 -191.5596575066776 -233.42717664177547 316.39087482622324 275.09693072624157 264.22946181949726 252.87230267949795 241.2743301905206 228.66229030028586 216.50047831991932 204.03942279116512 190.69030104557203 176.72422692446523 162.42384833810058 147.83798538269377 133.01628626719338 118.11598546628669 103.29437691014004 88.54486855904926 73.86087263510021 59.17043661600961 44.40160827875141 29.618910264625903 14.886865236162183 0.06170778964346901 -15.000327785959922 -30.188700804800696 -45.39287486471251 -60.47116739778308 -75.28195554990731 -89.79007182938514 -103.96118033623607 -117.48949571261853 -130.08081515623243 -142.32857314669732 -154.9875283520246 -166.6034694316147 -177.9691411267515 -188.85187860952627 -230.31507800998486 119.22651580845174 121.64369341286675 122.17704876553523 122.7318058012335 123.37740100029889 124.23369713521967 125.28876260288253 126.63893784999968 128.36700498454186 130.1798875224336 131.79393067369642 133.23750137078784 134.56333090093116 135.65834097301862 136.40818085603996 136.6538800582517 136.23652930123092 135.5068342475028 134.81543341061564 133.44851733709345 130.6921829038185 129.1570479207059 131.45411833868482 134.6497196246652 135.8092428260135 135.80277758423162 135.49798695623022 135.10707330950424 134.84360663426537 134.70158720637755 134.67745929945133 134.80906130532688 135.14128475603138 135.5477541769625 136.0054167963547 136.4823960444182 138.39015101998433 100.89008031391376 102.98053421618087 103.40192854266637 103.8653293946844 104.48993446812393 105.22463728107537 105.90426097467702 106.19742983450382 105.68428048008273 106.30570570861404 110.21142056038028 113.95945114956396 114.5934444999779 114.43073095963894 115.7582520479149 116.61075633714677 114.97584275183257 113.0422425242461 113.9338474669799 113.8807092586884 109.14293072072567 106.25037586703391 112.3447003481193 118.88955930303348 118.97120440807099 116.7530176353363 116.2426415284542 116.42051837483157 116.24918374377874 116.016496123656 115.99927486993228 116.20596806482459 116.67092473902227 117.17431956935347 117.60295070571176 118.05783394167577 120.13307090444071 97.83252195731569 99.87155646839389 100.27518438997585 100.75964599736903 101.48915801520806 102.28017652916242 102.84381947720713 102.34990486697828 100.00712432967283 99.72118027976602 105.36144069063498 111.29931943093042 111.70296842659495 110.56533225330703 111.68882373013797 113.77769066074221 113.06461148895076 108.6674255637993 114.42466530037066 117.14762049737162 111.6295152936651 105.40560430231285 115.7944580998736 120.92398283917353 118.21059918505561 113.94002718602235 113.18884380926724 113.81044271736168 113.47558057906501 112.9526770432205 112.87021357316712 113.13612615809195 113.76985893315053 114.37491544359685 114.68038714542075 115.10744960966561 117.19632566658886 92.27940249870228 94.24213467700125 94.61393688477611 95.08523489202355 95.86012038339591 96.9307579028279 98.0132738253285 97.34865346814385 94.08757883942141 92.55899474050072 97.08643985509458 105.01647478186291 105.85620890525804 104.13133862018819 103.1563372021937 107.37288157602161 107.60253187751994 106.35902140285789 109.9777706967189 108.6368351927345 111.90567314362204 107.51972007734867 115.33548941785095 115.86982144142348 111.12477450468916 106.17313397760117 107.54340920784347 108.59357300537843 107.68291035504306 106.52718219679019 106.55728870329065 107.22889794944152 108.02732833142304 108.72206786235138 109.19384033737067 109.66775001339914 111.83381240043629 86.69758613785487 88.61103016705702 88.94929451777045 89.34995797429556 89.98783423620729 91.21130864950783 92.98487911144647 93.12869722346008 89.87893849092113 88.32794945571081 89.26458761243288 95.57082628262954 97.6217965661837 95.28743943820228 98.07611976602351 100.02268619658379 98.99725748307908 100.72850507772708 100.3457822046957 98.71381829463076 102.03475500754351 100.70522980653791 98.94189948594557 97.33057580885823 102.07603968940593 102.86575243853798 103.13542985475827 103.40171319830428 101.56711707138045 99.52376937247298 99.51191354622986 100.57218808771117 101.83066490906366 102.95521395719595 103.67135911228326 104.236420079075 106.51368791047615 80.95990189260114 82.85242058743626 83.13051113976415 83.29313985658564 83.32623976614047 83.73606919669692 84.87618771887036 85.43711158374363 84.22918587298922 85.39520175143473 87.15531844757905 85.6105869756729 86.91444648587886 84.43879996848105 88.63824628676663 87.29704806599086 89.88447731099947 91.57785269532668 92.281600455822 89.04854023564666 88.60559969551794 93.97031114609463 97.0516970919661 92.30030387433244 91.75250161953845 96.38628218811023 94.62846543862024 98.27075348557122 95.92581211283365 92.77461007226194 91.68184700231727 91.76342999158287 94.12875805242336 96.89187143948077 98.17499750894719 98.77475441649356 101.13834777082494 75.31305139697334 77.21896523487524 77.43005594474877 77.26492133555153 76.51286794627552 75.72444410259973 75.55717710336299 77.00681177555889 79.59289024744841 81.89142143002921 78.60972399302393 79.6024586156323 83.72475472959557 95.58925432784413 83.07568668757519 81.88575902515144 83.82099006444031 84.46575815122976 83.28459483082344 85.02929827464949 88.00229111581231 85.9898116089941 87.83376496713839 85.1826097512089 89.28389992909966 87.53339741816389 87.61509979460395 90.02225378140939 87.37625377776509 85.76682490006189 84.0919150590273 82.34161400081695 86.01054796775904 90.9375479693869 92.98549361259923 93.58113135304116 95.96528523924965 69.22615377783562 71.13624284210138 71.25563055453226 71.14290201044969 70.48335749294495 69.16429728235434 67.57296850513659 69.13621200652801 69.78580028569054 74.20664523487683 70.033869877975 74.4119107663693 74.60503307890038 77.32421671368905 74.50406604885721 73.89050519980813 71.9225228491858 75.29230062364853 76.80939288971017 78.15981670176429 75.2427842121655 80.864696179694 80.11071544163913 79.65087513927642 81.22090828397569 82.5812802331279 83.19684918967282 80.83383411072259 85.62873805405837 84.70686782380729 74.55280179415901 76.35511365525127 80.53103438961487 85.53356037768849 87.55245743103777 88.09187911054718 90.47052195918079 62.64583937183376 64.57840632687244 64.67453110999242 64.78151185141034 65.03451354629959 63.16104547807141 59.464115649821196 61.39021650682097 60.673417994014976 67.01013727366332 67.7581286722682 70.42340004628637 65.52188469130058 63.830285640173294 68.1343973290706 66.81910043184536 62.232161610115725 67.29464021841841 71.8175528539132 69.13695210877944 72.07582055839364 74.93347509087266 71.99012728864872 71.14579103178228 74.88830627464566 74.7389442079399 77.48379521123505 76.30184963221164 80.2615621769656 77.71739073346937 75.08991088292532 78.02752023638153 77.49763547197603 80.34122210628918 81.63611635235216 82.1579338425374 84.57278498273259 55.813894922403456 57.66035665839534 57.56941438694135 57.751290233736924 58.904895280043625 59.66624404921557 60.05165890046464 59.54691058179636 59.14754354974066 60.45042390991648 58.16263909408297 61.2995212042728 63.8819265431483 63.2193238635762 59.53472003749033 56.36605421693437 61.1730891427255 66.97700690911098 66.28175079197118 64.04388117982013 66.85293975578229 65.04939872162814 65.7348108080902 67.3730735613785 74.39714843354106 68.61050841560704 70.42874384176785 69.65984540682751 70.82419624055947 71.0008329520189 71.35209576578043 73.6192258994407 71.72901279574441 73.8602795768859 74.99393071734251 75.84891394120575 78.46370564735719 48.82590140793422 50.68304757352687 50.150721377483386 50.200394260456186 52.01862690804227 51.91025637716083 51.9589596440764 53.68490473624956 52.30466876508074 53.874041082414664 54.05178131869706 54.74354037624265 56.00011652903774 52.636700364832855 50.948399072201966 45.405057096222535 51.72563562532844 61.51628440863833 60.06601273270819 58.6772275417796 60.88968842968139 58.95509302171731 60.557044944800765 58.289529519728134 60.38375508569805 58.987855358771405 63.281869103913834 63.242696507002606 65.79412168657086 66.65083455409804 64.5998206892989 65.14471523587027 64.24398006137704 66.40422886560201 67.99219796093581 69.31880146666425 72.16103649444598 41.66248931935697 43.721864319379215 42.815011372803426 42.595236579800456 43.84617954161458 46.975398110453206 48.234808824833976 45.37866978874819 45.389405756293186 44.71104771979745 45.32710497529601 48.65363088598744 47.7729410144877 49.76331216998118 49.087546412514264 44.831039758244785 49.14712062916476 51.06066395025616 50.737190648981176 51.423335635059054 56.58472532927547 57.983835648719925 57.19202107353443 55.043845164536194 59.631737389478985 60.66419369739442 61.02996683488914 60.87435881952635 59.28877270165997 56.016980707332195 60.076843371429476 59.79164108498058 59.994897260437504 61.22398675208167 62.253417829654474 63.02779983322271 65.55353382214768 34.26548071081166 36.55287122253065 35.59881271711944 37.08639610426294 38.17168212499242 39.384869493840064 41.4774831532134 38.53224276701264 40.80185845998346 41.75166304747904 41.75825222243606 41.57170681914644 41.47158648466718 43.527335796488515 45.6423860739385 43.135125352598045 51.047399587403 46.44560523480849 44.245569289666676 47.20312044172352 44.706001212231634 44.90781727395774 50.90284372832712 43.76536292990907 44.794513823056484 50.27065956103922 47.34755928736468 49.73432095919421 53.0771937587816 52.50062691918973 51.14858458003295 52.20177315736952 57.730342861970485 57.61367809304542 57.39830759428224 56.76883158380794 58.60566596778058 26.49649434722823 28.866753853723512 28.32547384988758 29.499988201781836 29.347214061941784 31.46087158119106 32.5171335060609 31.693417091082726 34.350428189892284 32.3549567504771 33.72233729344644 35.6975779808872 35.36375881062725 36.27409182898742 36.99382371105318 34.59094317190423 38.50623559210681 41.5419378883207 41.063589932502666 40.78127775442566 39.135208154454034 38.75451883197481 40.46193456620256 38.80276079079274 38.4885271299876 41.66207158104622 41.529219218968734 46.584670033066054 43.126070877811955 40.797947644584234 46.46200200610824 43.99682829700476 48.28366042458629 51.22697260787219 50.34864152943356 49.29252239483333 51.30257317903441 18.40200730194869 20.6889751948389 20.556873846769953 20.481392323552868 22.874356980427372 25.968893242352156 24.833822236650715 26.550091449900254 26.063066750770957 24.650117984829045 26.858085378057794 26.588469583690554 27.41922496814744 28.061268226433246 27.39350505253957 25.612483564461456 29.992462791918612 32.51721712852133 33.69366288657586 33.27579409864572 31.43423830130332 34.956588972296174 35.52061221474015 33.985371758433125 35.17170388124575 34.72704223059657 39.28846200457021 39.69881419089066 35.03523388636402 37.19176819569551 40.75439270082841 36.12348571695401 40.36940261056216 41.320309229408764 40.83916703405894 40.560107109347236 43.69863983287115 10.223970751061351 12.49890534668413 12.843791666975319 13.960013779816688 15.419970504793652 15.372980834075937 15.757567885927287 16.31719771365848 14.636614468017882 18.504109337775045 18.94006732284786 16.80019115193647 20.265511400245504 22.454377241671082 18.524468827866333 18.015819338762867 23.25063787724789 21.146017808236348 24.439540355312886 23.428730580866436 22.03191484022548 23.708848663343467 25.08644750016143 26.279940593695127 23.04057270016089 22.061460753362013 26.339627483894443 30.911490220881838 27.10108864912078 27.950198325069564 30.24718952003323 25.44325118157598 30.76487015707377 30.14107970026508 31.26485426720096 31.89098661532375 35.92723807289375 2.087677133048589 4.434880736279386 4.955081063458452 4.1338946790431566 6.148231706380877 2.98752820010903 3.7802086473427616 7.1099034420589176 8.267593133602196 6.026972450079112 7.899258489340699 12.947168104866192 9.42875100704081 7.459405350858775 7.932357563707466 6.290854856142351 7.749874427757493 9.103546383854928 10.81808540304537 11.570939599924262 12.49389036473055 14.827027411738014 15.19035977078615 17.822258793053685 18.00935245212106 17.449454282852997 17.065162987221658 22.26870394473144 21.05855196059548 20.363987081007156 21.74195779741389 21.671222246438813 25.31798063644019 22.168866699064957 22.83365830860417 23.765972807801884 28.15655531540986 -5.9390956671203075 -3.7410657902700044 -2.8501635966323233 -4.1763791521002265 -3.5329496197094783 -2.7107364917678782 -3.911942707502662 -0.5935804975004583 1.302580593506975 -0.6798259868211507 0.24612718499681777 3.07353497455732 3.940682670634185 3.347811373967225 -1.243899821714619 -2.7319972338293645 -5.563493434901372 -2.8058758315529166 -1.5615418794998026 -0.3203069187491043 4.697746604452397 8.814720908322032 6.709768026248324 7.3801152451638705 9.979693975438382 8.301960650809217 7.1469694296912225 9.511110474760585 7.6589951694531315 11.11499231763834 9.407747796439264 13.59359199309315 15.237903966467828 15.094215841037876 15.636808499706474 16.27545750449103 20.695282121574067 -13.807132568083277 -11.901448198993792 -11.123240169665687 -11.475982220915201 -10.702386581317684 -10.653903962371228 -10.061472680276424 -9.927222219347112 -8.18169103277976 -6.7489636300159335 -8.597070138734843 -9.274109762399526 -8.398682020255027 1.128388268896743 -0.47166952262171924 -5.950883270524746 -4.795400870628415 -6.372801845928226 -9.774587861181898 -6.133214643837916 -3.270717380584984 -3.846050000161573 0.7292368646984505 -3.0496023195471347 -1.3438099405406458 2.0953052100044904 3.8207797043660734 3.376443666637736 0.8269119307179483 4.34015159577324 4.572307101988985 6.262137918759725 6.726061352688355 6.8778303644986405 8.52544734213542 9.257720574930623 13.527647629035783 -21.519247220794863 -19.69667492084764 -19.044064228355378 -19.49755723774446 -17.727008891606395 -21.66538870909327 -17.306807173101635 -14.16989243936618 -17.957982563658515 -17.662674567289866 -17.888462279453076 -12.116328672504878 -12.814780535049263 -15.66626592709326 -12.55971014629972 -11.728496076092968 -10.202506389419387 -8.523729164998711 -11.603153933590875 -6.419363053161073 -4.9435498719610385 -10.104882719946135 -5.94820311177686 -9.370524394404153 -8.228745544305365 -6.403704330939769 -4.9685617500055415 -2.2575386476181887 -6.298672987424737 -3.301462005935262 -5.514915770940499 -2.6870471313609943 -1.0291842206253365 -1.5256688527074516 0.07107537868319101 2.048721842422432 6.259151619805124 -29.045230298684608 -27.157164765954008 -26.372564236548232 -25.07255357288343 -21.25265010061452 -20.329905971953057 -16.912910171258144 -16.723869628673942 -22.68227822341465 -21.90203951584132 -22.16157706329979 -19.23510537898794 -17.49563444364598 -18.774521133227108 -19.829992198813986 -18.61449551729692 -21.452917028200012 -15.294944580502989 -15.056219967712872 -16.769066682185166 -17.93988541350521 -12.73357253781641 -12.352576760777998 -12.114541782057545 -10.910410764187848 -15.36612660331868 -11.197006171397868 -5.536965984814001 -12.108464178906472 -9.115796500514092 -8.716361404114004 -8.64948204174367 -8.93550694180638 -9.198233219016222 -7.7120973881124435 -5.401261490387269 -1.1470017956780134 -36.31462051901901 -34.64994692856512 -34.31985910538243 -33.59984775051326 -35.15960045551687 -33.051712758517056 -31.051262391511926 -34.606672276852166 -27.258637213651657 -27.417679760081644 -28.622234517863593 -27.71657611139657 -27.148707366509587 -24.232441178092675 -21.91733510981783 -24.072513832754595 -23.249845305629734 -25.188680818021663 -24.84116524619133 -23.09242569050439 -21.006878411970046 -17.56791765269818 -19.644653653510936 -22.0419695473072 -20.89238789184235 -21.357917796040258 -17.101870126936763 -15.930832604355668 -18.31869721233505 -17.933806537057297 -15.70557231312146 -14.669434326818296 -15.373706580405022 -16.411036865787327 -15.189136693446885 -12.708451090402086 -8.426480980406401 -43.31654756758254 -42.09517428061565 -42.61293041733311 -42.74914788320736 -43.776425229993414 -38.81185428294952 -34.7695139734812 -33.905039346490696 -31.910924886221224 -33.06561144612341 -35.48095926428058 -33.438508436728064 -29.966193800609766 -30.353578615700762 -32.11072678712583 -30.770076272526936 -27.437605184755117 -30.59129684527117 -29.457264123964574 -27.74593922162325 -25.97871250914567 -25.71566734532921 -27.621625257811502 -25.77700589828592 -27.31014378726342 -28.810028561087552 -22.536139666969362 -23.405628035958475 -27.37765516740656 -23.83621637601823 -22.48861154341915 -22.014272992324333 -21.923946964303127 -23.111313924345986 -22.160954093989655 -19.659876702570685 -15.489998298761972 -50.103219488161585 -48.855488878451496 -49.30989559888966 -49.19323846340222 -46.94334363966779 -42.644650326608996 -44.88900297059236 -40.312693457749646 -41.36408714565283 -41.69063842559079 -38.230850646374826 -37.5997803550444 -38.849716224953426 -38.8209139246643 -36.70053377584711 -35.756420018458805 -36.95493384428469 -35.001525406376516 -34.74083974473296 -31.690547700094523 -30.907787585859527 -31.295542830697805 -34.12963772378007 -33.222753015724294 -32.69440542344236 -30.319676697173332 -27.62011019805642 -31.765577246254566 -32.12793396517923 -26.807048499620024 -30.940609932716068 -27.098935696696028 -28.53377239290991 -29.041092051999033 -27.927369234007415 -26.02625278070842 -22.35472673320639 -56.66384942274872 -54.923860360171645 -54.45899390446946 -53.23473773450741 -50.587445528409674 -49.267400147337575 -47.7400622479298 -48.58042143497151 -48.36325834390784 -48.25387321415532 -47.833014088666445 -43.86143204398446 -46.37762082243872 -45.80853378194038 -44.704801190802854 -43.515245082891084 -40.614621563658375 -43.69488957789904 -40.85467222456799 -46.40925369446392 -43.581564911692155 -39.712772699682745 -40.56829254156559 -38.96198661350769 -36.84258800335337 -34.963541502905564 -37.337483833895554 -38.945689935235386 -35.6869862306522 -35.654733300665534 -35.45419857950295 -32.23542206146533 -32.83358319625636 -33.18362643972782 -32.716345894296865 -31.898655985542636 -29.004211371363038 -62.91548930964275 -60.88595642533988 -59.96795228064787 -58.43051123566277 -56.09089308531447 -54.816142966802595 -55.68188480679135 -56.615176955170526 -54.44650080898125 -54.48272653057425 -51.16384886633887 -50.26089423233883 -49.02731245264424 -50.47837948787767 -50.50667479028657 -46.05467698453858 -46.28174507295789 -47.51625900474252 -46.68663891527712 -51.73222745734099 -49.588980070773765 -45.93172483883646 -46.5923629058267 -45.76723905894202 -45.3604340287382 -45.481549480413655 -43.97771618735144 -43.790868913428696 -41.6183124473897 -42.96794317574134 -41.033951824134604 -39.824757245271414 -38.69606931530261 -38.224995218850786 -38.00710930884387 -37.77055930537415 -35.40032885683552 -68.87250773277628 -66.8834158184246 -66.19985596480115 -65.36560874392596 -64.40666534597254 -63.24156785372969 -61.88407960228617 -60.33997652180831 -58.53985671704567 -63.40486388846495 -62.56391949513295 -62.09186657351997 -58.89450366352774 -57.604204069480446 -59.12789672622875 -59.24923367428511 -60.11417137025612 -57.04596112858987 -58.80121707710552 -57.63648831547694 -54.56233432525969 -52.206139698249714 -50.78906190962666 -53.05132504840405 -52.911366518093594 -52.48565588007531 -49.614550598333324 -51.97975246174841 -51.89480749829383 -49.29690127274185 -47.39472088171261 -46.66455340737365 -45.55623306765617 -44.5129443622521 -44.05865105201766 -43.757929222095605 -41.562621039111775 -74.65240370764266 -72.73716253021391 -72.32256753852877 -72.01973530415295 -71.81408728288106 -70.73318771329419 -68.00929930069015 -67.27492661839388 -70.59437318775944 -72.90199783191196 -70.45325831129914 -63.89273597293833 -65.83280600479002 -65.3096396256467 -66.09968853255793 -64.93662319652486 -64.2672830135346 -64.78456852106198 -63.18610818430267 -64.26901541488122 -62.664735317246546 -60.44967960507931 -59.021042995747976 -62.50848440429549 -57.26625982486814 -59.269642161451266 -55.62651985819549 -60.96330845074631 -57.14810805575134 -55.31219661013926 -53.91643801412579 -52.99833930343508 -51.752770138067845 -50.677606746277306 -50.08447953218129 -49.677731171529054 -47.583410006708384 -80.27637653211367 -78.39241209115109 -78.09090530770939 -77.958262318212 -77.56999328718274 -76.02694790442868 -73.17311826593668 -71.8147887572109 -72.74206933650055 -72.75567289619083 -79.87482004202653 -76.08638075871754 -76.20481491365229 -77.1848614596976 -75.01899371892982 -68.99117482100145 -69.7109378823338 -71.17010795238647 -67.4713976196797 -74.10044367485236 -73.93840371524232 -68.951183782404 -69.33118041165811 -70.62778306000297 -66.10395635765394 -68.19525841439891 -67.71872146602142 -67.89730141982893 -62.95076627149096 -59.52924985479486 -58.27816354652993 -57.894410631400895 -57.154036802579824 -56.403869304454325 -55.89494879744813 -55.48099672103347 -53.47073687344964 -85.64607597845122 -83.77382368154076 -83.45801808509029 -83.14297586785881 -82.52840752755546 -81.1608582251516 -78.92205675163878 -77.85192985389877 -79.86732951523855 -82.94005134703919 -84.90765056548682 -84.04217698321125 -81.6930938564535 -83.41750463142257 -82.42645618487316 -83.09957524322989 -79.28161600899064 -80.78955145557364 -81.59361364864365 -84.36225703127229 -82.03045116304027 -78.58654483146233 -78.67389860227685 -77.30302203603806 -76.26351245766094 -76.11925991281198 -75.11197947977831 -73.5044765881072 -69.42400073755002 -65.18408745177099 -63.5343646140419 -63.17884069167286 -62.6151447501087 -62.0392789580041 -61.57213295438882 -61.136086434475494 -59.11730739792316 -90.86456237035007 -89.01986130811446 -88.61638852849725 -88.18721665777069 -87.64282867316066 -86.80068944409456 -85.57969460687579 -85.18310170849749 -86.83534650064172 -89.12150755441856 -90.25591831828649 -91.34615820425195 -91.96791481246525 -90.84742020745772 -86.18333449398318 -92.11573233247273 -91.57798235993576 -89.02001922602567 -89.22045735675874 -90.01434194581533 -89.31266033853433 -89.3995120311537 -88.12988612389849 -84.06355708223118 -86.52754291472704 -83.51598256652744 -80.10048593905553 -78.89750235917032 -75.33412468368093 -72.2618210067633 -70.38715380717797 -69.2922307408779 -68.47334520378875 -67.79451133627633 -67.2508075114271 -66.75927900495896 -64.61973912550351 -96.4318027144083 -94.7271700304723 -94.30535072742575 -93.90012131767986 -93.50802477683969 -93.07327592175623 -92.63196501051476 -92.69430961525364 -93.78074109114871 -95.3712653558436 -96.94441631350712 -97.87278025277855 -97.40803435933763 -96.40752986308752 -95.84662825876195 -93.41714433097435 -94.02907489355289 -96.77921351205532 -95.50296454651904 -94.10090550172151 -92.43756810086352 -93.79896494271267 -95.75170280288621 -92.28712676181168 -91.70462105373248 -90.0160504463011 -87.42684037918892 -84.48313630391397 -81.59223322620193 -79.17402412996363 -77.362956198719 -75.97836219602718 -74.91077883515234 -74.09966858350002 -73.44362601604291 -72.86106144808261 -70.48107868239649 -102.05106399884843 -100.58316493215914 -100.20295351663023 -99.93559765004068 -99.70889438744715 -99.52631524506995 -99.46004945285951 -99.68018978929628 -100.35711367162256 -101.34397099479352 -102.48933399080734 -103.25800899169052 -103.09301295906297 -102.10038776183409 -100.30206378932041 -97.8684153673688 -97.28757293604222 -98.065531027655 -97.18706477382851 -96.37247511488246 -97.48290179295148 -98.82806405208345 -99.6948420974446 -99.1866514323146 -97.70612923141088 -95.62703122361299 -93.21629432668576 -90.66949768389382 -88.16135070628943 -85.87312673333865 -84.10140698504308 -82.69426992464895 -81.50611770548815 -80.59290104979577 -79.8062150974922 -79.09664684769218 -76.38681888540472 -107.78470605976247 -106.63857957289257 -106.38426566797797 -106.23387333108671 -106.16131099472493 -106.17668297165358 -106.34691199052611 -106.6807493927559 -107.20293812260824 -107.89498339136362 -108.73034893985698 -109.43636263513136 -109.73902311473206 -109.21602367565423 -107.44529455772118 -105.58868539945757 -104.78502712376536 -104.53149102241275 -104.36749437471313 -104.64229844920021 -105.68637390630818 -106.68977592017666 -106.86364316278629 -106.1345118377516 -104.41951366289884 -102.23824062270694 -100.00928137615183 -97.71325406649092 -95.33163237344887 -93.09987892218611 -91.2503603854916 -89.69856813063068 -88.3622015622177 -87.28628499817154 -86.33560191424256 -85.49404420820001 -82.39626826589523 -111.03069301116741 -110.12495761885282 -109.97281597983854 -109.90169902649066 -109.93126200746936 -110.06752514008838 -110.36604158519047 -110.80790683345688 -111.38056724116477 -112.07006772694469 -112.8609673730482 -113.61959022901796 -114.21192756230889 -114.38247713165661 -113.87688701159131 -113.24645982124653 -113.04077639999137 -113.03147601753828 -112.99243645738875 -113.02368422624167 -113.22239169549852 -113.21006842868144 -112.61206093569967 -111.37064612068086 -109.42654098294571 -107.11080162394359 -104.73216729969892 -102.31150157212743 -99.86996617226242 -97.57982989481627 -95.61111853499699 -93.91394443630867 -92.42635510456657 -91.20926567772692 -90.14065072945026 -89.19968234153596 -85.81794838997537 -129.79668180259108 -129.63624120089577 -129.73726416857068 -129.949812698057 -130.26108285827453 -130.68330290827174 -131.23854689200292 -131.91306138722564 -132.6937998322254 -133.54105352529393 -134.41516451022395 -135.29589252235763 -136.1630009491795 -137.02521866856472 -137.89127481999347 -138.636270681614 -139.1353075557225 -139.3761370396079 -139.3465107309552 -139.00336448992036 -138.30363415310714 -137.24767619095434 -135.83584704283894 -134.07021552431038 -131.95285000904306 -129.58992828714997 -127.08762201726128 -124.52667906141156 -121.9877619019211 -119.57869041168831 -117.40609526592075 -115.43674877731962 -113.62085987145497 -112.07174632584744 -110.67202769588498 -109.43502402371553 -105.16084362877336)
(UseCyclicTransform "false")
(UseDirectionCosines "true")

// ResampleInterpolator specific
(ResampleInterpolator "FinalNearestNeighborInterpolator")

// Resampler specific
(CompressResultImage "true")
(DefaultPixelValue 0)
(Resampler "DefaultResampler")
(ResultImageFormat "mha")
(ResultImagePixelType "float")
