(BSplineTransformSplineOrder 3)
(Direction 1 0 0 1)
(FixedImageDimension 2)
(FixedInternalImagePixelType "float")
(GridDirection 1 0 0 1)
(GridIndex 0 0)
(GridOrigin -445.1687957966216 -365.91975520142546)
(GridSize 20 20)
(GridSpacing 401.1216245272476 401.217533508788)
(HowToCombineTransforms "Compose")
(Index 0 0)
(InitialTransformParameterFileName "results/lungTMA8/my_reg_project-modality_fluo_to_modality_brightfield_reg_output/TransformParameters.0.txt")
(MovingImageDimension 2)
(MovingInternalImagePixelType "float")
(NumberOfParameters 800)
(Origin 0 0)
(Size 6728 6458)
(Spacing 1 1)
(Transform "BSplineTransform")
(TransformParameters 351.9312475456441 288.92176136558675 269.78684227833054 244.15075231170366 220.10571346976496 192.71817236037208 164.04079747448907 134.38566066412636 104.64245321063311 75.09902887290251 45.614806119387815 16.163082035224203 -13.406768871619215 -42.81232454311638 -71.20183725561724 -98.30083938026391 -122.04908143166278 -147.54616096687505 -166.60754735157846 -230.64527181441025 360.2820641748367 295.99640896631126 275.9774944838995 249.2418265379149 223.81023888759853 195.57522896013143 166.25741902448632 134.42753887900255 103.60951533624447 72.94262276794062 46.838759461157984 19.168503834429032 -13.715089782473529 -45.113592840476876 -74.64106330538304 -102.70838363807141 -127.83348548960555 -154.8728430320779 -174.75944563920493 -240.48767100095486 363.1363325665738 298.49053051785165 278.16206275706077 252.43167116165367 226.01012880050303 193.0712801891903 169.70057467565744 134.81507698004893 110.08959870470864 70.28143236947797 44.52446873260517 13.213584230230987 -13.811378595827541 -40.0436512501106 -73.30420957281338 -104.12710967215482 -129.96150425428462 -157.71268442454945 -177.8671211702516 -244.1958009408724 366.6742724943406 301.43549479975917 280.68527247104583 254.19205468157648 228.44691194911908 194.24739903581624 167.20340701146046 135.9368829377101 106.12423393357366 77.59835070911717 47.46358476407492 13.165444426995062 -16.395156818474813 -47.29630024079487 -72.16499880445951 -106.12304947082126 -131.96435940394755 -160.72628375159442 -181.93269710325526 -249.151933121169 369.5327099474963 303.6097152434272 282.7469251416649 260.647310106278 227.342660368078 201.5844708648304 161.8225125404272 134.66063770110944 101.81953580604205 65.47670474164396 45.934831163495495 11.278817401312077 -15.434099698810316 -43.77511636591537 -80.27985315082526 -112.34424827117464 -130.67930001850004 -164.29412531660017 -186.02807199364807 -253.97295866909909 372.16511368297154 305.67436411074783 285.78073600469037 267.5830257572592 216.2669675596681 196.83588974010894 165.51895093705016 139.58247906387706 107.09195191835164 67.07878245130891 43.61717171145789 9.695661405645454 -18.07449333627144 -52.65071336726352 -75.16327952745546 -104.8594298837353 -144.855326828059 -167.8639618941052 -190.19063996752064 -259.0538533365252 374.04812440454543 305.08195950004847 286.5375879293818 254.52132918170275 222.27468706085315 195.2560086988469 159.985240670464 125.84817598883478 111.84163165581772 64.59368792301166 46.74789151051547 13.488383688838876 -21.90752114129485 -43.12020598113132 -78.22093845890954 -110.88651643693075 -139.04883530900855 -164.60076182965304 -193.44553170111357 -263.59967616929003 374.99777681162743 304.6724102279829 274.19925933710556 258.86434298608094 228.21712081802167 192.94418484212045 162.6579069877286 137.43114011880658 96.6982440282031 76.17363473649584 35.25004686189058 13.322367787818228 -23.511999942166508 -54.75644272099186 -77.62396391863501 -111.56857011491618 -143.47208124990556 -172.6583109087734 -195.88328374531 -267.14561775067864 374.82544914972107 313.20388298156496 287.7554863936738 250.1387029875602 216.24526903313617 193.24531581475898 157.4746750969093 130.9042600887527 102.63854478524173 68.85555551108892 38.53691884640353 8.354889979229085 -20.33787979115395 -50.246498472082735 -80.18354742998831 -113.85869847298926 -138.4914937645799 -172.93318763660633 -195.74996111694043 -268.9894991933522 373.4274353515275 308.2803263723513 276.5300985726963 248.78829326982148 227.953694163776 188.7976478931903 161.4337339330708 124.43497115907513 111.72461910387428 62.31433760877754 34.589655596502965 7.8978655492133365 -25.357337154134623 -50.4941273527407 -83.50987831108228 -111.92793704323347 -148.57956308924616 -171.7192855285671 -193.3347540314039 -269.0938280149983 370.99187811392846 302.3755641288067 283.8853697758406 249.73288141842093 220.7488850505187 186.62536901260933 157.08177357080083 128.60650868039775 94.90396906717653 69.54231557493799 31.56474418530506 9.906537700001678 -21.510273048683576 -54.0012260961075 -86.1643365264345 -114.4547287550215 -138.11659820912513 -176.1747783990069 -197.39454550428863 -268.0711576063641 367.6640787806232 300.0252418458422 278.26287966672334 252.9085885044847 214.80126034357644 194.09108699708483 160.26654781992227 127.22296455866135 98.59830302163377 67.37136470463057 43.355558898582295 5.651345098248465 -25.97545935216851 -55.525226664053086 -81.03806948588706 -115.90424859090093 -146.13950284979305 -179.91410180605857 -198.3257794990146 -266.30399348369144 363.6058288941635 296.5129840593492 271.74631562252034 243.75614195799247 224.32265859326344 181.84256872376722 162.76206323732777 123.51042208781143 100.57183383354264 64.05662531939282 29.956457583306758 7.9716751802938095 -22.42671465441688 -58.97226031406832 -91.1658789836485 -115.62635347976452 -146.48915239526116 -168.6654189702365 -195.95112040448666 -264.30783489732056 359.0698168688854 292.70833201987074 271.5254517790331 246.96761617127808 216.99077633591367 185.90860629212767 157.3757010100836 124.10241816918635 89.16486669976682 72.24176404231065 31.491904941394555 7.214269112829696 -23.772173848141552 -57.59176183355353 -84.22927745159386 -117.27366970342165 -145.0597407728408 -167.07462435533552 -194.9592185387638 -262.3478566486567 354.42630824792195 289.0093167675136 269.1107508013805 244.9246453686078 210.0707294033328 189.75258339767095 148.56205088690825 131.32470098263715 101.25137964817402 62.13031741443892 36.81867668651 6.2718179190389325 -32.38798651645712 -54.340024742540216 -87.20487428774109 -121.68533158368268 -142.91095555852857 -172.40038384903545 -194.15424275680064 -260.37658189630866 349.9628416096894 285.47039576272175 266.9932923091515 238.1333440665897 196.2553788916186 184.23320993573452 158.55056265586282 129.91955410883614 85.71204959831658 57.02531890160142 45.391562473022574 -6.604751436975816 -23.790240931659724 -58.616722819909754 -88.96932291472687 -128.47122007907376 -145.9371774484445 -172.9552501452604 -193.1869843597058 -258.3862698523433 346.21684772501396 282.0003550230034 262.4893343046022 235.8375915902527 210.6033182940832 178.78048308416308 144.7487640150517 112.69576601717442 96.3983710530605 66.40957691642555 29.301627541910598 2.4247216715791677 -25.491816521358306 -64.30490320598612 -89.20695115757034 -119.03426535327768 -144.54637674196528 -172.18101509478876 -191.96118920116547 -256.4758509031385 342.5961179562401 278.69692947556234 259.32778204263195 233.30068452811096 208.77732763583862 180.70066166649156 150.81849043493534 120.30076202560197 86.68592624333708 55.29037963449279 29.306459209634674 -4.808621887340279 -31.34721538364591 -59.78196909949553 -90.58635245408792 -119.28219438692182 -144.23807627212963 -170.77135265190157 -190.19316831181837 -254.25816550851042 340.03082966536044 276.4373231441772 257.26833325855637 231.49508425605458 207.1717100763951 179.29977818911613 150.09431623522252 119.97612789570196 89.99386862335672 60.43291476148218 30.816575188661197 0.8397402293396786 -29.739974826757038 -60.46699135675234 -90.41136412299134 -118.95765701076607 -143.6642070910783 -169.56474279443407 -188.73090708695972 -252.5333744285703 331.6139599363505 269.11381736277195 250.51116588073492 225.4558811157238 201.76116427867723 174.4528021630536 145.75548405039243 116.097964992553 86.5118575998553 57.28436491618801 28.107631097124965 -1.1702772569972153 -30.860220403716305 -60.65814357760039 -89.49743520982229 -116.92249838079026 -140.65914996487066 -165.72755931638397 -184.32178288387493 -247.17813912234814 133.43487879770026 137.6088616320669 138.60932036954145 140.4259082762117 143.04752313815936 146.72705361063353 150.61511940981617 153.9871573500627 156.0243988956654 156.56968968108237 156.0893462655637 154.96856704967712 153.680858764392 152.3911002992162 151.31301679787552 150.6472336299437 150.5786422261571 151.27936911363793 152.0789633880953 154.73714309992593 102.99662251219907 106.37965636110256 106.999020100215 108.28049788820555 110.13327276764049 112.78564281622637 117.02348104552344 117.90760252307386 119.19457406279503 115.21889846275585 114.54270866375016 102.10256795818786 119.93363037727543 119.71686845728831 119.30865034690633 119.04167847697963 119.22670252172266 120.24334233355921 121.01832363345804 124.21652089473992 94.42589696650148 97.57723369716345 98.09705144189421 100.12562642649115 100.37806656541784 89.63385285611378 113.56424933252237 106.13187593912856 116.45284497860926 107.57817628433763 120.57837191904326 107.42314874011481 127.82849295731803 109.107094738002 112.1660484716722 110.48907572947027 110.67147765974744 112.02369046577148 112.5644738549868 115.87173509175106 82.76250324078812 85.77187340946645 86.14715957831476 87.80279457520703 93.38065973890754 86.16264223937374 89.02605495120945 90.59233320287319 90.98643877352589 101.8452270560034 91.08029515700342 99.1248667084503 90.32960967634902 98.10942763658521 101.91083308155302 93.98482376344174 97.53322936462958 100.12442190332789 101.16201906700353 104.74779315576792 71.59634585962908 74.79096801037632 74.74955766176316 70.90683003641004 68.17985432046436 78.71839876255002 70.98741010276633 91.79043334138093 72.77617511799122 78.08803672138393 79.6914864693369 83.10529956481759 87.28198902333416 87.82039689078421 86.71487914678542 87.51764843561544 72.25899812886378 89.93556499378325 90.96481334777694 94.6285929627093 58.28421156426012 61.580444993813344 61.46848615467415 64.07123966612559 58.550249246284906 63.622864299358646 67.15357648730983 58.82791580254444 59.40895098870559 67.56055810014078 68.75882934628305 66.7267918151814 68.33597323871969 69.26868729443751 73.77334975679369 77.23637988022988 74.8363942481107 78.59992075851217 78.9792327549642 82.84100202233421 43.976540735578205 47.97260621609309 44.90136585453224 51.59092723499088 51.27611548605478 49.397511121987236 47.33856919081936 53.95208239464489 37.460870020131075 56.30512816861528 56.267449683965104 61.75803137775526 57.849898763103184 64.66842387985437 64.50548675721124 61.395629470414725 60.40897594776198 61.62798962648683 66.24845757116039 70.14729940447583 28.81499494442417 34.0506477831203 29.97438342215669 36.064663862927645 36.02379364117678 37.87780579553768 36.61921616157462 41.87075518636794 45.24945852088673 45.92181570033761 38.758792613783754 45.96719226347192 41.43927242092057 43.63333371970299 47.24130145016862 46.50609132519994 49.094109317042154 58.59709996647599 52.99314007764842 56.49618776961274 13.090615187760033 16.84841189523392 16.29993473586355 22.99261388601715 20.462975145750015 20.991900848152106 22.568739936294556 24.63446554770904 19.418017217007776 34.06947340446277 30.00711554383183 26.63927552596029 32.57490978887645 26.583331473238232 38.15313037405138 32.23611774997559 33.07615226193236 35.60561398767387 35.40190189304564 41.99089342688472 -2.8237675346709814 0.14174715759535797 4.028611972813643 -5.049532599502978 2.6508588562643753 5.229621587647767 8.082330777834995 7.372294059117389 -2.8963804568359586 0.14699436626706583 1.0160945328469773 10.522225920608216 13.802775664957526 8.596767692443663 17.06426318762204 12.120091087297443 19.3682351009906 20.963702738352794 18.668466062280288 26.880770655306424 -18.52673504612817 -16.04167588712887 -15.09120911474383 -13.015886900244737 -10.14180339905584 -14.33228630001795 -12.15868065948553 -6.9040453608953225 -8.023246969005356 -9.71819982626227 -9.304250787470398 -3.698857277460263 -7.953250408411576 -1.0127180353421559 -1.165793710681466 -3.9121161979995387 0.7976563969128442 1.308379483918559 6.0869589174102465 11.620993849792486 -33.6502293020673 -30.90690532332218 -28.679785789547402 -23.972713353869096 -25.210368786775838 -24.664260278106205 -22.139731383560964 -24.541291293023576 -21.38656374243511 -18.67271560173089 -19.753207680754354 -15.794191691122329 -15.163318863993936 -22.206119514765433 -10.612046275675088 -13.989885372094 -10.369950823525462 -14.728533971252585 -8.856721239492039 -3.3759775850202085 -47.76517726029823 -45.29982479436939 -49.17914983682526 -45.2534970856099 -32.91802734595734 -35.59581630844752 -37.87126370100978 -33.84980679101458 -31.05725339891403 -35.86936216527225 -26.72421083588826 -27.586283589933853 -32.92337836936281 -26.587403625060755 -26.450631697213417 -30.211319212616782 -22.46973480584725 -29.233843920357707 -22.769060393518473 -17.646078424396897 -60.759708583323025 -58.04304892067586 -55.155428943834636 -46.540317877998405 -53.700675341135415 -50.87654658823536 -44.90126676189446 -52.92994513547097 -42.39384135254196 -40.17324460693744 -51.87343244116528 -43.140764950432335 -41.07341887672752 -39.02681102894943 -41.13624538494666 -36.45203649460836 -35.549297152755585 -34.485902289435664 -35.13399214482898 -31.031503588908873 -72.77786312206717 -69.79440706746824 -69.06058728905133 -69.72611168431708 -62.07035559280745 -70.85178278140319 -60.93468164155289 -58.059725163202195 -66.5787220196901 -64.00511730255494 -58.2566244181732 -54.04148267113369 -58.912428265672084 -51.33116093997261 -56.087182725215385 -53.83074440663668 -51.102534534514206 -47.53456217468435 -46.976934972612646 -43.57888543935015 -84.10040759597743 -81.03953300799569 -80.91792034778906 -78.96870457037691 -71.80212446700372 -81.13076208027657 -79.8236237799086 -83.88733335446187 -74.26610218610854 -67.91850549234496 -84.55235965877765 -73.69175050002748 -73.02872379679305 -71.93277602322551 -74.09968017927756 -59.49568705183792 -60.19829054212536 -59.14540275955489 -58.55680251736973 -55.497147199335835 -94.25848159910325 -91.4058713286057 -90.59795057463727 -89.54536711041902 -88.42113540487448 -92.25944995711733 -96.16566243427111 -92.45354531909614 -95.65415389080867 -99.47983028546764 -91.51134971295744 -94.58903485023042 -91.16413688770554 -88.22895633208897 -80.86658203703819 -75.16511056255361 -72.18982285543589 -70.41523084018553 -69.60554782685693 -66.22111786028816 -105.84905419422111 -103.81177353516057 -103.34261900367737 -103.0820563612193 -103.44466559032493 -104.4491731478985 -106.23123053965479 -106.02600323919617 -98.19986287186116 -96.88599456396787 -97.01569575194426 -101.7769101956887 -102.41966454948187 -98.25087641448546 -94.13620428905068 -89.42257837256385 -86.33203043430765 -84.10657714378246 -82.76131237339578 -78.34644185062935 -114.73177618865556 -113.57688913325376 -113.56725446331247 -113.86867336554063 -114.80069969310964 -116.23829063838683 -117.89645603069266 -119.45532578659844 -120.65238737478201 -121.30599323646697 -121.03896766789573 -119.66588103769075 -116.72200929467148 -111.99474703002983 -106.83348474990865 -101.83067406717387 -97.96902317351878 -94.96876987152928 -93.09882328940797 -87.615447791753 -145.4279540897183 -145.83029678991906 -146.50437946009234 -147.60493710102412 -149.13279840728723 -150.9846499529605 -152.88964245584506 -154.6127629932309 -155.91110378655188 -156.5352096176356 -156.21558916618426 -154.71566805372186 -151.68580535144721 -147.30343149410737 -142.30374282933386 -137.23050958944353 -132.93963504932958 -129.0809721311355 -126.41134059214724 -119.05982244988675)
(UseCyclicTransform "false")
(UseDirectionCosines "true")

// ResampleInterpolator specific
(ResampleInterpolator "FinalNearestNeighborInterpolator")

// Resampler specific
(CompressResultImage "true")
(DefaultPixelValue 0)
(Resampler "DefaultResampler")
(ResultImageFormat "mha")
(ResultImagePixelType "float")
