(BSplineTransformSplineOrder 3)
(Direction 1 0 0 1)
(FixedImageDimension 2)
(FixedInternalImagePixelType "float")
(GridDirection 1 0 0 1)
(GridIndex 0 0)
(GridOrigin -2250.216106169236 -2171.3986559909717)
(GridSize 8 8)
(GridSpacing 1604.4864981089904 1604.870134035152)
(HowToCombineTransforms "Compose")
(Index 0 0)
(InitialTransformParameterFileName "results/lungTMA8/my_reg_project-modality_fluo_to_modality_brightfield_reg_output/TransformParameters.0.txt")
(MovingImageDimension 2)
(MovingInternalImagePixelType "float")
(NumberOfParameters 128)
(Origin 0 0)
(Size 6728 6458)
(Spacing 1 1)
(Transform "BSplineTransform")
(TransformParameters 562.3376503122488 289.6551125738411 226.25771291017182 117.48045192213475 9.07839665428662 -99.82471051357257 -162.7652938111252 -443.88532565808737 611.257488708504 319.79059639164836 240.27558607366606 119.18960300747442 0.3549468161292684 -119.44695359625172 -197.2191407132557 -497.6919119259151 615.8865697978214 336.90698624169437 248.84636435698252 119.89495504883877 -0.45576677640572 -125.85274468106181 -217.50775428183127 -506.99236583700537 618.3908209134681 351.6306499532985 239.59159666512122 112.12577180751893 -3.1204496799966925 -131.37314784220283 -246.19712072975972 -516.8526395948545 612.3282737738527 337.8707740013951 237.3635235411014 109.66927546960673 -9.882174733502442 -132.63695095943604 -234.50784954256085 -518.9940124324083 601.5779299979351 311.2680558723481 231.45619104542868 108.05673694796869 -8.835209676342682 -143.92160806214042 -221.7905943325234 -515.0105767975274 594.9815387687785 300.61540556232023 224.67051298595086 101.0414853086215 -15.114930488312806 -137.35247719931186 -212.88226562483385 -511.07353566428344 537.0993616947733 261.74703439451685 198.9402816108678 90.00083900875121 -19.093865458891887 -128.7377268414902 -192.4851484024383 -469.93645495099315 232.24909167046997 268.8538290535529 272.4380691802194 278.646844426624 281.9381122623061 284.4485973853047 286.4047798128205 283.7729644059904 91.7748750188295 118.49925359177611 119.28662744201169 146.83334499289867 138.0623228150328 128.73721073620644 134.89826330374268 144.34338099427976 62.80158857639736 85.9203820641515 82.58129938076459 85.9745166830731 92.90941036786964 95.6576140336755 101.5663479503365 115.51151864598974 8.478773852739545 22.289901799140765 34.74819176786967 24.465709608402044 38.38106037319288 42.58854991292989 50.42377492469158 62.916575017898516 -47.39649243199273 -43.36228003971481 -41.3507426707037 -26.479859913714712 -24.85698581375088 -25.056727249201018 -15.372144041753748 9.173084492305906 -101.24001291120594 -90.80974626815316 -79.90417393810559 -82.80237551916596 -84.08820295641769 -59.572866250766964 -67.65735713735411 -44.06668180725146 -130.22170785939937 -126.76509123556922 -132.99737544317216 -146.42438362596474 -148.21973285374955 -119.57851814195139 -104.64255659164905 -73.71549251451056 -266.2613982259725 -271.0243616605373 -270.13238571004075 -267.4479439760491 -262.69113004490396 -255.2863008123928 -250.61802369944994 -212.85467828743617)
(UseCyclicTransform "false")
(UseDirectionCosines "true")

// ResampleInterpolator specific
(ResampleInterpolator "FinalNearestNeighborInterpolator")

// Resampler specific
(CompressResultImage "true")
(DefaultPixelValue 0)
(Resampler "DefaultResampler")
(ResultImageFormat "mha")
(ResultImagePixelType "float")
