1:ItNr	2:Metric	3a:Time	3b:StepSize	4:||Gradient||	Time[ms]
0	-1.594203	0.000000	9056.221828	0.009162	69.2
1	-1.657389	0.000000	9056.221828	0.003938	4.3
2	-1.871614	0.000000	9056.221828	0.007529	4.3
3	-1.538776	1.000000	8644.575381	0.006305	4.1
4	-1.708118	0.977488	8653.430081	0.006843	3.8
5	-1.776447	0.954977	8662.302940	0.024656	3.8
6	-1.356852	1.954977	8284.942375	0.010992	4.1
7	-1.532186	1.932465	8293.075304	0.007889	3.2
8	-1.555407	2.932465	7946.555406	0.001577	3.1
9	-1.511803	2.909953	7954.037246	0.009194	3.5
10	-1.549453	3.909953	7634.725637	0.009846	3.2
11	-1.497091	4.909953	7340.061823	0.010104	3.0
12	-1.550393	5.909953	7067.297996	0.010627	3.2
13	-1.509411	6.909953	6814.080158	0.009145	3.1
14	-1.512443	7.909953	6578.380014	0.023244	3.7
15	-0.945869	7.887442	6583.506480	0.005731	3.3
16	-1.281329	8.887442	6363.229797	0.011325	3.2
17	-1.331618	8.864930	6368.026296	0.008175	3.4
18	-1.567315	8.842418	6372.830032	0.007076	3.0
19	-1.378966	9.842418	6166.204533	0.008919	3.4
20	-1.464258	10.842418	5972.557037	0.012781	3.1
21	-1.292031	11.842418	5790.702064	0.005653	3.1
22	-1.378290	12.842418	5619.594254	0.011521	3.0
23	-1.438308	12.819906	5623.334850	0.006623	3.1
24	-1.468727	13.819906	5461.837149	0.008008	3.1
25	-1.388988	14.819906	5309.356651	0.007357	2.9
26	-1.494282	15.819906	5165.158657	0.004714	3.2
27	-1.477626	16.819906	5028.586171	0.003784	3.2
28	-1.515092	17.819906	4899.049893	0.002428	3.2
29	-1.549128	18.819906	4776.019722	0.004119	3.2
30	-1.610123	18.797395	4778.721314	0.003672	3.0
31	-1.631118	18.774883	4781.425964	0.003180	3.1
32	-1.609382	19.774883	4664.161962	0.007361	3.1
33	-1.467467	20.774883	4552.512051	0.012726	3.4
34	-1.350950	21.774883	4446.082489	0.008603	3.1
35	-1.633550	22.774883	4344.515513	0.003084	3.5
36	-1.620200	23.774883	4247.485321	0.006548	3.8
37	-1.534770	24.774883	4154.694580	0.010240	4.2
38	-1.431822	25.774883	4065.871384	0.008989	4.1
39	-1.583199	26.774883	3980.766594	0.007256	3.2
40	-1.542992	27.774883	3899.151502	0.013215	3.9
41	-1.344388	28.774883	3820.815778	0.011107	3.2
42	-1.612953	29.774883	3745.565663	0.006479	3.1
43	-1.565783	30.774883	3673.222367	0.008560	3.0
44	-1.542764	31.774883	3603.620652	0.012697	3.2
45	-1.404936	32.774883	3536.607570	0.012342	2.8
46	-1.563082	33.774883	3472.041342	0.009992	3.1
47	-1.519230	34.774883	3409.790359	0.011164	3.1
48	-1.523713	35.774883	3349.732281	0.014593	3.1
49	-1.392149	36.774883	3291.753240	0.011799	3.0
50	-1.605432	37.774883	3235.747119	0.008123	3.4
51	-1.552702	38.774883	3181.614899	0.009477	3.0
52	-1.579629	39.774883	3129.264080	0.009845	3.2
53	-1.546980	40.774883	3078.608151	0.009803	3.2
54	-1.591406	41.774883	3029.566113	0.009261	3.0
55	-1.559566	42.774883	2982.062050	0.008628	3.2
56	-1.614198	43.774883	2936.024729	0.007066	3.2
57	-1.599709	44.774883	2891.387254	0.006303	3.1
58	-1.627631	45.774883	2848.086732	0.004843	3.2
59	-1.619253	46.774883	2806.063986	0.004234	3.2
60	-1.635300	47.774883	2765.263277	0.004348	3.2
61	-1.624138	48.774883	2725.632063	0.004147	3.2
62	-1.640620	49.774883	2687.120773	0.002816	3.2
63	-1.635682	50.774883	2649.682596	0.002555	3.0
64	-1.642176	51.774883	2613.273295	0.001922	3.2
65	-1.640270	52.774883	2577.851033	0.002065	3.2
66	-1.639297	53.774883	2543.376207	0.003261	3.9
67	-1.633910	54.774883	2509.811309	0.002941	3.3
68	-1.642318	55.774883	2477.120783	0.001383	3.2
69	-1.640351	56.774883	2445.270902	0.001370	3.2
70	-1.643220	57.774883	2414.229652	0.001359	3.8
71	-1.642370	58.774883	2383.966622	0.001233	3.8
72	-1.644275	59.774883	2354.452911	0.001039	3.5
73	-1.642909	60.774880	2325.661106	0.001104	3.4
74	-1.641573	61.774865	2297.565317	0.000913	3.5
75	-1.640828	61.752366	2298.189976	0.003964	3.6
76	-1.634033	62.752366	2270.749677	0.003065	3.5
77	-1.642747	63.752366	2243.956918	0.000886	3.6
78	-1.640601	64.752366	2217.789047	0.000688	3.7
79	-1.645788	65.635043	2195.193223	0.000410	3.9
80	-1.641453	65.844368	2189.902029	0.000292	3.6
81	-1.640967	65.903047	2188.423355	0.000281	3.6
82	-1.640757	65.929724	2187.751785	0.000090	4.1
83	-1.643913	65.927946	2187.796525	0.000242	4.9
84	-1.642525	65.932871	2187.672573	0.000226	4.7
85	-1.645913	65.954417	2187.130511	0.000155	35.0
86	-1.647737	65.965994	2186.839364	0.000321	4.6
87	-1.642654	65.982948	2186.413117	0.000351	10.1
88	-1.643362	66.046299	2184.821865	0.000103	3.3
89	-1.642144	66.055381	2184.593957	0.000034	3.1
90	-1.644007	66.054743	2184.609966	0.000174	3.0
91	-1.645591	66.054742	2184.609991	0.000421	3.4
92	-1.642124	66.086122	2183.822791	0.000349	3.0
93	-1.644685	66.194639	2181.104937	0.000283	3.3
94	-1.641885	66.247396	2179.786070	0.000298	3.0
95	-1.644456	66.288532	2178.758801	0.000364	3.1
96	-1.642564	66.351491	2177.188456	0.000392	3.1
97	-1.641378	66.457094	2174.559547	0.000184	3.1
98	-1.644034	66.489090	2173.764270	0.000071	3.2
99	-1.642633	66.492402	2173.681984	0.000163	3.2
100	-1.644528	66.495169	2173.613245	0.000231	3.3
101	-1.640403	66.507765	2173.300374	0.000280	3.2
102	-1.644350	66.535177	2172.619791	0.000355	3.2
103	-1.645468	66.589625	2171.269245	0.000220	3.1
104	-1.643173	66.626151	2170.364172	0.000229	3.2
105	-1.639993	66.644333	2169.913911	0.000237	3.3
106	-1.644493	66.664371	2169.417924	0.000190	3.4
107	-1.640232	66.680877	2169.009541	0.000260	3.4
108	-1.644623	66.699526	2168.548307	0.000304	3.0
109	-1.645632	66.736782	2167.627464	0.000300	3.2
110	-1.641831	66.782932	2166.487875	0.000252	3.1
111	-1.647398	66.816434	2165.661360	0.000201	3.2
112	-1.643020	66.835233	2165.197868	0.000118	3.4
113	-1.643390	66.842065	2165.029455	0.000117	3.2
114	-1.640367	66.844520	2164.968942	0.000102	3.1
115	-1.644451	66.843897	2164.984308	0.000092	3.2
116	-1.643698	66.841852	2165.034705	0.000327	3.1
117	-1.644038	66.851071	2164.807511	0.000391	3.3
118	-1.641210	66.935098	2162.738905	0.000260	3.2
119	-1.641153	66.985694	2161.495231	0.000047	3.5
120	-1.643168	66.982977	2161.561981	0.000193	3.2
121	-1.643616	66.984547	2161.523406	0.000247	3.1
122	-1.644106	67.002424	2161.084329	0.000294	3.3
123	-1.645406	67.035078	2160.282727	0.000344	3.3
124	-1.642581	67.090368	2158.926829	0.000464	3.2
125	-1.643802	67.221883	2155.708441	0.000429	3.0
126	-1.642693	67.436487	2150.477309	0.000254	3.1
127	-1.643361	67.498660	2148.966543	0.000148	3.0
128	-1.644208	67.511689	2148.650208	0.000074	3.2
129	-1.643834	67.509673	2148.699142	0.000080	3.1
130	-1.643992	67.510232	2148.685570	0.000066	3.2
131	-1.645833	67.511183	2148.662479	0.000208	3.1
132	-1.643995	67.513106	2148.615797	0.000075	3.1
133	-1.643073	67.515295	2148.562671	0.000246	3.1
134	-1.645284	67.512234	2148.636982	0.000326	3.2
135	-1.644629	67.549423	2147.734594	0.000181	3.0
136	-1.645846	67.573050	2147.161683	0.000037	3.1
137	-1.644941	67.573687	2147.146242	0.000075	3.2
138	-1.644777	67.573015	2147.162523	0.000051	3.1
139	-1.643530	67.573493	2147.150945	0.000049	3.0
140	-1.643066	67.572926	2147.164690	0.000076	3.0
141	-1.644853	67.573468	2147.151545	0.000048	3.2
142	-1.642280	67.573476	2147.151340	0.000148	3.0
143	-1.645463	67.574811	2147.118984	0.000314	3.4
144	-1.648017	67.591493	2146.714672	0.000349	3.4
145	-1.644355	67.655997	2145.152788	0.000341	3.5
146	-1.642287	67.729786	2143.368829	0.000271	3.3
147	-1.643265	67.777678	2142.212578	0.000169	3.4
148	-1.644160	67.794554	2141.805447	0.000082	3.8
149	-1.645855	67.797803	2141.727058	0.000048	3.4
150	-1.638877	67.797781	2141.727606	0.000125	3.4
151	-1.641523	67.797333	2141.738404	0.000241	2.9
152	-1.639184	67.806992	2141.505469	0.000051	2.8
153	-1.645617	67.809641	2141.441581	0.000093	3.0
154	-1.644431	67.808557	2141.467719	0.000198	3.3
155	-1.643882	67.813641	2141.345131	0.000423	3.4
156	-1.642498	67.852792	2140.401610	0.000366	3.8
157	-1.642336	67.977361	2137.405021	0.000148	3.2
158	-1.643367	67.996425	2136.947178	0.000080	3.2
159	-1.644160	67.993902	2137.007743	0.000219	3.3
160	-1.645029	67.998057	2136.907975	0.000250	2.9
161	-1.640838	68.018903	2136.407571	0.000240	3.1
162	-1.640017	68.039864	2135.904628	0.000247	3.2
163	-1.646630	68.064097	2135.323490	0.000205	3.2
164	-1.642898	68.080236	2134.936621	0.000115	2.9
165	-1.640862	68.086738	2134.780801	0.000075	2.8
166	-1.646060	68.087963	2134.751454	0.000114	3.3
167	-1.643327	68.089814	2134.707097	0.000135	3.1
168	-1.640335	68.093334	2134.622766	0.000096	3.0
169	-1.642097	68.096261	2134.552637	0.000069	3.2
170	-1.643577	68.097660	2134.519115	0.000034	2.8
171	-1.643698	68.097636	2134.519689	0.000069	2.8
172	-1.647957	68.097175	2134.530745	0.000227	3.0
173	-1.646625	68.101291	2134.432128	0.000263	2.9
174	-1.644276	68.120725	2133.966696	0.000125	3.1
175	-1.644356	68.130875	2133.723688	0.000122	3.2
176	-1.642381	68.130846	2133.724378	0.000032	2.9
177	-1.642599	68.130919	2133.722618	0.000173	3.1
178	-1.643469	68.130237	2133.738962	0.000406	3.1
179	-1.644775	68.160950	2133.003946	0.000427	3.0
180	-1.642914	68.319030	2129.228882	0.000251	3.2
181	-1.644547	68.380206	2127.771547	0.000117	2.9
182	-1.644913	68.389197	2127.557511	0.000076	3.0
183	-1.644324	68.386779	2127.615084	0.000053	3.0
184	-1.647368	68.385659	2127.641724	0.000241	2.9
185	-1.644421	68.388465	2127.574951	0.000110	2.9
186	-1.646253	68.395857	2127.399026	0.000158	3.6
187	-1.643123	68.400268	2127.294043	0.000207	3.0
188	-1.643863	68.411143	2127.035317	0.000233	3.1
189	-1.645071	68.429102	2126.608163	0.000330	3.0
190	-1.645248	68.464730	2125.761282	0.000129	3.1
191	-1.643151	68.479790	2125.403490	0.000128	3.0
192	-1.643329	68.484384	2125.294375	0.000368	2.9
193	-1.642851	68.501518	2124.887528	0.000388	3.0
194	-1.641952	68.604552	2122.444155	0.000449	3.1
195	-1.646313	68.763835	2118.677967	0.000499	2.8
196	-1.645582	69.028639	2112.446234	0.000521	2.8
197	-1.644819	69.410451	2103.525152	0.000666	2.9
198	-1.644264	70.071133	2088.264992	0.000632	2.9
199	-1.646551	70.915390	2069.083958	0.000553	3.0
