1:ItNr	2:Metric	3a:Time	3b:StepSize	4:||Gradient||	Time[ms]
0	-0.693059	0.000000	0.000000	0.000000	13.4
1	-0.693147	0.000000	0.000000	0.000000	0.7
2	-0.693147	0.000000	0.000000	0.000000	0.8
3	-0.693120	0.000000	0.000000	0.000000	0.7
4	-0.692932	0.000000	0.000000	0.000000	0.9
5	-0.693142	0.000000	0.000000	0.000000	0.7
6	-0.693098	0.000000	0.000000	0.000000	0.7
7	-0.693137	0.000000	0.000000	0.000000	0.8
8	-0.692923	0.000000	0.000000	0.000000	0.7
9	-0.693070	0.000000	0.000000	0.000000	0.7
10	-0.693049	0.000000	0.000000	0.000000	0.8
11	-0.693138	0.000000	0.000000	0.000000	0.6
12	-0.692940	0.000000	0.000000	0.000000	0.7
13	-0.693138	0.000000	0.000000	0.000000	0.7
14	-0.693113	0.000000	0.000000	0.000000	0.6
15	-0.693104	0.000000	0.000000	0.000000	0.7
16	-0.693147	0.000000	0.000000	0.000000	0.7
17	-0.693082	0.000000	0.000000	0.000000	0.6
18	-0.693068	0.000000	0.000000	0.000000	0.6
19	-0.693141	0.000000	0.000000	0.000000	0.6
20	-0.693133	0.000000	0.000000	0.000000	0.6
21	-0.692167	0.000000	0.000000	0.000000	0.6
22	-0.693086	0.000000	0.000000	0.000000	0.6
23	-0.693130	0.000000	0.000000	0.000000	0.6
24	-0.693045	0.000000	0.000000	0.000000	0.6
25	-0.693119	0.000000	0.000000	0.000000	0.8
26	-0.693144	0.000000	0.000000	0.000000	0.6
27	-0.693090	0.000000	0.000000	0.000000	0.7
28	-0.693133	0.000000	0.000000	0.000000	0.9
29	-0.693128	0.000000	0.000000	0.000000	0.7
30	-0.693128	0.000000	0.000000	0.000000	0.9
31	-0.693069	0.000000	0.000000	0.000000	0.7
32	-0.693035	0.000000	0.000000	0.000000	0.8
33	-0.693138	0.000000	0.000000	0.000000	0.7
34	-0.693047	0.000000	0.000000	0.000000	0.9
35	-0.692858	0.000000	0.000000	0.000000	0.8
36	-0.693037	0.000000	0.000000	0.000000	0.8
37	-0.693146	0.000000	0.000000	0.000000	0.7
38	-0.693144	0.000000	0.000000	0.000000	0.6
39	-0.692951	0.000000	0.000000	0.000000	0.6
40	-0.693147	0.000000	0.000000	0.000000	0.7
41	-0.693147	0.000000	0.000000	0.000000	0.6
42	-0.693134	0.000000	0.000000	0.000000	0.6
43	-0.692873	0.000000	0.000000	0.000000	0.8
44	-0.693114	0.000000	0.000000	0.000000	0.9
45	-0.693142	0.000000	0.000000	0.000000	0.9
46	-0.692946	0.000000	0.000000	0.000000	0.7
47	-0.693142	0.000000	0.000000	0.000000	0.8
48	-0.693142	0.000000	0.000000	0.000000	1.0
49	-0.693143	0.000000	0.000000	0.000000	1.0
50	-0.693066	0.000000	0.000000	0.000000	1.0
51	-0.693116	0.000000	0.000000	0.000000	0.7
52	-0.693147	0.000000	0.000000	0.000000	0.7
53	-0.692528	0.000000	0.000000	0.000000	0.7
54	-0.693137	0.000000	0.000000	0.000000	0.9
55	-0.693018	0.000000	0.000000	0.000000	1.0
56	-0.693146	0.000000	0.000000	0.000000	0.9
57	-0.692469	0.000000	0.000000	0.000000	0.9
58	-0.693116	0.000000	0.000000	0.000000	0.9
59	-0.692682	0.000000	0.000000	0.000000	1.0
60	-0.693122	0.000000	0.000000	0.000000	0.9
61	-0.693087	0.000000	0.000000	0.000000	0.8
62	-0.693043	0.000000	0.000000	0.000000	0.8
63	-0.693065	0.000000	0.000000	0.000000	0.9
64	-0.693110	0.000000	0.000000	0.000000	0.9
65	-0.693098	0.000000	0.000000	0.000000	0.8
66	-0.693043	0.000000	0.000000	0.000000	0.9
67	-0.692954	0.000000	0.000000	0.000000	0.8
68	-0.693100	0.000000	0.000000	0.000000	0.8
69	-0.693042	0.000000	0.000000	0.000000	0.7
70	-0.693133	0.000000	0.000000	0.000000	0.8
71	-0.692952	0.000000	0.000000	0.000000	0.8
72	-0.692977	0.000000	0.000000	0.000000	0.8
73	-0.692842	0.000000	0.000000	0.000000	0.8
74	-0.692971	0.000000	0.000000	0.000000	0.8
75	-0.693046	0.000000	0.000000	0.000000	0.7
76	-0.693145	0.000000	0.000000	0.000000	0.7
77	-0.693068	0.000000	0.000000	0.000000	0.7
78	-0.692986	0.000000	0.000000	0.000000	0.7
79	-0.693112	0.000000	0.000000	0.000000	0.7
80	-0.693104	0.000000	0.000000	0.000000	0.7
81	-0.693136	0.000000	0.000000	0.000000	0.7
82	-0.693045	0.000000	0.000000	0.000000	0.7
83	-0.692912	0.000000	0.000000	0.000000	0.8
84	-0.693100	0.000000	0.000000	0.000000	0.6
85	-0.692664	0.000000	0.000000	0.000000	0.7
86	-0.693045	0.000000	0.000000	0.000000	0.6
87	-0.692989	0.000000	0.000000	0.000000	0.7
88	-0.693141	0.000000	0.000000	0.000000	0.6
89	-0.693134	0.000000	0.000000	0.000000	0.7
90	-0.693147	0.000000	0.000000	0.000000	1.0
91	-0.693142	0.000000	0.000000	0.000000	0.8
92	-0.693129	0.000000	0.000000	0.000000	0.9
93	-0.693084	0.000000	0.000000	0.000000	0.7
94	-0.693143	0.000000	0.000000	0.000000	0.9
95	-0.693026	0.000000	0.000000	0.000000	0.9
96	-0.692791	0.000000	0.000000	0.000000	0.8
97	-0.693077	0.000000	0.000000	0.000000	0.8
98	-0.693135	0.000000	0.000000	0.000000	0.9
99	-0.692819	0.000000	0.000000	0.000000	0.9
100	-0.693113	0.000000	0.000000	0.000000	1.0
101	-0.693146	0.000000	0.000000	0.000000	0.8
102	-0.692590	0.000000	0.000000	0.000000	0.8
103	-0.692911	0.000000	0.000000	0.000000	0.9
104	-0.693122	0.000000	0.000000	0.000000	1.0
105	-0.693098	0.000000	0.000000	0.000000	1.0
106	-0.692823	0.000000	0.000000	0.000000	0.9
107	-0.692984	0.000000	0.000000	0.000000	0.8
108	-0.693119	0.000000	0.000000	0.000000	0.8
109	-0.693120	0.000000	0.000000	0.000000	1.0
110	-0.693123	0.000000	0.000000	0.000000	0.8
111	-0.692982	0.000000	0.000000	0.000000	1.0
112	-0.693147	0.000000	0.000000	0.000000	0.9
113	-0.692915	0.000000	0.000000	0.000000	0.9
114	-0.693067	0.000000	0.000000	0.000000	0.9
115	-0.693090	0.000000	0.000000	0.000000	0.8
116	-0.693144	0.000000	0.000000	0.000000	0.7
117	-0.693142	0.000000	0.000000	0.000000	0.7
118	-0.693147	0.000000	0.000000	0.000000	0.7
119	-0.693114	0.000000	0.000000	0.000000	0.8
120	-0.693119	0.000000	0.000000	0.000000	0.7
121	-0.693145	0.000000	0.000000	0.000000	0.8
122	-0.693140	0.000000	0.000000	0.000000	0.6
123	-0.692924	0.000000	0.000000	0.000000	0.9
124	-0.693147	0.000000	0.000000	0.000000	0.9
125	-0.692887	0.000000	0.000000	0.000000	0.8
126	-0.692396	0.000000	0.000000	0.000000	0.7
127	-0.692933	0.000000	0.000000	0.000000	0.8
128	-0.692815	0.000000	0.000000	0.000000	0.8
129	-0.692989	0.000000	0.000000	0.000000	0.6
130	-0.693049	0.000000	0.000000	0.000000	0.8
131	-0.693147	0.000000	0.000000	0.000000	0.8
132	-0.693107	0.000000	0.000000	0.000000	0.7
133	-0.692942	0.000000	0.000000	0.000000	0.8
134	-0.693128	0.000000	0.000000	0.000000	0.8
135	-0.692902	0.000000	0.000000	0.000000	0.7
136	-0.692941	0.000000	0.000000	0.000000	0.7
137	-0.693096	0.000000	0.000000	0.000000	0.9
138	-0.692986	0.000000	0.000000	0.000000	0.8
139	-0.693073	0.000000	0.000000	0.000000	0.9
140	-0.693102	0.000000	0.000000	0.000000	0.7
141	-0.693145	0.000000	0.000000	0.000000	0.8
142	-0.693134	0.000000	0.000000	0.000000	0.8
143	-0.693117	0.000000	0.000000	0.000000	0.8
144	-0.693090	0.000000	0.000000	0.000000	0.7
145	-0.693121	0.000000	0.000000	0.000000	0.9
146	-0.693029	0.000000	0.000000	0.000000	0.8
147	-0.693081	0.000000	0.000000	0.000000	0.9
148	-0.693132	0.000000	0.000000	0.000000	0.8
149	-0.693142	0.000000	0.000000	0.000000	0.8
150	-0.693140	0.000000	0.000000	0.000000	0.8
151	-0.693104	0.000000	0.000000	0.000000	0.8
152	-0.692817	0.000000	0.000000	0.000000	0.7
153	-0.693147	0.000000	0.000000	0.000000	0.7
154	-0.693145	0.000000	0.000000	0.000000	0.7
155	-0.693147	0.000000	0.000000	0.000000	0.9
156	-0.693096	0.000000	0.000000	0.000000	0.8
157	-0.693015	0.000000	0.000000	0.000000	0.8
158	-0.693091	0.000000	0.000000	0.000000	0.8
159	-0.693017	0.000000	0.000000	0.000000	0.9
160	-0.692918	0.000000	0.000000	0.000000	0.8
161	-0.693099	0.000000	0.000000	0.000000	1.0
162	-0.693142	0.000000	0.000000	0.000000	1.0
163	-0.693142	0.000000	0.000000	0.000000	1.0
164	-0.693144	0.000000	0.000000	0.000000	0.9
165	-0.693140	0.000000	0.000000	0.000000	0.9
166	-0.693072	0.000000	0.000000	0.000000	0.9
167	-0.693057	0.000000	0.000000	0.000000	0.7
168	-0.692820	0.000000	0.000000	0.000000	0.9
169	-0.692795	0.000000	0.000000	0.000000	0.9
170	-0.692722	0.000000	0.000000	0.000000	0.9
171	-0.693147	0.000000	0.000000	0.000000	0.8
172	-0.693065	0.000000	0.000000	0.000000	0.7
173	-0.692939	0.000000	0.000000	0.000000	0.8
174	-0.693066	0.000000	0.000000	0.000000	0.8
175	-0.693126	0.000000	0.000000	0.000000	0.6
176	-0.693138	0.000000	0.000000	0.000000	0.7
177	-0.693104	0.000000	0.000000	0.000000	0.8
178	-0.693085	0.000000	0.000000	0.000000	0.9
179	-0.693016	0.000000	0.000000	0.000000	0.8
180	-0.693067	0.000000	0.000000	0.000000	0.8
181	-0.693127	0.000000	0.000000	0.000000	0.9
182	-0.692691	0.000000	0.000000	0.000000	0.8
183	-0.693113	0.000000	0.000000	0.000000	0.9
184	-0.693147	0.000000	0.000000	0.000000	0.7
185	-0.693135	0.000000	0.000000	0.000000	0.8
186	-0.693136	0.000000	0.000000	0.000000	0.9
187	-0.693131	0.000000	0.000000	0.000000	0.7
188	-0.693093	0.000000	0.000000	0.000000	0.7
189	-0.693035	0.000000	0.000000	0.000000	0.8
190	-0.692915	0.000000	0.000000	0.000000	0.7
191	-0.693137	0.000000	0.000000	0.000000	0.6
192	-0.693112	0.000000	0.000000	0.000000	0.6
193	-0.693054	0.000000	0.000000	0.000000	0.7
194	-0.692879	0.000000	0.000000	0.000000	0.7
195	-0.692876	0.000000	0.000000	0.000000	0.6
196	-0.692417	0.000000	0.000000	0.000000	0.7
197	-0.692729	0.000000	0.000000	0.000000	0.6
198	-0.693064	0.000000	0.000000	0.000000	0.6
199	-0.693070	0.000000	0.000000	0.000000	0.6
