1:ItNr	2:Metric	3a:Time	3b:StepSize	4:||Gradient||	Time[ms]
0	-0.000000	0.000000	0.000000	0.000000	89.0
1	-0.000000	0.000000	0.000000	0.000000	4.8
2	-0.000000	0.000000	0.000000	0.000000	5.1
3	-0.000000	0.000000	0.000000	0.000000	6.0
4	-0.000000	0.000000	0.000000	0.000000	5.1
5	-0.000000	0.000000	0.000000	0.000000	4.6
6	-0.000000	0.000000	0.000000	0.000000	4.7
7	-0.000000	0.000000	0.000000	0.000000	4.8
8	-0.000000	0.000000	0.000000	0.000000	5.4
9	-0.000000	0.000000	0.000000	0.000000	4.9
10	-0.000000	0.000000	0.000000	0.000000	5.0
11	-0.000000	0.000000	0.000000	0.000000	4.1
12	-0.000000	0.000000	0.000000	0.000000	4.5
13	-0.000000	0.000000	0.000000	0.000000	4.9
14	-0.000000	0.000000	0.000000	0.000000	4.8
15	-0.000000	0.000000	0.000000	0.000000	4.8
16	-0.000000	0.000000	0.000000	0.000000	5.0
17	-0.000000	0.000000	0.000000	0.000000	4.6
18	-0.000000	0.000000	0.000000	0.000000	5.3
19	-0.000000	0.000000	0.000000	0.000000	4.9
20	-0.000000	0.000000	0.000000	0.000000	5.5
21	-0.000000	0.000000	0.000000	0.000000	4.8
22	-0.000000	0.000000	0.000000	0.000000	5.2
23	-0.000000	0.000000	0.000000	0.000000	5.1
24	-0.000000	0.000000	0.000000	0.000000	5.9
25	-0.000000	0.000000	0.000000	0.000000	4.9
26	-0.000000	0.000000	0.000000	0.000000	5.4
27	-0.000000	0.000000	0.000000	0.000000	4.9
28	-0.000000	0.000000	0.000000	0.000000	4.7
29	-0.000000	0.000000	0.000000	0.000000	5.2
30	-0.000000	0.000000	0.000000	0.000000	4.8
31	-0.000000	0.000000	0.000000	0.000000	5.0
32	-0.000000	0.000000	0.000000	0.000000	4.4
33	-0.000000	0.000000	0.000000	0.000000	4.9
34	-0.000000	0.000000	0.000000	0.000000	4.6
35	-0.000000	0.000000	0.000000	0.000000	4.8
36	-0.000000	0.000000	0.000000	0.000000	4.8
37	-0.000000	0.000000	0.000000	0.000000	4.8
38	-0.000000	0.000000	0.000000	0.000000	4.3
39	-0.000000	0.000000	0.000000	0.000000	4.7
40	-0.000000	0.000000	0.000000	0.000000	4.8
41	-0.000000	0.000000	0.000000	0.000000	4.4
42	-0.000000	0.000000	0.000000	0.000000	4.3
43	-0.000000	0.000000	0.000000	0.000000	4.1
44	-0.000000	0.000000	0.000000	0.000000	4.1
45	-0.000000	0.000000	0.000000	0.000000	4.4
46	-0.000000	0.000000	0.000000	0.000000	4.8
47	-0.000000	0.000000	0.000000	0.000000	4.8
48	-0.000000	0.000000	0.000000	0.000000	4.5
49	-0.000000	0.000000	0.000000	0.000000	4.8
50	-0.000000	0.000000	0.000000	0.000000	4.9
51	-0.000000	0.000000	0.000000	0.000000	5.3
52	-0.000000	0.000000	0.000000	0.000000	4.9
53	-0.000000	0.000000	0.000000	0.000000	4.9
54	-0.000000	0.000000	0.000000	0.000000	4.8
55	-0.000000	0.000000	0.000000	0.000000	4.7
56	-0.000000	0.000000	0.000000	0.000000	5.7
57	-0.000000	0.000000	0.000000	0.000000	5.4
58	-0.000000	0.000000	0.000000	0.000000	4.7
59	-0.000000	0.000000	0.000000	0.000000	5.1
60	-0.000000	0.000000	0.000000	0.000000	4.8
61	-0.000000	0.000000	0.000000	0.000000	4.8
62	-0.000000	0.000000	0.000000	0.000000	4.6
63	-0.000000	0.000000	0.000000	0.000000	4.8
64	-0.000000	0.000000	0.000000	0.000000	4.7
65	-0.000000	0.000000	0.000000	0.000000	4.7
66	-0.000000	0.000000	0.000000	0.000000	4.8
67	-0.000000	0.000000	0.000000	0.000000	4.6
68	-0.000000	0.000000	0.000000	0.000000	5.1
69	-0.000000	0.000000	0.000000	0.000000	5.6
70	-0.000000	0.000000	0.000000	0.000000	4.6
71	-0.000000	0.000000	0.000000	0.000000	4.7
72	-0.000000	0.000000	0.000000	0.000000	4.9
73	-0.000000	0.000000	0.000000	0.000000	4.5
74	-0.000000	0.000000	0.000000	0.000000	4.5
75	-0.000000	0.000000	0.000000	0.000000	4.4
76	-0.000000	0.000000	0.000000	0.000000	4.8
77	-0.000000	0.000000	0.000000	0.000000	4.2
78	-0.000000	0.000000	0.000000	0.000000	3.9
79	-0.000000	0.000000	0.000000	0.000000	4.6
80	-0.000000	0.000000	0.000000	0.000000	4.8
81	-0.000000	0.000000	0.000000	0.000000	4.7
82	-0.000000	0.000000	0.000000	0.000000	4.1
83	-0.000000	0.000000	0.000000	0.000000	5.0
84	-0.000000	0.000000	0.000000	0.000000	4.7
85	-0.000000	0.000000	0.000000	0.000000	4.5
86	-0.000000	0.000000	0.000000	0.000000	4.8
87	-0.000000	0.000000	0.000000	0.000000	4.3
88	-0.000000	0.000000	0.000000	0.000000	4.4
89	-0.000000	0.000000	0.000000	0.000000	4.6
90	-0.000000	0.000000	0.000000	0.000000	4.6
91	-0.000000	0.000000	0.000000	0.000000	4.8
92	-0.000000	0.000000	0.000000	0.000000	4.7
93	-0.000000	0.000000	0.000000	0.000000	4.9
94	-0.000000	0.000000	0.000000	0.000000	4.4
95	-0.000000	0.000000	0.000000	0.000000	4.6
96	-0.000000	0.000000	0.000000	0.000000	4.3
97	-0.000000	0.000000	0.000000	0.000000	4.7
98	-0.000000	0.000000	0.000000	0.000000	4.9
99	-0.000000	0.000000	0.000000	0.000000	4.4
100	-0.000000	0.000000	0.000000	0.000000	4.7
101	-0.000000	0.000000	0.000000	0.000000	4.3
102	-0.000000	0.000000	0.000000	0.000000	4.7
103	-0.000000	0.000000	0.000000	0.000000	4.5
104	-0.000000	0.000000	0.000000	0.000000	4.7
105	-0.000000	0.000000	0.000000	0.000000	4.3
106	-0.000000	0.000000	0.000000	0.000000	4.7
107	-0.000000	0.000000	0.000000	0.000000	4.9
108	-0.000000	0.000000	0.000000	0.000000	4.9
109	-0.000000	0.000000	0.000000	0.000000	4.8
110	-0.000000	0.000000	0.000000	0.000000	5.0
111	-0.000000	0.000000	0.000000	0.000000	4.9
112	-0.000000	0.000000	0.000000	0.000000	6.8
113	-0.000000	0.000000	0.000000	0.000000	6.6
114	-0.000000	0.000000	0.000000	0.000000	6.2
115	-0.000000	0.000000	0.000000	0.000000	5.8
116	-0.000000	0.000000	0.000000	0.000000	4.7
117	-0.000000	0.000000	0.000000	0.000000	4.7
118	-0.000000	0.000000	0.000000	0.000000	4.7
119	-0.000000	0.000000	0.000000	0.000000	4.1
120	-0.000000	0.000000	0.000000	0.000000	4.5
121	-0.000000	0.000000	0.000000	0.000000	4.5
122	-0.000000	0.000000	0.000000	0.000000	4.9
123	-0.000000	0.000000	0.000000	0.000000	4.4
124	-0.000000	0.000000	0.000000	0.000000	4.7
125	-0.000000	0.000000	0.000000	0.000000	4.5
126	-0.000000	0.000000	0.000000	0.000000	4.9
127	-0.000000	0.000000	0.000000	0.000000	4.5
128	-0.000000	0.000000	0.000000	0.000000	4.4
129	-0.000000	0.000000	0.000000	0.000000	4.8
130	-0.000000	0.000000	0.000000	0.000000	4.6
131	-0.000000	0.000000	0.000000	0.000000	4.7
132	-0.000000	0.000000	0.000000	0.000000	5.2
133	-0.000000	0.000000	0.000000	0.000000	4.8
134	-0.000000	0.000000	0.000000	0.000000	4.9
135	-0.000000	0.000000	0.000000	0.000000	4.3
136	-0.000000	0.000000	0.000000	0.000000	4.7
137	-0.000000	0.000000	0.000000	0.000000	4.4
138	-0.000000	0.000000	0.000000	0.000000	4.5
139	-0.000000	0.000000	0.000000	0.000000	4.4
140	-0.000000	0.000000	0.000000	0.000000	4.4
141	-0.000000	0.000000	0.000000	0.000000	4.2
142	-0.000000	0.000000	0.000000	0.000000	4.3
143	-0.000000	0.000000	0.000000	0.000000	4.3
144	-0.000000	0.000000	0.000000	0.000000	4.5
145	-0.000000	0.000000	0.000000	0.000000	4.3
146	-0.000000	0.000000	0.000000	0.000000	4.3
147	-0.000000	0.000000	0.000000	0.000000	4.5
148	-0.000000	0.000000	0.000000	0.000000	4.5
149	-0.000000	0.000000	0.000000	0.000000	4.4
150	-0.000000	0.000000	0.000000	0.000000	4.4
151	-0.000000	0.000000	0.000000	0.000000	4.6
152	-0.000000	0.000000	0.000000	0.000000	4.4
153	-0.000000	0.000000	0.000000	0.000000	4.3
154	-0.000000	0.000000	0.000000	0.000000	4.4
155	-0.000000	0.000000	0.000000	0.000000	4.7
156	-0.000000	0.000000	0.000000	0.000000	4.3
157	-0.000000	0.000000	0.000000	0.000000	4.7
158	-0.000000	0.000000	0.000000	0.000000	4.5
159	-0.000000	0.000000	0.000000	0.000000	4.7
160	-0.000000	0.000000	0.000000	0.000000	4.3
161	-0.000000	0.000000	0.000000	0.000000	4.0
162	-0.000000	0.000000	0.000000	0.000000	4.5
163	-0.000000	0.000000	0.000000	0.000000	4.6
164	-0.000000	0.000000	0.000000	0.000000	4.7
165	-0.000000	0.000000	0.000000	0.000000	4.5
166	-0.000000	0.000000	0.000000	0.000000	4.5
167	-0.000000	0.000000	0.000000	0.000000	4.4
168	-0.000000	0.000000	0.000000	0.000000	4.3
169	-0.000000	0.000000	0.000000	0.000000	4.4
170	-0.000000	0.000000	0.000000	0.000000	4.5
171	-0.000000	0.000000	0.000000	0.000000	4.3
172	-0.000000	0.000000	0.000000	0.000000	4.3
173	-0.000000	0.000000	0.000000	0.000000	4.5
174	-0.000000	0.000000	0.000000	0.000000	4.5
175	-0.000000	0.000000	0.000000	0.000000	4.5
176	-0.000000	0.000000	0.000000	0.000000	4.5
177	-0.000000	0.000000	0.000000	0.000000	4.6
178	-0.000000	0.000000	0.000000	0.000000	4.5
179	-0.000000	0.000000	0.000000	0.000000	4.5
180	-0.000000	0.000000	0.000000	0.000000	4.4
181	-0.000000	0.000000	0.000000	0.000000	4.6
182	-0.000000	0.000000	0.000000	0.000000	4.5
183	-0.000000	0.000000	0.000000	0.000000	4.6
184	-0.000000	0.000000	0.000000	0.000000	4.6
185	-0.000000	0.000000	0.000000	0.000000	5.2
186	-0.000000	0.000000	0.000000	0.000000	4.4
187	-0.000000	0.000000	0.000000	0.000000	4.5
188	-0.000000	0.000000	0.000000	0.000000	4.5
189	-0.000000	0.000000	0.000000	0.000000	4.6
190	-0.000000	0.000000	0.000000	0.000000	4.2
191	-0.000000	0.000000	0.000000	0.000000	4.4
192	-0.000000	0.000000	0.000000	0.000000	4.7
193	-0.000000	0.000000	0.000000	0.000000	4.4
194	-0.000000	0.000000	0.000000	0.000000	4.5
195	-0.000000	0.000000	0.000000	0.000000	4.5
196	-0.000000	0.000000	0.000000	0.000000	4.6
197	-0.000000	0.000000	0.000000	0.000000	4.3
198	-0.000000	0.000000	0.000000	0.000000	4.3
199	-0.000000	0.000000	0.000000	0.000000	4.7
