1:ItNr	2:Metric	3a:Time	3b:StepSize	4:||Gradient||	Time[ms]
0	-0.089924	0.000000	2356.382904	0.000622	22.1
1	-0.088763	0.000000	2356.382904	0.001481	1.0
2	-0.087015	0.000000	2356.382904	0.000674	1.0
3	-0.092592	1.000000	2249.274590	0.000580	1.1
4	-0.082649	0.519455	2299.502476	0.001538	0.9
5	-0.099432	0.000000	2356.382904	0.000982	0.9
6	-0.082332	1.000000	2249.274590	0.000971	0.9
7	-0.085453	1.999990	2151.480970	0.000883	1.0
8	-0.090982	2.999975	2061.837165	0.001006	0.7
9	-0.094478	3.999974	1979.363662	0.000975	0.9
10	-0.103362	4.999963	1903.235058	0.000686	1.0
11	-0.092090	4.375552	1950.067553	0.000964	0.8
12	-0.102603	5.375550	1876.133036	0.000762	0.9
13	-0.085822	6.375550	1807.599879	0.000843	0.8
14	-0.100335	7.375549	1743.897216	0.000391	1.0
15	-0.084369	8.372455	1684.709071	0.001497	1.1
16	-0.093094	7.747645	1721.325032	0.000640	0.9
17	-0.102453	7.776803	1719.580922	0.000939	1.0
18	-0.093915	8.725887	1664.678378	0.001172	1.0
19	-0.090647	8.101020	1700.422902	0.000666	1.0
20	-0.087588	9.100926	1643.937523	0.000752	1.1
21	-0.092527	9.026911	1647.989752	0.001091	0.9
22	-0.090620	8.402044	1683.013646	0.000842	0.9
23	-0.092371	7.777365	1719.547348	0.000690	0.9
24	-0.088581	7.152501	1757.713863	0.000982	1.0
25	-0.087285	6.528691	1797.544296	0.000666	1.0
26	-0.088050	6.028729	1830.794241	0.000592	1.0
27	-0.092682	5.404184	1874.098476	0.000663	1.1
28	-0.087165	6.352040	1809.153563	0.001058	1.1
29	-0.089241	7.300577	1748.517012	0.000415	0.8
30	-0.080315	6.676514	1787.943395	0.000364	0.9
31	-0.084063	6.577653	1794.352870	0.001399	1.0
32	-0.090864	5.954379	1835.844240	0.000760	1.0
33	-0.095487	6.953672	1770.216133	0.000927	1.0
34	-0.089328	6.329095	1810.672536	0.001053	0.9
35	-0.086076	7.329074	1746.758156	0.000463	0.9
36	-0.093654	7.838963	1715.874514	0.002124	0.9
37	-0.082152	7.214096	1753.876546	0.000396	0.8
38	-0.098279	8.206699	1694.270230	0.000983	1.0
39	-0.086029	8.992071	1649.904123	0.001272	1.0
40	-0.084305	8.367204	1685.010301	0.000687	0.9
41	-0.080981	9.137944	1641.918294	0.000449	0.9
42	-0.084912	10.117517	1590.231045	0.000400	1.0
43	-0.089519	11.077337	1542.648044	0.001051	0.9
44	-0.082512	10.453048	1573.266936	0.000961	1.1
45	-0.079703	9.976561	1597.467228	0.002382	1.1
46	-0.088825	10.976561	1547.509785	0.000677	1.1
47	-0.076097	11.976561	1500.582218	0.000058	1.1
48	-0.085739	11.777218	1509.708371	0.000258	1.1
49	-0.076448	11.708949	1512.859391	0.001286	1.0
50	-0.077148	11.099262	1541.594363	0.001441	0.9
51	-0.081146	10.557687	1568.050313	0.000577	1.0
52	-0.081081	10.379022	1576.978417	0.001152	0.7
53	-0.083869	10.124390	1589.879869	0.000928	0.8
54	-0.082634	11.124094	1540.402695	0.000591	0.7
55	-0.082379	12.124085	1493.899127	0.001602	0.8
56	-0.074339	13.092544	1451.462266	0.001302	0.9
57	-0.079559	12.467677	1478.562162	0.001420	0.9
58	-0.082406	11.842810	1506.693263	0.001296	1.0
59	-0.080691	11.217943	1535.915569	0.000660	0.9
60	-0.078920	10.593077	1566.293810	0.001420	1.0
61	-0.083275	9.968213	1597.897833	0.000328	0.9
62	-0.078337	9.483580	1623.301512	0.001040	0.9
63	-0.078219	8.884588	1655.838133	0.001281	0.8
64	-0.082651	8.259767	1691.197346	0.000235	0.8
65	-0.088488	9.232495	1636.783239	0.000580	0.9
66	-0.085270	9.196925	1638.711259	0.001088	0.7
67	-0.078632	8.572072	1673.336952	0.001203	0.8
68	-0.077659	9.365419	1629.618260	0.000882	0.7
69	-0.084623	8.740552	1663.857515	0.001247	0.7
70	-0.086249	9.740552	1609.731704	0.001714	0.6
71	-0.077272	9.115685	1643.131838	0.000201	0.8
72	-0.073436	10.110398	1590.594934	0.001318	0.8
73	-0.077916	9.936527	1599.534461	0.000482	0.8
74	-0.082217	9.311662	1632.508343	0.001062	0.9
75	-0.079726	9.324268	1631.829670	0.000699	0.8
76	-0.069601	8.751733	1663.232244	0.000725	0.7
77	-0.076451	9.747743	1609.355217	0.001102	0.7
78	-0.087213	9.123063	1642.729388	0.000558	0.7
79	-0.078531	8.533914	1675.498941	0.000593	0.7
80	-0.087049	9.511125	1621.835980	0.000923	0.8
81	-0.083679	9.654408	1614.255298	0.001008	0.8
82	-0.075132	10.654047	1563.276896	0.001740	0.9
83	-0.075399	11.654047	1515.402987	0.000906	0.9
84	-0.091503	12.654047	1470.374139	0.000892	0.8
85	-0.077731	12.431695	1480.153507	0.001058	0.8
86	-0.082520	11.948124	1501.877333	0.001962	0.9
87	-0.075633	12.948123	1457.637029	0.000374	0.9
88	-0.076616	13.940102	1416.253491	0.001794	0.8
89	-0.074044	13.317500	1441.947737	0.001046	0.7
90	-0.080198	12.692633	1468.690233	0.000936	0.8
91	-0.085168	12.146547	1492.886746	0.000463	0.7
92	-0.083909	13.134437	1449.680880	0.000983	0.7
93	-0.094212	14.133798	1408.445549	0.001192	0.8
94	-0.073455	13.578894	1431.047541	0.000904	0.7
95	-0.068315	14.578894	1390.825730	0.001284	0.8
96	-0.080622	15.578892	1352.803172	0.001709	0.8
97	-0.067988	16.578892	1316.804155	0.001436	0.9
98	-0.078095	17.578892	1282.671392	0.000470	1.0
99	-0.082826	18.578853	1250.264667	0.000423	1.0
100	-0.084315	18.802554	1243.237841	0.002136	1.0
101	-0.078409	19.801368	1212.803475	0.000694	0.8
102	-0.074022	19.274576	1228.666967	0.001911	0.8
103	-0.081837	20.274576	1198.898836	0.000405	0.9
104	-0.082903	21.274509	1170.540872	0.000669	0.8
105	-0.076042	20.864710	1181.998907	0.001084	0.9
106	-0.078107	20.248531	1199.655834	0.000927	1.0
107	-0.080431	19.623772	1218.105515	0.001296	0.8
108	-0.075647	18.998905	1237.134878	0.001012	0.8
109	-0.076339	19.448454	1223.385225	0.001381	1.0
110	-0.073716	20.448454	1193.869402	0.001129	1.1
111	-0.082643	19.823587	1212.143380	0.001335	0.9
112	-0.074484	20.823587	1183.161089	0.000523	0.9
113	-0.070172	21.823587	1155.532375	0.000621	0.8
114	-0.075117	22.378110	1140.760649	0.001076	1.0
115	-0.083189	21.831892	1155.308328	0.000667	0.9
116	-0.078647	21.207025	1172.412431	0.000334	1.0
117	-0.070484	21.885724	1153.858121	0.000842	1.0
118	-0.068971	21.268887	1170.696575	0.001188	1.0
119	-0.079575	22.264768	1143.749141	0.000781	0.9
120	-0.073269	23.264767	1117.910349	0.000941	1.0
121	-0.073834	23.994255	1099.785751	0.000588	1.1
122	-0.075873	23.369425	1115.273432	0.001024	1.2
123	-0.075973	24.247981	1093.618772	0.000821	1.0
124	-0.073201	25.244553	1070.051224	0.001268	1.1
125	-0.075811	26.244553	1047.402026	0.000644	1.1
126	-0.072723	27.240885	1025.769756	0.001472	1.1
127	-0.074176	26.616164	1039.227789	0.000851	1.1
128	-0.075626	25.991616	1053.039782	0.001348	0.9
129	-0.068741	25.366749	1067.231193	0.000867	1.0
130	-0.070909	26.364228	1044.755575	0.001135	1.1
131	-0.082774	27.364227	1023.153761	0.000430	0.7
132	-0.070256	28.337140	1002.977497	0.000333	0.9
133	-0.072739	28.776460	994.125353	0.000596	1.0
134	-0.077492	29.700336	976.010124	0.000706	0.8
135	-0.079199	29.541905	979.069566	0.001429	1.0
136	-0.074587	30.541905	960.073963	0.000501	0.9
137	-0.074151	31.541529	941.808156	0.001005	1.1
138	-0.078689	30.937967	952.752753	0.000606	0.9
139	-0.083230	30.319584	964.233090	0.001149	1.0
140	-0.085175	30.614860	958.716951	0.002204	1.0
141	-0.077273	29.989993	970.465735	0.000641	0.9
142	-0.073943	30.989993	951.799340	0.001445	1.0
143	-0.077342	30.365126	963.378164	0.000891	0.9
144	-0.069873	31.365126	944.980840	0.001418	0.8
145	-0.071402	30.740259	956.393368	0.000970	0.9
146	-0.079344	31.740259	938.259340	0.000890	0.7
147	-0.080959	31.632244	940.184899	0.000724	1.3
148	-0.073336	32.632238	922.654780	0.000830	1.2
149	-0.077924	33.632206	905.766842	0.001805	0.9
150	-0.076149	34.450667	892.397575	0.000655	0.9
151	-0.073263	35.450667	876.589124	0.000977	0.8
152	-0.068197	34.825930	886.398871	0.000665	0.7
153	-0.066446	34.322725	894.461381	0.001493	0.8
154	-0.068473	33.699394	904.654282	0.001310	0.9
155	-0.070493	34.699394	888.412562	0.001520	0.9
156	-0.068806	35.699394	872.743743	0.000569	0.8
157	-0.077471	36.699269	857.619896	0.001447	0.8
158	-0.070342	36.074403	867.009348	0.000616	0.8
159	-0.077582	35.610692	874.111220	0.001493	0.8
160	-0.071225	34.985826	883.867309	0.002082	0.8
161	-0.079384	35.370502	877.835741	0.000496	0.8
162	-0.065503	34.745635	887.675622	0.001056	0.9
163	-0.073391	34.123601	897.692454	0.000908	0.8
164	-0.070138	33.498735	907.985136	0.000762	0.9
165	-0.064798	32.878814	918.432266	0.000539	0.8
166	-0.073713	33.488721	908.152007	0.001086	0.7
167	-0.074813	34.272967	895.266597	0.001641	0.6
168	-0.078573	33.648110	905.503248	0.001090	0.6
169	-0.074990	33.023243	915.976868	0.001401	0.8
170	-0.072976	32.398376	926.695612	0.001873	0.7
171	-0.074170	31.773509	937.668188	0.001574	0.7
172	-0.069890	31.148646	948.903665	0.001103	0.7
173	-0.079953	30.523780	960.411695	0.001367	0.9
174	-0.069157	29.898913	972.202308	0.000684	0.7
175	-0.085568	29.274048	984.285981	0.001041	0.7
176	-0.078694	28.649189	996.673702	0.000846	0.8
177	-0.077663	28.024325	1009.377310	0.001271	0.9
178	-0.082712	28.997021	989.739787	0.002095	0.9
179	-0.077658	29.882600	972.513998	0.003292	0.8
180	-0.075541	29.257733	984.605504	0.002625	0.8
181	-0.082386	28.632867	997.001469	0.002842	0.7
182	-0.075972	28.008000	1009.713539	0.001824	0.8
183	-0.079846	27.383133	1022.753961	0.000338	0.8
184	-0.079644	26.989986	1031.132641	0.000966	0.8
185	-0.075356	27.878597	1012.386692	0.001239	0.8
186	-0.081949	27.253730	1025.496699	0.001595	0.8
187	-0.078812	28.253729	1004.676026	0.001976	0.7
188	-0.088120	29.253729	984.683957	0.001649	0.7
189	-0.079986	30.253726	965.472073	0.003245	0.8
190	-0.087923	29.628859	977.388032	0.003905	0.7
191	-0.080243	29.003992	989.601804	0.000513	0.8
192	-0.073563	28.379125	1002.124693	0.001769	0.8
193	-0.071657	27.754263	1014.968503	0.001623	0.8
194	-0.075849	27.160515	1027.481555	0.001497	0.8
195	-0.078886	26.535648	1040.988032	0.000909	0.7
196	-0.079772	25.910782	1054.854329	0.001507	0.7
197	-0.084261	26.677088	1037.899818	0.001369	0.8
198	-0.077558	27.677088	1016.577677	0.001733	0.8
199	-0.076992	28.677088	996.113964	0.001116	0.8
