1:ItNr	2:Metric	3a:Time	3b:StepSize	4:||Gradient||	Time[ms]
0	-0.328729	0.000000	403.693399	0.001679	33.2
1	-0.320835	0.000000	403.693399	0.001066	2.6
2	-0.317521	0.000000	403.693399	0.000774	2.6
3	-0.323447	0.000000	403.693399	0.001134	2.6
4	-0.320999	0.000000	403.693399	0.001288	2.6
5	-0.320324	0.000000	403.693399	0.000891	2.4
6	-0.331101	0.846808	388.045760	0.001230	3.0
7	-0.326731	1.468846	377.302932	0.001411	2.6
8	-0.332509	2.062627	367.588717	0.000680	2.7
9	-0.328531	1.188732	382.066057	0.001203	2.8
10	-0.323947	0.338412	397.291109	0.000899	2.7
11	-0.328480	0.000000	403.693399	0.000775	2.6
12	-0.321499	0.000000	403.693399	0.001263	2.7
13	-0.325426	0.000000	403.693399	0.001501	2.5
14	-0.325917	0.000000	403.693399	0.001273	2.6
15	-0.325105	0.000000	403.693399	0.001726	2.7
16	-0.324722	0.000000	403.693399	0.001483	2.7
17	-0.317886	0.998243	385.374468	0.001368	2.7
18	-0.334734	1.998242	368.617797	0.001176	2.6
19	-0.327821	2.998049	353.260434	0.001295	2.7
20	-0.322172	3.997990	339.129723	0.000886	2.6
21	-0.322305	4.983090	326.272257	0.000771	2.6
22	-0.327662	4.371914	334.131729	0.001042	2.6
23	-0.325674	3.916205	340.242885	0.002057	3.7
24	-0.324158	3.041409	352.623321	0.001473	3.2
25	-0.329805	4.041034	338.546774	0.001438	3.2
26	-0.332247	3.207293	350.206920	0.001284	2.6
27	-0.326738	4.205132	336.342672	0.001632	2.7
28	-0.336188	3.330080	348.439521	0.000597	2.6
29	-0.325907	3.003028	353.187162	0.001528	2.9
30	-0.322255	2.163619	365.986048	0.001395	3.0
31	-0.325470	1.288576	380.354550	0.000925	2.7
32	-0.325224	0.436763	395.468350	0.000784	2.8
33	-0.329154	0.000000	403.693399	0.000960	2.6
34	-0.339024	0.000000	403.693399	0.001142	2.9
35	-0.321415	0.000000	403.693399	0.001084	2.6
36	-0.322688	0.686399	390.916049	0.001137	3.1
37	-0.332062	0.000000	403.693399	0.000950	2.7
38	-0.333631	0.899812	387.106581	0.000838	2.9
39	-0.332254	0.564791	393.120499	0.000978	2.6
40	-0.328660	0.000000	403.693399	0.000968	2.7
41	-0.311575	0.774662	389.331475	0.001399	2.7
42	-0.327368	0.010200	403.497420	0.000855	3.4
43	-0.327625	0.000000	403.693399	0.000714	2.7
44	-0.328983	0.000000	403.693399	0.001090	2.6
45	-0.325106	0.981517	385.667707	0.000653	2.6
46	-0.338308	0.202724	399.833595	0.000852	2.7
47	-0.332764	0.000000	403.693399	0.000795	2.6
48	-0.332377	0.000000	403.693399	0.001289	2.8
49	-0.328962	0.000000	403.693399	0.001404	2.7
50	-0.332730	0.999944	385.344682	0.000817	2.7
51	-0.325296	0.134501	401.124271	0.000791	2.8
52	-0.325129	1.005360	385.249836	0.000761	2.8
53	-0.326095	1.663776	374.057770	0.001245	2.6
54	-0.330438	2.573642	359.620350	0.001167	2.9
55	-0.322267	1.889920	370.362214	0.000865	2.8
56	-0.323419	2.272226	364.278069	0.001146	2.7
57	-0.321961	1.402035	378.428185	0.000595	2.7
58	-0.324373	1.048669	384.493116	0.001025	2.7
59	-0.325388	1.534127	376.209885	0.001134	2.6
60	-0.330151	2.239531	364.790556	0.000843	2.8
61	-0.324868	3.147722	351.070851	0.001175	2.9
62	-0.330101	2.411769	362.106819	0.001663	2.8
63	-0.321779	1.539039	376.127895	0.000838	2.9
64	-0.324320	0.732365	390.089226	0.001116	2.8
65	-0.325009	1.322577	379.775203	0.001190	2.9
66	-0.323745	0.488535	394.515554	0.001366	2.9
67	-0.334214	0.000000	403.693399	0.001053	2.6
68	-0.330215	0.000000	403.693399	0.001079	2.8
69	-0.321944	0.000000	403.693399	0.000734	2.7
70	-0.326232	0.892806	387.230468	0.000881	2.8
71	-0.329908	1.727637	373.006714	0.000998	2.6
72	-0.326890	2.018123	368.299416	0.000802	3.0
73	-0.332476	2.996808	353.278712	0.001211	2.6
74	-0.329444	2.196349	365.469641	0.000926	2.8
75	-0.332197	1.459825	377.454468	0.001465	2.7
76	-0.327439	0.585546	392.742495	0.000753	2.6
77	-0.321002	1.477853	377.151742	0.000944	3.6
78	-0.328013	1.583191	375.392532	0.000572	2.9
79	-0.330751	0.778706	389.259177	0.001243	2.6
80	-0.325262	1.622676	374.737337	0.001590	2.8
81	-0.327408	2.491778	360.873558	0.001686	2.8
82	-0.330769	3.491739	346.139632	0.001143	3.0
83	-0.334933	2.616689	358.964854	0.000943	2.7
84	-0.327212	3.613685	344.424711	0.001456	2.8
85	-0.321919	2.800830	356.187636	0.001246	2.8
86	-0.327104	2.006441	368.486431	0.000906	2.7
87	-0.328248	1.204034	381.802747	0.001362	2.7
88	-0.328574	0.329959	397.448555	0.001432	2.9
89	-0.329486	0.000000	403.693399	0.001133	3.1
90	-0.326859	0.998193	385.375357	0.001408	2.9
91	-0.330416	0.205637	399.778665	0.000855	2.8
92	-0.326376	1.173149	382.334572	0.001217	2.7
93	-0.320561	0.525533	393.837465	0.000941	2.7
94	-0.329805	0.000000	403.693399	0.001052	2.7
95	-0.329243	0.000000	403.693399	0.001114	2.7
96	-0.327537	0.618660	392.140926	0.001214	2.8
97	-0.328100	0.000000	403.693399	0.001447	2.8
98	-0.326634	0.000000	403.693399	0.001647	2.7
99	-0.329120	0.999998	385.343735	0.000893	2.8
100	-0.325223	0.125005	401.304576	0.002212	2.7
101	-0.323275	0.000000	403.693399	0.001146	2.8
102	-0.328370	0.998338	385.372808	0.001016	2.7
103	-0.317149	0.123755	401.328324	0.001057	2.7
104	-0.323452	0.760397	389.586698	0.000802	2.8
105	-0.325514	0.000000	403.693399	0.001231	2.6
106	-0.331662	0.998370	385.372243	0.000930	2.9
107	-0.323633	1.951847	369.362924	0.001009	2.8
108	-0.322517	1.126977	383.132382	0.000846	2.8
109	-0.332010	2.009443	368.438355	0.001183	2.7
110	-0.323979	1.306337	380.051705	0.000923	2.7
111	-0.328568	2.304563	363.772601	0.001226	2.7
112	-0.323433	2.709358	357.561824	0.001039	3.1
113	-0.331345	1.837858	371.206509	0.001674	3.0
114	-0.332407	0.962922	385.994236	0.000763	2.8
115	-0.328998	0.880031	387.456561	0.000729	2.8
116	-0.315830	0.050227	402.730155	0.000787	2.7
117	-0.325900	0.539354	393.584751	0.001661	2.6
118	-0.331480	1.371435	378.945804	0.000709	3.0
119	-0.332712	2.129811	366.520995	0.000933	2.9
120	-0.327558	3.040172	352.641460	0.001003	2.8
121	-0.322171	3.883251	340.693484	0.000873	2.8
122	-0.329245	3.209116	350.180543	0.001226	2.7
123	-0.328757	4.183952	336.625540	0.001050	2.8
124	-0.328936	3.308932	348.742656	0.001874	2.8
125	-0.332514	4.308252	334.972218	0.001737	2.7
126	-0.330854	3.433201	346.968922	0.001116	2.8
127	-0.324915	2.562786	359.786036	0.001297	2.8
128	-0.324765	1.707688	373.334420	0.001060	2.7
129	-0.321905	0.837608	388.209244	0.001654	2.7
130	-0.331246	0.000000	403.693399	0.001177	2.8
131	-0.323364	0.252072	398.905167	0.000682	2.7
132	-0.326238	0.000000	403.693399	0.001295	2.8
133	-0.322700	0.000000	403.693399	0.001620	2.7
134	-0.326050	0.000000	403.693399	0.000813	2.8
135	-0.335272	0.312459	397.774913	0.001171	2.7
136	-0.326190	0.000000	403.693399	0.001277	2.6
137	-0.325873	0.000000	403.693399	0.001351	2.7
138	-0.339609	0.999865	385.346071	0.001024	2.6
139	-0.323668	1.999055	368.604772	0.001191	2.7
140	-0.326161	2.990346	353.373865	0.001297	2.6
141	-0.328232	2.160136	366.041084	0.000735	2.8
142	-0.326720	1.422158	378.088550	0.000816	2.8
143	-0.328195	1.497048	376.829939	0.000767	2.6
144	-0.328225	2.107880	366.868847	0.001489	2.8
145	-0.335422	2.693452	357.801866	0.000716	2.7
146	-0.329575	3.581639	344.873720	0.001217	2.7
147	-0.332198	4.507072	332.361213	0.000996	2.9
148	-0.338839	3.861186	340.995855	0.000676	2.7
149	-0.331282	3.422202	347.125183	0.001034	2.7
150	-0.329117	3.232777	349.838622	0.001119	2.6
151	-0.322586	3.254080	349.531351	0.000753	2.7
152	-0.329170	2.381265	362.579238	0.001175	2.8
153	-0.322729	3.291751	348.989314	0.001588	3.3
154	-0.329681	2.416815	362.028790	0.000923	2.7
155	-0.327275	1.542382	376.072115	0.001122	2.6
156	-0.321900	2.533363	360.235864	0.001131	2.6
157	-0.331749	3.272469	349.266546	0.002084	2.6
158	-0.326607	2.647394	358.498765	0.002753	2.6
159	-0.330758	3.647394	343.953666	0.000877	2.8
160	-0.330645	2.773400	356.598611	0.001585	2.8
161	-0.336616	1.898893	370.217090	0.000853	2.7
162	-0.330521	2.449053	361.531077	0.000755	2.6
163	-0.329162	3.377892	347.756130	0.001709	2.6
164	-0.326782	4.340582	334.544856	0.002384	2.7
165	-0.331078	3.475341	346.371526	0.000874	2.8
166	-0.326698	2.600290	359.214294	0.001442	2.8
167	-0.327375	3.593106	344.712919	0.000657	2.7
168	-0.325671	3.026042	352.848854	0.001120	3.1
169	-0.327042	3.624318	344.275983	0.001339	2.7
170	-0.321887	3.964200	339.588742	0.001148	2.7
171	-0.322790	4.964191	326.509742	0.000548	3.0
172	-0.331155	4.961591	326.542444	0.001165	2.7
173	-0.330947	4.198183	336.435422	0.001526	2.7
174	-0.325951	5.198009	323.595640	0.000805	2.8
175	-0.328610	4.323064	334.776291	0.001024	2.7
176	-0.328675	5.283866	322.538596	0.001310	2.7
177	-0.331610	6.277237	310.792527	0.000943	2.7
178	-0.334114	5.472857	320.235987	0.000897	2.8
179	-0.327711	4.599213	331.164919	0.001296	2.7
180	-0.336393	3.724194	342.885254	0.000901	2.7
181	-0.328813	3.046949	352.542083	0.001723	2.6
182	-0.325263	2.453141	361.468063	0.001125	2.7
183	-0.339899	2.847109	355.496406	0.001416	2.8
184	-0.328771	3.146539	351.088052	0.001494	2.7
185	-0.324959	3.993061	339.196600	0.001614	2.9
186	-0.339124	3.295348	348.937634	0.001453	2.7
187	-0.332783	2.423535	361.924935	0.000711	2.7
188	-0.325851	1.654471	374.211406	0.000788	2.6
189	-0.330126	1.689378	373.635688	0.001358	2.9
190	-0.336379	1.221832	381.496969	0.001056	3.0
191	-0.325964	2.221757	365.069759	0.001623	2.8
192	-0.329374	1.346754	379.364323	0.000845	2.8
193	-0.325674	2.345344	363.137135	0.001953	2.7
194	-0.331902	1.470398	377.276866	0.000499	2.8
195	-0.327597	2.123840	366.615635	0.001195	2.9
196	-0.329728	1.381506	378.775280	0.000703	2.8
197	-0.326254	2.012790	368.384778	0.000813	2.8
198	-0.327761	2.487856	360.933809	0.001029	2.8
199	-0.327985	3.475553	346.368537	0.001016	2.7
