1:ItNr	2:Metric	3a:Time	3b:StepSize	4:||Gradient||	Time[ms]
0	-0.634770	0.000000	0.000000	0.000000	60.3
1	-0.637993	0.000000	0.000000	0.000000	3.4
2	-0.636952	0.000000	0.000000	0.000000	3.2
3	-0.635692	0.000000	0.000000	0.000000	3.2
4	-0.632233	0.000000	0.000000	0.000000	3.2
5	-0.635012	0.000000	0.000000	0.000000	3.3
6	-0.641012	0.000000	0.000000	0.000000	3.3
7	-0.633997	0.000000	0.000000	0.000000	3.2
8	-0.635187	0.000000	0.000000	0.000000	3.4
9	-0.635641	0.000000	0.000000	0.000000	3.4
10	-0.633876	0.000000	0.000000	0.000000	3.3
11	-0.638496	0.000000	0.000000	0.000000	4.0
12	-0.638059	0.000000	0.000000	0.000000	4.8
13	-0.635155	0.000000	0.000000	0.000000	4.0
14	-0.635171	0.000000	0.000000	0.000000	3.4
15	-0.635796	0.000000	0.000000	0.000000	3.3
16	-0.641874	0.000000	0.000000	0.000000	3.3
17	-0.635777	0.000000	0.000000	0.000000	3.2
18	-0.635862	0.000000	0.000000	0.000000	3.6
19	-0.635146	0.000000	0.000000	0.000000	3.3
20	-0.636643	0.000000	0.000000	0.000000	3.5
21	-0.638212	0.000000	0.000000	0.000000	3.4
22	-0.635468	0.000000	0.000000	0.000000	3.5
23	-0.635607	0.000000	0.000000	0.000000	3.2
24	-0.636407	0.000000	0.000000	0.000000	3.2
25	-0.635553	0.000000	0.000000	0.000000	3.3
26	-0.638343	0.000000	0.000000	0.000000	3.3
27	-0.632014	0.000000	0.000000	0.000000	3.3
28	-0.635979	0.000000	0.000000	0.000000	3.3
29	-0.636450	0.000000	0.000000	0.000000	3.3
30	-0.639995	0.000000	0.000000	0.000000	3.2
31	-0.633756	0.000000	0.000000	0.000000	3.3
32	-0.635858	0.000000	0.000000	0.000000	3.3
33	-0.636136	0.000000	0.000000	0.000000	3.4
34	-0.637141	0.000000	0.000000	0.000000	3.4
35	-0.638839	0.000000	0.000000	0.000000	3.4
36	-0.636795	0.000000	0.000000	0.000000	3.4
37	-0.641710	0.000000	0.000000	0.000000	3.3
38	-0.637635	0.000000	0.000000	0.000000	3.3
39	-0.639097	0.000000	0.000000	0.000000	3.4
40	-0.637994	0.000000	0.000000	0.000000	3.3
41	-0.637979	0.000000	0.000000	0.000000	3.4
42	-0.637343	0.000000	0.000000	0.000000	3.4
43	-0.637163	0.000000	0.000000	0.000000	3.3
44	-0.641353	0.000000	0.000000	0.000000	3.4
45	-0.640339	0.000000	0.000000	0.000000	3.3
46	-0.638656	0.000000	0.000000	0.000000	3.2
47	-0.638882	0.000000	0.000000	0.000000	3.4
48	-0.635092	0.000000	0.000000	0.000000	3.4
49	-0.637853	0.000000	0.000000	0.000000	3.3
50	-0.637820	0.000000	0.000000	0.000000	3.3
51	-0.640036	0.000000	0.000000	0.000000	3.2
52	-0.634304	0.000000	0.000000	0.000000	3.3
53	-0.633426	0.000000	0.000000	0.000000	3.5
54	-0.636718	0.000000	0.000000	0.000000	3.3
55	-0.631943	0.000000	0.000000	0.000000	3.2
56	-0.637358	0.000000	0.000000	0.000000	3.4
57	-0.637483	0.000000	0.000000	0.000000	3.3
58	-0.632542	0.000000	0.000000	0.000000	3.2
59	-0.638402	0.000000	0.000000	0.000000	3.3
60	-0.635929	0.000000	0.000000	0.000000	3.3
61	-0.632376	0.000000	0.000000	0.000000	3.4
62	-0.636717	0.000000	0.000000	0.000000	3.5
63	-0.641732	0.000000	0.000000	0.000000	3.4
64	-0.637085	0.000000	0.000000	0.000000	3.1
65	-0.635151	0.000000	0.000000	0.000000	3.3
66	-0.638139	0.000000	0.000000	0.000000	3.3
67	-0.634844	0.000000	0.000000	0.000000	3.1
68	-0.638696	0.000000	0.000000	0.000000	3.3
69	-0.639288	0.000000	0.000000	0.000000	3.2
70	-0.637276	0.000000	0.000000	0.000000	3.3
71	-0.636503	0.000000	0.000000	0.000000	3.8
72	-0.638319	0.000000	0.000000	0.000000	4.1
73	-0.635092	0.000000	0.000000	0.000000	4.0
74	-0.638277	0.000000	0.000000	0.000000	4.0
75	-0.638575	0.000000	0.000000	0.000000	3.8
76	-0.635285	0.000000	0.000000	0.000000	4.3
77	-0.637943	0.000000	0.000000	0.000000	3.6
78	-0.636374	0.000000	0.000000	0.000000	3.7
79	-0.640905	0.000000	0.000000	0.000000	3.7
80	-0.637094	0.000000	0.000000	0.000000	3.7
81	-0.637217	0.000000	0.000000	0.000000	3.4
82	-0.633010	0.000000	0.000000	0.000000	3.4
83	-0.639097	0.000000	0.000000	0.000000	3.5
84	-0.635626	0.000000	0.000000	0.000000	3.2
85	-0.637006	0.000000	0.000000	0.000000	3.7
86	-0.636859	0.000000	0.000000	0.000000	3.3
87	-0.634795	0.000000	0.000000	0.000000	3.3
88	-0.639210	0.000000	0.000000	0.000000	3.3
89	-0.640725	0.000000	0.000000	0.000000	3.3
90	-0.640430	0.000000	0.000000	0.000000	3.3
91	-0.633716	0.000000	0.000000	0.000000	3.3
92	-0.638645	0.000000	0.000000	0.000000	3.2
93	-0.638380	0.000000	0.000000	0.000000	3.6
94	-0.635584	0.000000	0.000000	0.000000	3.4
95	-0.635752	0.000000	0.000000	0.000000	3.5
96	-0.639652	0.000000	0.000000	0.000000	3.3
97	-0.638236	0.000000	0.000000	0.000000	3.5
98	-0.637548	0.000000	0.000000	0.000000	3.5
99	-0.635444	0.000000	0.000000	0.000000	3.5
100	-0.635322	0.000000	0.000000	0.000000	3.2
101	-0.634327	0.000000	0.000000	0.000000	3.1
102	-0.641156	0.000000	0.000000	0.000000	3.2
103	-0.637120	0.000000	0.000000	0.000000	3.6
104	-0.633013	0.000000	0.000000	0.000000	3.5
105	-0.637278	0.000000	0.000000	0.000000	3.3
106	-0.638961	0.000000	0.000000	0.000000	3.4
107	-0.637035	0.000000	0.000000	0.000000	3.4
108	-0.637465	0.000000	0.000000	0.000000	3.4
109	-0.634998	0.000000	0.000000	0.000000	3.4
110	-0.638437	0.000000	0.000000	0.000000	3.4
111	-0.637904	0.000000	0.000000	0.000000	3.2
112	-0.636384	0.000000	0.000000	0.000000	3.1
113	-0.637971	0.000000	0.000000	0.000000	3.2
114	-0.634640	0.000000	0.000000	0.000000	3.3
115	-0.636394	0.000000	0.000000	0.000000	3.2
116	-0.636794	0.000000	0.000000	0.000000	3.3
117	-0.636890	0.000000	0.000000	0.000000	3.3
118	-0.638453	0.000000	0.000000	0.000000	3.5
119	-0.634985	0.000000	0.000000	0.000000	3.4
120	-0.631450	0.000000	0.000000	0.000000	3.5
121	-0.636438	0.000000	0.000000	0.000000	3.1
122	-0.632740	0.000000	0.000000	0.000000	3.3
123	-0.636482	0.000000	0.000000	0.000000	3.2
124	-0.635777	0.000000	0.000000	0.000000	3.2
125	-0.636342	0.000000	0.000000	0.000000	3.4
126	-0.638665	0.000000	0.000000	0.000000	3.3
127	-0.638019	0.000000	0.000000	0.000000	3.2
128	-0.635808	0.000000	0.000000	0.000000	3.1
129	-0.636654	0.000000	0.000000	0.000000	3.2
130	-0.637798	0.000000	0.000000	0.000000	3.3
131	-0.636677	0.000000	0.000000	0.000000	3.5
132	-0.634174	0.000000	0.000000	0.000000	3.4
133	-0.634879	0.000000	0.000000	0.000000	3.4
134	-0.636405	0.000000	0.000000	0.000000	3.4
135	-0.634811	0.000000	0.000000	0.000000	4.0
136	-0.636461	0.000000	0.000000	0.000000	3.3
137	-0.638752	0.000000	0.000000	0.000000	3.3
138	-0.635645	0.000000	0.000000	0.000000	3.3
139	-0.637476	0.000000	0.000000	0.000000	3.4
140	-0.632286	0.000000	0.000000	0.000000	3.2
141	-0.640059	0.000000	0.000000	0.000000	3.3
142	-0.634122	0.000000	0.000000	0.000000	3.4
143	-0.632339	0.000000	0.000000	0.000000	3.3
144	-0.633831	0.000000	0.000000	0.000000	3.1
145	-0.637303	0.000000	0.000000	0.000000	3.5
146	-0.632923	0.000000	0.000000	0.000000	3.1
147	-0.634963	0.000000	0.000000	0.000000	3.2
148	-0.637068	0.000000	0.000000	0.000000	3.2
149	-0.639940	0.000000	0.000000	0.000000	3.3
150	-0.636978	0.000000	0.000000	0.000000	3.1
151	-0.637020	0.000000	0.000000	0.000000	3.1
152	-0.636536	0.000000	0.000000	0.000000	3.2
153	-0.636493	0.000000	0.000000	0.000000	3.3
154	-0.639163	0.000000	0.000000	0.000000	3.3
155	-0.641375	0.000000	0.000000	0.000000	3.2
156	-0.640727	0.000000	0.000000	0.000000	3.3
157	-0.636007	0.000000	0.000000	0.000000	3.5
158	-0.638166	0.000000	0.000000	0.000000	3.4
159	-0.638423	0.000000	0.000000	0.000000	3.4
160	-0.635918	0.000000	0.000000	0.000000	4.2
161	-0.636525	0.000000	0.000000	0.000000	3.2
162	-0.637316	0.000000	0.000000	0.000000	3.5
163	-0.634844	0.000000	0.000000	0.000000	3.4
164	-0.636019	0.000000	0.000000	0.000000	3.1
165	-0.638731	0.000000	0.000000	0.000000	3.6
166	-0.635770	0.000000	0.000000	0.000000	3.5
167	-0.635302	0.000000	0.000000	0.000000	3.0
168	-0.637286	0.000000	0.000000	0.000000	3.1
169	-0.635897	0.000000	0.000000	0.000000	3.3
170	-0.639485	0.000000	0.000000	0.000000	3.2
171	-0.633454	0.000000	0.000000	0.000000	3.0
172	-0.638805	0.000000	0.000000	0.000000	3.2
173	-0.639834	0.000000	0.000000	0.000000	3.2
174	-0.634233	0.000000	0.000000	0.000000	3.1
175	-0.633991	0.000000	0.000000	0.000000	3.1
176	-0.633665	0.000000	0.000000	0.000000	3.1
177	-0.637716	0.000000	0.000000	0.000000	3.0
178	-0.637870	0.000000	0.000000	0.000000	3.1
179	-0.631611	0.000000	0.000000	0.000000	3.2
180	-0.638796	0.000000	0.000000	0.000000	3.0
181	-0.638099	0.000000	0.000000	0.000000	3.0
182	-0.636159	0.000000	0.000000	0.000000	3.1
183	-0.633360	0.000000	0.000000	0.000000	3.1
184	-0.636763	0.000000	0.000000	0.000000	3.2
185	-0.636923	0.000000	0.000000	0.000000	3.3
186	-0.634544	0.000000	0.000000	0.000000	3.2
187	-0.635452	0.000000	0.000000	0.000000	3.3
188	-0.636622	0.000000	0.000000	0.000000	3.2
189	-0.637043	0.000000	0.000000	0.000000	3.2
190	-0.633745	0.000000	0.000000	0.000000	3.1
191	-0.634445	0.000000	0.000000	0.000000	3.6
192	-0.636482	0.000000	0.000000	0.000000	3.5
193	-0.635392	0.000000	0.000000	0.000000	3.9
194	-0.631476	0.000000	0.000000	0.000000	3.5
195	-0.640297	0.000000	0.000000	0.000000	3.4
196	-0.639679	0.000000	0.000000	0.000000	3.8
197	-0.636386	0.000000	0.000000	0.000000	3.3
198	-0.633921	0.000000	0.000000	0.000000	3.2
199	-0.637547	0.000000	0.000000	0.000000	3.3
