1:ItNr	2:Metric	3a:Time	3b:StepSize	4:||Gradient||	Time[ms]
0	-0.272556	0.000000	2525.735116	0.002372	14.6
1	-0.306225	0.000000	2525.735116	0.005952	0.7
2	-0.341503	0.000000	2525.735116	0.002652	0.8
3	-0.328759	0.000000	2525.735116	0.001939	0.7
4	-0.356685	1.000000	2410.928974	0.002222	1.0
5	-0.367356	0.970122	2414.207679	0.001562	0.9
6	-0.367016	0.940244	2417.495314	0.004707	0.7
7	-0.397399	1.940244	2312.113031	0.001451	0.7
8	-0.392616	1.910366	2315.128286	0.001601	0.6
9	-0.397494	1.880489	2318.151440	0.000934	0.8
10	-0.385443	1.863575	2319.866285	0.001217	0.8
11	-0.391183	1.833710	2322.900589	0.002115	0.7
12	-0.387847	2.833710	2225.437767	0.001546	0.8
13	-0.384109	3.833710	2135.824181	0.002743	0.7
14	-0.373853	4.833710	2053.148320	0.001549	0.8
15	-0.393703	5.833710	1976.634549	0.000857	0.7
16	-0.390169	5.803832	1978.837881	0.000616	0.8
17	-0.390583	5.774023	1981.040999	0.000827	0.8
18	-0.389287	6.773414	1909.755762	0.002837	0.8
19	-0.382873	7.773414	1843.383528	0.002078	0.6
20	-0.402199	8.773414	1781.469784	0.000810	0.7
21	-0.390361	8.743536	1783.259303	0.001181	0.8
22	-0.377477	9.743536	1725.254938	0.000941	0.7
23	-0.377512	10.743536	1670.905134	0.000270	0.7
24	-0.395180	11.742087	1619.946765	0.000713	0.7
25	-0.388486	12.729853	1572.507212	0.002090	0.7
26	-0.393893	13.729853	1527.228955	0.001087	0.7
27	-0.382544	14.729853	1484.485176	0.000617	0.6
28	-0.382021	14.699976	1485.727541	0.000799	0.6
29	-0.404467	14.670098	1486.972013	0.002127	0.7
30	-0.395825	15.670098	1446.422026	0.001938	0.7
31	-0.378325	16.670098	1408.024939	0.000662	0.6
32	-0.390046	17.670098	1371.613732	0.000608	0.6
33	-0.379337	17.640220	1372.674310	0.000476	0.8
34	-0.390116	17.610622	1373.726563	0.002908	0.7
35	-0.394320	18.610622	1339.045801	0.001095	0.7
36	-0.400740	19.610622	1306.073004	0.000892	0.9
37	-0.398576	19.580744	1307.034612	0.000702	0.7
38	-0.394210	19.551124	1307.989344	0.000778	0.7
39	-0.400871	19.535572	1308.491158	0.000677	0.8
40	-0.379994	19.505694	1309.456331	0.001548	0.8
41	-0.380930	19.519479	1309.010841	0.001904	0.8
42	-0.384858	20.519479	1277.483209	0.001303	0.8
43	-0.389914	21.519479	1247.438551	0.000519	0.9
44	-0.381855	22.519476	1218.774726	0.001605	0.8
45	-0.395248	22.490149	1219.596580	0.002514	0.8
46	-0.379558	23.490149	1192.183847	0.000735	0.7
47	-0.383943	24.490149	1165.976330	0.000606	0.7
48	-0.394614	24.460271	1166.742646	0.000788	0.8
49	-0.389563	24.430394	1167.509970	0.000673	0.7
50	-0.380153	24.400516	1168.278305	0.001354	0.7
51	-0.388854	25.400515	1143.100186	0.002174	0.7
52	-0.391482	26.400515	1118.984411	0.001111	0.8
53	-0.394478	27.400515	1095.865144	0.000435	0.6
54	-0.381471	27.370637	1096.542045	0.000458	0.7
55	-0.391721	27.350821	1096.991453	0.000512	0.8
56	-0.398010	27.322335	1097.638119	0.001951	0.8
57	-0.369289	28.322335	1075.383737	0.001366	0.9
58	-0.396212	29.322335	1054.013828	0.000565	0.9
59	-0.380306	29.292458	1054.640000	0.000526	0.7
60	-0.388580	29.262582	1055.266872	0.000527	0.8
61	-0.384197	30.261692	1034.699319	0.000490	0.8
62	-0.383401	31.260597	1014.922145	0.001002	0.7
63	-0.391576	32.260535	995.867538	0.001604	0.9
64	-0.390005	33.260535	977.514097	0.000825	0.8
65	-0.389765	34.260535	959.824907	0.001790	0.9
66	-0.394219	34.230657	960.344140	0.002419	0.8
67	-0.384357	35.230657	943.265482	0.000867	0.8
68	-0.392544	36.230657	926.783660	0.000466	0.7
69	-0.384848	36.401977	924.017606	0.000900	0.7
70	-0.397689	36.377093	924.418344	0.000785	0.7
71	-0.396471	36.347215	924.899966	0.002583	0.7
72	-0.385256	37.347215	909.048310	0.001549	0.6
73	-0.379625	38.347215	893.730855	0.000675	0.8
74	-0.388600	38.893700	885.576231	0.000601	0.7
75	-0.395706	38.863822	886.018220	0.001618	0.7
76	-0.382876	39.863822	871.460833	0.000655	0.7
77	-0.391120	40.863822	857.374073	0.000608	0.8
78	-0.394642	40.833948	857.788304	0.000796	0.8
79	-0.386789	40.804070	858.202984	0.001296	0.7
80	-0.396334	41.804070	844.538217	0.001313	0.7
81	-0.401657	42.804070	831.301786	0.002099	0.8
82	-0.394663	43.804070	818.473860	0.000671	0.8
83	-0.378150	44.804070	806.035817	0.000627	0.7
84	-0.383373	44.774584	806.397153	0.000856	0.8
85	-0.391796	44.744728	806.763359	0.000923	0.8
86	-0.390541	45.744728	794.676064	0.000919	0.6
87	-0.380466	46.744728	782.945615	0.000331	0.6
88	-0.386656	47.744137	771.563065	0.000752	0.8
89	-0.391246	47.714260	771.898544	0.000646	0.7
90	-0.383401	48.714260	760.826225	0.000403	0.6
91	-0.396215	49.473738	752.626992	0.001203	0.7
92	-0.372426	50.473738	742.096873	0.000485	0.9
93	-0.398737	51.473738	731.857345	0.000296	0.7
94	-0.382289	51.446294	732.134582	0.000381	0.8
95	-0.384532	51.793742	728.640077	0.000877	0.8
96	-0.407054	52.777617	718.923156	0.001315	0.8
97	-0.387064	53.777617	709.309007	0.001111	0.7
98	-0.392949	54.777617	699.948604	0.000792	0.7
99	-0.398979	55.777617	690.832033	0.001459	0.9
100	-0.385899	56.777617	681.949889	0.000996	0.8
101	-0.391869	57.777617	673.293243	0.000442	1.0
102	-0.390103	57.747746	673.548644	0.000679	0.9
103	-0.396277	58.744975	665.125768	0.000780	0.8
104	-0.389753	58.860135	664.166635	0.000972	0.8
105	-0.402170	59.860135	655.952864	0.002539	0.8
106	-0.393432	60.860135	647.939771	0.000865	0.8
107	-0.384028	61.860135	640.120091	0.001392	0.7
108	-0.382582	61.830257	640.350991	0.000671	0.7
109	-0.406681	62.830257	632.712329	0.000402	0.8
110	-0.386926	63.830018	625.255528	0.000752	0.9
111	-0.386724	63.855103	625.070684	0.002299	0.7
112	-0.391010	64.855103	617.790154	0.000644	0.7
113	-0.387948	65.855103	610.677271	0.000966	0.7
114	-0.385289	65.825226	610.887413	0.000573	0.9
115	-0.396801	65.799365	611.069418	0.000778	0.7
116	-0.385367	65.769487	611.279830	0.001669	0.8
117	-0.397988	66.769487	604.315225	0.000683	0.8
118	-0.388081	67.769487	597.507534	0.000667	0.9
119	-0.381846	67.739609	597.708710	0.000543	0.8
120	-0.408424	67.713274	597.886145	0.000641	1.0
121	-0.382159	68.213484	594.533865	0.000398	0.8
122	-0.391743	68.185364	594.721324	0.000757	0.7
123	-0.401194	68.750583	590.975963	0.000411	1.0
124	-0.386256	69.199164	588.036910	0.000938	0.8
125	-0.391893	69.169309	588.231608	0.000618	1.0
126	-0.381135	70.169309	581.779529	0.002536	0.7
127	-0.395567	71.169309	575.467454	0.000391	0.9
128	-0.388618	72.169309	569.290877	0.000869	0.8
129	-0.388238	72.139431	569.473498	0.000995	0.7
130	-0.392964	72.109553	569.656236	0.000853	0.8
131	-0.389966	73.109553	563.603118	0.000203	0.8
132	-0.380966	73.994960	558.350014	0.000503	0.8
133	-0.389985	74.575344	554.959421	0.001268	0.8
134	-0.381130	75.575344	549.213033	0.000367	0.6
135	-0.389468	76.572941	543.597816	0.000625	0.8
136	-0.392432	76.543066	543.764304	0.000483	0.8
137	-0.390937	76.513450	543.929454	0.000303	0.9
138	-0.406836	76.485069	544.087808	0.000518	0.8
139	-0.404022	76.467962	544.183305	0.000492	0.8
140	-0.393913	76.720427	542.777379	0.001731	0.9
141	-0.390411	77.720427	537.279252	0.000555	0.8
142	-0.390309	78.720427	531.891397	0.000494	0.9
143	-0.398383	78.724716	531.868521	0.000650	0.7
144	-0.408541	78.694839	532.027915	0.000304	0.7
145	-0.386971	78.669669	532.162269	0.000378	0.7
146	-0.406696	78.641069	532.315021	0.001231	0.8
147	-0.401936	79.578517	527.353544	0.000852	0.8
148	-0.374816	80.578517	522.161958	0.001023	0.8
149	-0.396666	80.548639	522.315590	0.001956	0.8
150	-0.381031	81.548639	517.222245	0.000770	0.9
151	-0.389843	82.548639	512.227276	0.000635	0.8
152	-0.386285	82.518763	512.375108	0.000655	0.9
153	-0.400609	82.488934	512.522791	0.000880	0.8
154	-0.397363	83.488533	507.619695	0.000416	1.0
155	-0.404974	84.459722	502.944975	0.000658	0.6
156	-0.390224	84.437752	503.049773	0.000797	0.8
157	-0.383408	85.437752	498.323539	0.000777	0.9
158	-0.386766	86.437752	493.685285	0.000989	0.9
159	-0.408210	87.437752	489.132579	0.000799	0.7
160	-0.410556	88.437752	484.663074	0.001110	1.0
161	-0.396008	88.407874	484.795430	0.000845	0.8
162	-0.397393	89.407874	480.404480	0.002125	0.9
163	-0.393618	90.407874	476.092357	0.001157	0.9
164	-0.391766	91.407874	471.856956	0.000446	0.8
165	-0.381763	91.377996	471.982409	0.000649	0.8
166	-0.392559	91.348293	472.107196	0.000668	0.9
167	-0.395116	92.260774	468.303683	0.000936	0.9
168	-0.379810	93.246187	464.264401	0.000188	0.8
169	-0.388994	94.232373	460.291115	0.000892	1.0
170	-0.397849	94.205420	460.398801	0.000841	0.9
171	-0.401766	95.205396	456.436956	0.001337	0.9
172	-0.381906	96.205396	452.542622	0.000845	1.1
173	-0.395974	97.205396	448.714179	0.000252	0.9
174	-0.398389	98.149955	445.157009	0.000466	0.9
175	-0.389979	98.120575	445.266801	0.000276	0.8
176	-0.407191	98.881620	442.440111	0.000600	0.8
177	-0.381589	98.851900	442.549825	0.000333	1.0
178	-0.395657	99.733596	439.317964	0.000456	0.9
179	-0.388992	99.704219	439.424884	0.001532	0.8
180	-0.390299	100.704219	435.814287	0.000685	0.8
181	-0.385425	101.704219	432.262540	0.000625	0.8
182	-0.385597	101.674341	432.367820	0.000610	0.8
183	-0.397867	102.674269	428.872050	0.000363	1.0
184	-0.388453	102.644821	428.974195	0.000867	0.8
185	-0.392653	103.644723	425.532956	0.001427	0.9
186	-0.411639	104.644723	422.146161	0.001070	1.0
187	-0.385200	105.644723	418.812850	0.000935	0.9
188	-0.382484	106.644723	415.531768	0.001029	0.9
189	-0.393223	107.644723	412.301696	0.000167	0.9
190	-0.377978	107.643415	412.305888	0.000696	0.9
191	-0.396176	107.697207	412.133555	0.001065	0.9
192	-0.397952	108.697207	408.955896	0.000724	0.9
193	-0.388633	109.697207	405.826863	0.000436	0.9
194	-0.382523	109.669088	405.914192	0.001113	0.8
195	-0.391978	110.665433	402.842538	0.000518	1.1
196	-0.392165	110.635650	402.933685	0.000934	0.9
197	-0.388097	110.605773	403.025157	0.001813	0.9
198	-0.396379	111.605773	399.985884	0.000548	0.7
199	-0.394355	112.605773	396.992109	0.000842	0.8
