1:ItNr	2:Metric	3a:Time	3b:StepSize	4:||Gradient||	Time[ms]
0	-0.331920	0.000000	16538.739999	0.001209	69.7
1	-0.333708	0.000000	16538.739999	0.001667	3.1
2	-0.331866	1.000000	15786.979090	0.000986	3.3
3	-0.356169	0.969067	15809.207816	0.002783	3.0
4	-0.338751	0.938133	15831.499228	0.002903	3.4
5	-0.363110	0.907200	15853.853591	0.001597	3.4
6	-0.379095	1.907200	15161.763172	0.005132	3.5
7	-0.365553	2.907200	14527.570827	0.001081	3.5
8	-0.374586	2.876267	14546.392305	0.001961	3.6
9	-0.372842	2.845333	14565.262615	0.001532	3.4
10	-0.367968	2.814400	14584.181948	0.001003	3.6
11	-0.355105	2.783466	14603.150495	0.001035	3.6
12	-0.364498	3.783466	14013.920957	0.002048	3.5
13	-0.363847	4.783466	13470.397417	0.003947	3.6
14	-0.364331	5.783466	12967.460374	0.001668	3.7
15	-0.366495	6.783466	12500.727384	0.000382	3.4
16	-0.369865	7.783466	12066.425025	0.000453	3.6
17	-0.373357	8.783466	11661.286942	0.000762	3.6
18	-0.365347	8.752532	11673.411047	0.001909	3.6
19	-0.341014	9.749993	11294.751784	0.001133	3.7
20	-0.356040	10.749993	10939.011494	0.002040	3.5
21	-0.355147	10.719060	10949.679540	0.001509	3.5
22	-0.364557	10.688126	10960.368415	0.002994	3.5
23	-0.349121	10.657193	10971.078179	0.001492	3.8
24	-0.372710	11.657193	10635.131419	0.001658	3.6
25	-0.346792	12.657193	10319.147511	0.002057	3.5
26	-0.335792	12.626260	10328.640268	0.000543	3.5
27	-0.348701	13.626260	10030.351041	0.000206	3.3
28	-0.335177	13.595326	10039.319663	0.000683	3.3
29	-0.346721	14.595304	9757.285393	0.001089	3.4
30	-0.339166	14.564371	9765.772135	0.001809	3.6
31	-0.347793	15.564371	9498.687759	0.003701	3.5
32	-0.325763	15.533437	9506.730428	0.001833	3.7
33	-0.327350	15.502504	9514.786729	0.001428	3.6
34	-0.317826	15.471571	9522.856696	0.000892	4.1
35	-0.335475	16.471571	9268.721186	0.000978	5.1
36	-0.357642	16.440661	9276.373120	0.001236	4.4
37	-0.358099	16.409727	9284.043569	0.002218	4.5
38	-0.333060	17.409727	9042.332831	0.001423	3.7
39	-0.329644	18.409727	8812.888646	0.003465	3.9
40	-0.336553	18.378794	8819.811465	0.001833	3.7
41	-0.342339	19.378794	8601.384648	0.000699	3.7
42	-0.351504	19.347861	8607.979044	0.002117	3.7
43	-0.332822	19.316927	8614.583559	0.001905	3.7
44	-0.364242	20.316927	8406.083457	0.000717	3.6
45	-0.344049	21.316927	8207.437573	0.002252	3.8
46	-0.335428	22.316927	8017.963433	0.001691	3.4
47	-0.352499	23.316927	7837.040163	0.003878	4.1
48	-0.340769	24.316927	7664.101691	0.003035	3.5
49	-0.333646	25.316927	7498.630834	0.002340	3.6
50	-0.351281	26.316927	7340.154127	0.001213	3.9
51	-0.353081	26.285994	7344.955880	0.000983	3.8
52	-0.354474	27.285994	7192.842290	0.001389	3.7
53	-0.344637	28.285994	7046.901391	0.004584	3.7
54	-0.355501	29.285994	6906.764927	0.000255	3.8
55	-0.354256	30.285994	6772.093365	0.000771	3.7
56	-0.361778	30.255061	6776.180447	0.001396	3.6
57	-0.365438	30.224127	6780.272465	0.001955	3.7
58	-0.354876	31.224127	6650.442196	0.001013	3.9
59	-0.362940	32.224127	6525.490553	0.002366	3.8
60	-0.363793	32.193194	6529.285312	0.000859	3.6
61	-0.354477	33.193194	6408.803664	0.000691	3.7
62	-0.354735	34.193194	6292.687832	0.000385	3.7
63	-0.357013	34.162261	6296.216585	0.001618	3.4
64	-0.358967	34.131327	6299.749298	0.001005	3.6
65	-0.361169	35.131327	6187.516974	0.000631	4.0
66	-0.365317	35.100394	6190.928727	0.001635	3.9
67	-0.357563	36.100394	6082.506905	0.000974	4.2
68	-0.358313	37.100394	5977.817307	0.000428	4.0
69	-0.367484	37.072480	5980.690724	0.000877	4.1
70	-0.358929	37.041546	5983.878145	0.001765	3.8
71	-0.354653	38.041546	5882.527850	0.001600	3.9
72	-0.357244	39.041546	5784.553560	0.002153	3.7
73	-0.356096	40.041546	5689.789356	0.002520	3.7
74	-0.365010	41.041546	5598.080014	0.002623	3.6
75	-0.361539	42.041546	5509.280162	0.000834	3.8
76	-0.363990	43.041546	5423.253504	0.001582	3.9
77	-0.362422	44.041546	5339.872130	0.001524	3.9
78	-0.368484	45.041546	5259.015875	0.000945	3.7
79	-0.358430	46.041546	5180.571743	0.001576	3.9
80	-0.363320	47.041546	5104.433383	0.001248	3.5
81	-0.359995	48.041546	5030.500604	0.001266	3.8
82	-0.358937	48.014245	5032.490610	0.001001	3.8
83	-0.354439	49.014245	4960.612514	0.000147	3.8
84	-0.363518	48.983312	4962.805157	0.000803	3.6
85	-0.366637	48.952378	4964.999739	0.001999	3.6
86	-0.362138	49.952378	4895.023230	0.001743	3.7
87	-0.366769	50.952378	4826.991800	0.000557	3.6
88	-0.358729	51.952378	4760.825461	0.001282	3.7
89	-0.361591	52.952378	4696.448552	0.001287	3.8
90	-0.367956	53.952378	4633.789453	0.000548	3.6
91	-0.366336	54.952378	4572.780310	0.001059	3.9
92	-0.364667	54.921445	4574.643440	0.001060	3.6
93	-0.366827	55.921445	4515.171813	0.001616	3.7
94	-0.357884	56.921445	4457.226638	0.001096	3.9
95	-0.371664	57.921445	4400.749889	0.000739	3.9
96	-0.358342	57.890512	4402.475445	0.001202	3.9
97	-0.366188	58.890512	4347.369083	0.001423	3.7
98	-0.356985	59.890512	4293.625213	0.000890	3.8
99	-0.358069	60.890512	4241.193923	0.000806	3.8
100	-0.364603	60.859578	4242.796599	0.000837	3.8
101	-0.365229	61.859578	4191.591954	0.000787	4.1
102	-0.358925	62.859578	4141.608493	0.001317	3.7
103	-0.363494	63.859578	4092.803060	0.001127	3.9
104	-0.360541	64.859578	4045.134492	0.001197	3.9
105	-0.362490	65.859578	3998.563526	0.001973	3.8
106	-0.361024	66.859578	3953.052682	0.001015	3.8
107	-0.360955	67.859578	3908.566170	0.000859	3.7
108	-0.365226	68.859578	3865.069792	0.000628	3.8
109	-0.365073	68.828645	3866.400766	0.000360	3.7
110	-0.362834	69.828637	3823.832993	0.000648	3.9
111	-0.364191	70.828637	3782.192029	0.002048	3.9
112	-0.361879	71.828637	3741.448223	0.001900	3.7
113	-0.363837	72.828637	3701.572889	0.001290	3.8
114	-0.364838	73.828637	3662.538553	0.001587	3.7
115	-0.363180	74.828637	3624.318887	0.001583	3.6
116	-0.354266	75.828637	3586.888649	0.001214	3.7
117	-0.363569	76.828637	3550.223632	0.001118	3.7
118	-0.357294	77.828637	3514.300607	0.001081	3.7
119	-0.357785	78.828637	3479.097276	0.001547	3.7
120	-0.361262	79.828637	3444.592225	0.001540	3.7
121	-0.364688	80.828637	3410.764882	0.001159	3.7
122	-0.363152	81.828637	3377.595475	0.001079	3.7
123	-0.364695	82.828637	3345.064994	0.000962	3.5
124	-0.364462	83.828637	3313.155155	0.000935	3.7
125	-0.364858	84.828637	3281.848363	0.002015	3.8
126	-0.360170	85.828637	3251.127683	0.001385	3.8
127	-0.363933	86.828637	3220.976809	0.001067	4.0
128	-0.361479	86.797705	3221.901066	0.000491	3.9
129	-0.367599	87.797705	3192.287380	0.000736	4.1
130	-0.368146	88.797705	3163.213117	0.000385	3.9
131	-0.360710	89.797705	3134.663671	0.000771	3.8
132	-0.359699	89.766771	3135.539075	0.001528	3.7
133	-0.357198	90.766771	3107.484770	0.001159	3.7
134	-0.367250	91.766771	3079.928028	0.000424	3.6
135	-0.362261	92.766771	3052.855730	0.000738	3.7
136	-0.361824	93.766771	3026.255210	0.001220	3.8
137	-0.363647	94.766771	3000.114244	0.000980	3.7
138	-0.364417	95.766771	2974.421025	0.000709	3.8
139	-0.364392	96.766771	2949.164147	0.001207	3.8
140	-0.364644	97.766771	2924.332587	0.002278	3.8
141	-0.358526	98.766771	2899.915693	0.000893	3.9
142	-0.364156	99.766771	2875.903163	0.001253	3.4
143	-0.362583	99.735838	2876.639990	0.000416	3.9
144	-0.360948	100.735838	2853.009808	0.000377	3.9
145	-0.357055	101.735837	2829.764711	0.000299	4.3
146	-0.365467	102.474729	2812.830959	0.000435	3.9
147	-0.361919	103.474720	2790.233544	0.001087	3.8
148	-0.355351	104.474720	2767.996128	0.001113	4.0
149	-0.369816	105.474720	2746.110362	0.001137	3.8
150	-0.365749	106.474720	2724.567971	0.001276	4.0
151	-0.363131	107.474720	2703.360935	0.001462	3.7
152	-0.362103	108.474720	2682.481485	0.000863	3.4
153	-0.366667	109.474720	2661.922089	0.000246	3.5
154	-0.356470	110.474712	2641.675601	0.000576	3.7
155	-0.365397	111.220945	2626.766437	0.000698	3.4
156	-0.365148	112.220945	2607.049068	0.000854	3.6
157	-0.365280	113.220945	2587.625505	0.000262	3.4
158	-0.364295	114.220945	2568.489227	0.000457	3.6
159	-0.359067	114.190011	2569.076933	0.000513	3.5
160	-0.370084	115.190011	2550.213017	0.000438	3.3
161	-0.362044	116.190011	2531.624106	0.000312	3.5
162	-0.369082	117.113121	2514.703444	0.000556	3.6
163	-0.362846	118.113043	2496.628161	0.001137	3.5
164	-0.362983	119.113043	2478.809491	0.000960	3.4
165	-0.369572	120.113043	2461.243365	0.000766	3.4
166	-0.360900	121.113043	2443.924452	0.001107	3.5
167	-0.367899	122.113043	2426.847571	0.000984	3.4
168	-0.367289	123.113043	2410.007682	0.000962	3.5
169	-0.365568	124.113043	2393.399887	0.000678	3.4
170	-0.364754	125.113043	2377.019420	0.000661	3.7
171	-0.367132	126.113043	2360.861645	0.000550	3.6
172	-0.365376	127.113043	2344.922052	0.000536	3.6
173	-0.368250	128.113043	2329.196251	0.000807	3.3
174	-0.363999	129.113043	2313.679969	0.001250	3.4
175	-0.364969	130.113043	2298.369048	0.000873	3.5
176	-0.367100	131.113043	2283.259436	0.000510	3.5
177	-0.366112	132.113043	2268.347189	0.000264	3.5
178	-0.364701	133.111254	2253.654621	0.000442	3.5
179	-0.361572	134.111008	2239.128894	0.000850	3.3
180	-0.360589	135.111008	2224.785710	0.001469	3.6
181	-0.362871	136.111008	2210.625113	0.001027	3.4
182	-0.364073	137.111008	2196.643638	0.000528	3.6
183	-0.365637	138.111008	2182.837908	0.000728	3.5
184	-0.365602	139.111008	2169.204630	0.000757	3.4
185	-0.359536	140.111008	2155.740592	0.000858	3.5
186	-0.366466	141.111008	2142.442664	0.001258	3.6
187	-0.363105	142.111008	2129.307789	0.001272	3.3
188	-0.362385	143.111008	2116.332987	0.000846	3.4
189	-0.367616	144.111008	2103.515350	0.000593	3.5
190	-0.371569	145.111008	2090.852039	0.000628	3.5
191	-0.363772	146.111008	2078.340284	0.000942	3.3
192	-0.355929	147.111008	2065.977380	0.001153	3.6
193	-0.365000	148.111008	2053.760686	0.001420	3.3
194	-0.369619	149.111008	2041.687625	0.001823	3.5
195	-0.360189	150.111008	2029.755677	0.001133	3.6
196	-0.361699	151.111008	2017.962383	0.000235	3.4
197	-0.363648	152.111008	2006.305340	0.000290	3.3
198	-0.365998	152.080080	2006.663856	0.000382	3.3
199	-0.371737	153.057031	1995.400810	0.000507	3.5
