1:ItNr	2:Metric	3a:Time	3b:StepSize	4:||Gradient||	Time[ms]
0	-0.617122	0.000000	8593.140964	0.000321	59.1
1	-0.613477	0.000000	8593.140964	0.001314	3.1
2	-0.597426	0.000000	8593.140964	0.007250	3.4
3	-0.653203	0.000000	8593.140964	0.002536	3.2
4	-0.572614	1.000000	8202.543648	0.003876	3.1
5	-0.620944	0.983770	8208.599178	0.002219	3.1
6	-0.624347	0.967541	8214.663655	0.002501	3.1
7	-0.624960	1.967541	7856.999608	0.003534	3.1
8	-0.640223	2.967541	7529.181263	0.003657	3.2
9	-0.737364	2.951311	7534.283072	0.003303	3.2
10	-0.657756	3.951311	7232.323670	0.002624	3.1
11	-0.700601	4.951311	6953.635493	0.004211	3.3
12	-0.628416	5.951311	6695.628179	0.003130	3.7
13	-0.670723	6.951311	6456.082059	0.003500	3.3
14	-0.637438	7.951311	6233.084145	0.003673	3.3
15	-0.705534	8.951311	6024.976926	0.004285	3.4
16	-0.641421	9.951311	5830.317099	0.002983	3.1
17	-0.685660	10.951311	5647.842050	0.001276	3.1
18	-0.663988	11.951311	5476.442437	0.001847	3.3
19	-0.685953	12.951311	5315.139612	0.006390	3.5
20	-0.643066	13.951311	5163.066932	0.005126	3.4
21	-0.712011	13.935082	5165.465498	0.001691	3.5
22	-0.720770	13.918852	5167.866294	0.002686	3.5
23	-0.742543	14.918677	5024.014621	0.000671	3.2
24	-0.733453	14.902448	5026.285702	0.000662	3.4
25	-0.729177	15.902448	4890.081032	0.000891	3.3
26	-0.723925	16.902448	4761.063481	0.002484	3.3
27	-0.721215	17.902448	4638.678804	0.003230	3.3
28	-0.769030	17.886218	4640.614800	0.001225	3.8
29	-0.769372	17.869989	4642.552412	0.001358	3.3
30	-0.760064	18.869989	4526.110132	0.000955	3.6
31	-0.763418	19.869989	4415.366032	0.000862	3.3
32	-0.775287	20.869989	4309.911835	0.001296	3.8
33	-0.766688	21.869989	4209.377360	0.001843	3.4
34	-0.763970	22.869989	4113.426176	0.002183	3.2
35	-0.772387	23.869989	4021.751846	0.003255	3.3
36	-0.745728	24.869989	3934.074653	0.004873	3.3
37	-0.746356	25.869989	3850.138754	0.005920	3.4
38	-0.736852	26.869989	3769.709682	0.001715	3.2
39	-0.758139	27.869989	3692.572163	0.005408	3.3
40	-0.729811	27.853759	3693.798859	0.003807	3.3
41	-0.763430	28.853759	3619.706174	0.000484	3.4
42	-0.775392	29.853759	3548.527441	0.000729	3.3
43	-0.772913	30.853759	3480.094072	0.000929	3.3
44	-0.766187	31.853759	3414.250240	0.000737	3.4
45	-0.769857	32.853759	3350.851690	0.001233	3.5
46	-0.759907	33.853759	3289.764688	0.001231	3.2
47	-0.782569	34.853759	3230.865077	0.000810	3.3
48	-0.771208	35.853759	3174.037438	0.001062	3.6
49	-0.767179	36.853759	3119.174323	0.000668	3.3
50	-0.778898	37.853759	3066.175596	0.000403	3.2
51	-0.770829	38.853716	3014.949991	0.000265	3.2
52	-0.778361	38.838956	3015.693635	0.000572	3.1
53	-0.781129	38.831074	3016.090918	0.000842	3.3
54	-0.766590	39.831074	2966.509500	0.000524	3.4
55	-0.767791	39.833400	2966.396118	0.001251	3.3
56	-0.774315	40.833400	2918.422108	0.000876	3.4
57	-0.751895	41.833400	2871.975121	0.000469	3.1
58	-0.763239	41.817170	2872.717128	0.001112	3.5
59	-0.773812	42.817170	2827.702328	0.000733	3.3
60	-0.772540	43.817170	2784.076506	0.000237	3.4
61	-0.781555	43.800941	2784.773768	0.000455	3.4
62	-0.773634	43.785375	2785.442878	0.001085	3.7
63	-0.777514	44.785375	2743.101508	0.000765	3.2
64	-0.770322	45.785375	2702.028121	0.000290	3.5
65	-0.772393	45.769145	2702.684895	0.000895	3.4
66	-0.765985	46.769127	2662.804837	0.000652	3.5
67	-0.779616	47.769127	2624.083903	0.000745	3.6
68	-0.768975	47.752966	2624.700733	0.001249	3.4
69	-0.770743	48.752966	2587.072215	0.000595	3.1
70	-0.764944	49.752966	2550.507356	0.000192	3.4
71	-0.777102	49.747294	2550.711837	0.000482	3.3
72	-0.771188	49.731150	2551.294030	0.001107	3.4
73	-0.767741	50.731150	2515.726581	0.000654	3.2
74	-0.760665	51.731150	2481.137185	0.000514	3.3
75	-0.771032	51.714920	2481.690959	0.000224	3.3
76	-0.769640	52.650862	2450.154091	0.000341	3.4
77	-0.767018	53.266649	2429.838455	0.000940	3.2
78	-0.769730	54.266649	2397.555390	0.000298	3.2
79	-0.776307	55.266649	2366.118915	0.000348	3.5
80	-0.771337	55.251345	2366.593791	0.000451	3.3
81	-0.769802	55.243049	2366.851307	0.001197	3.3
82	-0.767685	56.243049	2336.209698	0.000924	3.3
83	-0.777376	57.243049	2306.351331	0.000446	3.0
84	-0.776649	57.226838	2306.829273	0.001190	3.4
85	-0.775024	58.226838	2277.712509	0.000579	3.3
86	-0.784878	59.226838	2249.321604	0.000341	3.3
87	-0.776675	59.210609	2249.776718	0.000220	3.1
88	-0.777272	59.194764	2250.221237	0.000700	3.2
89	-0.769115	60.182462	2222.844135	0.000464	3.3
90	-0.776735	61.182462	2195.796466	0.000406	3.4
91	-0.764688	61.166233	2196.230180	0.000884	3.5
92	-0.766916	62.166233	2169.822465	0.000699	3.4
93	-0.776065	63.166233	2144.042263	0.000409	3.3
94	-0.774412	64.166232	2118.867483	0.000210	3.4
95	-0.766585	64.403867	2112.971770	0.000566	3.2
96	-0.773018	64.387902	2113.366835	0.001339	3.4
97	-0.776094	65.387902	2088.903146	0.000697	3.3
98	-0.778450	66.387902	2064.999343	0.000402	3.3
99	-0.772077	66.371676	2065.382828	0.000367	3.2
100	-0.769267	66.355449	2065.766510	0.001278	3.2
101	-0.762274	67.355449	2042.386328	0.000755	3.2
102	-0.775978	68.355449	2019.529452	0.000568	3.3
103	-0.766911	68.339219	2019.896324	0.001133	3.3
104	-0.771217	69.339219	1997.537305	0.000684	3.3
105	-0.778756	70.339219	1975.667868	0.000452	3.5
106	-0.763328	70.322990	1976.018975	0.001164	3.2
107	-0.770785	71.322990	1954.615650	0.000447	3.3
108	-0.769483	72.322990	1933.671018	0.000599	3.2
109	-0.762005	72.306761	1934.007342	0.000433	3.1
110	-0.775220	72.290531	1934.343793	0.001070	3.2
111	-0.768959	73.290531	1913.829074	0.000444	3.2
112	-0.771826	74.290531	1893.744926	0.000116	3.4
113	-0.765959	74.276186	1894.030068	0.000493	3.1
114	-0.775329	74.261813	1894.315827	0.001267	3.3
115	-0.765897	75.261813	1874.637039	0.000613	3.3
116	-0.777496	76.261813	1855.362907	0.000864	3.2
117	-0.761485	76.245584	1855.672553	0.000074	3.2
118	-0.771359	76.232077	1855.930316	0.000329	3.1
119	-0.766021	76.237088	1855.834691	0.000631	3.4
120	-0.774917	76.220864	1856.144380	0.000334	3.2
121	-0.774208	77.220566	1837.252290	0.000416	3.8
122	-0.772411	77.206178	1837.521465	0.000493	3.6
123	-0.771937	78.081717	1821.284154	0.000573	3.4
124	-0.782171	79.081716	1803.086188	0.000629	3.3
125	-0.777952	80.081716	1785.248282	0.000545	3.3
126	-0.776596	81.081716	1767.759859	0.000347	3.2
127	-0.765866	81.065487	1768.040946	0.000868	3.2
128	-0.774043	82.065484	1750.886451	0.000347	3.2
129	-0.773011	83.065484	1734.061600	0.000511	3.4
130	-0.776906	83.049264	1734.331923	0.001087	3.3
131	-0.773779	84.049264	1717.822222	0.000640	3.3
132	-0.771958	85.049264	1701.623880	0.000235	3.2
133	-0.774899	85.044393	1701.702048	0.000211	3.4
134	-0.772458	85.030115	1701.931197	0.000625	3.2
135	-0.778749	86.012330	1686.309983	0.000579	3.4
136	-0.775169	87.012330	1670.697784	0.000573	3.4
137	-0.776559	88.012330	1655.372015	0.000519	3.2
138	-0.768315	89.012330	1640.324868	0.000463	3.2
139	-0.772445	88.996316	1640.563673	0.000618	3.2
140	-0.780993	89.996285	1625.783781	0.000444	3.2
141	-0.773946	90.996284	1611.267384	0.000429	3.3
142	-0.776647	91.995009	1597.025934	0.000235	3.3
143	-0.772739	91.997304	1596.993504	0.000126	3.3
144	-0.773984	91.996737	1597.001523	0.000332	3.2
145	-0.771400	91.981636	1597.214975	0.000336	3.3
146	-0.781751	92.327787	1592.336406	0.000413	3.2
147	-0.769398	93.317596	1578.549290	0.000563	3.2
148	-0.780586	94.317577	1564.860836	0.000428	3.7
149	-0.772548	95.317563	1551.407674	0.000219	3.4
150	-0.774496	95.301359	1551.623837	0.000600	3.2
151	-0.774702	96.278602	1538.694677	0.000550	3.3
152	-0.772332	97.278602	1525.685609	0.000265	3.3
153	-0.782396	98.272879	1512.967251	0.000525	3.3
154	-0.778164	99.262326	1500.519460	0.000952	3.3
155	-0.767908	100.262326	1488.145300	0.000516	3.2
156	-0.782447	101.262326	1475.973560	0.000294	3.4
157	-0.765026	101.246104	1476.169423	0.000569	3.5
158	-0.772438	102.245071	1464.204283	0.000294	3.6
159	-0.767036	103.243947	1452.432609	0.000279	3.5
160	-0.779923	103.227976	1452.619335	0.000657	3.5
161	-0.771284	104.226112	1441.040993	0.000474	3.3
162	-0.771333	105.226112	1429.624647	0.000572	3.2
163	-0.776244	105.209882	1429.808485	0.000494	3.6
164	-0.765670	106.209882	1418.568727	0.000696	3.6
165	-0.763787	107.209882	1407.504302	0.001101	3.5
166	-0.767213	108.209882	1396.611139	0.000277	3.0
167	-0.772858	109.209882	1385.885294	0.000114	3.0
168	-0.776744	109.196489	1386.027849	0.000219	3.1
169	-0.778035	109.184213	1386.158551	0.000523	3.0
170	-0.777381	110.128918	1376.172113	0.000374	3.1
171	-0.770023	111.117492	1365.874857	0.000283	3.2
172	-0.776556	111.120857	1365.840070	0.000182	3.1
173	-0.772197	111.105345	1366.000451	0.000608	3.0
174	-0.771842	111.960898	1357.210750	0.000138	2.9
175	-0.775668	112.313538	1353.620669	0.000456	3.0
176	-0.774270	112.297621	1353.782306	0.000121	3.1
177	-0.784622	112.282036	1353.940607	0.000570	3.4
178	-0.766202	112.593903	1350.779910	0.000457	3.1
179	-0.775149	113.593900	1340.743977	0.000286	3.2
180	-0.778014	113.578288	1340.899504	0.000653	3.2
181	-0.773552	114.565984	1331.130088	0.000327	3.2
182	-0.771872	115.565908	1321.383671	0.000559	3.3
183	-0.769754	115.549678	1321.540722	0.000624	3.2
184	-0.771018	116.549678	1311.932988	0.000553	3.1
185	-0.782121	117.549678	1302.463945	0.000805	2.9
186	-0.773564	118.549678	1293.130610	0.000516	3.2
187	-0.778035	119.549678	1283.930086	0.000234	3.1
188	-0.770440	119.533484	1284.078041	0.000693	3.2
189	-0.773053	120.528146	1275.053514	0.000486	3.1
190	-0.775272	121.528146	1266.107537	0.000509	3.1
191	-0.773669	121.511917	1266.251723	0.000722	3.2
192	-0.766358	122.511917	1257.428402	0.000456	3.2
193	-0.768979	123.511917	1248.727193	0.000674	3.4
194	-0.782571	124.511917	1240.145579	0.000471	3.6
195	-0.777757	125.511917	1231.681110	0.000338	3.2
196	-0.767193	125.495687	1231.817560	0.000229	3.2
197	-0.779499	125.792941	1229.323149	0.000279	3.3
198	-0.769915	126.004699	1227.552326	0.000541	3.4
199	-0.776610	127.000719	1219.291102	0.000352	3.5
