1:ItNr	2:Metric	3a:Time	3b:StepSize	4:||Gradient||	Time[ms]
0	-0.171249	0.000000	2309.776776	0.002889	16.9
1	-0.189026	0.000000	2309.776776	0.001545	0.9
2	-0.193970	0.000000	2309.776776	0.000992	0.7
3	-0.193522	0.000000	2309.776776	0.000214	0.8
4	-0.191891	0.764654	2228.627780	0.000917	0.7
5	-0.194989	0.703187	2234.939653	0.000641	0.8
6	-0.183350	0.640733	2241.389555	0.001388	0.8
7	-0.171040	1.640733	2142.391468	0.001946	0.8
8	-0.201681	1.578338	2148.311876	0.002171	0.8
9	-0.178525	2.578338	2057.198081	0.001567	0.8
10	-0.193254	2.512207	2062.984211	0.001337	0.7
11	-0.193007	2.446076	2068.802981	0.000749	0.8
12	-0.201056	2.433634	2069.901458	0.001931	0.6
13	-0.187299	3.433634	1985.186204	0.001304	0.7
14	-0.186220	4.433634	1907.132622	0.000547	0.7
15	-0.174332	5.433634	1834.984667	0.000791	0.7
16	-0.196953	6.433632	1768.096622	0.001175	0.9
17	-0.188844	7.433632	1705.913338	0.000724	0.8
18	-0.179071	8.433632	1647.955376	0.001426	0.9
19	-0.205837	8.367501	1651.666316	0.001636	1.1
20	-0.172029	9.367501	1597.277043	0.001042	1.1
21	-0.179013	10.367501	1546.355643	0.000660	1.0
22	-0.189141	10.303396	1549.522390	0.001284	1.0
23	-0.189860	11.303396	1501.554603	0.000506	1.2
24	-0.190078	11.237354	1504.630708	0.001052	1.4
25	-0.172789	11.275903	1502.833644	0.001006	1.2
26	-0.193598	12.042495	1467.967601	0.000597	1.2
27	-0.174765	11.976364	1470.911475	0.001220	1.5
28	-0.187004	11.910233	1473.867180	0.001175	1.3
29	-0.167880	11.844102	1476.834787	0.001604	1.1
30	-0.203341	12.844102	1433.198386	0.004005	1.6
31	-0.172933	13.844102	1392.066651	0.001348	1.5
32	-0.168779	14.844102	1353.229950	0.001008	1.5
33	-0.188873	14.779117	1355.687806	0.001154	1.0
34	-0.186806	14.712986	1358.198183	0.001303	1.0
35	-0.178340	14.646855	1360.717875	0.001634	1.0
36	-0.180321	15.646855	1323.587325	0.000288	1.4
37	-0.187956	16.646840	1288.429832	0.000712	1.3
38	-0.179193	16.582070	1290.650352	0.000413	1.2
39	-0.181529	16.629998	1289.006508	0.000584	1.3
40	-0.181451	16.584078	1290.581424	0.002112	1.2
41	-0.186736	16.517946	1292.856269	0.001248	1.2
42	-0.177651	17.517946	1259.291233	0.001316	1.2
43	-0.190250	17.451815	1261.457015	0.001639	1.3
44	-0.182940	18.451815	1229.482390	0.001898	1.2
45	-0.187632	19.451815	1199.088639	0.000982	1.2
46	-0.202875	20.451815	1170.161350	0.000928	1.2
47	-0.179997	20.385684	1172.031176	0.001395	1.4
48	-0.188271	21.385684	1144.379595	0.002255	1.1
49	-0.188499	22.385684	1118.002701	0.002500	1.1
50	-0.182695	23.385684	1092.814339	0.000763	1.2
51	-0.181792	24.385684	1068.735946	0.002385	1.5
52	-0.191050	24.319553	1070.295463	0.001583	1.3
53	-0.180918	25.319553	1047.188689	0.002411	1.4
54	-0.182770	25.253422	1048.685912	0.000954	1.2
55	-0.173075	26.253422	1026.493109	0.001160	1.0
56	-0.185263	26.187291	1027.931697	0.001139	0.9
57	-0.174191	27.187291	1006.599688	0.001385	1.2
58	-0.175975	28.187291	986.135059	0.001528	1.1
59	-0.186298	29.187291	966.485960	0.000829	0.8
60	-0.182047	30.187291	947.604594	0.002064	1.0
61	-0.195215	30.121160	948.830429	0.002886	1.0
62	-0.179505	31.121160	930.626106	0.000645	1.1
63	-0.178626	32.121160	913.107172	0.001917	1.1
64	-0.193674	32.055029	914.245325	0.003192	1.2
65	-0.180783	33.055029	897.332092	0.001212	1.2
66	-0.176546	34.055029	881.033270	0.001614	1.2
67	-0.179293	33.988898	882.092823	0.001471	1.2
68	-0.188955	34.988898	866.338042	0.001686	1.0
69	-0.176463	35.988898	851.136168	0.001205	1.4
70	-0.183809	36.988898	836.458597	0.000810	1.2
71	-0.174981	36.922767	837.413591	0.001859	1.1
72	-0.182996	37.922767	823.201537	0.001648	1.0
73	-0.174994	38.922767	809.463827	0.001974	1.1
74	-0.181844	39.922767	796.177106	0.002189	0.9
75	-0.179735	40.922767	783.319523	0.001627	0.8
76	-0.176477	41.922767	770.870619	0.001535	0.7
77	-0.186317	42.922767	758.811212	0.001380	0.8
78	-0.187400	43.922767	747.123306	0.001463	0.8
79	-0.181112	44.922767	735.789994	0.002261	0.7
80	-0.172689	45.922767	724.795380	0.001778	0.8
81	-0.192303	46.922767	714.124504	0.001120	0.8
82	-0.194260	46.856636	714.820469	0.001520	0.9
83	-0.182152	47.856636	704.439182	0.001793	0.8
84	-0.177455	48.856636	694.355113	0.001671	0.8
85	-0.181642	49.856636	684.555676	0.002115	0.7
86	-0.183803	50.856636	675.028989	0.000832	0.9
87	-0.184634	51.856636	665.763821	0.001497	0.7
88	-0.192006	51.790505	666.368675	0.001604	0.9
89	-0.175704	52.790505	657.338128	0.001595	1.0
90	-0.175826	53.790505	648.549069	0.001542	1.0
91	-0.192345	54.790505	639.991941	0.002345	0.9
92	-0.182093	55.790505	631.657682	0.003150	0.8
93	-0.175872	56.790505	623.537698	0.001102	1.1
94	-0.179096	57.790505	615.623829	0.002198	0.9
95	-0.204147	57.724374	616.140973	0.002749	1.0
96	-0.175932	58.724374	608.412584	0.002090	0.8
97	-0.183050	59.724374	600.875671	0.002020	0.9
98	-0.188750	60.724374	593.523205	0.001751	0.9
99	-0.180412	61.724374	586.348498	0.002957	0.9
100	-0.183398	62.724374	579.345179	0.001573	0.9
101	-0.179283	63.724374	572.507180	0.001626	1.0
102	-0.181661	63.658243	572.954396	0.001580	0.9
103	-0.193220	64.658243	566.265554	0.002078	1.0
104	-0.177237	65.658243	559.731086	0.001530	1.0
105	-0.181997	66.658243	553.345707	0.000665	1.1
106	-0.179565	66.592112	553.763477	0.001708	1.2
107	-0.181946	67.592112	547.512768	0.002917	1.0
108	-0.187650	68.592112	541.401596	0.000837	1.3
109	-0.184063	69.592112	535.425341	0.001590	1.3
110	-0.172613	69.525981	535.816480	0.001335	1.1
111	-0.175787	70.525981	529.962225	0.002522	1.0
112	-0.188466	71.525981	524.234512	0.001693	1.0
113	-0.184671	72.525981	518.629283	0.001267	1.1
114	-0.176978	72.459850	518.996259	0.002408	1.1
115	-0.183473	73.459850	513.501901	0.001826	1.1
116	-0.180757	74.459850	508.122656	0.001968	0.9
117	-0.174787	75.459850	502.854944	0.001617	0.9
118	-0.195575	76.459850	497.695333	0.001468	1.0
119	-0.188627	77.459850	492.640528	0.002188	1.2
120	-0.175679	78.459850	487.687368	0.001838	1.1
121	-0.183334	79.459850	482.832818	0.001505	1.0
122	-0.187809	80.459850	478.073962	0.002395	1.0
123	-0.175183	81.459850	473.407998	0.001097	1.1
124	-0.190646	82.459850	468.832233	0.001462	1.1
125	-0.180120	82.393718	469.132100	0.001709	1.2
126	-0.188147	83.393718	464.638227	0.001981	1.1
127	-0.176674	84.393718	460.229632	0.001945	1.2
128	-0.184798	85.393718	455.903910	0.002409	1.1
129	-0.187424	86.393718	451.658747	0.001022	1.1
130	-0.184162	87.393718	447.491912	0.002810	1.0
131	-0.175442	87.327587	447.765093	0.001621	1.2
132	-0.191288	88.327587	443.669466	0.001389	1.0
133	-0.181639	88.261456	443.937999	0.001567	0.9
134	-0.176446	89.261456	439.911769	0.001685	1.1
135	-0.164677	90.261456	435.957913	0.002143	1.1
136	-0.181614	91.261456	432.074497	0.001774	1.0
137	-0.183336	92.261456	428.259655	0.002377	0.9
138	-0.181953	93.261456	424.511588	0.001294	0.9
139	-0.174473	94.261456	420.828556	0.001328	1.0
140	-0.188703	94.195325	421.070145	0.002141	1.1
141	-0.174725	95.195325	417.446331	0.002216	0.9
142	-0.190652	96.195325	413.884361	0.001599	1.0
143	-0.175862	97.195325	410.382662	0.001586	1.2
144	-0.176344	98.195325	406.939720	0.001279	1.0
145	-0.181720	99.195325	403.554066	0.000934	1.1
146	-0.184763	100.195325	400.224284	0.000555	1.0
147	-0.186596	100.129196	400.442782	0.000156	0.9
148	-0.183144	100.307108	399.855484	0.000914	1.0
149	-0.179313	101.107939	397.233076	0.001451	1.1
150	-0.178556	102.107939	394.006371	0.002254	1.3
151	-0.188399	103.107939	390.831663	0.002005	1.2
152	-0.179415	104.107939	387.707708	0.001903	1.1
153	-0.186307	105.107939	384.633296	0.002643	1.3
154	-0.180810	106.107939	381.607259	0.001819	1.5
155	-0.185730	107.107939	378.628464	0.001222	1.9
156	-0.179764	108.107939	375.695814	0.001924	2.1
157	-0.187434	109.107939	372.808244	0.002621	1.0
158	-0.178261	110.107939	369.964722	0.001594	0.9
159	-0.178697	111.107939	367.164249	0.000811	1.0
160	-0.179197	112.107939	364.405854	0.001687	0.9
161	-0.187426	113.107939	361.688596	0.001494	0.9
162	-0.195955	114.107939	359.011562	0.000731	0.8
163	-0.185829	114.041810	359.187367	0.002027	1.0
164	-0.189619	115.041810	356.547095	0.002742	0.9
165	-0.173623	116.041810	353.945355	0.001573	0.9
166	-0.179456	117.041810	351.381311	0.000363	0.9
167	-0.175961	116.975679	351.549726	0.000587	1.0
168	-0.186990	117.962197	349.054011	0.000990	1.0
169	-0.182942	118.961500	346.561820	0.001950	1.1
170	-0.191559	119.961500	344.103263	0.001691	1.2
171	-0.182119	120.961500	341.679344	0.002468	1.1
172	-0.183481	121.961500	339.289334	0.002225	1.2
173	-0.188626	122.961500	336.932528	0.003025	1.0
174	-0.179642	123.961500	334.608238	0.001657	1.1
175	-0.175453	124.961500	332.315797	0.002065	1.2
176	-0.182600	124.895369	332.466428	0.002516	1.2
177	-0.183631	125.895369	330.203140	0.002198	1.2
178	-0.184092	126.895369	327.970460	0.002654	1.3
179	-0.186660	127.895369	325.767769	0.001815	1.5
180	-0.192376	128.895369	323.594468	0.000549	1.4
181	-0.190948	128.829238	323.737295	0.000957	1.4
182	-0.180245	129.309654	322.702575	0.001791	1.4
183	-0.188232	130.309654	320.569845	0.002518	1.1
184	-0.177022	131.309654	318.465121	0.002194	1.0
185	-0.184988	132.309654	316.387854	0.000697	1.6
186	-0.179717	133.309654	314.337510	0.000695	1.1
187	-0.189451	134.247194	312.439220	0.000838	0.7
188	-0.183953	134.268720	312.395906	0.000862	1.1
189	-0.183367	135.268720	310.396811	0.000247	1.1
190	-0.185067	136.203193	308.551700	0.000390	1.2
191	-0.185278	136.983286	307.028125	0.000875	1.1
192	-0.181776	136.938076	307.116014	0.000981	1.0
193	-0.176475	137.877906	305.299293	0.002918	0.8
194	-0.184920	138.877906	303.389715	0.001990	1.2
195	-0.182819	139.877906	301.503877	0.000419	0.8
196	-0.181777	139.811778	301.627858	0.000866	0.8
197	-0.182867	139.745650	301.751944	0.000589	0.8
198	-0.175533	139.680654	301.874004	0.000659	0.7
199	-0.183150	139.616155	301.995228	0.001451	0.6
