1:ItNr	2:Metric	3a:Time	3b:StepSize	4:||Gradient||	Time[ms]
0	-0.000000	0.000000	0.000000	0.000000	30.6
1	-0.000000	0.000000	0.000000	0.000000	1.3
2	-0.000000	0.000000	0.000000	0.000000	0.9
3	-0.000000	0.000000	0.000000	0.000000	0.8
4	-0.000000	0.000000	0.000000	0.000000	0.8
5	-0.000000	0.000000	0.000000	0.000000	0.9
6	-0.000000	0.000000	0.000000	0.000000	0.7
7	-0.000000	0.000000	0.000000	0.000000	0.8
8	-0.000000	0.000000	0.000000	0.000000	0.8
9	-0.000000	0.000000	0.000000	0.000000	0.7
10	-0.000000	0.000000	0.000000	0.000000	0.9
11	-0.000000	0.000000	0.000000	0.000000	0.8
12	-0.000000	0.000000	0.000000	0.000000	0.9
13	-0.000000	0.000000	0.000000	0.000000	0.8
14	-0.000000	0.000000	0.000000	0.000000	0.9
15	-0.000000	0.000000	0.000000	0.000000	0.9
16	-0.000000	0.000000	0.000000	0.000000	1.1
17	-0.000000	0.000000	0.000000	0.000000	1.3
18	-0.000000	0.000000	0.000000	0.000000	1.0
19	-0.000000	0.000000	0.000000	0.000000	1.1
20	-0.000000	0.000000	0.000000	0.000000	0.9
21	-0.000000	0.000000	0.000000	0.000000	1.0
22	-0.000000	0.000000	0.000000	0.000000	1.1
23	-0.000000	0.000000	0.000000	0.000000	1.2
24	-0.000000	0.000000	0.000000	0.000000	1.0
25	-0.000000	0.000000	0.000000	0.000000	1.2
26	-0.000000	0.000000	0.000000	0.000000	1.0
27	-0.000000	0.000000	0.000000	0.000000	1.3
28	-0.000000	0.000000	0.000000	0.000000	1.1
29	-0.000000	0.000000	0.000000	0.000000	1.1
30	-0.000000	0.000000	0.000000	0.000000	1.1
31	-0.000000	0.000000	0.000000	0.000000	1.1
32	-0.000000	0.000000	0.000000	0.000000	1.4
33	-0.000000	0.000000	0.000000	0.000000	1.2
34	-0.000000	0.000000	0.000000	0.000000	1.0
35	-0.000000	0.000000	0.000000	0.000000	1.1
36	-0.000000	0.000000	0.000000	0.000000	1.0
37	-0.000000	0.000000	0.000000	0.000000	1.0
38	-0.000000	0.000000	0.000000	0.000000	1.0
39	-0.000000	0.000000	0.000000	0.000000	1.0
40	-0.000000	0.000000	0.000000	0.000000	1.0
41	-0.000000	0.000000	0.000000	0.000000	1.4
42	-0.000000	0.000000	0.000000	0.000000	1.1
43	-0.000000	0.000000	0.000000	0.000000	1.1
44	-0.000000	0.000000	0.000000	0.000000	1.1
45	-0.000000	0.000000	0.000000	0.000000	1.2
46	-0.000000	0.000000	0.000000	0.000000	1.2
47	-0.000000	0.000000	0.000000	0.000000	1.0
48	-0.000000	0.000000	0.000000	0.000000	1.0
49	-0.000000	0.000000	0.000000	0.000000	1.0
50	-0.000000	0.000000	0.000000	0.000000	1.1
51	-0.000000	0.000000	0.000000	0.000000	0.9
52	-0.000000	0.000000	0.000000	0.000000	1.0
53	-0.000000	0.000000	0.000000	0.000000	0.8
54	-0.000000	0.000000	0.000000	0.000000	1.0
55	-0.000000	0.000000	0.000000	0.000000	1.2
56	-0.000000	0.000000	0.000000	0.000000	1.2
57	-0.000000	0.000000	0.000000	0.000000	1.2
58	-0.000000	0.000000	0.000000	0.000000	1.1
59	-0.000000	0.000000	0.000000	0.000000	1.1
60	-0.000000	0.000000	0.000000	0.000000	1.1
61	-0.000000	0.000000	0.000000	0.000000	1.1
62	-0.000000	0.000000	0.000000	0.000000	1.1
63	-0.000000	0.000000	0.000000	0.000000	1.2
64	-0.000000	0.000000	0.000000	0.000000	1.2
65	-0.000000	0.000000	0.000000	0.000000	1.2
66	-0.000000	0.000000	0.000000	0.000000	1.0
67	-0.000000	0.000000	0.000000	0.000000	1.1
68	-0.000000	0.000000	0.000000	0.000000	1.1
69	-0.000000	0.000000	0.000000	0.000000	1.1
70	-0.000000	0.000000	0.000000	0.000000	1.3
71	-0.000000	0.000000	0.000000	0.000000	1.2
72	-0.000000	0.000000	0.000000	0.000000	1.1
73	-0.000000	0.000000	0.000000	0.000000	1.2
74	-0.000000	0.000000	0.000000	0.000000	1.1
75	-0.000000	0.000000	0.000000	0.000000	1.3
76	-0.000000	0.000000	0.000000	0.000000	1.4
77	-0.000000	0.000000	0.000000	0.000000	1.4
78	-0.000000	0.000000	0.000000	0.000000	1.2
79	-0.000000	0.000000	0.000000	0.000000	1.3
80	-0.000000	0.000000	0.000000	0.000000	0.9
81	-0.000000	0.000000	0.000000	0.000000	0.8
82	-0.000000	0.000000	0.000000	0.000000	1.1
83	-0.000000	0.000000	0.000000	0.000000	1.2
84	-0.000000	0.000000	0.000000	0.000000	0.9
85	-0.000000	0.000000	0.000000	0.000000	0.9
86	-0.000000	0.000000	0.000000	0.000000	0.7
87	-0.000000	0.000000	0.000000	0.000000	0.7
88	-0.000000	0.000000	0.000000	0.000000	0.8
89	-0.000000	0.000000	0.000000	0.000000	0.8
90	-0.000000	0.000000	0.000000	0.000000	0.8
91	-0.000000	0.000000	0.000000	0.000000	0.8
92	-0.000000	0.000000	0.000000	0.000000	0.8
93	-0.000000	0.000000	0.000000	0.000000	0.8
94	-0.000000	0.000000	0.000000	0.000000	0.9
95	-0.000000	0.000000	0.000000	0.000000	1.0
96	-0.000000	0.000000	0.000000	0.000000	0.8
97	-0.000000	0.000000	0.000000	0.000000	0.9
98	-0.000000	0.000000	0.000000	0.000000	0.8
99	-0.000000	0.000000	0.000000	0.000000	0.9
100	-0.000000	0.000000	0.000000	0.000000	0.9
101	-0.000000	0.000000	0.000000	0.000000	0.9
102	-0.000000	0.000000	0.000000	0.000000	1.1
103	-0.000000	0.000000	0.000000	0.000000	1.2
104	-0.000000	0.000000	0.000000	0.000000	1.1
105	-0.000000	0.000000	0.000000	0.000000	1.1
106	-0.000000	0.000000	0.000000	0.000000	1.0
107	-0.000000	0.000000	0.000000	0.000000	1.1
108	-0.000000	0.000000	0.000000	0.000000	0.9
109	-0.000000	0.000000	0.000000	0.000000	1.0
110	-0.000000	0.000000	0.000000	0.000000	1.1
111	-0.000000	0.000000	0.000000	0.000000	1.0
112	-0.000000	0.000000	0.000000	0.000000	0.9
113	-0.000000	0.000000	0.000000	0.000000	1.1
114	-0.000000	0.000000	0.000000	0.000000	1.0
115	-0.000000	0.000000	0.000000	0.000000	0.9
116	-0.000000	0.000000	0.000000	0.000000	1.1
117	-0.000000	0.000000	0.000000	0.000000	0.9
118	-0.000000	0.000000	0.000000	0.000000	1.2
119	-0.000000	0.000000	0.000000	0.000000	1.3
120	-0.000000	0.000000	0.000000	0.000000	1.2
121	-0.000000	0.000000	0.000000	0.000000	1.2
122	-0.000000	0.000000	0.000000	0.000000	1.0
123	-0.000000	0.000000	0.000000	0.000000	0.9
124	-0.000000	0.000000	0.000000	0.000000	0.9
125	-0.000000	0.000000	0.000000	0.000000	1.0
126	-0.000000	0.000000	0.000000	0.000000	1.0
127	-0.000000	0.000000	0.000000	0.000000	1.1
128	-0.000000	0.000000	0.000000	0.000000	1.0
129	-0.000000	0.000000	0.000000	0.000000	0.9
130	-0.000000	0.000000	0.000000	0.000000	0.9
131	-0.000000	0.000000	0.000000	0.000000	1.0
132	-0.000000	0.000000	0.000000	0.000000	1.1
133	-0.000000	0.000000	0.000000	0.000000	0.9
134	-0.000000	0.000000	0.000000	0.000000	0.9
135	-0.000000	0.000000	0.000000	0.000000	0.9
136	-0.000000	0.000000	0.000000	0.000000	1.0
137	-0.000000	0.000000	0.000000	0.000000	1.3
138	-0.000000	0.000000	0.000000	0.000000	1.0
139	-0.000000	0.000000	0.000000	0.000000	1.0
140	-0.000000	0.000000	0.000000	0.000000	0.9
141	-0.000000	0.000000	0.000000	0.000000	1.0
142	-0.000000	0.000000	0.000000	0.000000	0.9
143	-0.000000	0.000000	0.000000	0.000000	1.0
144	-0.000000	0.000000	0.000000	0.000000	1.1
145	-0.000000	0.000000	0.000000	0.000000	1.0
146	-0.000000	0.000000	0.000000	0.000000	0.9
147	-0.000000	0.000000	0.000000	0.000000	0.9
148	-0.000000	0.000000	0.000000	0.000000	0.9
149	-0.000000	0.000000	0.000000	0.000000	0.9
150	-0.000000	0.000000	0.000000	0.000000	0.8
151	-0.000000	0.000000	0.000000	0.000000	0.8
152	-0.000000	0.000000	0.000000	0.000000	0.8
153	-0.000000	0.000000	0.000000	0.000000	0.7
154	-0.000000	0.000000	0.000000	0.000000	0.7
155	-0.000000	0.000000	0.000000	0.000000	0.8
156	-0.000000	0.000000	0.000000	0.000000	0.7
157	-0.000000	0.000000	0.000000	0.000000	0.7
158	-0.000000	0.000000	0.000000	0.000000	0.7
159	-0.000000	0.000000	0.000000	0.000000	0.7
160	-0.000000	0.000000	0.000000	0.000000	0.9
161	-0.000000	0.000000	0.000000	0.000000	1.0
162	-0.000000	0.000000	0.000000	0.000000	1.1
163	-0.000000	0.000000	0.000000	0.000000	1.1
164	-0.000000	0.000000	0.000000	0.000000	0.9
165	-0.000000	0.000000	0.000000	0.000000	0.9
166	-0.000000	0.000000	0.000000	0.000000	0.9
167	-0.000000	0.000000	0.000000	0.000000	0.8
168	-0.000000	0.000000	0.000000	0.000000	1.0
169	-0.000000	0.000000	0.000000	0.000000	0.9
170	-0.000000	0.000000	0.000000	0.000000	0.7
171	-0.000000	0.000000	0.000000	0.000000	0.8
172	-0.000000	0.000000	0.000000	0.000000	0.8
173	-0.000000	0.000000	0.000000	0.000000	0.8
174	-0.000000	0.000000	0.000000	0.000000	0.7
175	-0.000000	0.000000	0.000000	0.000000	0.8
176	-0.000000	0.000000	0.000000	0.000000	0.8
177	-0.000000	0.000000	0.000000	0.000000	0.9
178	-0.000000	0.000000	0.000000	0.000000	0.8
179	-0.000000	0.000000	0.000000	0.000000	0.9
180	-0.000000	0.000000	0.000000	0.000000	0.7
181	-0.000000	0.000000	0.000000	0.000000	0.8
182	-0.000000	0.000000	0.000000	0.000000	0.8
183	-0.000000	0.000000	0.000000	0.000000	0.9
184	-0.000000	0.000000	0.000000	0.000000	0.9
185	-0.000000	0.000000	0.000000	0.000000	0.8
186	-0.000000	0.000000	0.000000	0.000000	0.7
187	-0.000000	0.000000	0.000000	0.000000	0.7
188	-0.000000	0.000000	0.000000	0.000000	0.7
189	-0.000000	0.000000	0.000000	0.000000	0.7
190	-0.000000	0.000000	0.000000	0.000000	0.8
191	-0.000000	0.000000	0.000000	0.000000	0.7
192	-0.000000	0.000000	0.000000	0.000000	0.7
193	-0.000000	0.000000	0.000000	0.000000	0.8
194	-0.000000	0.000000	0.000000	0.000000	0.7
195	-0.000000	0.000000	0.000000	0.000000	0.8
196	-0.000000	0.000000	0.000000	0.000000	0.8
197	-0.000000	0.000000	0.000000	0.000000	0.8
198	-0.000000	0.000000	0.000000	0.000000	0.8
199	-0.000000	0.000000	0.000000	0.000000	0.8
