1:ItNr	2:Metric	3a:Time	3b:StepSize	4:||Gradient||	Time[ms]
0	-0.057636	0.000000	302.508411	0.002354	38.2
1	-0.057359	0.000000	302.508411	0.000702	0.8
2	-0.058417	0.961535	289.263775	0.002020	0.9
3	-0.061846	1.345589	284.292200	0.001722	0.9
4	-0.066407	2.341355	272.163999	0.001406	0.9
5	-0.058752	1.818889	278.395530	0.002095	0.9
6	-0.060003	0.975539	289.079448	0.000930	1.2
7	-0.062459	1.926618	277.087390	0.001392	0.8
8	-0.060891	2.859806	266.250134	0.002364	0.9
9	-0.055094	3.853463	255.605293	0.003445	0.8
10	-0.059802	4.853463	245.718598	0.001441	1.1
11	-0.059354	4.007648	254.029356	0.000718	1.1
12	-0.054390	3.497949	259.314630	0.002794	0.8
13	-0.057957	2.715353	267.871895	0.001197	1.0
14	-0.059177	1.866720	277.813203	0.002900	1.0
15	-0.057365	2.866586	266.174496	0.002383	0.9
16	-0.062121	3.866521	255.471063	0.004167	1.0
17	-0.055551	3.022515	264.446773	0.000772	1.0
18	-0.062678	2.174867	274.119225	0.002086	1.0
19	-0.058132	1.683358	280.058913	0.001887	1.4
20	-0.064754	2.683259	268.234902	0.001370	2.4
21	-0.062673	3.665273	257.555493	0.001183	1.7
22	-0.063121	2.968896	265.038344	0.002709	2.1
23	-0.055792	3.968399	254.428672	0.003504	2.8
24	-0.062157	4.968399	244.631045	0.002132	1.0
25	-0.060087	5.968399	235.560022	0.001266	1.4
26	-0.055820	5.120320	243.208220	0.001731	1.1
27	-0.056007	4.274463	251.347636	0.001641	1.0
28	-0.058543	5.271701	241.806823	0.002549	1.0
29	-0.056061	6.222982	233.357114	0.002748	1.2
30	-0.060009	7.222934	225.089162	0.001506	1.2
31	-0.065628	8.222901	217.386928	0.002857	1.0
32	-0.055248	7.374174	223.889398	0.001471	1.1
33	-0.063571	8.374161	216.267510	0.004694	1.3
34	-0.059274	7.525427	222.702246	0.000677	1.1
35	-0.060730	8.493972	215.388980	0.001835	1.1
36	-0.060236	9.443173	208.673273	0.001550	0.8
37	-0.056892	10.106509	204.223387	0.001608	1.0
38	-0.057425	9.333160	209.430094	0.002449	1.4
39	-0.065215	8.485868	215.448180	0.003159	0.8
40	-0.059854	9.464250	208.528901	0.001357	0.9
41	-0.057210	10.464245	201.901445	0.001767	1.0
42	-0.062699	11.459355	195.711734	0.001939	0.9
43	-0.058346	12.448957	189.921515	0.001949	0.9
44	-0.059241	11.601807	194.856579	0.002182	1.1
45	-0.059123	12.601578	189.058879	0.002108	1.1
46	-0.062899	11.811262	193.612688	0.003108	1.0
47	-0.058662	10.962593	198.753480	0.002516	1.1
48	-0.049827	11.962592	192.723818	0.003473	1.2
49	-0.064299	12.962592	187.049229	0.001921	1.0
50	-0.057998	12.113858	191.843444	0.000913	1.1
51	-0.064243	12.947098	187.134603	0.002524	1.0
52	-0.064328	12.117822	191.820481	0.001400	0.9
53	-0.066009	12.582505	189.166252	0.001993	0.9
54	-0.061097	11.734661	194.065754	0.001949	0.8
55	-0.059533	12.734645	188.313131	0.003004	0.8
56	-0.060494	11.910969	193.026122	0.001800	0.8
57	-0.055162	12.703141	188.489157	0.000634	1.0
58	-0.059358	11.898392	193.099913	0.001709	0.8
59	-0.057387	11.718062	194.164210	0.001663	0.7
60	-0.067868	12.705306	188.477051	0.001538	0.8
61	-0.059757	12.872785	187.545154	0.001049	0.8
62	-0.053978	13.373199	184.814819	0.001839	0.7
63	-0.058297	14.327951	179.820126	0.001960	0.7
64	-0.062290	13.479685	184.244045	0.001179	0.7
65	-0.060520	12.643317	188.824323	0.002216	0.7
66	-0.056599	13.640867	183.386768	0.001947	0.9
67	-0.065912	14.631775	178.286842	0.002454	1.5
68	-0.055993	15.631665	173.420365	0.001005	1.2
69	-0.067254	14.785224	177.522340	0.001680	1.0
70	-0.062182	14.231963	180.310041	0.002456	1.6
71	-0.063137	15.229497	175.345427	0.001994	1.7
72	-0.059399	16.229414	170.635956	0.002520	1.8
73	-0.059341	17.229411	166.172495	0.001924	2.3
74	-0.066824	18.028047	162.772086	0.001111	1.5
75	-0.056960	19.013780	158.762222	0.001003	1.0
76	-0.066845	19.949607	155.134008	0.001337	1.1
77	-0.061375	19.575676	156.563667	0.004233	0.9
78	-0.060758	20.574761	152.801277	0.002187	1.1
79	-0.074510	21.574761	149.212266	0.003241	1.1
80	-0.057084	22.574736	145.788069	0.001172	0.9
81	-0.062039	23.456731	142.895721	0.002848	0.8
82	-0.063429	24.252058	140.384258	0.001258	0.9
83	-0.058793	23.994409	141.188133	0.001629	0.9
84	-0.063274	24.618991	139.255089	0.001373	0.8
85	-0.061134	24.560542	139.433737	0.000988	1.0
86	-0.065487	23.761361	141.923223	0.001504	1.4
87	-0.064569	24.725291	138.931355	0.002407	1.6
88	-0.064198	25.724645	135.959868	0.002583	1.4
89	-0.057185	26.724587	133.111192	0.001099	0.9
90	-0.057243	25.876205	135.520285	0.003420	1.4
91	-0.061205	25.034699	137.997570	0.002697	0.9
92	-0.057045	24.186019	140.589428	0.002519	1.2
93	-0.056254	23.337288	143.280675	0.001434	2.0
94	-0.054740	24.336918	140.121491	0.002754	5.4
95	-0.060949	25.336741	137.098047	0.001992	1.8
96	-0.062544	26.336741	134.201818	0.001331	1.7
97	-0.056506	25.488884	136.649368	0.001592	1.3
98	-0.059070	25.231122	137.411258	0.001650	1.4
99	-0.055754	24.705058	138.992857	0.001491	1.1
100	-0.059791	25.294150	137.224177	0.002077	1.1
101	-0.058935	24.445842	139.785650	0.001916	1.1
102	-0.058695	23.945629	141.341367	0.001948	1.0
103	-0.060684	23.099157	144.054378	0.002234	1.1
104	-0.052659	22.250595	146.880675	0.000834	1.3
105	-0.060933	21.410373	149.790634	0.001777	1.1
106	-0.062354	22.382537	146.433959	0.001762	1.0
107	-0.061793	21.538891	149.338087	0.001383	1.0
108	-0.054000	22.537335	145.913309	0.001963	0.9
109	-0.058548	23.536765	142.638933	0.002659	0.9
110	-0.057750	22.688031	145.410002	0.001202	1.0
111	-0.060227	21.839570	148.289926	0.003236	1.1
112	-0.060663	22.839147	144.908766	0.004033	1.0
113	-0.064811	21.990412	147.769615	0.002391	1.0
114	-0.057433	21.141678	150.745696	0.001340	0.9
115	-0.056841	20.293530	153.841935	0.001689	0.8
116	-0.063988	19.455482	157.028822	0.002046	1.0
117	-0.064915	18.945803	159.032393	0.002920	1.0
118	-0.065020	18.097072	162.484714	0.003605	1.0
119	-0.065915	19.096938	158.432962	0.004195	1.1
120	-0.069104	20.096938	154.577858	0.001571	1.0
121	-0.069286	19.331975	157.509685	0.001510	0.9
122	-0.064654	19.018356	158.744066	0.001451	1.0
123	-0.060577	18.175015	162.161435	0.002310	0.9
124	-0.064688	19.174887	158.125563	0.004054	1.0
125	-0.059532	20.174887	154.285223	0.002498	0.9
126	-0.066230	21.174887	150.626998	0.001107	0.8
127	-0.061360	20.550631	152.890014	0.001093	0.8
128	-0.065476	20.863885	151.745990	0.002205	0.8
129	-0.060767	21.833129	148.312223	0.003835	0.6
130	-0.052927	22.833129	144.928659	0.002161	0.7
131	-0.051505	23.833129	141.696035	0.002784	0.6
132	-0.057085	24.833128	138.604475	0.001712	0.7
133	-0.069571	25.467610	136.711930	0.002818	0.8
134	-0.061739	26.467600	133.831848	0.002230	0.7
135	-0.062239	26.823523	132.835814	0.000535	0.6
136	-0.065609	26.377470	134.086446	0.001358	0.8
137	-0.063920	27.144532	131.950118	0.001000	0.7
138	-0.063167	26.801735	132.896360	0.003377	0.6
139	-0.059839	27.768090	130.262977	0.002897	0.7
140	-0.065018	28.768090	127.645578	0.002174	0.8
141	-0.058209	29.751938	125.171115	0.001832	0.8
142	-0.065804	29.699527	125.300512	0.001760	0.7
143	-0.055488	30.699423	122.877128	0.003254	0.8
144	-0.064838	31.699423	120.545469	0.001666	0.8
145	-0.066128	30.954454	122.273957	0.001890	0.7
146	-0.063849	31.948085	119.979347	0.002599	0.7
147	-0.057959	31.100405	121.931425	0.002549	0.9
148	-0.061640	30.251671	123.950624	0.002230	0.6
149	-0.060854	31.242838	121.598995	0.002156	0.6
150	-0.060567	32.240862	119.319566	0.001814	0.6
151	-0.059382	31.394302	121.247471	0.003002	0.7
152	-0.069236	32.394302	118.976677	0.002448	0.6
153	-0.052651	31.545569	120.898427	0.000263	0.8
154	-0.064366	31.077051	121.986104	0.002027	0.7
155	-0.054482	31.732904	120.468932	0.000993	0.7
156	-0.063921	30.918455	122.358739	0.001356	0.7
157	-0.062409	31.327889	121.401355	0.001538	0.7
158	-0.060487	31.327632	121.401952	0.000980	0.7
159	-0.061871	30.520209	123.304558	0.002977	0.7
160	-0.071647	31.510751	120.978590	0.002429	0.6
161	-0.066125	30.667263	122.953612	0.003795	0.7
162	-0.060209	30.510144	123.328652	0.002421	0.6
163	-0.061133	29.661410	125.394786	0.002422	0.7
164	-0.068707	28.812687	127.531298	0.002613	0.8
165	-0.059304	27.970496	129.724573	0.001044	0.8
166	-0.068054	27.688231	130.476636	0.001876	0.7
167	-0.062705	27.064656	132.169398	0.001911	0.6
168	-0.063129	28.064361	129.476397	0.001360	0.7
169	-0.059128	27.510541	130.954561	0.002784	0.9
170	-0.060475	26.667532	133.270518	0.001852	0.7
171	-0.058055	27.667528	130.532140	0.000853	0.7
172	-0.060517	28.096196	129.392441	0.002058	0.7
173	-0.056368	27.587227	130.747873	0.000799	0.7
174	-0.063782	26.751561	133.036000	0.001831	0.7
175	-0.065137	27.458956	131.093964	0.001034	0.7
176	-0.074033	28.063199	129.479462	0.000964	0.7
177	-0.059848	28.059754	129.488555	0.001869	0.7
178	-0.061751	29.046057	126.936605	0.001061	0.7
179	-0.059829	30.040970	124.462302	0.001276	0.6
180	-0.065890	30.944923	122.296390	0.002275	0.6
181	-0.065889	30.096571	124.326869	0.001186	0.7
182	-0.062531	29.499210	125.797544	0.001483	0.6
183	-0.054519	30.469119	123.426954	0.002239	0.7
184	-0.058932	31.468968	121.074930	0.001713	0.6
185	-0.059562	32.463641	118.822373	0.001353	0.6
186	-0.064051	31.831768	120.243499	0.001685	0.7
187	-0.060488	32.825599	118.023333	0.000801	0.8
188	-0.060726	33.793613	115.938270	0.002231	0.7
189	-0.061218	33.207085	117.192736	0.001823	1.0
190	-0.054874	34.207028	115.070070	0.001599	0.8
191	-0.065112	33.679427	116.180380	0.003149	0.9
192	-0.063804	32.834584	118.003636	0.000681	0.6
193	-0.058501	32.011317	119.836236	0.002333	0.8
194	-0.070404	32.988432	117.667366	0.001102	0.7
195	-0.068764	33.971656	115.562766	0.000520	0.8
196	-0.064016	34.505975	114.450321	0.000899	0.8
197	-0.062363	34.028704	115.442963	0.001090	0.8
198	-0.058089	33.864120	115.789275	0.002874	0.9
199	-0.068135	33.016329	117.606597	0.002404	0.7
