1:ItNr	2:Metric	3a:Time	3b:StepSize	4:||Gradient||	Time[ms]
0	-0.037662	0.000000	31.544737	0.003017	51.2
1	-0.038208	0.000000	31.544737	0.004878	1.0
2	-0.037232	0.000000	31.544737	0.002546	0.9
3	-0.040777	0.000000	31.544737	0.002219	1.0
4	-0.039411	0.997274	30.114617	0.003479	0.8
5	-0.043484	0.238880	31.189944	0.002177	0.7
6	-0.038645	0.000000	31.544737	0.002271	0.8
7	-0.039094	0.989833	30.124807	0.002913	1.2
8	-0.038771	0.112738	31.376294	0.005754	1.2
9	-0.043250	1.112738	29.957370	0.001179	0.9
10	-0.038519	1.848134	28.993154	0.001585	0.9
11	-0.039773	1.493013	29.450900	0.006403	0.9
12	-0.037659	2.492320	28.198130	0.003090	1.0
13	-0.038341	3.492320	27.046825	0.002028	0.9
14	-0.038677	2.582380	28.090442	0.005382	1.0
15	-0.038760	3.582377	26.947738	0.001385	0.8
16	-0.040673	2.659095	27.999358	0.001377	0.8
17	-0.034957	2.552198	28.126439	0.002825	0.8
18	-0.040233	3.443985	27.100306	0.002484	0.8
19	-0.036970	2.520971	28.163781	0.004743	0.7
20	-0.035677	3.520928	27.015270	0.003746	0.8
21	-0.037331	4.520878	25.956767	0.003471	0.8
22	-0.040746	5.520878	24.978037	0.004242	0.8
23	-0.034879	4.594690	25.881911	0.003601	0.9
24	-0.038673	5.594688	24.908713	0.001981	1.0
25	-0.038494	4.862997	25.613407	0.004317	1.0
26	-0.038843	5.862972	24.659948	0.003422	0.8
27	-0.034771	6.862972	23.774904	0.000804	0.9
28	-0.043428	7.462227	23.274338	0.002243	0.8
29	-0.037247	8.368186	22.556363	0.003779	0.9
30	-0.042830	9.368173	21.813610	0.000425	0.9
31	-0.039209	9.244383	21.902893	0.005337	1.0
32	-0.036190	8.461986	22.484550	0.005536	0.9
33	-0.035414	9.461984	21.746432	0.001566	0.9
34	-0.037883	8.535847	22.428322	0.002924	0.9
35	-0.039178	7.612327	23.152241	0.004608	1.0
36	-0.040763	6.686142	23.926753	0.001603	1.0
37	-0.042818	5.759959	24.754877	0.002911	0.8
38	-0.038383	4.836433	25.639742	0.002791	0.8
39	-0.036305	3.912965	26.590150	0.003417	0.8
40	-0.038814	4.912964	25.564018	0.002240	0.8
41	-0.033693	3.986779	26.511599	0.002032	0.6
42	-0.042245	4.980606	25.497461	0.001514	0.6
43	-0.038568	5.851141	24.670813	0.004373	0.6
44	-0.034477	4.924972	25.552177	0.002893	0.6
45	-0.038776	5.924891	24.603237	0.001649	0.6
46	-0.037482	6.917884	23.728140	0.000577	0.6
47	-0.041563	6.521576	24.069824	0.003683	0.6
48	-0.038376	5.923612	24.604406	0.003072	0.6
49	-0.040849	4.997419	25.480971	0.002505	0.6
50	-0.041750	4.089451	26.403108	0.003263	0.6
51	-0.036209	5.089123	25.391405	0.002503	0.6
52	-0.041724	4.162941	26.325995	0.001557	0.7
53	-0.038158	5.143043	25.339034	0.003610	0.7
54	-0.040234	6.038699	24.499680	0.002936	0.6
55	-0.047403	7.038699	23.625899	0.002416	0.6
56	-0.038569	7.996782	22.845275	0.003296	0.6
57	-0.036492	8.068700	22.788755	0.002831	0.7
58	-0.036385	7.142507	23.538751	0.004274	1.0
59	-0.038486	8.142507	22.731039	0.000928	1.0
60	-0.034250	8.172993	22.707286	0.004114	0.7
61	-0.039628	7.252224	23.447339	0.004181	0.8
62	-0.037808	6.326030	24.242068	0.002148	0.8
63	-0.036946	7.096579	23.577229	0.002102	0.8
64	-0.040202	7.445090	23.288359	0.002282	0.7
65	-0.038129	8.444215	22.498120	0.001919	0.8
66	-0.041934	9.409299	21.784109	0.002476	0.8
67	-0.040161	8.487141	22.465368	0.003727	0.9
68	-0.038301	8.187848	22.695729	0.005451	0.8
69	-0.040537	9.187848	21.943912	0.001791	0.8
70	-0.036213	8.459988	22.486074	0.003869	1.0
71	-0.039521	7.534243	23.215596	0.000359	0.9
72	-0.037993	7.031385	23.632063	0.001602	0.8
73	-0.036496	6.995815	23.662089	0.003716	1.0
74	-0.036112	7.995444	22.846330	0.004364	0.9
75	-0.038747	8.995325	22.084757	0.005374	0.8
76	-0.045414	9.995325	21.372238	0.003939	1.0
77	-0.041213	10.994597	20.704730	0.002876	1.1
78	-0.040984	10.068409	21.321963	0.003877	0.8
79	-0.041165	10.799088	20.832028	0.003192	1.0
80	-0.034856	11.799088	20.196887	0.000812	1.0
81	-0.040690	12.750488	19.627552	0.001727	1.0
82	-0.033398	13.101133	19.425732	0.000986	1.0
83	-0.041519	12.339499	19.869509	0.004474	1.0
84	-0.038484	12.325972	19.877574	0.002591	0.7
85	-0.036596	13.324983	19.299048	0.001196	0.8
86	-0.040523	14.071065	18.888491	0.002107	0.8
87	-0.041121	15.041451	18.379933	0.002530	0.8
88	-0.037133	16.037929	17.885435	0.003701	0.9
89	-0.044425	15.295422	18.251323	0.003032	0.9
90	-0.040073	16.272174	17.773030	0.001213	0.8
91	-0.040500	15.529730	18.134256	0.002927	0.8
92	-0.040159	15.485015	18.156481	0.002844	0.7
93	-0.035528	16.484706	17.672260	0.004575	0.9
94	-0.041783	15.558824	18.119824	0.002624	0.9
95	-0.035940	14.634182	18.590001	0.002600	0.9
96	-0.034475	15.006514	18.397767	0.001449	1.0
97	-0.043347	14.144470	18.849039	0.001888	0.8
98	-0.041274	15.021879	18.389920	0.003181	0.9
99	-0.040258	15.840404	17.981331	0.004178	0.9
100	-0.040591	16.839978	17.506339	0.003708	0.9
101	-0.039553	15.913784	17.945586	0.002426	0.9
102	-0.039658	16.913784	17.472260	0.006120	0.9
103	-0.034457	17.913784	17.023260	0.001386	0.8
104	-0.036549	17.398994	17.251480	0.001103	0.7
105	-0.038081	17.288033	17.301476	0.002065	0.8
106	-0.034657	17.480794	17.214808	0.001420	0.8
107	-0.042064	17.723404	17.106954	0.001400	0.9
108	-0.038436	17.015059	17.425712	0.005741	0.9
109	-0.038964	17.429291	17.237879	0.004223	0.9
110	-0.037117	16.503097	17.663594	0.002293	0.9
111	-0.037503	15.594246	18.102285	0.001178	0.8
112	-0.037051	14.713241	18.548848	0.002420	0.7
113	-0.039689	14.155726	18.843004	0.003265	0.9
114	-0.035466	15.130008	18.334883	0.002815	0.8
115	-0.032856	15.235357	18.281577	0.003187	0.8
116	-0.041207	14.309187	18.761108	0.001670	0.7
117	-0.034372	13.411062	19.250771	0.002138	0.7
118	-0.035111	14.360541	18.733862	0.002294	0.7
119	-0.043158	13.437795	19.235827	0.003272	0.9
120	-0.042169	14.436894	18.693497	0.001630	0.8
121	-0.040649	13.511280	19.194868	0.001180	0.7
122	-0.036130	13.840160	19.013675	0.005779	0.6
123	-0.038661	12.914003	19.532919	0.001614	0.6
124	-0.043578	12.302054	19.891850	0.004281	0.6
125	-0.039489	13.243871	19.344760	0.001162	0.6
126	-0.042372	14.238479	18.798753	0.000759	0.6
127	-0.042660	13.715036	19.082206	0.002463	0.6
128	-0.033344	14.064117	18.892233	0.004445	0.6
129	-0.038302	13.137923	19.404797	0.003484	0.7
130	-0.041854	12.211729	19.945949	0.003502	0.6
131	-0.044394	13.211715	19.362942	0.003637	0.7
132	-0.039701	14.211715	18.813042	0.004340	0.6
133	-0.039536	13.291921	19.317654	0.001250	0.6
134	-0.036807	12.366990	19.853139	0.001659	0.7
135	-0.038221	12.062635	20.035895	0.003241	0.6
136	-0.030980	13.017954	19.473231	0.001113	0.6
137	-0.036402	14.013654	18.919461	0.001860	0.6
138	-0.034432	14.114456	18.865150	0.001577	0.6
139	-0.030160	13.685994	19.098183	0.002766	0.7
140	-0.039506	14.633147	18.590541	0.003652	0.6
141	-0.041110	14.648450	18.582561	0.003021	0.7
142	-0.044100	15.645120	18.077154	0.003799	0.7
143	-0.036397	14.719221	18.545742	0.002633	0.7
144	-0.042881	13.793776	19.039022	0.002841	0.7
145	-0.037801	12.875327	19.555220	0.002572	0.6
146	-0.039711	13.823444	19.022802	0.003064	0.6
147	-0.033945	12.897480	19.542440	0.002186	0.6
148	-0.039566	11.971571	20.091232	0.005183	0.7
149	-0.036661	12.208480	19.947901	0.003626	0.6
150	-0.039530	11.282286	20.520215	0.002178	0.6
151	-0.040572	10.397615	21.098401	0.001841	0.5
152	-0.035404	10.876532	20.781416	0.001163	0.6
153	-0.037662	10.521149	21.015715	0.001272	0.5
154	-0.035388	10.265841	21.187323	0.001192	0.6
155	-0.036738	11.048572	20.669860	0.001071	0.5
156	-0.043144	10.517174	21.018366	0.003783	0.6
157	-0.037577	9.722269	21.562192	0.004095	0.6
158	-0.042318	10.722269	20.882474	0.007087	0.6
159	-0.039815	11.722269	20.244301	0.001536	0.6
160	-0.039044	12.482051	19.784913	0.001457	0.6
161	-0.038855	12.198930	19.953639	0.003648	0.6
162	-0.036202	13.173643	19.384514	0.000590	0.7
163	-0.038147	13.946661	18.955730	0.003291	0.6
164	-0.039029	14.544386	18.636965	0.004219	0.6
165	-0.034950	15.544378	18.126987	0.002906	0.6
166	-0.038338	14.618252	18.598315	0.001260	0.8
167	-0.035963	15.605866	18.096539	0.001099	0.7
168	-0.038441	15.453542	18.172157	0.001235	0.9
169	-0.037595	15.865183	17.969244	0.004490	0.8
170	-0.036240	14.940239	18.431694	0.002182	0.7
171	-0.038505	15.940215	17.932745	0.002042	0.6
172	-0.042957	15.023249	18.389221	0.002607	0.5
173	-0.034639	16.020077	17.894060	0.002180	0.6
174	-0.039347	15.094850	18.352742	0.004326	0.6
175	-0.033615	14.168779	18.836010	0.001230	0.6
176	-0.034877	15.166966	18.316147	0.003033	0.6
177	-0.040565	14.266501	18.783816	0.002132	0.6
178	-0.044446	15.250732	18.273823	0.001001	0.6
179	-0.034898	14.468626	18.676773	0.001601	0.6
180	-0.033638	15.285280	18.256425	0.002285	0.6
181	-0.031785	16.080492	17.864905	0.001105	0.6
182	-0.039587	15.511519	18.143301	0.005126	0.7
183	-0.040024	14.585676	18.615341	0.002976	0.7
184	-0.042411	13.659483	19.112791	0.003754	0.6
185	-0.039366	12.733304	19.637551	0.001126	0.6
186	-0.038634	13.691895	19.094935	0.002380	0.7
187	-0.039584	13.805611	19.032548	0.003423	0.6
188	-0.039674	12.883006	19.550788	0.003017	0.6
189	-0.041843	11.991069	20.079358	0.002162	0.6
190	-0.035049	11.336942	20.485533	0.002111	0.7
191	-0.042422	10.422284	21.081837	0.002798	0.6
192	-0.038079	11.422155	20.431691	0.003056	0.6
193	-0.035440	10.496596	21.032098	0.004058	0.6
194	-0.041237	11.496596	20.384888	0.003300	0.7
195	-0.038266	10.577822	20.977997	0.003660	0.7
196	-0.036813	11.577822	20.334062	0.000925	0.6
197	-0.036849	10.670475	20.916626	0.005407	0.6
198	-0.040019	9.745742	21.545730	0.002701	0.6
199	-0.035425	8.819548	22.214940	0.002569	0.6
