1:ItNr	2:Metric	3a:Time	3b:StepSize	4:||Gradient||	Time[ms]
0	-0.210783	0.000000	10155.666957	0.000940	45.0
1	-0.195729	0.000000	10155.666957	0.001165	3.1
2	-0.196438	0.000000	10155.666957	0.000459	3.0
3	-0.209947	0.000000	10155.666957	0.000975	2.9
4	-0.198795	0.000000	10155.666957	0.001052	3.0
5	-0.195553	0.000000	10155.666957	0.000362	3.0
6	-0.206018	0.000000	10155.666957	0.001235	3.0
7	-0.204482	0.000000	10155.666957	0.001153	2.8
8	-0.201583	0.000000	10155.666957	0.000551	2.8
9	-0.205840	0.000000	10155.666957	0.001006	2.8
10	-0.209051	0.000000	10155.666957	0.000463	2.8
11	-0.203467	0.000000	10155.666957	0.000387	3.1
12	-0.213345	0.000000	10155.666957	0.000839	2.8
13	-0.210870	0.000000	10155.666957	0.001066	3.0
14	-0.203901	0.978367	9703.587494	0.001563	2.8
15	-0.217864	0.721829	9818.188412	0.001148	2.8
16	-0.223776	0.465290	9935.528591	0.001652	2.8
17	-0.219703	0.208752	10055.707433	0.001032	3.1
18	-0.222864	0.000000	10155.666957	0.001026	3.0
19	-0.237511	0.000000	10155.666957	0.001103	2.9
20	-0.238865	0.000000	10155.666957	0.000984	2.8
21	-0.247014	0.000000	10155.666957	0.001768	2.9
22	-0.261355	0.000000	10155.666957	0.001378	2.9
23	-0.267062	0.000000	10155.666957	0.001425	2.8
24	-0.276412	0.000000	10155.666957	0.001073	2.9
25	-0.276159	0.000000	10155.666957	0.001259	3.0
26	-0.280717	0.000000	10155.666957	0.001056	2.8
27	-0.272827	0.000000	10155.666957	0.000628	2.9
28	-0.284895	0.000000	10155.666957	0.001041	2.8
29	-0.287628	0.000000	10155.666957	0.002078	2.8
30	-0.301981	1.000000	9694.045732	0.001979	2.9
31	-0.303113	2.000000	9272.565483	0.001155	2.8
32	-0.301062	3.000000	8886.208588	0.001204	2.8
33	-0.311542	2.743564	8982.181750	0.000782	3.0
34	-0.301648	2.839984	8945.853496	0.001749	3.3
35	-0.316400	3.839984	8585.714238	0.001174	3.0
36	-0.310568	4.839984	8253.449552	0.001144	3.0
37	-0.312588	4.583474	8336.202108	0.000303	3.1
38	-0.315217	4.326937	8420.639380	0.000479	2.9
39	-0.319663	4.071258	8506.513805	0.000919	2.7
40	-0.329972	3.814812	8594.423515	0.000953	2.7
41	-0.330883	3.558274	8684.201750	0.001202	2.8
42	-0.324160	3.301736	8775.875451	0.001608	2.6
43	-0.327351	3.045197	8869.505286	0.000737	2.8
44	-0.328479	2.788659	8965.154538	0.001252	2.7
45	-0.331189	2.532170	9062.870549	0.001320	2.7
46	-0.348704	2.275631	9162.759272	0.001596	2.7
47	-0.354112	2.019093	9264.874432	0.001224	2.7
48	-0.349965	1.762555	9369.291306	0.001088	2.5
49	-0.346359	2.762555	8975.003261	0.001610	2.7
50	-0.353683	2.506016	9072.954003	0.001751	2.8
51	-0.348938	3.506016	8702.720268	0.002009	2.7
52	-0.358525	4.506016	8361.517623	0.000817	2.7
53	-0.370972	4.249478	8446.471823	0.001563	2.9
54	-0.356759	4.173186	8472.070391	0.000608	2.6
55	-0.364003	3.916648	8559.297574	0.000518	2.7
56	-0.366966	3.661660	8647.795942	0.000907	2.5
57	-0.361762	3.405193	8738.673306	0.000979	2.7
58	-0.372611	3.153736	8829.648701	0.001431	2.7
59	-0.392912	2.897198	8924.435661	0.001576	2.5
60	-0.400095	2.640660	9021.279796	0.000855	2.9
61	-0.413144	2.384121	9120.248811	0.001089	2.7
62	-0.403486	2.127583	9221.413415	0.001151	2.8
63	-0.410359	3.127583	8839.219586	0.001355	2.7
64	-0.419067	4.127539	8487.460793	0.001268	2.9
65	-0.406634	3.871002	8575.006498	0.000773	2.6
66	-0.416454	4.297288	8430.508828	0.001376	2.8
67	-0.415351	5.297288	8109.924098	0.001094	2.7
68	-0.408478	6.297288	7812.827763	0.000609	2.7
69	-0.404770	7.297270	7536.734193	0.001095	2.7
70	-0.409316	8.297270	7279.483808	0.000806	2.7
71	-0.418314	8.040732	7343.788872	0.000875	2.8
72	-0.419972	7.784194	7409.240137	0.001679	2.9
73	-0.414881	8.784194	7160.475973	0.000600	2.7
74	-0.404259	8.527656	7222.686671	0.000796	2.8
75	-0.407003	8.271122	7285.986707	0.001266	2.8
76	-0.406226	9.271051	7045.312173	0.000991	2.6
77	-0.407994	9.014558	7105.518789	0.000773	2.9
78	-0.412118	8.758020	7166.774123	0.001243	2.8
79	-0.407542	8.813954	7153.328429	0.000642	2.7
80	-0.406928	9.776196	6929.673948	0.000708	2.9
81	-0.424494	9.519658	6987.922477	0.000661	2.9
82	-0.416167	9.264109	7046.928207	0.001123	3.3
83	-0.407458	10.240835	6826.610293	0.000327	2.9
84	-0.413327	9.992563	6881.296297	0.000762	2.8
85	-0.406206	9.736949	6938.522252	0.000961	2.7
86	-0.414638	9.480411	6996.920299	0.001030	2.8
87	-0.410375	10.457551	6779.580710	0.000521	2.7
88	-0.409720	10.201043	6835.316562	0.000353	2.8
89	-0.420285	9.946508	6891.537004	0.001089	2.8
90	-0.420262	9.689970	6949.143447	0.001560	2.6
91	-0.415721	10.689970	6729.858185	0.001289	2.8
92	-0.419221	11.689970	6523.988980	0.000629	2.7
93	-0.410154	11.434864	6575.301390	0.001069	2.7
94	-0.410905	11.178326	6627.722278	0.000568	2.6
95	-0.403425	12.178256	6427.975206	0.000994	2.7
96	-0.417624	11.921802	6478.047739	0.001092	2.8
97	-0.417088	11.665264	6528.923407	0.001581	2.7
98	-0.411128	12.665264	6334.986908	0.000915	2.7
99	-0.422601	13.665264	6152.239507	0.000480	3.0
100	-0.417057	13.409592	6197.952102	0.000996	2.7
101	-0.415674	14.409379	6022.952371	0.000457	2.8
102	-0.422212	14.152841	6066.906619	0.001320	2.7
103	-0.419695	13.896303	6111.507151	0.001661	3.7
104	-0.421435	14.896303	5941.252651	0.001277	3.6
105	-0.415347	15.896303	5780.226961	0.000986	3.6
106	-0.424506	16.896303	5627.699499	0.000758	3.5
107	-0.423615	17.896303	5483.014810	0.000898	2.6
108	-0.415619	18.896303	5345.583159	0.000512	2.8
109	-0.423428	19.895137	5215.021238	0.000484	2.8
110	-0.421248	20.891249	5091.015726	0.000760	2.6
111	-0.415642	21.871861	4974.568388	0.000802	2.7
112	-0.419627	22.871861	4861.179801	0.001157	2.5
113	-0.417027	23.871861	4752.845097	0.001442	2.6
114	-0.417182	24.871861	4649.233755	0.000634	2.8
115	-0.411779	25.871861	4550.043460	0.000688	2.7
116	-0.420647	26.871844	4454.998790	0.000739	2.6
117	-0.426281	27.871560	4363.867390	0.001785	2.7
118	-0.419152	28.871560	4276.365266	0.000792	2.5
119	-0.416603	29.871560	4192.303262	0.001531	2.6
120	-0.416046	30.871560	4111.482418	0.001010	2.8
121	-0.422667	31.871560	4033.718826	0.000371	2.7
122	-0.412488	31.615115	4053.379063	0.000653	2.6
123	-0.419980	31.358582	4073.238796	0.000696	2.6
124	-0.422189	32.358582	3996.901707	0.001008	2.5
125	-0.415996	33.358581	3923.373297	0.001194	2.6
126	-0.416354	33.135802	3939.518766	0.001082	2.6
127	-0.424263	34.135802	3868.067573	0.001262	2.7
128	-0.415988	33.879263	3886.149218	0.000931	2.6
129	-0.417412	34.879263	3816.603755	0.000995	2.7
130	-0.418285	34.622833	3834.198888	0.000679	2.7
131	-0.423856	34.366295	3851.964548	0.000872	2.7
132	-0.420183	35.366295	3783.626465	0.001314	2.6
133	-0.425301	36.366272	3717.672416	0.000360	2.6
134	-0.416275	36.109736	3734.372109	0.000375	2.7
135	-0.419385	35.872466	3749.951786	0.000490	2.6
136	-0.422192	35.964381	3743.901070	0.001208	2.5
137	-0.419854	35.707843	3760.837949	0.000976	2.6
138	-0.432087	36.707843	3695.667640	0.000467	2.6
139	-0.420576	36.451339	3712.167709	0.001499	2.8
140	-0.412995	37.451339	3648.659025	0.001144	2.7
141	-0.419546	37.194801	3664.743291	0.000770	2.5
142	-0.414837	38.194801	3602.833407	0.000720	2.6
143	-0.413141	39.194619	3542.991205	0.000549	2.9
144	-0.423390	39.458405	3527.532762	0.000688	2.6
145	-0.424213	40.252140	3481.821286	0.000259	2.7
146	-0.422530	40.617850	3461.156227	0.000586	2.7
147	-0.409740	41.480485	3413.369864	0.000598	2.7
148	-0.419277	41.236018	3426.777805	0.000771	2.4
149	-0.424492	42.236018	3372.587521	0.000665	2.7
150	-0.425634	41.979480	3386.325293	0.001064	2.6
151	-0.425683	41.722942	3400.175441	0.001010	2.6
152	-0.424616	42.722942	3346.816708	0.001312	2.7
153	-0.432466	43.722941	3295.106829	0.001510	2.6
154	-0.428779	44.722941	3244.970503	0.000758	2.6
155	-0.423906	45.722941	3196.336998	0.000272	2.7
156	-0.413845	46.203134	3173.497935	0.001395	2.7
157	-0.430000	47.202738	3126.985995	0.001682	2.6
158	-0.414858	48.202738	3081.800124	0.000624	2.7
159	-0.428583	49.202738	3037.901549	0.000683	2.7
160	-0.427865	48.946200	3049.043512	0.000545	2.6
161	-0.428881	49.946197	3006.066765	0.000454	2.6
162	-0.423588	49.700249	3016.524101	0.000412	2.6
163	-0.426077	49.476880	3026.084666	0.000612	2.7
164	-0.427246	50.462593	2984.344623	0.001166	2.7
165	-0.426375	51.462593	2943.159999	0.001609	2.7
166	-0.427032	52.462593	2903.096616	0.001474	2.9
167	-0.423097	53.462593	2864.109301	0.001122	2.8
168	-0.427113	54.462586	2826.155533	0.000857	2.6
169	-0.426622	55.462586	2789.194247	0.000428	2.7
170	-0.425633	56.462583	2753.187389	0.000695	2.6
171	-0.425894	57.462504	2718.100952	0.001007	2.7
172	-0.425236	58.462504	2683.894870	0.001717	2.6
173	-0.418026	59.462504	2650.539024	0.001317	2.5
174	-0.427776	60.462504	2618.002103	0.001081	2.6
175	-0.413254	61.462504	2586.254315	0.001137	2.6
176	-0.409871	62.462504	2555.267295	0.001352	2.6
177	-0.424789	63.462504	2525.014020	0.001072	2.6
178	-0.422510	64.462504	2495.468736	0.000701	2.7
179	-0.423203	65.462504	2466.606875	0.001191	2.5
180	-0.422333	66.462504	2438.404997	0.001608	2.8
181	-0.414325	67.462504	2410.840719	0.000581	2.7
182	-0.424997	67.205965	2417.852409	0.000427	2.6
183	-0.411936	68.205489	2390.761029	0.001342	2.7
184	-0.411545	67.948951	2397.656238	0.001185	2.7
185	-0.422666	67.692412	2404.591335	0.001664	2.8
186	-0.419710	68.654303	2378.792763	0.001277	2.6
187	-0.420205	69.654303	2352.552499	0.000448	2.5
188	-0.427416	70.654295	2326.885013	0.001209	2.6
189	-0.427400	71.654295	2301.771390	0.001144	2.6
190	-0.429076	72.654295	2277.194072	0.001228	2.6
191	-0.427081	72.397757	2283.448906	0.001393	2.6
192	-0.416949	73.397757	2259.259254	0.000754	2.6
193	-0.427640	73.141219	2265.415818	0.000666	2.6
194	-0.426181	72.885107	2271.595697	0.001053	2.7
195	-0.418257	73.885038	2247.656848	0.000535	2.5
196	-0.417324	74.885038	2224.215702	0.001102	2.7
197	-0.422693	75.885038	2201.258435	0.001161	2.7
198	-0.431962	76.885038	2178.770234	0.001102	2.8
199	-0.426140	76.628499	2184.495385	0.000391	2.6
