1:ItNr	2:Metric	3a:Time	3b:StepSize	4:||Gradient||	Time[ms]
0	-1.293481	0.000000	5455.517905	0.014127	61.7
1	-1.507615	0.000000	5455.517905	0.001856	3.0
2	-1.499008	0.000000	5455.517905	0.006905	3.0
3	-1.477121	1.000000	5207.539819	0.000956	3.0
4	-1.470774	0.987628	5210.469996	0.000840	3.2
5	-1.469790	1.987628	4983.805897	0.000614	3.1
6	-1.475469	2.987628	4776.040223	0.002357	3.0
7	-1.473805	3.987628	4584.904024	0.001443	3.2
8	-1.464961	4.987628	4408.477611	0.002503	3.2
9	-1.471233	5.987628	4245.125811	0.004816	3.3
10	-1.480912	6.987628	4093.447155	0.004227	3.0
11	-1.505072	6.975256	4095.257472	0.007006	3.3
12	-1.456282	7.975256	3953.921103	0.002744	3.1
13	-1.467687	7.962884	3955.610089	0.003038	3.1
14	-1.451931	8.962884	3823.593087	0.003161	3.1
15	-1.491500	9.962884	3700.103522	0.003828	3.1
16	-1.512453	10.962884	3584.341017	0.000669	3.2
17	-1.517229	10.950512	3585.728958	0.001362	3.3
18	-1.512710	10.938140	3587.117975	0.002294	3.2
19	-1.506391	11.938140	3478.213284	0.002402	3.4
20	-1.511980	12.938140	3375.726427	0.010813	3.2
21	-1.472745	13.938140	3279.106331	0.002873	3.0
22	-1.476988	14.938140	3187.863258	0.001122	3.0
23	-1.470854	15.938140	3101.560503	0.000270	3.2
24	-1.474708	16.937974	3019.820604	0.000117	2.9
25	-1.469557	16.937694	3019.842903	0.000220	3.4
26	-1.482119	16.939516	3019.697875	0.000281	3.3
27	-1.475245	16.928086	3020.607914	0.000272	3.1
28	-1.478293	16.918111	3021.402517	0.000136	3.3
29	-1.491135	16.909513	3022.087749	0.000179	3.1
30	-1.479639	16.902093	3022.679428	0.000187	3.2
31	-1.481234	16.914018	3021.728715	0.000222	3.1
32	-1.478490	16.903644	3022.555733	0.000207	3.0
33	-1.481451	16.912430	3021.855269	0.000260	3.1
34	-1.482689	16.947233	3019.083765	0.000215	3.2
35	-1.477344	17.014106	3013.772713	0.000262	3.1
36	-1.476792	17.043153	3011.471604	0.000168	3.2
37	-1.477968	17.057596	3010.328761	0.000123	3.2
38	-1.473673	17.050310	3010.905221	0.000159	3.1
39	-1.476913	17.052599	3010.724082	0.000152	3.1
40	-1.477680	17.050103	3010.921565	0.000202	3.2
41	-1.479202	17.054194	3010.597863	0.000187	3.3
42	-1.474950	17.071374	3009.239362	0.000188	3.0
43	-1.470934	17.067566	3009.540341	0.000216	2.9
44	-1.484799	17.058179	3010.282641	0.000314	3.0
45	-1.474581	17.102850	3006.753429	0.000263	3.1
46	-1.489149	17.333692	2988.647090	0.000381	3.0
47	-1.475923	17.751780	2956.402949	0.000294	3.0
48	-1.485112	18.234544	2920.025709	0.000409	3.0
49	-1.479810	18.593195	2893.574931	0.000249	3.0
50	-1.481410	19.008746	2863.520816	0.000310	3.0
51	-1.474968	18.998118	2864.281660	0.000095	2.9
52	-1.478521	19.001856	2864.014016	0.000210	3.2
53	-1.485712	18.995264	2864.486088	0.000134	3.2
54	-1.484097	18.993912	2864.582914	0.000480	3.1
55	-1.473170	19.067069	2859.352530	0.000111	3.1
56	-1.480169	19.068779	2859.230508	0.000247	3.1
57	-1.476293	19.075693	2858.737249	0.000130	3.3
58	-1.482813	19.067305	2859.335745	0.000191	3.3
59	-1.479786	19.069019	2859.213392	0.000157	3.0
60	-1.473609	19.064724	2859.519943	0.000289	3.3
61	-1.478332	19.096808	2857.231809	0.000245	3.2
62	-1.473639	19.084923	2858.078993	0.000202	3.3
63	-1.480473	19.074795	2858.801307	0.000327	2.9
64	-1.481239	19.173085	2851.806785	0.000283	3.0
65	-1.477614	19.160885	2852.673086	0.000363	3.1
66	-1.483282	19.458592	2831.682228	0.000135	2.9
67	-1.472506	19.477733	2830.343198	0.000234	2.9
68	-1.478564	19.491432	2829.385655	0.000166	2.9
69	-1.471771	19.512773	2827.895196	0.000166	3.0
70	-1.481368	19.517170	2827.588321	0.000207	3.0
71	-1.477353	19.524848	2827.052597	0.000117	3.0
72	-1.477877	19.516782	2827.615360	0.000206	3.0
73	-1.473003	19.521764	2827.267759	0.000291	3.0
74	-1.477161	19.510565	2828.049299	0.000216	3.0
75	-1.472801	19.539401	2826.037678	0.000105	3.1
76	-1.482214	19.538706	2826.086139	0.000099	2.9
77	-1.488046	19.534289	2826.394121	0.000116	3.1
78	-1.474905	19.529318	2826.740750	0.000207	3.0
79	-1.480219	19.521358	2827.296036	0.000425	3.3
80	-1.473053	19.755470	2811.055209	0.000262	3.5
81	-1.476829	19.810290	2807.279156	0.000128	2.9
82	-1.472141	19.806294	2807.554052	0.000205	3.0
83	-1.471353	19.798796	2808.070029	0.000223	2.8
84	-1.477805	19.803121	2807.772382	0.000358	2.8
85	-1.484044	20.008201	2793.730863	0.000452	3.0
86	-1.482215	20.942208	2731.517494	0.000193	2.9
87	-1.488623	21.123382	2719.769166	0.000144	3.0
88	-1.475206	21.115478	2720.279590	0.000137	3.0
89	-1.477171	21.112451	2720.475118	0.000141	3.0
90	-1.476781	21.115380	2720.285921	0.000107	3.2
91	-1.479749	21.112031	2720.502285	0.000198	3.0
92	-1.479215	21.108182	2720.750959	0.000192	3.0
93	-1.485769	21.098027	2721.407244	0.000376	3.1
94	-1.472024	21.240833	2712.206810	0.000189	2.7
95	-1.479477	21.233536	2712.675444	0.000212	2.8
96	-1.477475	21.261740	2710.865113	0.000135	2.9
97	-1.474787	21.268365	2710.440217	0.000131	2.9
98	-1.476565	21.266613	2710.552575	0.000098	2.9
99	-1.481703	21.261713	2710.866844	0.000199	2.8
100	-1.481219	21.257540	2711.134561	0.000138	2.9
101	-1.483648	21.252743	2711.442330	0.000115	2.9
102	-1.477616	21.249239	2711.667214	0.000173	3.2
103	-1.479206	21.244031	2712.001541	0.000246	3.0
104	-1.481278	21.241603	2712.157394	0.000363	2.9
105	-1.475185	21.321411	2707.042945	0.000221	3.1
106	-1.480782	21.531794	2693.652583	0.000200	3.3
107	-1.473181	21.521091	2694.330565	0.000333	3.1
108	-1.482862	21.510219	2695.019644	0.000470	3.2
109	-1.479650	22.385952	2640.621481	0.000140	3.1
110	-1.477714	22.469386	2635.553116	0.000118	3.1
111	-1.487589	22.469145	2635.567727	0.000439	3.1
112	-1.477514	22.458502	2636.213165	0.000219	3.0
113	-1.479158	22.619006	2626.512767	0.000169	3.1
114	-1.488802	22.610397	2627.031265	0.000263	3.2
115	-1.480422	22.627905	2625.977000	0.000109	3.0
116	-1.480488	22.619501	2626.482933	0.000302	3.1
117	-1.476394	22.627747	2625.986510	0.000496	3.1
118	-1.477706	22.615390	2626.730490	0.000095	3.0
119	-1.481264	22.623464	2626.244363	0.000285	3.2
120	-1.478582	22.616545	2626.660944	0.000126	3.3
121	-1.482746	22.628301	2625.953206	0.000097	3.2
122	-1.479183	22.624819	2626.162758	0.000173	3.3
123	-1.476997	22.622163	2626.322684	0.000319	3.1
124	-1.482680	22.663080	2623.861561	0.000161	3.0
125	-1.480955	22.653166	2624.457413	0.000147	3.1
126	-1.479760	22.645603	2624.912217	0.000354	3.1
127	-1.478601	22.693621	2622.027525	0.000108	3.1
128	-1.472710	22.695958	2621.887297	0.000189	2.8
129	-1.477003	22.693158	2622.055308	0.000185	3.0
130	-1.478461	22.700292	2621.627222	0.000202	2.9
131	-1.481945	22.699102	2621.698641	0.000101	3.0
132	-1.478474	22.699078	2621.700047	0.000336	3.1
133	-1.484976	22.692550	2622.091758	0.000282	3.3
134	-1.480022	23.057077	2600.396653	0.000143	3.0
135	-1.481412	23.056321	2600.441257	0.000114	3.1
136	-1.482250	23.051732	2600.712165	0.000113	3.0
137	-1.481240	23.050515	2600.784034	0.000162	3.1
138	-1.479926	23.046425	2601.025535	0.000118	3.2
139	-1.476225	23.039191	2601.452788	0.000149	3.0
140	-1.477997	23.033765	2601.773364	0.000152	3.1
141	-1.481128	23.030803	2601.948361	0.000185	3.3
142	-1.492394	23.030898	2601.942756	0.000423	2.9
143	-1.476308	23.170161	2593.739138	0.000418	2.7
144	-1.473220	24.097177	2540.422332	0.000283	3.1
145	-1.481329	24.088889	2540.889311	0.000176	2.8
146	-1.479054	24.087664	2540.958333	0.000089	2.9
147	-1.481002	24.084458	2541.139014	0.000123	2.9
148	-1.480774	24.081212	2541.321997	0.000324	2.9
149	-1.478229	24.088242	2540.925786	0.000134	3.0
150	-1.478601	24.082693	2541.238526	0.000127	2.8
151	-1.476721	24.082143	2541.269511	0.000157	2.8
152	-1.475922	24.074616	2541.693878	0.000135	2.9
153	-1.480295	24.078843	2541.455573	0.000375	2.9
154	-1.477215	24.069572	2541.978345	0.000162	3.0
155	-1.483220	24.146196	2537.663988	0.000126	3.2
156	-1.483302	24.144691	2537.748576	0.000289	2.9
157	-1.486498	24.160524	2536.858845	0.000114	2.8
158	-1.478497	24.170746	2536.284813	0.000092	3.0
159	-1.492490	24.165986	2536.552093	0.000361	3.1
160	-1.483378	24.158942	2536.947766	0.000398	2.9
161	-1.476983	24.944491	2493.571539	0.000298	3.0
162	-1.483360	25.535965	2461.878146	0.000098	2.7
163	-1.482384	25.539005	2461.717367	0.000281	3.0
164	-1.484917	25.534811	2461.939188	0.000286	2.9
165	-1.485437	25.648871	2455.919566	0.000129	2.8
166	-1.479178	25.666055	2455.015211	0.000326	2.9
167	-1.480011	25.664166	2455.114633	0.000164	2.8
168	-1.480639	25.664623	2455.090582	0.000264	2.9
169	-1.487157	25.654180	2455.640118	0.000246	2.9
170	-1.478275	25.656644	2455.510419	0.000167	3.0
171	-1.483133	25.646030	2456.069191	0.000187	2.8
172	-1.481711	25.637258	2456.531119	0.000221	3.0
173	-1.485953	25.658628	2455.406028	0.000107	3.1
174	-1.478215	25.653252	2455.688937	0.000109	3.5
175	-1.477093	25.649366	2455.893522	0.000275	3.7
176	-1.478073	25.641503	2456.307549	0.000228	4.4
177	-1.483871	25.652969	2455.703885	0.000197	3.6
178	-1.479815	25.667454	2454.941644	0.000168	2.9
179	-1.481937	25.675671	2454.509466	0.000256	3.0
180	-1.477098	25.686586	2453.935609	0.000358	3.2
181	-1.480053	25.935508	2440.921176	0.000140	3.1
182	-1.482269	25.925589	2441.437135	0.000276	3.0
183	-1.478647	25.932204	2441.093040	0.000108	3.2
184	-1.474558	25.924683	2441.484291	0.000215	3.4
185	-1.473332	25.926127	2441.409133	0.000110	2.9
186	-1.479572	25.929168	2441.250975	0.000087	2.9
187	-1.477913	25.924911	2441.472445	0.000249	2.8
188	-1.484028	25.921011	2441.675347	0.000094	3.2
189	-1.481568	25.916110	2441.930441	0.000174	2.9
190	-1.478117	25.912682	2442.108829	0.000089	3.2
191	-1.478496	25.908206	2442.341868	0.000219	3.1
192	-1.475245	25.904531	2442.533216	0.000159	3.0
193	-1.482536	25.898486	2442.848063	0.000327	2.9
194	-1.481283	25.919549	2441.751420	0.000171	2.8
195	-1.488990	25.983994	2438.402240	0.000180	2.8
196	-1.481388	25.985620	2438.317844	0.000305	3.0
197	-1.480945	25.984169	2438.393129	0.000228	3.1
198	-1.471407	26.069422	2433.976677	0.000458	3.0
199	-1.486683	26.057186	2434.609587	0.000133	2.9
