1:ItNr	2:Metric	3a:Time	3b:StepSize	4:||Gradient||	Time[ms]
0	-0.156235	0.000000	23661.550708	0.000562	71.9
1	-0.152005	0.000000	23661.550708	0.000467	3.5
2	-0.155669	0.000000	23661.550708	0.000845	3.6
3	-0.150157	0.000000	23661.550708	0.001000	3.8
4	-0.150540	1.000000	22586.025675	0.000561	3.5
5	-0.152400	0.940892	22646.871976	0.000428	3.8
6	-0.151323	1.940892	21659.688378	0.000908	3.9
7	-0.156415	1.881783	21715.639780	0.000483	3.7
8	-0.137969	1.822675	21771.880998	0.000683	3.6
9	-0.145651	1.763574	21828.407112	0.002179	3.8
10	-0.160666	1.704466	21885.234721	0.000395	3.7
11	-0.167074	1.645358	21942.358991	0.000779	3.7
12	-0.157623	2.645358	21014.381525	0.000234	3.7
13	-0.156403	3.645341	20161.723861	0.000679	3.6
14	-0.167068	3.586233	20210.195096	0.000532	3.8
15	-0.157497	4.586233	19420.309569	0.000971	3.6
16	-0.158591	4.530409	19462.773061	0.000951	3.7
17	-0.163445	5.530409	18729.170622	0.000690	3.6
18	-0.157704	6.526905	18051.159757	0.000516	3.8
19	-0.156303	6.467797	18090.004291	0.000726	4.1
20	-0.157972	7.467797	17454.549278	0.001297	4.1
21	-0.166188	7.408689	17490.865954	0.000621	3.9
22	-0.165989	7.349580	17527.334068	0.000788	3.6
23	-0.155737	8.349580	16930.142085	0.000458	3.6
24	-0.171526	9.349580	16372.304319	0.001146	3.6
25	-0.176734	9.290472	16404.252961	0.000605	3.7
26	-0.171087	10.283808	15883.378568	0.000427	3.4
27	-0.163227	11.283801	15391.389649	0.001091	3.5
28	-0.170217	12.283801	14928.960808	0.000651	3.4
29	-0.170867	12.224693	14955.520146	0.000719	3.5
30	-0.171798	13.224693	14518.539742	0.000734	3.8
31	-0.179124	13.165585	14543.657606	0.001228	3.4
32	-0.178736	14.165585	14130.081158	0.001775	3.8
33	-0.171398	14.106476	14153.871794	0.001619	3.6
34	-0.186204	14.047368	14177.742677	0.000953	3.4
35	-0.176197	15.047368	13784.433998	0.000425	3.5
36	-0.179009	15.132653	13751.898070	0.000836	3.3
37	-0.170186	15.073545	13774.431249	0.000717	3.1
38	-0.181497	15.014437	13797.038392	0.001680	3.7
39	-0.190852	14.955328	13819.719864	0.001506	3.5
40	-0.215551	14.896220	13842.476034	0.000384	3.5
41	-0.210849	15.896212	13467.305752	0.000663	3.9
42	-0.216207	15.837103	13488.915210	0.001280	3.2
43	-0.238411	16.837103	13132.415532	0.001233	3.3
44	-0.241447	16.777995	13152.962812	0.002197	3.4
45	-0.266921	16.718887	13173.574491	0.001194	3.3
46	-0.259593	16.659778	13194.250871	0.000734	3.4
47	-0.269698	16.600670	13214.992257	0.002238	3.6
48	-0.282587	16.541562	13235.798957	0.001428	3.2
49	-0.278717	16.482454	13256.671280	0.001660	3.1
50	-0.280900	17.482454	12912.185156	0.000836	3.0
51	-0.283949	18.482454	12585.149118	0.000730	3.2
52	-0.290776	18.577197	12555.021518	0.001378	3.2
53	-0.289616	18.518089	12573.800419	0.001991	2.9
54	-0.298865	18.458981	12592.635579	0.002122	3.2
55	-0.284563	18.399872	12611.527254	0.001154	3.1
56	-0.290634	18.340764	12630.475697	0.001940	3.1
57	-0.269076	19.340764	12317.381089	0.001132	3.2
58	-0.280902	20.340764	12019.433498	0.000737	3.1
59	-0.290273	20.281656	12036.643286	0.001760	3.1
60	-0.287805	20.222547	12053.902428	0.000641	3.2
61	-0.288219	20.163439	12071.211136	0.001700	3.2
62	-0.296143	20.104331	12088.569624	0.001359	3.3
63	-0.296586	20.045222	12105.978108	0.002141	3.0
64	-0.296273	21.045222	11818.050553	0.001625	3.0
65	-0.292998	22.045222	11543.500908	0.002883	3.1
66	-0.286693	23.045222	11281.417979	0.001455	3.2
67	-0.291435	24.045222	11030.971486	0.000839	3.0
68	-0.288739	25.045222	10791.403277	0.001770	3.0
69	-0.294885	26.045222	10562.019661	0.002617	3.0
70	-0.298586	27.045222	10342.184699	0.001390	3.0
71	-0.281300	28.045222	10131.314319	0.001158	2.9
72	-0.293024	29.045222	9928.871132	0.000628	3.2
73	-0.289968	30.045222	9734.359861	0.001969	3.0
74	-0.298257	31.045222	9547.323291	0.002116	3.0
75	-0.294087	32.045222	9367.338689	0.000746	3.1
76	-0.297915	31.986114	9377.788364	0.000374	3.1
77	-0.297768	32.986114	9204.080948	0.000744	3.3
78	-0.304514	32.927006	9214.169359	0.000967	3.3
79	-0.302232	32.867898	9224.279909	0.000914	2.8
80	-0.298561	33.867898	9056.161933	0.001620	3.2
81	-0.305639	34.867897	8894.062389	0.001386	2.9
82	-0.296255	34.808789	8903.482287	0.003400	3.0
83	-0.291245	35.808789	8746.755089	0.002432	2.9
84	-0.303508	36.808789	8595.450154	0.001159	2.7
85	-0.292420	36.749681	8604.247824	0.001454	2.8
86	-0.294055	37.749681	8457.791746	0.001356	3.0
87	-0.302394	38.749681	8316.237990	0.000635	2.9
88	-0.296368	38.690572	8324.473108	0.000938	2.7
89	-0.302296	39.690572	8187.310567	0.000843	2.8
90	-0.294594	40.690572	8054.594817	0.000556	2.8
91	-0.297681	41.690572	7926.113061	0.000499	3.1
92	-0.300420	42.690572	7801.665867	0.001031	3.2
93	-0.302782	43.690572	7681.066132	0.002423	3.1
94	-0.280507	44.690572	7564.138149	0.001378	3.2
95	-0.310025	45.690572	7450.716748	0.002338	3.8
96	-0.301501	45.631464	7457.326229	0.001009	4.0
97	-0.298841	46.631464	7347.062074	0.000569	4.0
98	-0.307532	46.572356	7353.488852	0.000556	3.1
99	-0.301124	47.424770	7261.881398	0.000768	3.1
100	-0.296908	47.365662	7268.159954	0.002188	3.1
101	-0.296229	48.365662	7163.379580	0.002025	2.9
102	-0.307211	49.365662	7061.577374	0.002757	2.9
103	-0.288854	50.365662	6962.628143	0.002900	3.1
104	-0.292794	51.365662	6866.413613	0.001775	3.2
105	-0.297758	52.365662	6772.821959	0.000591	3.4
106	-0.297516	53.365662	6681.747372	0.000525	3.2
107	-0.302345	54.365662	6593.089656	0.000549	2.9
108	-0.303272	55.365662	6506.753868	0.000821	3.1
109	-0.298510	55.306553	6511.794107	0.000762	3.3
110	-0.308804	56.306553	6427.560704	0.000635	3.1
111	-0.305873	56.247445	6432.478955	0.000717	3.0
112	-0.307969	57.025635	6368.324484	0.000615	3.2
113	-0.311415	58.025635	6287.738932	0.000680	3.1
114	-0.303531	57.966527	6292.445454	0.001151	3.0
115	-0.292720	58.966527	6213.756961	0.000792	3.3
116	-0.308145	58.907419	6218.353340	0.000369	3.2
117	-0.307171	59.907419	6141.495699	0.001317	3.2
118	-0.296717	59.848311	6145.985756	0.000913	3.1
119	-0.306294	60.848311	6070.895803	0.000598	3.1
120	-0.307092	60.789202	6075.283185	0.001770	3.2
121	-0.307572	61.789202	6001.900630	0.001574	3.0
122	-0.295121	62.789202	5930.269675	0.000764	2.9
123	-0.301112	62.730094	5934.456082	0.000962	3.0
124	-0.296006	63.730094	5864.416551	0.000399	3.0
125	-0.304775	63.670986	5868.510466	0.000857	3.1
126	-0.298565	63.611877	5872.610101	0.001868	3.2
127	-0.296192	64.611877	5804.014360	0.001506	3.0
128	-0.309868	65.611877	5737.002600	0.000364	3.1
129	-0.301402	66.611877	5671.520581	0.001469	3.2
130	-0.297948	67.611877	5607.516513	0.000996	3.1
131	-0.305985	68.261459	5566.708968	0.000776	3.2
132	-0.304373	69.261459	5505.035812	0.000549	3.1
133	-0.307677	69.202351	5508.643184	0.003011	3.1
134	-0.298244	70.202351	5448.242952	0.001787	3.0
135	-0.300964	70.143242	5451.776253	0.002067	3.0
136	-0.301307	71.143242	5392.609936	0.000860	2.8
137	-0.302284	71.084134	5396.071424	0.000300	3.2
138	-0.300870	71.025026	5399.537359	0.000634	3.0
139	-0.301292	72.023240	5341.595990	0.000788	2.9
140	-0.308272	73.023240	5284.784546	0.000887	2.9
141	-0.300823	74.023240	5229.168840	0.000780	2.7
142	-0.303744	75.023240	5174.711515	0.000333	2.9
143	-0.301647	74.964132	5177.898836	0.000323	3.0
144	-0.309594	74.905024	5181.090041	0.000500	2.9
145	-0.308741	75.903769	5127.690795	0.000730	3.1
146	-0.302611	76.903769	5075.315991	0.001148	3.0
147	-0.306514	77.903769	5024.000292	0.001199	2.9
148	-0.301932	78.903769	4973.711896	0.001164	3.2
149	-0.309105	79.903769	4924.420260	0.000623	2.9
150	-0.305920	80.903769	4876.096039	0.000812	3.0
151	-0.301723	80.844661	4878.926014	0.000401	2.9
152	-0.305775	80.785552	4881.759276	0.001879	2.8
153	-0.300168	81.785552	4834.264670	0.000945	2.7
154	-0.303318	82.785552	4787.685310	0.000859	2.7
155	-0.302416	82.726444	4790.413563	0.001044	2.9
156	-0.298943	83.726444	4744.671405	0.000549	2.9
157	-0.301006	83.667336	4747.350843	0.001110	3.1
158	-0.304321	84.667336	4702.423517	0.001509	2.9
159	-0.299785	85.667336	4658.338573	0.000430	2.9
160	-0.307684	85.799789	4652.561289	0.001352	3.2
161	-0.297523	86.799789	4609.402009	0.001075	3.4
162	-0.297492	86.740681	4611.930803	0.000269	3.5
163	-0.305855	87.740681	4569.518609	0.001070	3.2
164	-0.311205	88.740681	4527.879369	0.001200	3.2
165	-0.298121	88.681573	4530.319481	0.000844	3.2
166	-0.293391	88.622464	4532.762225	0.000568	3.0
167	-0.304580	88.563356	4535.207604	0.000533	3.0
168	-0.312554	88.504248	4537.655624	0.000881	3.1
169	-0.297473	88.445139	4540.106286	0.004530	2.8
170	-0.307291	89.445139	4498.998943	0.001350	3.0
171	-0.307076	90.445139	4458.629314	0.001008	3.0
172	-0.311442	90.386031	4460.995338	0.000449	3.0
173	-0.310512	91.386031	4421.301835	0.000518	2.9
174	-0.311800	91.326923	4423.628398	0.001006	2.9
175	-0.316058	92.326923	4384.594175	0.001478	2.9
176	-0.312527	93.326923	4346.242804	0.000206	2.8
177	-0.307088	93.267814	4348.491024	0.001327	2.8
178	-0.307523	94.267814	4310.765913	0.000306	3.1
179	-0.308701	95.267814	4273.689738	0.000791	3.0
180	-0.305903	95.208706	4275.863501	0.000810	2.9
181	-0.307079	95.149760	4278.033519	0.001413	3.2
182	-0.309894	96.149760	4241.515873	0.001208	2.7
183	-0.295003	97.149760	4205.616385	0.000776	3.0
184	-0.301274	98.149760	4170.319491	0.000736	3.1
185	-0.301477	98.090651	4172.389348	0.000824	3.1
186	-0.308576	98.031543	4174.461260	0.001709	3.1
187	-0.308103	99.031543	4139.683225	0.001457	3.1
188	-0.299745	100.031543	4105.479883	0.000979	3.0
189	-0.300368	101.031543	4071.837107	0.000589	3.0
190	-0.307192	100.972435	4073.810335	0.001090	2.8
191	-0.305214	101.972435	4040.682502	0.001216	2.9
192	-0.308195	102.972435	4008.089107	0.001091	3.0
193	-0.305590	103.972435	3976.017322	0.000809	2.8
194	-0.301360	104.972435	3944.454724	0.000432	2.9
195	-0.310444	105.972435	3913.389282	0.001519	3.1
196	-0.311584	106.972435	3882.809343	0.001091	3.1
197	-0.303374	107.972435	3852.703613	0.001226	3.2
198	-0.308864	108.972435	3823.061145	0.000496	3.0
199	-0.308551	108.913326	3824.800572	0.001387	3.1
