1:ItNr	2:Metric	3a:Time	3b:StepSize	4:||Gradient||	Time[ms]
0	-1.057379	0.000000	1689.724801	0.021549	12.8
1	-0.825589	0.000000	1689.724801	0.023997	0.8
2	-1.110661	0.999995	1612.919474	0.000947	0.7
3	-1.115330	1.238056	1595.653006	0.002948	0.7
4	-1.127876	1.196676	1598.627673	0.010077	0.9
5	-1.028768	1.153820	1601.720171	0.015114	0.7
6	-1.118027	2.153820	1532.542811	0.003498	0.7
7	-1.105758	2.110964	1535.384687	0.003594	0.7
8	-1.117364	2.068116	1538.236620	0.005636	0.7
9	-1.112580	2.025260	1541.099673	0.007010	0.9
10	-1.274962	1.982404	1543.973403	0.012041	0.8
11	-1.276311	1.939548	1546.857870	0.009506	0.8
12	-1.237238	1.896692	1549.753136	0.005874	0.7
13	-1.245182	1.853836	1552.659259	0.005840	0.7
14	-1.187734	1.810981	1555.576303	0.007526	0.7
15	-1.252655	2.767579	1492.967438	0.032626	0.7
16	-1.152191	3.767579	1432.688334	0.027192	0.7
17	-1.258156	3.724723	1435.171645	0.007529	0.7
18	-1.287939	4.724723	1379.382058	0.009598	0.7
19	-1.214771	4.681867	1381.683864	0.008988	0.7
20	-1.219101	4.639011	1383.993365	0.003505	0.7
21	-1.214893	5.635807	1332.199970	0.003105	0.6
22	-1.220639	5.592951	1334.346876	0.003024	0.6
23	-1.204733	5.550095	1336.500697	0.003080	0.6
24	-1.215976	5.507240	1338.661486	0.003390	0.7
25	-1.304792	5.464384	1340.829285	0.005161	0.7
26	-1.256466	5.421528	1343.004120	0.014237	0.7
27	-1.090957	5.378672	1345.186021	0.008221	0.6
28	-1.258686	6.378672	1296.053397	0.009114	0.7
29	-1.306857	6.335816	1298.085293	0.009873	0.8
30	-1.209125	6.292960	1300.123570	0.010119	0.8
31	-1.362043	6.250104	1302.168259	0.005968	0.7
32	-1.071655	6.207328	1304.215583	0.009633	0.7
33	-1.223424	7.195444	1258.509047	0.005351	0.9
34	-1.238345	7.152588	1260.424841	0.004800	0.7
35	-1.268837	7.109732	1262.346476	0.003984	0.6
36	-1.293994	7.936349	1226.285363	0.006472	0.7
37	-1.265668	8.843818	1188.997366	0.003692	0.6
38	-1.262130	8.800962	1190.707229	0.003473	0.7
39	-1.174540	8.758106	1192.422017	0.015729	0.8
40	-1.251358	8.715250	1194.141751	0.035526	0.7
41	-1.152065	8.672394	1195.866453	0.004469	0.6
42	-1.174488	9.672394	1156.878089	0.005512	0.8
43	-1.190804	9.629538	1158.496758	0.005548	0.6
44	-1.208962	9.586682	1160.119962	0.004559	0.6
45	-1.243842	9.543827	1161.747721	0.002291	0.7
46	-1.274158	9.500983	1163.379581	0.002082	0.7
47	-1.196710	9.463333	1164.817409	0.004810	0.6
48	-1.216430	9.420477	1166.458378	0.005066	0.8
49	-1.216480	9.377622	1168.103986	0.002532	0.6
50	-1.237054	9.334771	1169.754046	0.002541	0.6
51	-1.229695	9.291930	1171.408379	0.001394	0.6
52	-1.236396	9.249609	1173.047243	0.000781	0.6
53	-1.247139	9.219366	1174.221211	0.000510	0.6
54	-1.229977	9.203559	1174.835738	0.000432	0.6
55	-1.251778	9.200820	1174.942304	0.000426	0.7
56	-1.249659	9.211099	1174.542528	0.000514	0.7
57	-1.242038	9.212702	1174.480221	0.000280	0.7
58	-1.234174	9.206003	1174.740708	0.000409	0.8
59	-1.241603	9.200407	1174.958373	0.000185	0.8
60	-1.235204	9.197816	1175.059167	0.000159	0.7
61	-1.238381	9.198361	1175.037971	0.000290	0.8
62	-1.246637	9.198070	1175.049293	0.000491	0.6
63	-1.247523	9.197243	1175.081466	0.000119	0.9
64	-1.240114	9.195495	1175.149494	0.000842	0.8
65	-1.234845	9.193840	1175.213914	0.000247	0.7
66	-1.249737	9.184835	1175.564497	0.000225	0.6
67	-1.236273	9.182779	1175.644580	0.000386	0.7
68	-1.251526	9.181133	1175.708725	0.000227	0.8
69	-1.241450	9.185417	1175.541833	0.000210	0.8
70	-1.246492	9.183889	1175.601366	0.000297	0.8
71	-1.232307	9.181931	1175.677620	0.000451	0.7
72	-1.262232	9.188652	1175.415860	0.000279	0.9
73	-1.230281	9.194870	1175.173839	0.000319	0.9
74	-1.250584	9.197949	1175.054020	0.000132	0.8
75	-1.234114	9.195792	1175.137946	0.000227	0.9
76	-1.246812	9.194313	1175.195515	0.000331	0.8
77	-1.256984	9.190685	1175.336714	0.000377	0.7
78	-1.246801	9.193077	1175.243630	0.000293	0.7
79	-1.246148	9.189293	1175.390918	0.000192	0.8
80	-1.250434	9.190643	1175.338359	0.000448	0.6
81	-1.249020	9.191289	1175.313216	0.000228	0.8
82	-1.257542	9.196663	1175.104028	0.000299	0.6
83	-1.250978	9.196103	1175.125838	0.000159	0.6
84	-1.236495	9.194243	1175.198238	0.000101	0.7
85	-1.251293	9.194556	1175.186060	0.000136	0.8
86	-1.247351	9.194540	1175.186674	0.000304	0.6
87	-1.236693	9.194262	1175.197502	0.000129	0.6
88	-1.231545	9.192939	1175.248984	0.000133	0.6
89	-1.246125	9.193631	1175.222061	0.000465	0.6
90	-1.250882	9.195939	1175.132207	0.000304	0.6
91	-1.237694	9.204136	1174.813296	0.000106	0.6
92	-1.232740	9.204285	1174.807503	0.000101	0.7
93	-1.243984	9.204292	1174.807229	0.000515	0.6
94	-1.235934	9.203086	1174.854147	0.000415	0.7
95	-1.237568	9.215546	1174.369674	0.000181	0.6
96	-1.235988	9.214573	1174.407495	0.000264	0.8
97	-1.250152	9.212391	1174.492295	0.000288	1.0
98	-1.240168	9.215451	1174.373375	0.000174	0.9
99	-1.243166	9.218129	1174.269293	0.000245	0.9
100	-1.244387	9.220391	1174.181403	0.000254	0.9
101	-1.232634	9.217609	1174.289494	0.000177	0.9
102	-1.261100	9.219998	1174.196663	0.000560	0.8
103	-1.248032	9.216370	1174.337653	0.000447	0.8
104	-1.250027	9.231582	1173.746747	0.000462	0.8
105	-1.257720	9.221951	1174.120766	0.000246	0.7
106	-1.248108	9.217295	1174.301690	0.000244	0.8
107	-1.238274	9.218010	1174.273924	0.000215	0.6
108	-1.214563	9.218160	1174.268101	0.000482	0.7
109	-1.227876	9.222008	1174.118576	0.000244	0.7
110	-1.246169	9.227254	1173.914792	0.000300	0.8
111	-1.257668	9.230180	1173.801159	0.000555	0.8
112	-1.253296	9.226882	1173.929247	0.000261	0.9
113	-1.253919	9.234439	1173.635813	0.000113	1.0
114	-1.247519	9.235384	1173.599135	0.000372	0.8
115	-1.234089	9.236791	1173.544530	0.000280	0.8
116	-1.215510	9.241480	1173.362584	0.000696	0.7
117	-1.256248	9.242281	1173.331505	0.000277	0.9
118	-1.246464	9.247807	1173.117151	0.000647	0.7
119	-1.237670	9.252664	1172.928798	0.000436	0.9
120	-1.257994	9.251573	1172.971105	0.000378	0.7
121	-1.234726	9.259999	1172.644462	0.000056	0.8
122	-1.240020	9.259264	1172.672948	0.000249	0.7
123	-1.255453	9.258606	1172.698468	0.000488	0.6
124	-1.246529	9.255601	1172.814937	0.000411	0.7
125	-1.226256	9.248969	1173.072084	0.000373	0.9
126	-1.243331	9.242542	1173.321374	0.000384	0.8
127	-1.248854	9.248238	1173.100440	0.000223	0.8
128	-1.245757	9.249203	1173.062986	0.000338	0.7
129	-1.235397	9.246611	1173.163539	0.000384	0.8
130	-1.245491	9.252954	1172.917557	0.000345	0.8
131	-1.234017	9.256924	1172.763674	0.000503	0.8
132	-1.245739	9.266997	1172.373345	0.000278	0.8
133	-1.246294	9.264714	1172.461806	0.000185	0.8
134	-1.245743	9.266620	1172.387941	0.000094	1.0
135	-1.255008	9.267111	1172.368950	0.000515	0.8
136	-1.238364	9.269147	1172.290096	0.000361	0.8
137	-1.234893	9.261294	1172.594296	0.000548	0.7
138	-1.219709	9.271449	1172.200933	0.000444	0.7
139	-1.253337	9.262813	1172.535443	0.000125	0.7
140	-1.249109	9.265813	1172.419233	0.000076	0.7
141	-1.238939	9.266289	1172.400796	0.000351	0.7
142	-1.238472	9.266376	1172.397414	0.000200	0.6
143	-1.252509	9.263118	1172.523614	0.000544	0.9
144	-1.244713	9.261241	1172.596356	0.000314	0.8
145	-1.256965	9.262897	1172.532172	0.000397	0.6
146	-1.254628	9.260610	1172.620805	0.000309	0.7
147	-1.246514	9.260626	1172.620165	0.000327	0.8
148	-1.245324	9.263497	1172.508950	0.000239	1.0
149	-1.244265	9.261506	1172.586086	0.000193	1.0
150	-1.251190	9.261513	1172.585830	0.000426	0.9
151	-1.241739	9.258458	1172.704198	0.000081	1.1
152	-1.237867	9.259228	1172.674379	0.000573	1.2
153	-1.244811	9.261130	1172.600656	0.000182	1.4
154	-1.237232	9.256218	1172.791003	0.000706	1.1
155	-1.252720	9.255136	1172.832951	0.000414	1.1
156	-1.233308	9.265818	1172.419022	0.000140	0.9
157	-1.232742	9.268964	1172.297157	0.000294	1.1
158	-1.254014	9.268574	1172.312272	0.000025	0.9
159	-1.241662	9.268190	1172.327161	0.000162	1.0
160	-1.239300	9.268065	1172.331977	0.000557	0.8
161	-1.243730	9.269484	1172.277038	0.000124	0.9
162	-1.247317	9.267485	1172.354443	0.000323	0.7
163	-1.246730	9.269302	1172.284095	0.000291	0.7
164	-1.219411	9.265842	1172.418098	0.000273	0.8
165	-1.227230	9.262490	1172.547956	0.000809	0.6
166	-1.246538	9.255344	1172.824908	0.000446	0.6
167	-1.235196	9.266302	1172.400273	0.000102	0.7
168	-1.234810	9.264126	1172.484585	0.000157	0.7
169	-1.238845	9.263710	1172.500691	0.000141	0.6
170	-1.230421	9.262629	1172.542565	0.000192	0.7
171	-1.223601	9.264003	1172.489331	0.000484	0.7
172	-1.257772	9.265410	1172.434834	0.000473	0.7
173	-1.217958	9.260625	1172.620233	0.000844	0.7
174	-1.263133	9.286118	1171.633201	0.000494	0.9
175	-1.240971	9.296283	1171.240064	0.000113	1.2
176	-1.238498	9.297100	1171.208497	0.000419	0.8
177	-1.239972	9.294870	1171.294694	0.000148	0.8
178	-1.245579	9.297874	1171.178575	0.000244	0.9
179	-1.242550	9.296155	1171.245013	0.000203	1.0
180	-1.251204	9.295899	1171.254919	0.000178	0.9
181	-1.239997	9.294026	1171.327346	0.000104	0.9
182	-1.242772	9.294945	1171.291795	0.000391	0.9
183	-1.231188	9.296099	1171.247173	0.000316	0.8
184	-1.245835	9.292008	1171.405351	0.000151	0.9
185	-1.247908	9.290376	1171.468488	0.000414	0.9
186	-1.242787	9.287775	1171.569086	0.000581	0.8
187	-1.258892	9.279662	1171.882987	0.000404	0.8
188	-1.227304	9.283413	1171.737846	0.000192	0.9
189	-1.249426	9.280052	1171.867898	0.000340	1.1
190	-1.238186	9.281011	1171.830792	0.000205	0.9
191	-1.254146	9.283802	1171.722774	0.000247	1.0
192	-1.250802	9.286266	1171.627452	0.000136	0.8
193	-1.233309	9.287519	1171.578990	0.000319	0.9
194	-1.242219	9.289402	1171.506151	0.000065	0.7
195	-1.252017	9.289215	1171.513380	0.000386	0.8
196	-1.242205	9.289340	1171.508542	0.000083	0.7
197	-1.250754	9.290806	1171.451859	0.000248	0.7
198	-1.229669	9.290408	1171.467246	0.000267	0.8
199	-1.246881	9.292225	1171.396995	0.000298	0.7
