1:ItNr	2:Metric	3a:Time	3b:StepSize	4:||Gradient||	Time[ms]
0	-0.242096	0.000000	1141.897143	0.001886	20.9
1	-0.242094	0.000000	1141.897143	0.001724	3.3
2	-0.245654	0.994889	1090.246006	0.001564	3.2
3	-0.240555	0.322999	1124.599769	0.001526	2.8
4	-0.247110	1.284063	1076.098190	0.002029	2.6
5	-0.249028	0.612173	1109.552448	0.001532	3.0
6	-0.244194	1.588203	1061.609017	0.001691	2.7
7	-0.245445	2.588198	1016.603322	0.002951	2.8
8	-0.255898	1.933355	1045.631557	0.001578	2.9
9	-0.242217	2.933355	1001.942256	0.001861	2.7
10	-0.247142	2.261465	1030.882603	0.001691	2.7
11	-0.247395	1.589583	1061.544170	0.002749	2.9
12	-0.245407	1.489766	1066.255645	0.002102	2.9
13	-0.244527	2.462762	1022.038250	0.002103	2.9
14	-0.242671	1.790872	1052.168609	0.001647	2.7
15	-0.246570	1.118985	1084.129317	0.001847	2.8
16	-0.243679	0.447095	1118.092682	0.001689	2.6
17	-0.245314	1.447095	1068.282554	0.001128	2.9
18	-0.246168	2.445920	1022.772403	0.001867	3.2
19	-0.253026	1.774120	1052.942553	0.001878	2.8
20	-0.247285	2.774120	1008.653111	0.001977	2.7
21	-0.250529	3.774075	967.940889	0.001518	2.6
22	-0.244901	3.474717	979.780056	0.001123	2.6
23	-0.239381	2.802882	1007.434295	0.001016	2.8
24	-0.254464	2.131026	1036.695890	0.001318	2.8
25	-0.247488	1.704999	1056.148044	0.001103	2.7
26	-0.246770	2.704871	1011.599687	0.001990	2.6
27	-0.246156	3.694242	971.070099	0.002678	3.2
28	-0.240989	4.638659	935.300099	0.001713	2.6
29	-0.244159	3.966771	960.470203	0.001403	3.1
30	-0.248026	3.294894	987.032105	0.001784	2.7
31	-0.243499	2.624830	1015.026999	0.002509	2.7
32	-0.248796	3.624830	973.807352	0.002009	2.9
33	-0.249964	4.558857	938.220370	0.001923	2.6
34	-0.247811	5.558857	902.894288	0.001156	2.6
35	-0.252463	4.886969	926.328610	0.002103	3.0
36	-0.249881	4.215233	951.006091	0.001925	3.0
37	-0.243492	3.543370	977.039414	0.001659	2.8
38	-0.246145	4.543370	938.789203	0.001241	2.8
39	-0.254364	5.539016	903.569292	0.001613	3.3
40	-0.245613	4.873319	926.817313	0.001904	2.8
41	-0.257904	4.201429	951.526985	0.002459	3.0
42	-0.245857	3.529539	977.590310	0.002558	2.9
43	-0.237677	4.529539	939.297793	0.001393	3.0
44	-0.258835	5.529254	903.901769	0.002687	2.8
45	-0.247254	4.857365	927.389176	0.001326	2.6
46	-0.248957	4.185478	952.129624	0.002181	2.7
47	-0.249833	5.094314	918.968019	0.002615	2.9
48	-0.258623	4.422424	943.255444	0.001942	2.7
49	-0.252937	3.750582	968.859647	0.002036	2.7
50	-0.255749	4.750582	931.234880	0.001979	2.6
51	-0.252279	4.079533	956.151790	0.001630	2.6
52	-0.255398	4.647334	934.983716	0.001474	2.7
53	-0.252620	3.976717	960.087741	0.001417	3.1
54	-0.253827	4.976701	923.128757	0.002034	2.8
55	-0.255858	5.882494	892.024380	0.001598	2.7
56	-0.250637	5.210617	914.890313	0.002094	2.6
57	-0.246643	4.538728	938.959858	0.001443	2.6
58	-0.249915	3.866838	964.330097	0.002361	2.9
59	-0.241752	3.194948	991.109389	0.001444	3.3
60	-0.247017	2.523058	1019.418477	0.001280	2.7
61	-0.254222	1.854075	1049.258838	0.002096	2.7
62	-0.246693	2.852786	1005.326591	0.001825	2.7
63	-0.250819	3.795559	967.102207	0.001977	2.8
64	-0.249384	3.123669	994.037835	0.001856	2.7
65	-0.254603	3.747399	968.984263	0.001624	2.8
66	-0.254963	3.075509	996.026297	0.000974	2.7
67	-0.253045	2.406775	1024.482879	0.001826	2.8
68	-0.254126	3.406772	982.507653	0.001318	2.7
69	-0.259566	3.756656	968.621923	0.001659	2.6
70	-0.258528	3.085291	995.621763	0.001138	2.5
71	-0.253491	4.084179	955.974693	0.001490	2.9
72	-0.253547	3.427767	981.663198	0.001771	2.7
73	-0.247658	2.758008	1009.337146	0.001821	2.7
74	-0.256862	3.758008	968.569046	0.001770	2.6
75	-0.251154	3.086118	995.587585	0.001915	2.8
76	-0.248681	2.414228	1024.156757	0.001697	2.7
77	-0.247642	1.742338	1054.414004	0.001750	3.0
78	-0.251300	1.070449	1086.513488	0.000887	2.6
79	-0.251796	2.056505	1040.046610	0.001401	2.6
80	-0.247474	1.384777	1071.256584	0.001070	2.6
81	-0.259783	0.716246	1104.235053	0.001389	2.7
82	-0.248438	0.044368	1139.489697	0.001768	2.7
83	-0.246295	0.000000	1141.897143	0.001668	2.7
84	-0.252903	0.972156	1091.374010	0.001259	2.9
85	-0.255310	0.300266	1125.800018	0.002163	2.9
86	-0.248761	1.224892	1078.963177	0.001922	2.7
87	-0.248776	2.224891	1032.506026	0.002467	2.8
88	-0.245900	1.553001	1063.266027	0.002112	3.1
89	-0.251775	2.553001	1018.122480	0.001591	3.0
90	-0.252260	3.553001	976.656165	0.002295	2.7
91	-0.248203	2.881111	1004.134174	0.001894	2.7
92	-0.257667	2.209221	1033.203119	0.001759	2.6
93	-0.253754	1.756554	1053.755310	0.001314	2.7
94	-0.255674	2.754460	1009.487913	0.001451	2.8
95	-0.245953	3.754459	968.707887	0.001633	2.6
96	-0.247674	3.126725	993.911943	0.001774	2.8
97	-0.248681	2.464562	1021.959845	0.001814	2.6
98	-0.252304	1.794036	1052.022542	0.001203	2.7
99	-0.253445	1.122152	1083.974125	0.001840	2.7
100	-0.253141	0.450264	1117.927517	0.002239	2.7
101	-0.256887	1.432070	1068.998114	0.002692	2.7
102	-0.251497	2.432000	1023.380013	0.001987	2.8
103	-0.252062	1.760115	1053.590455	0.002113	2.6
104	-0.253299	2.760115	1009.247638	0.001721	2.7
105	-0.249468	3.760115	968.486614	0.001490	2.9
106	-0.248793	4.752387	931.169590	0.001887	3.7
107	-0.243712	5.291732	912.067732	0.002136	2.7
108	-0.254900	4.619842	935.987048	0.001808	3.0
109	-0.258005	3.947952	961.194738	0.002177	2.8
110	-0.249990	4.947952	924.151554	0.001436	3.2
111	-0.247933	5.947886	889.859795	0.001843	2.9
112	-0.262159	6.947886	858.019827	0.001511	3.4
113	-0.254683	6.276126	879.151226	0.001605	2.9
114	-0.256138	7.276126	848.059584	0.001464	2.8
115	-0.254531	6.604571	868.690902	0.002417	2.9
116	-0.251994	7.604571	838.321949	0.001500	2.8
117	-0.257762	8.604571	810.004635	0.002196	3.5
118	-0.259466	7.932681	828.814986	0.001684	3.0
119	-0.250705	8.932681	801.125687	0.002625	3.0
120	-0.248747	8.467136	813.782513	0.001646	2.8
121	-0.255749	7.795251	832.770655	0.002431	2.7
122	-0.252284	7.123361	852.666220	0.001480	3.0
123	-0.248582	6.451471	873.535696	0.002092	3.6
124	-0.241420	5.986753	888.578185	0.001651	2.7
125	-0.254170	5.314960	911.262661	0.001493	2.7
126	-0.247957	6.314958	877.901393	0.001791	3.4
127	-0.247841	7.128385	852.513918	0.001380	3.4
128	-0.246183	8.117301	823.559842	0.001829	3.2
129	-0.252041	7.445411	843.012593	0.000887	2.8
130	-0.250401	8.434524	814.684144	0.001985	2.9
131	-0.256931	7.762766	833.711182	0.001826	2.7
132	-0.256003	8.675181	808.077301	0.001189	2.8
133	-0.256830	8.103069	823.962596	0.001581	2.8
134	-0.250797	7.431194	843.434157	0.001009	3.0
135	-0.255561	8.396663	815.733405	0.002224	2.8
136	-0.253597	7.724773	834.813905	0.001687	3.3
137	-0.255071	7.227583	849.518016	0.001481	3.2
138	-0.246910	6.555694	870.231747	0.001878	3.1
139	-0.257248	5.883805	891.980895	0.002898	3.1
140	-0.257148	6.883805	859.991685	0.001772	2.9
141	-0.252278	7.883805	830.217502	0.001732	3.1
142	-0.250870	7.221918	849.688519	0.002042	2.8
143	-0.255359	7.345290	845.990298	0.001674	2.9
144	-0.255632	8.345202	817.163907	0.001766	3.0
145	-0.257224	7.673314	836.312115	0.001804	3.1
146	-0.256047	8.673307	808.128330	0.001327	2.9
147	-0.255751	8.001866	826.837833	0.001483	3.0
148	-0.250066	7.342033	846.087518	0.001531	2.9
149	-0.256736	6.672894	866.546147	0.001953	2.7
150	-0.252954	7.672894	836.324360	0.002001	2.9
151	-0.255419	7.059863	854.595774	0.001619	3.3
152	-0.258282	8.059863	825.187659	0.001461	3.6
153	-0.262932	9.059847	797.736602	0.002056	2.8
154	-0.253578	8.387957	815.975065	0.001208	3.1
155	-0.248656	7.736451	834.474642	0.001522	3.2
156	-0.256859	8.297079	818.506175	0.001864	3.6
157	-0.253836	7.625189	837.718136	0.001924	3.2
158	-0.260402	8.625189	809.440911	0.001058	3.0
159	-0.252645	7.988549	827.217663	0.001650	3.0
160	-0.253534	7.381667	844.905985	0.001619	3.6
161	-0.252212	8.381651	816.150181	0.001531	3.7
162	-0.260604	9.375122	789.456573	0.001164	3.7
163	-0.259629	10.343477	765.066371	0.000939	3.5
164	-0.254183	10.525373	760.652073	0.002159	3.3
165	-0.253235	9.853770	777.209387	0.001723	3.3
166	-0.252755	9.181881	794.511130	0.001476	2.8
167	-0.250572	10.181877	769.031311	0.001526	2.8
168	-0.261519	9.523229	785.625917	0.001612	2.6
169	-0.256101	10.522617	760.718564	0.001776	2.9
170	-0.248168	11.522617	737.328116	0.001554	3.5
171	-0.261383	10.850729	752.881979	0.002085	2.6
172	-0.252713	10.180862	769.056345	0.001262	2.6
173	-0.247358	11.180862	745.158413	0.001736	2.7
174	-0.242244	12.180860	722.700974	0.002062	2.7
175	-0.255200	11.698605	733.359719	0.001363	2.6
176	-0.258208	12.696992	711.631472	0.001950	2.6
177	-0.250375	13.696992	691.121583	0.001788	2.6
178	-0.260515	13.036264	704.537966	0.002182	2.8
179	-0.253887	12.364374	718.725912	0.001951	2.6
180	-0.252694	13.364374	697.811058	0.002266	2.6
181	-0.254366	12.692484	711.726689	0.002021	2.5
182	-0.257393	13.600898	693.040978	0.002269	2.7
183	-0.257537	12.929008	706.765141	0.002040	2.6
184	-0.252386	12.257126	721.043666	0.001599	2.8
185	-0.255935	13.257124	699.995707	0.001982	2.7
186	-0.257607	14.204319	681.161871	0.002315	3.0
187	-0.260011	15.204317	662.347531	0.002817	3.2
188	-0.252691	16.204317	644.544556	0.001509	2.6
189	-0.254840	15.532427	656.398763	0.001842	2.6
190	-0.254521	14.872708	668.470307	0.001299	3.0
191	-0.247781	14.201641	681.213689	0.002532	2.9
192	-0.262686	13.542183	694.219000	0.001924	2.6
193	-0.259669	14.542183	674.686745	0.001449	2.7
194	-0.254824	15.542183	656.223516	0.002621	2.6
195	-0.262661	15.586200	655.434012	0.001170	2.7
196	-0.253045	16.586200	637.995856	0.001059	2.6
197	-0.253014	17.582554	621.520293	0.002524	2.6
198	-0.246714	16.910664	632.535484	0.002159	2.5
199	-0.252949	17.910664	616.279388	0.001311	2.7
