1:ItNr	2:Metric	3a:Time	3b:StepSize	4:||Gradient||	Time[ms]
0	-0.118661	0.000000	1917.259119	0.002010	22.3
1	-0.122349	0.000000	1917.259119	0.001903	1.3
2	-0.122624	1.000000	1830.110977	0.002204	1.0
3	-0.114160	2.000000	1750.540935	0.001056	1.2
4	-0.129022	2.995338	1677.927662	0.001153	1.0
5	-0.123623	2.705608	1698.435329	0.001086	0.9
6	-0.115765	2.415876	1719.450594	0.000589	1.0
7	-0.125334	3.356733	1653.031258	0.001267	1.2
8	-0.117558	3.067001	1672.931403	0.001290	1.5
9	-0.128424	4.067001	1606.193013	0.000791	1.1
10	-0.126547	3.777318	1624.971748	0.000471	1.1
11	-0.117072	3.518047	1642.155319	0.001229	1.1
12	-0.121444	3.250981	1660.239714	0.001338	1.2
13	-0.122704	2.961247	1680.314924	0.001145	1.0
14	-0.122541	2.672647	1700.800169	0.001565	1.3
15	-0.120050	2.385768	1721.664315	0.001112	1.1
16	-0.122812	2.530561	1711.070180	0.001068	1.0
17	-0.132465	2.240828	1732.401369	0.000842	1.0
18	-0.113417	3.058758	1673.504564	0.001055	1.1
19	-0.115026	3.924726	1615.361417	0.002051	1.2
20	-0.120872	3.634993	1634.359776	0.000708	1.0
21	-0.122571	4.250954	1594.491907	0.000704	0.9
22	-0.128324	4.382818	1586.208474	0.000660	1.1
23	-0.126884	4.094004	1604.464636	0.000874	1.4
24	-0.119105	4.144675	1601.231337	0.001020	2.0
25	-0.123906	3.855181	1619.881240	0.000769	1.4
26	-0.123707	3.565492	1638.983719	0.001091	1.2
27	-0.127089	3.275759	1658.545124	0.001710	1.4
28	-0.128283	2.986025	1678.579132	0.000853	1.3
29	-0.131696	2.711542	1698.010284	0.000899	1.2
30	-0.127624	2.425980	1718.708981	0.000854	1.3
31	-0.129048	2.136486	1740.214198	0.001607	1.0
32	-0.133349	1.846752	1762.282913	0.001193	1.3
33	-0.131070	1.557019	1784.918552	0.001414	0.9
34	-0.126576	1.267285	1808.143244	0.000630	1.1
35	-0.139690	2.247055	1731.937319	0.000981	1.0
36	-0.130895	1.957328	1753.794757	0.000862	1.0
37	-0.125778	1.667612	1776.210131	0.000896	1.0
38	-0.134429	2.667387	1701.178132	0.000930	0.9
39	-0.112759	2.394942	1720.989189	0.001157	0.9
40	-0.132494	2.105208	1742.569967	0.001193	1.0
41	-0.127494	1.815474	1764.698847	0.001086	1.0
42	-0.134225	1.525796	1787.392617	0.000617	1.0
43	-0.129946	2.076464	1744.740535	0.001173	1.3
44	-0.126898	3.062098	1673.272265	0.000709	1.1
45	-0.130219	4.058078	1606.764954	0.001197	1.2
46	-0.120592	3.768345	1625.560441	0.001137	1.1
47	-0.127758	3.478611	1644.800889	0.001070	1.2
48	-0.129344	3.188881	1664.502038	0.000501	1.0
49	-0.132238	3.248005	1660.443469	0.000865	1.0
50	-0.128241	2.966538	1679.943979	0.001322	0.9
51	-0.123219	2.676808	1700.501267	0.001343	1.0
52	-0.127910	2.637054	1703.361237	0.001306	1.1
53	-0.126056	2.353600	1724.035788	0.000753	1.1
54	-0.123057	2.063873	1745.692967	0.000983	0.9
55	-0.124421	1.774429	1767.879273	0.000362	1.0
56	-0.129774	1.488546	1790.353258	0.001130	1.1
57	-0.135838	2.449584	1716.978927	0.000747	0.8
58	-0.126775	2.186155	1736.486309	0.000513	0.9
59	-0.127329	1.899708	1758.207640	0.000958	1.1
60	-0.134986	1.610085	1780.729366	0.000883	1.2
61	-0.121166	1.320353	1803.844320	0.000452	1.3
62	-0.119027	2.295579	1728.329731	0.001029	1.2
63	-0.126952	3.290227	1657.557236	0.000164	1.0
64	-0.140209	3.048811	1674.196773	0.001158	1.0
65	-0.127182	2.819365	1690.323855	0.000874	1.0
66	-0.120454	3.819294	1622.223459	0.001218	0.9
67	-0.126355	4.815955	1559.595305	0.000367	0.9
68	-0.123424	4.678426	1567.948184	0.000965	0.8
69	-0.114509	4.718636	1565.496795	0.000776	0.9
70	-0.126949	5.620914	1512.436509	0.000752	0.9
71	-0.125201	5.332063	1529.027231	0.000507	0.8
72	-0.127389	5.097402	1542.775846	0.000803	0.9
73	-0.122012	5.994882	1491.484250	0.000998	1.0
74	-0.127757	6.994832	1438.209776	0.000606	0.9
75	-0.117690	6.721563	1452.387130	0.000793	1.0
76	-0.126609	7.719626	1401.913846	0.000541	1.1
77	-0.126444	8.520389	1363.885868	0.001231	0.9
78	-0.124510	8.236817	1377.114415	0.000319	1.1
79	-0.121325	7.973889	1389.611208	0.000941	0.9
80	-0.118470	8.587518	1360.791436	0.000376	0.9
81	-0.130232	9.564359	1317.300360	0.001129	0.9
82	-0.135292	10.467041	1279.511518	0.000745	1.1
83	-0.114627	11.463165	1240.250037	0.000802	0.9
84	-0.132262	11.258278	1248.127417	0.000881	0.9
85	-0.130501	12.258160	1210.603408	0.001134	1.0
86	-0.124274	11.968426	1221.242449	0.000750	0.9
87	-0.137700	12.968425	1185.290190	0.000570	1.0
88	-0.121036	12.679261	1195.466910	0.000815	0.9
89	-0.119978	12.428317	1204.441167	0.000871	0.8
90	-0.120620	13.328249	1172.866142	0.001160	0.7
91	-0.122631	14.328192	1139.668888	0.000722	1.0
92	-0.136360	15.328104	1108.300114	0.000733	0.8
93	-0.129583	15.038391	1117.209747	0.000812	0.8
94	-0.120352	16.036346	1087.106209	0.000667	1.1
95	-0.122976	15.775121	1094.828250	0.000878	0.9
96	-0.116547	15.486867	1103.477617	0.000762	0.8
97	-0.116552	15.197141	1112.309982	0.000644	0.7
98	-0.121332	15.992463	1088.395794	0.000929	1.0
99	-0.116727	16.021798	1087.533379	0.000870	0.9
100	-0.122068	15.855871	1092.429519	0.000510	0.9
101	-0.119716	15.687065	1097.456046	0.000288	0.8
102	-0.122304	15.728994	1096.203224	0.000450	0.8
103	-0.130887	16.369043	1077.427674	0.000333	0.9
104	-0.120734	17.021055	1058.951205	0.000667	0.8
105	-0.119557	17.488165	1046.099269	0.000894	0.9
106	-0.120239	17.799738	1037.698807	0.000365	0.8
107	-0.129876	17.524905	1045.101633	0.001330	0.8
108	-0.119164	17.314426	1050.842875	0.000992	0.7
109	-0.119175	18.311427	1024.191799	0.000458	0.8
110	-0.124862	19.309191	998.840226	0.000504	0.6
111	-0.117993	20.095857	979.720212	0.000835	0.6
112	-0.130843	19.995345	982.122285	0.000361	0.6
113	-0.117084	19.731155	988.492502	0.000789	0.7
114	-0.127281	20.185608	977.585208	0.000215	0.7
115	-0.129845	20.211405	976.973270	0.001073	0.6
116	-0.129585	21.146702	955.292820	0.000730	0.7
117	-0.126775	21.730765	942.235453	0.000966	0.6
118	-0.118971	22.730755	920.689379	0.000218	0.6
119	-0.130260	22.619748	923.032416	0.000371	0.7
120	-0.123977	22.919429	916.734176	0.000585	0.8
121	-0.133320	22.830038	918.603839	0.000467	0.7
122	-0.124146	22.560443	924.289078	0.001303	0.8
123	-0.130866	23.560329	903.549013	0.000478	0.7
124	-0.128645	24.559508	883.733022	0.000496	0.7
125	-0.121747	24.276402	889.258848	0.000854	0.6
126	-0.127177	25.263745	870.280631	0.001259	0.7
127	-0.117779	26.263656	851.868962	0.001068	0.7
128	-0.126369	27.263656	834.218642	0.000184	0.7
129	-0.131236	27.295825	833.662977	0.000540	0.6
130	-0.119865	27.299247	833.603919	0.000297	0.6
131	-0.123248	27.759394	825.737116	0.000572	0.8
132	-0.114629	27.543481	829.409863	0.000303	0.7
133	-0.114484	28.301396	816.659259	0.000677	0.7
134	-0.132691	28.236205	817.740547	0.000907	0.7
135	-0.124437	28.847183	807.717495	0.000603	0.7
136	-0.119157	28.557515	812.438675	0.000653	0.8
137	-0.122779	28.371080	815.506598	0.000702	0.7
138	-0.121861	29.315926	800.192794	0.000245	0.7
139	-0.123519	29.303813	800.385483	0.000760	0.8
140	-0.121355	29.741827	793.476381	0.000774	0.6
141	-0.123595	30.732384	778.283127	0.001163	0.7
142	-0.121493	30.443062	782.660288	0.000537	0.7
143	-0.123541	31.442085	767.750584	0.000220	0.7
144	-0.119167	31.242986	770.676498	0.000585	0.7
145	-0.129479	31.062664	773.345787	0.000428	0.7
146	-0.118516	30.951861	774.995172	0.000699	0.7
147	-0.121819	31.696773	764.039987	0.000779	0.6
148	-0.123857	32.696317	749.817569	0.001008	0.7
149	-0.124549	32.407626	753.870649	0.000748	0.7
150	-0.124251	33.407507	740.016295	0.000403	0.8
151	-0.125625	34.096842	730.757695	0.000674	0.8
152	-0.110710	33.858441	733.933384	0.000722	0.8
153	-0.134728	34.832806	721.125163	0.000762	0.7
154	-0.113637	35.513675	712.437149	0.000610	0.8
155	-0.121282	36.511791	700.072812	0.000504	0.8
156	-0.131623	36.226008	703.568934	0.000701	0.7
157	-0.116115	37.133337	692.587831	0.000744	0.7
158	-0.132764	36.904764	695.321748	0.000845	0.7
159	-0.118485	37.437876	688.978526	0.000406	0.7
160	-0.117247	37.987943	682.553751	0.000639	0.7
161	-0.114650	38.169771	680.456268	0.000747	0.7
162	-0.122630	39.131937	669.568345	0.000422	0.9
163	-0.127386	40.117374	658.772438	0.000605	0.7
164	-0.133744	40.693943	652.615792	0.000384	0.6
165	-0.123020	40.411918	655.612836	0.000943	0.7
166	-0.120634	40.128970	658.647474	0.000779	0.7
167	-0.126033	41.128592	648.050121	0.000860	0.8
168	-0.122377	40.838860	651.086413	0.001136	0.8
169	-0.122806	41.838860	640.725208	0.000658	0.9
170	-0.124592	41.549948	643.684649	0.000281	0.8
171	-0.123776	41.931487	639.782144	0.000764	0.8
172	-0.124017	41.662607	642.527391	0.000865	0.8
173	-0.121010	42.660390	632.456720	0.000605	0.7
174	-0.130146	43.587533	623.377916	0.001112	0.8
175	-0.125784	43.299353	626.171797	0.000503	0.7
176	-0.128459	44.298498	616.590621	0.000851	0.8
177	-0.127692	45.259326	607.649428	0.000428	0.8
178	-0.120494	46.152645	599.565986	0.000492	0.9
179	-0.117046	45.926308	601.593642	0.000696	0.9
180	-0.130514	45.638562	604.191333	0.000880	0.9
181	-0.132581	46.636198	595.279491	0.000789	0.9
182	-0.123056	46.640296	595.243428	0.001006	1.0
183	-0.118584	46.350563	597.804086	0.000236	0.9
184	-0.122092	46.126107	599.803015	0.000610	0.8
185	-0.128576	45.977317	601.135474	0.000557	1.0
186	-0.127903	46.967810	592.375145	0.000426	0.8
187	-0.118295	46.707651	594.651285	0.000727	0.9
188	-0.126647	47.467303	588.053566	0.000807	0.8
189	-0.120470	47.203104	590.331512	0.001054	0.8
190	-0.129601	46.913371	592.849997	0.000812	0.8
191	-0.125852	47.913262	584.248089	0.000398	0.8
192	-0.126575	48.211206	581.732984	0.000430	0.8
193	-0.126857	48.350579	580.563885	0.000663	1.0
194	-0.119870	48.065134	582.963346	0.000672	0.9
195	-0.116712	49.003736	575.147039	0.000902	1.0
196	-0.124753	48.726224	577.436139	0.000230	0.9
197	-0.128490	49.586640	570.397482	0.000322	0.8
198	-0.132622	49.398259	571.923821	0.000129	0.7
199	-0.121985	49.599763	570.291455	0.000601	0.6
