1:ItNr	2:Metric	3a:Time	3b:StepSize	4:||Gradient||	Time[ms]
0	-0.750063	0.000000	2764.142652	0.012132	15.0
1	-0.664387	0.000000	2764.142652	0.004253	0.9
2	-0.729096	1.000000	2638.499804	0.010638	1.0
3	-0.768026	0.978048	2641.135230	0.009278	0.8
4	-0.719362	0.955804	2643.810941	0.006921	0.8
5	-0.767912	0.933561	2646.492079	0.008003	0.6
6	-0.743628	1.933561	2531.093861	0.002920	0.7
7	-0.788706	2.933561	2425.338856	0.005317	0.7
8	-0.763309	2.911318	2427.595000	0.009207	0.7
9	-0.776520	3.911318	2330.145519	0.004010	0.7
10	-0.788304	3.889075	2332.227958	0.005750	0.9
11	-0.793970	4.889075	2242.142546	0.006481	1.0
12	-0.797989	5.889075	2158.757655	0.006242	0.7
13	-0.784868	6.889075	2081.352518	0.005465	0.8
14	-0.809936	7.889075	2009.306163	0.005402	0.8
15	-0.811563	8.889075	1942.080724	0.004996	0.7
16	-0.803088	9.889075	1879.207985	0.003926	0.7
17	-0.789671	10.889075	1820.278461	0.003844	0.7
18	-0.797632	11.889075	1764.932469	0.003625	0.6
19	-0.803371	12.889075	1712.852780	0.003600	0.6
20	-0.817514	13.889075	1663.758535	0.003838	0.6
21	-0.800959	14.889075	1617.400178	0.003602	0.8
22	-0.802773	15.889075	1573.555213	0.003030	0.7
23	-0.800177	16.889075	1532.024634	0.002135	0.8
24	-0.819508	17.889075	1492.629903	0.002669	0.8
25	-0.792036	18.889075	1455.210386	0.002317	0.7
26	-0.815287	19.889075	1419.621163	0.002060	0.7
27	-0.793868	20.889075	1385.731153	0.002002	0.6
28	-0.818852	21.889075	1353.421499	0.002723	0.6
29	-0.799214	22.889075	1322.584178	0.002630	0.7
30	-0.828632	23.889075	1293.120791	0.002927	0.7
31	-0.781638	24.889075	1264.941517	0.003318	0.7
32	-0.822850	25.889075	1237.964198	0.002549	0.6
33	-0.790469	26.889075	1212.113538	0.002128	0.5
34	-0.834849	27.889075	1187.320401	0.001629	0.6
35	-0.805332	28.889075	1163.521194	0.001730	0.6
36	-0.833325	29.889075	1140.657324	0.001298	0.6
37	-0.809603	30.889075	1118.674713	0.001181	0.6
38	-0.836563	31.889075	1097.523375	0.001365	0.6
39	-0.792000	32.889075	1077.157032	0.001265	0.6
40	-0.815309	33.889075	1057.532780	0.001053	0.6
41	-0.792450	34.889075	1038.610785	0.001130	0.7
42	-0.832612	35.889075	1020.354015	0.001008	0.6
43	-0.790188	36.889075	1002.727994	0.000706	0.6
44	-0.815107	37.889048	985.701034	0.001179	0.6
45	-0.793080	38.889044	969.242320	0.001357	0.6
46	-0.834037	39.889044	953.324147	0.001087	0.6
47	-0.792729	40.889044	937.920385	0.001215	0.7
48	-0.836855	41.889039	923.006568	0.001222	0.6
49	-0.793671	42.889039	908.559542	0.001102	0.8
50	-0.813406	43.889039	894.557801	0.000936	0.7
51	-0.788095	44.889038	880.981080	0.001472	0.6
52	-0.834533	45.889038	867.810296	0.001271	0.6
53	-0.782199	46.889038	855.027521	0.000798	0.7
54	-0.814107	47.889036	842.615879	0.001332	0.7
55	-0.792317	48.889036	830.559401	0.001167	0.7
56	-0.836618	49.889036	818.843070	0.001915	0.6
57	-0.798994	50.889036	807.452695	0.001520	0.8
58	-0.825972	51.889036	796.374860	0.000842	0.7
59	-0.800124	52.889036	785.596877	0.001323	0.6
60	-0.825647	53.889036	775.106732	0.000991	0.6
61	-0.793484	54.889036	764.893046	0.000530	0.7
62	-0.826602	55.877703	755.056322	0.001707	0.7
63	-0.784714	56.877665	745.361276	0.001695	0.6
64	-0.826718	57.877665	735.911691	0.001554	0.8
65	-0.799045	58.877665	726.698706	0.002010	0.6
66	-0.818346	59.877665	717.713547	0.000879	0.6
67	-0.783043	60.877665	708.947865	0.000775	0.6
68	-0.828473	61.877601	700.394256	0.001387	0.6
69	-0.814915	62.877601	692.044062	0.001019	0.6
70	-0.830286	63.877601	683.890626	0.000942	0.6
71	-0.777953	64.877600	675.927086	0.001216	0.7
72	-0.843221	65.877595	668.146896	0.001288	0.7
73	-0.785181	66.877595	660.543742	0.001328	0.6
74	-0.827931	67.877595	653.111680	0.001566	0.8
75	-0.798058	68.877595	645.845001	0.001059	0.6
76	-0.815660	69.877595	638.738244	0.001347	0.8
77	-0.785208	70.877595	631.786187	0.001911	1.0
78	-0.835178	71.877595	624.983834	0.001572	0.6
79	-0.800728	72.877595	618.326401	0.001164	0.7
80	-0.815643	73.877595	611.809305	0.001572	0.6
81	-0.790042	74.877595	605.428155	0.001588	0.8
82	-0.831800	75.877595	599.178741	0.000872	0.9
83	-0.795765	76.877595	593.057026	0.000903	0.8
84	-0.805434	77.877562	587.059334	0.001510	0.8
85	-0.800688	78.877561	581.181548	0.001213	0.7
86	-0.783885	79.877561	575.420291	0.000294	0.7
87	-0.815933	80.274979	573.162257	0.001230	0.6
88	-0.796613	80.261080	573.240928	0.001440	0.8
89	-0.816405	81.261080	567.635267	0.000676	0.6
90	-0.798483	82.261077	562.138195	0.000697	0.8
91	-0.833007	83.129451	557.450317	0.001447	0.6
92	-0.806803	84.129451	552.147804	0.001279	0.7
93	-0.823693	85.129451	546.945216	0.000959	0.7
94	-0.803784	86.129451	541.839756	0.000648	0.7
95	-0.786987	86.972762	537.607771	0.000944	0.8
96	-0.835446	86.950625	537.718016	0.001196	1.1
97	-0.774710	87.950624	532.782588	0.001241	0.6
98	-0.819560	88.950624	527.936935	0.001441	0.7
99	-0.792581	89.950624	523.178630	0.000631	0.7
100	-0.835569	90.950587	518.505503	0.001034	0.6
101	-0.785016	91.950474	513.915469	0.001402	0.9
102	-0.823322	92.950474	509.405479	0.001278	0.8
103	-0.794964	93.950474	504.973958	0.000975	0.8
104	-0.824755	94.950474	500.618874	0.001784	0.9
105	-0.788426	95.950474	496.338269	0.000964	0.7
106	-0.831521	96.950474	492.130246	0.000744	0.6
107	-0.767095	97.950447	487.993087	0.001486	0.7
108	-0.810603	98.950447	483.924799	0.001556	0.8
109	-0.794334	99.950447	479.923782	0.001207	0.9
110	-0.826910	100.950447	475.988382	0.001183	0.8
111	-0.807169	101.950447	472.116998	0.000889	0.7
112	-0.795960	102.950447	468.308081	0.000458	0.7
113	-0.842749	102.928209	468.392112	0.001096	0.7
114	-0.784677	103.925057	464.654545	0.001210	0.9
115	-0.822107	104.925057	460.964616	0.001193	0.8
116	-0.789229	105.925057	457.332830	0.000855	0.9
117	-0.829437	106.925057	453.757827	0.001412	0.8
118	-0.790564	107.924752	450.239343	0.001570	0.8
119	-0.844333	108.924752	446.773957	0.001231	0.8
120	-0.778932	109.924752	443.361509	0.000940	0.9
121	-0.835465	110.924752	440.000794	0.000807	0.8
122	-0.796314	111.924725	436.690734	0.001261	0.7
123	-0.831371	112.924725	433.430017	0.001235	0.8
124	-0.813036	113.924673	430.217796	0.001246	0.9
125	-0.786576	114.874495	427.210387	0.000994	0.6
126	-0.806940	115.874495	424.089206	0.001405	0.7
127	-0.777779	116.874495	421.013298	0.001726	0.7
128	-0.833065	117.874495	417.981688	0.001073	0.6
129	-0.802796	118.874495	414.993426	0.000925	0.7
130	-0.835071	119.874474	412.047649	0.000937	0.6
131	-0.798002	120.874454	409.143394	0.000983	0.6
132	-0.829567	121.874432	406.279801	0.000640	0.6
133	-0.777881	122.807621	403.643390	0.001970	0.7
134	-0.775103	122.785379	403.705829	0.003560	0.7
135	-0.783525	122.763136	403.768291	0.003250	0.6
136	-0.781407	122.740893	403.830772	0.002217	0.6
137	-0.769870	122.718650	403.893272	0.001532	0.7
138	-0.788572	122.696406	403.955792	0.002023	0.6
139	-0.774096	122.674163	404.018332	0.001141	0.7
140	-0.781023	122.651920	404.080890	0.001497	0.8
141	-0.783297	122.629677	404.143468	0.000932	0.6
142	-0.798198	122.607433	404.206066	0.001177	0.7
143	-0.818052	122.585190	404.268683	0.001632	0.7
144	-0.793693	123.585190	401.472624	0.001448	0.6
145	-0.792745	124.585190	398.714977	0.001248	0.6
146	-0.824874	124.562947	398.775903	0.002114	0.5
147	-0.774815	124.540704	398.836849	0.001963	0.6
148	-0.812657	125.540694	396.115196	0.001620	0.5
149	-0.813954	125.519028	396.173770	0.001780	0.6
150	-0.826500	125.496785	396.233923	0.001742	0.6
151	-0.851003	125.474541	396.294094	0.004664	0.6
152	-0.847826	125.452298	396.354284	0.004207	0.5
153	-0.833104	125.430055	396.414491	0.004029	0.6
154	-0.828307	125.407812	396.474717	0.004208	0.5
155	-0.812016	125.385568	396.534961	0.003576	0.7
156	-0.811590	126.385568	393.844501	0.004434	0.6
157	-0.810496	127.385568	391.190305	0.004772	0.7
158	-0.824510	128.385568	388.571643	0.004855	0.6
159	-0.817089	129.385568	385.987807	0.003450	0.6
160	-0.820447	130.385568	383.438106	0.001011	0.6
161	-0.811310	131.385568	380.921870	0.000589	0.6
162	-0.813642	131.363325	380.977480	0.003643	0.6
163	-0.809461	132.363325	378.493330	0.006264	0.6
164	-0.810078	133.363325	376.041366	0.004534	0.6
165	-0.818113	134.363325	373.620966	0.001856	0.7
166	-0.824006	135.363325	371.231525	0.001822	0.6
167	-0.819548	135.341082	371.284341	0.003713	0.6
168	-0.811780	136.341082	368.924599	0.003058	0.6
169	-0.807359	137.341082	366.594663	0.003661	0.7
170	-0.807355	138.341082	364.293972	0.003307	0.6
171	-0.809496	139.341082	362.021978	0.001021	0.6
172	-0.825343	139.318839	362.072206	0.003354	0.6
173	-0.805151	140.318839	359.827755	0.002719	0.7
174	-0.817448	141.318839	357.610959	0.003693	0.6
175	-0.812841	142.318839	355.421310	0.003495	0.6
176	-0.818168	143.318839	353.258312	0.001890	0.7
177	-0.817555	143.296596	353.306138	0.004004	0.7
178	-0.821780	144.296596	351.168731	0.002091	0.7
179	-0.823589	145.296596	349.057029	0.000969	0.7
180	-0.826586	145.274352	349.103724	0.003682	0.6
181	-0.815718	146.274352	347.016711	0.003091	0.7
182	-0.817654	147.274352	344.954503	0.002998	0.6
183	-0.802537	148.274352	342.916661	0.002920	0.7
184	-0.825124	149.274352	340.902754	0.001478	0.6
185	-0.823050	149.252109	340.947293	0.003453	0.7
186	-0.817144	150.252109	338.956384	0.001940	0.6
187	-0.821241	151.252109	336.988592	0.001208	0.6
188	-0.821063	151.229866	337.032113	0.003203	0.7
189	-0.817396	152.229866	335.086536	0.001893	0.7
190	-0.810801	153.229866	333.163292	0.001573	0.6
191	-0.823715	153.207623	333.205831	0.003841	0.6
192	-0.810403	154.207623	331.304054	0.003393	0.6
193	-0.809343	155.207623	329.423863	0.003638	0.7
194	-0.821323	156.207623	327.564891	0.003439	0.7
195	-0.825209	157.207623	325.726783	0.003010	0.5
196	-0.819111	158.207623	323.909189	0.001827	0.7
197	-0.828562	159.207623	322.111766	0.000824	0.6
198	-0.818444	159.185379	322.151530	0.001559	0.7
199	-0.802075	159.163140	322.191296	0.003755	0.7
