1:ItNr	2:Metric	3a:Time	3b:StepSize	4:||Gradient||	Time[ms]
0	-0.245099	0.000000	1387.236357	0.002220	45.0
1	-0.250683	0.000000	1387.236357	0.001870	1.0
2	-0.250062	1.000000	1324.180159	0.002128	0.9
3	-0.253164	2.000000	1266.607109	0.001191	0.7
4	-0.257712	3.000000	1213.831812	0.001056	0.8
5	-0.248667	4.000000	1165.278540	0.001753	0.8
6	-0.258123	5.000000	1120.460135	0.001709	0.9
7	-0.251418	6.000000	1078.961611	0.002053	1.0
8	-0.255739	7.000000	1040.427268	0.001511	0.8
9	-0.257402	8.000000	1004.550466	0.000991	0.8
10	-0.255230	9.000000	971.065450	0.000768	0.7
11	-0.247365	9.991712	939.992071	0.001284	0.8
12	-0.248749	10.987846	910.719756	0.001700	0.8
13	-0.256560	11.987846	883.112020	0.001159	0.8
14	-0.251120	12.987846	857.128849	0.000881	0.8
15	-0.253453	13.987846	832.630947	0.000913	0.8
16	-0.251639	14.987846	809.494498	0.000717	0.8
17	-0.259399	15.984446	787.681485	0.000798	0.9
18	-0.258315	16.984446	766.944537	0.001118	0.8
19	-0.259551	17.984446	747.271447	0.000905	0.7
20	-0.252725	18.984446	728.582393	0.000124	0.7
21	-0.252619	19.321072	722.499727	0.000284	0.6
22	-0.244181	19.278634	723.260954	0.000687	0.8
23	-0.252840	20.273209	705.832281	0.000475	0.8
24	-0.251303	21.273191	689.135665	0.000671	0.7
25	-0.251501	22.273018	673.213118	0.000893	0.7
26	-0.257828	23.273018	658.007172	0.000265	0.7
27	-0.257876	23.320964	657.295348	0.000410	0.8
28	-0.254977	23.310931	657.444172	0.000396	0.8
29	-0.254212	23.713529	651.524590	0.000723	0.8
30	-0.260591	23.732365	651.250235	0.000413	0.7
31	-0.246239	23.674336	652.096170	0.000474	0.8
32	-0.249377	23.917521	648.565701	0.000774	0.8
33	-0.256045	23.866172	649.307981	0.000734	0.9
34	-0.249438	24.866172	635.151404	0.000580	0.8
35	-0.254423	24.808066	635.957069	0.000660	0.9
36	-0.251366	25.808016	622.371250	0.000451	0.8
37	-0.253976	26.807792	609.355966	0.000439	0.7
38	-0.246506	26.749708	610.097205	0.000132	0.9
39	-0.249755	26.855694	608.746025	0.000313	0.8
40	-0.247793	26.953827	607.500288	0.000350	0.7
41	-0.254531	27.361062	602.384695	0.000670	0.8
42	-0.258337	27.856525	596.275796	0.000536	0.8
43	-0.252165	28.655928	586.676448	0.000770	0.7
44	-0.248346	29.655885	575.095337	0.000172	0.7
45	-0.259301	29.620681	575.495295	0.000882	0.7
46	-0.253586	30.557448	565.038893	0.000295	0.8
47	-0.250878	30.553986	565.076835	0.000497	0.8
48	-0.253388	30.573392	564.864217	0.000441	0.9
49	-0.254870	30.515530	565.498663	0.000304	0.8
50	-0.258025	30.544951	565.175892	0.000620	0.8
51	-0.257507	31.219063	557.879858	0.000532	0.9
52	-0.247092	31.160955	558.501346	0.000705	0.7
53	-0.248859	32.160883	547.996233	0.000850	0.8
54	-0.259269	32.102916	548.594426	0.000917	0.7
55	-0.256311	33.102916	538.454595	0.000442	1.0
56	-0.259308	34.086763	528.837812	0.000363	0.7
57	-0.247767	34.028724	529.395582	0.000708	0.8
58	-0.256552	33.970829	529.953142	0.000824	0.8
59	-0.251616	34.970829	520.484761	0.000242	0.8
60	-0.253963	35.961134	511.435811	0.000355	0.7
61	-0.249516	36.617640	505.608411	0.000390	0.7
62	-0.248731	36.597915	505.781564	0.000593	0.7
63	-0.252698	36.540332	506.287717	0.000898	0.8
64	-0.256747	37.540332	497.639189	0.000512	0.8
65	-0.246562	38.540328	489.281209	0.000753	0.7
66	-0.253242	38.482315	489.758402	0.000501	0.7
67	-0.260775	39.311218	483.027277	0.000411	0.7
68	-0.254151	40.270831	475.462192	0.000835	0.8
69	-0.244641	41.198702	468.369319	0.000489	0.8
70	-0.255246	42.198686	460.958375	0.000550	0.8
71	-0.252172	42.325304	460.036694	0.000383	0.9
72	-0.257231	42.267579	460.456429	0.000330	1.0
73	-0.246902	42.808092	456.555945	0.000241	1.1
74	-0.250585	43.290407	453.130802	0.000117	0.7
75	-0.251494	43.324299	452.892050	0.000437	0.8
76	-0.256035	43.391298	452.420817	0.000267	0.7
77	-0.251793	43.384934	452.465532	0.000539	0.8
78	-0.257273	43.582775	451.079463	0.000415	0.8
79	-0.253863	44.570818	444.282447	0.000442	0.8
80	-0.245675	44.536472	444.515283	0.000534	0.8
81	-0.253254	44.478462	444.909096	0.000574	0.8
82	-0.244624	44.437788	445.185638	0.000558	0.9
83	-0.251164	44.379684	445.581284	0.000956	0.9
84	-0.253276	45.379684	438.868668	0.000588	1.0
85	-0.254181	45.321576	439.253188	0.000116	0.9
86	-0.255415	45.349223	439.070152	0.000243	0.8
87	-0.252782	45.383843	438.841172	0.000986	0.7
88	-0.251662	45.381412	438.857244	0.000832	0.9
89	-0.251579	46.376774	432.373974	0.000408	0.8
90	-0.252414	46.319280	432.743245	0.000987	1.0
91	-0.254473	47.318512	426.413903	0.000856	0.8
92	-0.247569	48.318512	420.262387	0.000332	0.8
93	-0.247811	48.260451	420.614693	0.000915	0.7
94	-0.246565	49.260255	414.629345	0.000538	0.8
95	-0.253670	49.202146	414.972546	0.000374	0.9
96	-0.251628	49.665625	412.250843	0.000483	0.8
97	-0.256200	50.497655	407.453412	0.000593	0.8
98	-0.255728	51.496660	401.838699	0.000507	1.0
99	-0.256177	52.496340	396.372984	0.000743	0.9
100	-0.249271	53.496216	391.052931	0.000389	0.8
101	-0.250512	53.438474	391.356272	0.000407	0.7
102	-0.256102	53.382004	391.653381	0.000230	0.8
103	-0.251135	53.833345	389.291210	0.000287	0.8
104	-0.257269	53.787283	389.530977	0.000837	0.8
105	-0.257583	54.711415	384.776372	0.001111	0.9
106	-0.252980	55.711415	379.760477	0.001059	0.7
107	-0.253834	56.711415	374.873673	0.000323	0.8
108	-0.246096	56.653307	375.154190	0.000674	0.8
109	-0.252464	56.605910	375.383310	0.000723	0.8
110	-0.251444	57.605760	370.608507	0.000524	0.8
111	-0.253175	58.605756	365.952977	0.000572	0.8
112	-0.255499	58.547657	366.220259	0.000437	0.7
113	-0.255129	58.489614	366.487669	0.000590	0.9
114	-0.249842	59.339665	362.609969	0.000309	0.9
115	-0.248590	59.309710	362.745222	0.000446	0.8
116	-0.245602	59.455608	362.087421	0.000398	0.7
117	-0.257838	59.463931	362.049967	0.000482	1.2
118	-0.247623	59.675035	361.102582	0.000910	1.2
119	-0.251552	60.671289	356.697732	0.000527	0.8
120	-0.252133	60.613188	356.951667	0.000303	0.9
121	-0.256283	60.609074	356.969659	0.000665	0.7
122	-0.248771	61.423745	353.441395	0.000643	0.8
123	-0.260327	62.404645	349.284663	0.000665	0.9
124	-0.245955	63.404645	345.146448	0.000303	0.8
125	-0.254871	63.346804	345.383135	0.001069	0.9
126	-0.254249	63.311780	345.526610	0.000610	0.9
127	-0.250698	64.309020	341.487494	0.000560	0.8
128	-0.255350	65.294747	337.586753	0.000321	0.7
129	-0.249726	65.237035	337.812676	0.000465	0.9
130	-0.252938	66.183911	334.143802	0.000467	0.9
131	-0.253275	66.125935	334.366152	0.000752	0.8
132	-0.255200	67.123637	330.580586	0.000176	0.7
133	-0.245158	67.066798	330.793946	0.000835	0.8
134	-0.252771	67.986178	327.376275	0.000570	0.9
135	-0.252249	68.986178	323.738203	0.000351	1.0
136	-0.261811	68.928094	323.947304	0.000682	0.8
137	-0.253964	68.913502	323.999878	0.000469	0.7
138	-0.258071	68.855393	324.209403	0.000414	0.8
139	-0.262421	69.744497	321.032839	0.000514	0.8
140	-0.249348	69.723572	321.106883	0.000201	0.8
141	-0.245220	69.674522	321.280586	0.000155	0.7
142	-0.257000	69.649423	321.369540	0.000361	0.7
143	-0.255635	69.643869	321.389233	0.000782	0.9
144	-0.258573	70.642665	317.886471	0.000480	0.8
145	-0.246887	71.633637	314.485800	0.000322	0.8
146	-0.252872	71.575888	314.681979	0.000307	0.9
147	-0.252695	72.317474	312.181225	0.000348	0.8
148	-0.260972	72.324613	312.157346	0.000420	0.8
149	-0.253548	72.266699	312.351180	0.000253	0.8
150	-0.251225	72.211209	312.537127	0.000145	0.7
151	-0.256145	72.296159	312.252548	0.000718	0.8
152	-0.260697	72.737002	310.784034	0.000710	0.8
153	-0.258523	72.678925	310.976706	0.000438	1.0
154	-0.250819	73.678387	307.693915	0.000320	0.9
155	-0.252890	73.620621	307.881761	0.000785	0.7
156	-0.245540	73.577188	308.023150	0.000341	0.7
157	-0.251153	74.573788	304.811227	0.000587	0.7
158	-0.259121	74.541059	304.915643	0.000830	0.7
159	-0.253115	75.541058	301.757242	0.000640	0.8
160	-0.256154	75.483506	301.937239	0.000961	0.7
161	-0.250268	76.483506	298.839923	0.000599	0.7
162	-0.245586	77.482333	295.809031	0.000547	0.7
163	-0.253571	78.482278	292.835710	0.000702	0.8
164	-0.246822	79.409539	290.131434	0.000517	0.8
165	-0.257419	80.275975	287.649301	0.000564	0.8
166	-0.254826	80.217908	287.814320	0.000534	0.8
167	-0.252743	80.161466	287.974904	0.000454	0.7
168	-0.252518	80.252199	287.716849	0.000503	0.7
169	-0.256041	80.851674	286.023414	0.001097	0.8
170	-0.255120	80.793567	286.186685	0.000871	0.7
171	-0.256883	80.735459	286.350145	0.000607	0.7
172	-0.256728	81.735457	283.562895	0.000438	0.8
173	-0.255788	81.677426	283.723159	0.000306	0.8
174	-0.253342	81.896016	283.120422	0.000397	0.7
175	-0.259371	81.843232	283.265732	0.000850	0.7
176	-0.251724	82.797325	280.661988	0.000463	0.8
177	-0.260017	83.797312	277.983880	0.000454	0.7
178	-0.252822	84.079812	277.236539	0.000902	0.8
179	-0.259731	85.077313	274.629540	0.000560	0.8
180	-0.255631	86.077312	272.064762	0.000583	1.0
181	-0.256465	86.042263	272.153847	0.001019	0.8
182	-0.256241	87.042263	269.634889	0.000547	0.8
183	-0.252260	88.041204	267.164728	0.000449	0.9
184	-0.243260	89.035664	264.750195	0.000048	0.7
185	-0.252521	89.102258	264.590063	0.000252	0.8
186	-0.250615	89.095441	264.606448	0.000630	1.0
187	-0.252569	89.037411	264.745991	0.000544	0.8
188	-0.254480	89.972687	262.514717	0.000556	0.7
189	-0.245230	90.972030	260.171789	0.000829	0.8
190	-0.258983	91.972018	257.868843	0.000562	0.7
191	-0.250064	92.972000	255.606321	0.000799	0.7
192	-0.247921	92.916505	255.730840	0.000994	0.7
193	-0.248384	93.916505	253.505478	0.000592	0.7
194	-0.255331	94.916505	251.318512	0.000558	0.7
195	-0.248963	95.913348	249.175685	0.000302	0.8
196	-0.251020	95.856496	249.296912	0.000543	0.9
197	-0.246518	95.798575	249.420538	0.000279	0.8
198	-0.250284	95.750155	249.523981	0.000482	0.7
199	-0.251838	96.602258	247.716021	0.000615	0.8
