1:ItNr	2:Metric	3a:Time	3b:StepSize	4:||Gradient||	Time[ms]
0	-0.763916	0.000000	32379.855795	0.000839	15.3
1	-0.788403	0.000000	32379.855795	0.000233	0.8
2	-0.774432	0.000000	32379.855795	0.000310	0.9
3	-0.778679	0.000000	32379.855795	0.000371	1.0
4	-0.774601	0.000000	32379.855795	0.000417	1.0
5	-0.780118	1.000000	30908.044168	0.000280	0.9
6	-0.777236	2.000000	29564.216160	0.000187	0.8
7	-0.781856	3.000000	28332.373820	0.000103	0.8
8	-0.787969	4.000000	27199.079293	0.000082	0.8
9	-0.771273	3.979759	27221.118671	0.000029	0.8
10	-0.777329	4.005524	27193.070362	0.000075	0.9
11	-0.786372	3.985184	27215.207780	0.000050	0.9
12	-0.769334	3.965339	27236.841614	0.000099	0.9
13	-0.775636	4.492942	26673.145993	0.000137	0.8
14	-0.788907	5.492942	25666.344053	0.000110	0.8
15	-0.785006	6.492939	24732.785860	0.000113	0.9
16	-0.786593	7.492939	23864.753753	0.000069	0.7
17	-0.781617	7.472111	23882.211014	0.000067	0.8
18	-0.780350	8.409862	23120.712960	0.000040	0.8
19	-0.779774	8.389189	23136.976584	0.000188	0.8
20	-0.767601	9.388795	22375.910772	0.000147	1.1
21	-0.782479	10.388795	21663.047772	0.000041	0.8
22	-0.781558	11.388596	20994.333124	0.000150	0.8
23	-0.787276	11.367922	21007.742291	0.000115	1.0
24	-0.779111	12.367922	20378.163324	0.000202	1.0
25	-0.776046	13.367922	19785.221956	0.000053	0.9
26	-0.784799	13.347105	19797.213424	0.000184	1.0
27	-0.773720	14.347104	19237.134129	0.000094	0.9
28	-0.780892	14.764133	19012.818624	0.000074	0.8
29	-0.782363	15.400410	18680.475710	0.000048	0.8
30	-0.771916	15.379700	18691.109826	0.000072	1.1
31	-0.772640	15.358881	18701.812223	0.000118	0.9
32	-0.781320	16.358881	18201.213602	0.000054	0.9
33	-0.772182	17.358418	17726.929640	0.000066	0.9
34	-0.778985	17.337617	17736.547543	0.000147	0.9
35	-0.780245	18.337617	17285.667492	0.000108	0.8
36	-0.777857	19.337617	16857.142738	0.000061	0.9
37	-0.782197	20.336439	16449.819889	0.000087	0.9
38	-0.778669	20.320112	16456.319753	0.000104	0.9
39	-0.769467	21.316103	16068.988657	0.000049	0.8
40	-0.766104	21.298894	16075.526023	0.000060	0.8
41	-0.791103	21.295052	16076.986138	0.000076	0.9
42	-0.778769	21.278556	16083.259183	0.000033	0.7
43	-0.782248	21.316536	16068.824128	0.000031	0.9
44	-0.775112	21.432792	16024.799168	0.000032	0.9
45	-0.781632	21.423961	16028.134945	0.000058	1.0
46	-0.779472	21.564973	15975.035949	0.000028	0.9
47	-0.782767	21.767799	15899.274580	0.000053	0.9
48	-0.781022	22.036254	15800.096466	0.000078	1.0
49	-0.777458	22.374924	15676.729858	0.000084	0.9
50	-0.772824	22.365785	15680.033912	0.000042	1.0
51	-0.776677	22.657836	15575.141594	0.000060	0.8
52	-0.780762	23.205937	15382.028124	0.000138	1.0
53	-0.779391	24.099634	15077.217124	0.000029	0.9
54	-0.773140	24.238751	15030.852154	0.000078	0.9
55	-0.775593	24.218283	15037.655666	0.000087	1.0
56	-0.777899	24.199422	15043.930542	0.000126	1.0
57	-0.789830	25.199416	14718.302178	0.000077	0.9
58	-0.784724	25.178587	14724.940986	0.000129	0.9
59	-0.777885	26.178587	14412.830316	0.000132	1.1
60	-0.785290	26.656221	14268.377793	0.000082	1.0
61	-0.790875	27.656221	13975.129020	0.000093	0.8
62	-0.777788	27.635392	13981.114190	0.000068	0.8
63	-0.776837	27.854510	13918.407487	0.000068	0.9
64	-0.770126	27.834381	13924.144447	0.000065	0.8
65	-0.786428	27.814798	13929.730459	0.000200	0.8
66	-0.784783	28.814798	13650.100085	0.000120	0.7
67	-0.775406	29.814797	13381.475579	0.000129	0.7
68	-0.781366	30.814797	13123.219709	0.000158	0.8
69	-0.773326	31.814797	12874.743653	0.000072	0.7
70	-0.782532	31.793968	12879.823228	0.000080	0.8
71	-0.777164	32.760809	12648.190823	0.000147	1.0
72	-0.780040	33.731706	12423.821996	0.000215	0.9
73	-0.776001	33.710877	12428.551925	0.000124	1.0
74	-0.785036	34.710877	12205.461702	0.000178	1.0
75	-0.780414	34.693273	12209.319605	0.000070	0.8
76	-0.783400	35.693273	11993.962242	0.000047	0.8
77	-0.776012	35.672569	11998.343884	0.000052	0.7
78	-0.780351	36.115736	11905.247486	0.000085	0.8
79	-0.782105	36.452811	11835.399444	0.000105	1.0
80	-0.774882	36.432657	11839.552684	0.000036	0.8
81	-0.772114	37.396467	11644.145820	0.000104	0.9
82	-0.793373	38.383704	11450.565065	0.000189	0.8
83	-0.780084	39.383704	11260.935013	0.000089	0.8
84	-0.781863	40.381123	11077.949353	0.000156	0.9
85	-0.773247	41.124314	10945.424296	0.000031	0.9
86	-0.778468	42.108737	10774.688340	0.000075	0.7
87	-0.782382	42.093079	10777.362308	0.000086	1.0
88	-0.770824	42.072250	10780.921346	0.000103	0.8
89	-0.779078	43.052949	10615.857406	0.000089	0.8
90	-0.785106	44.052896	10452.677973	0.000048	1.0
91	-0.791452	44.032083	10456.023263	0.000127	0.8
92	-0.787776	44.011396	10459.350491	0.000092	0.9
93	-0.777267	45.011393	10300.903292	0.000079	0.8
94	-0.784203	46.009440	10147.480304	0.000056	0.8
95	-0.780399	46.905834	10013.527963	0.000092	0.7
96	-0.780586	46.886189	10016.425765	0.000052	0.7
97	-0.775491	46.865368	10019.498730	0.000064	0.6
98	-0.789821	46.844719	10022.548351	0.000028	0.8
99	-0.777490	47.064721	9990.152966	0.000027	0.7
100	-0.782160	47.060694	9990.744085	0.000111	0.7
101	-0.779341	47.040041	9993.776642	0.000055	0.9
102	-0.779242	47.019313	9996.822080	0.000020	1.0
103	-0.784765	47.001039	9999.508614	0.000152	1.1
104	-0.772682	46.980290	10002.560568	0.000241	0.8
105	-0.782539	47.980290	9857.554502	0.000141	1.0
106	-0.779340	47.959461	9860.531979	0.000146	0.9
107	-0.781994	48.959461	9719.585610	0.000027	0.7
108	-0.789245	49.885336	9592.632437	0.000057	0.8
109	-0.771158	49.965880	9581.745120	0.000107	0.8
110	-0.772029	50.880562	9459.817160	0.000068	0.8
111	-0.776268	51.799965	9340.347570	0.000181	0.9
112	-0.775927	52.799964	9213.784539	0.000082	0.7
113	-0.784140	53.799479	9090.664492	0.000165	0.8
114	-0.790548	53.778650	9093.196644	0.000054	0.7
115	-0.776454	54.778650	8973.199851	0.000089	0.9
116	-0.773029	55.546358	8883.204714	0.000051	0.7
117	-0.778865	55.525533	8885.622190	0.000045	0.8
118	-0.779075	55.506960	8887.779221	0.000083	1.1
119	-0.771062	55.927342	8839.210488	0.000068	1.0
120	-0.775394	55.906558	8841.599332	0.000155	0.9
121	-0.776696	56.906543	8728.111271	0.000018	0.9
122	-0.775272	56.950829	8723.152570	0.000059	0.8
123	-0.772223	56.959516	8722.180551	0.000038	0.8
124	-0.775740	57.648283	8645.795457	0.000084	1.0
125	-0.776040	58.036643	8603.312873	0.000023	0.8
126	-0.771588	58.018064	8605.335776	0.000040	0.8
127	-0.779258	58.001257	8607.166518	0.000144	0.8
128	-0.780370	58.321127	8572.457259	0.000146	0.8
129	-0.776880	59.321121	8465.730555	0.000132	0.7
130	-0.783193	59.355653	8462.092576	0.000250	0.8
131	-0.772780	60.355653	8358.078997	0.000055	0.8
132	-0.776741	60.364260	8357.194862	0.000043	0.7
133	-0.783377	60.353519	8358.298196	0.000106	0.9
134	-0.778671	60.332769	8360.430598	0.000072	1.1
135	-0.782108	60.311940	8362.572200	0.000106	0.8
136	-0.777010	60.291112	8364.714887	0.000050	0.8
137	-0.788102	60.274544	8366.420053	0.000071	0.8
138	-0.773183	61.202514	8271.972949	0.000027	1.0
139	-0.768760	61.650889	8227.098061	0.000055	0.9
140	-0.777775	61.941999	8198.222577	0.000170	0.9
141	-0.783307	62.508370	8142.620593	0.000118	0.9
142	-0.772985	63.508370	8046.267765	0.000101	1.3
143	-0.786998	64.508369	7952.168633	0.000074	0.9
144	-0.771049	64.487540	7954.106196	0.000011	0.8
145	-0.792401	64.472637	7955.493101	0.000116	0.7
146	-0.778175	64.643118	7939.656889	0.000124	0.9
147	-0.776892	64.622289	7941.588359	0.000124	1.0
148	-0.774884	65.622289	7849.907702	0.000058	1.6
149	-0.783953	65.601464	7851.795337	0.000062	0.8
150	-0.781855	65.701323	7842.751945	0.000151	1.1
151	-0.769850	65.680494	7844.636549	0.000053	0.9
152	-0.779270	66.680416	7755.175046	0.000124	0.9
153	-0.769587	66.660343	7756.950850	0.000078	0.8
154	-0.780535	67.660340	7669.460420	0.000153	0.8
155	-0.782147	67.639511	7671.262652	0.000115	0.9
156	-0.780011	68.639510	7585.683749	0.000131	0.8
157	-0.776808	69.603861	7504.944753	0.000133	1.3
158	-0.769712	70.603861	7423.016495	0.000042	0.9
159	-0.787759	70.583124	7424.697319	0.000024	0.9
160	-0.782791	70.566052	7426.081558	0.000026	1.0
161	-0.782574	70.558494	7426.694610	0.000146	0.9
162	-0.779408	70.538433	7428.322201	0.000045	0.8
163	-0.787825	71.537390	7348.132173	0.000046	1.0
164	-0.781983	72.009778	7310.811692	0.000041	1.0
165	-0.786720	72.492484	7273.065591	0.000076	0.9
166	-0.786837	72.473318	7274.556881	0.000071	0.8
167	-0.780066	73.461277	7198.473243	0.000134	0.7
168	-0.786060	74.461276	7123.066012	0.000075	0.9
169	-0.767957	75.461276	7049.222249	0.000050	1.1
170	-0.778013	75.440453	7050.744299	0.000060	0.9
171	-0.777635	75.517372	7045.125222	0.000062	0.7
172	-0.777623	75.496552	7046.645265	0.000033	0.7
173	-0.784103	75.475946	7048.150348	0.000037	0.7
174	-0.782904	75.465861	7048.887202	0.000066	0.7
175	-0.773357	75.690999	7032.474384	0.000067	0.8
176	-0.778580	76.682761	6961.074451	0.000136	0.8
177	-0.790359	76.661935	6962.558863	0.000084	1.1
178	-0.775373	77.661935	6891.989004	0.000089	0.9
179	-0.780833	78.661194	6822.886065	0.000073	0.8
180	-0.773783	79.595210	6759.536273	0.000049	0.9
181	-0.770712	79.574581	6760.922763	0.000108	0.8
182	-0.781500	80.016474	6731.347352	0.000064	0.7
183	-0.766104	79.995645	6732.735574	0.000131	0.8
184	-0.775620	80.995644	6666.725637	0.000097	0.8
185	-0.780648	81.995644	6601.997408	0.000152	0.8
186	-0.774858	82.995644	6538.514006	0.000064	0.7
187	-0.784593	83.994660	6476.300516	0.000079	0.7
188	-0.774061	84.983340	6415.885502	0.000103	0.8
189	-0.773124	85.981273	6356.037377	0.000067	0.7
190	-0.782803	86.951034	6298.938962	0.000051	0.8
191	-0.787614	87.906746	6243.662570	0.000162	0.7
192	-0.772989	87.918084	6243.012622	0.000093	0.8
193	-0.781611	88.918084	6186.215665	0.000113	0.7
194	-0.777570	88.897255	6187.388160	0.000100	1.0
195	-0.781730	89.897190	6131.597841	0.000179	0.8
196	-0.775697	89.876361	6132.749723	0.000067	0.9
197	-0.785061	90.876361	6077.932515	0.000090	0.8
198	-0.775784	90.855556	6079.062980	0.000086	0.8
199	-0.774583	90.834727	6080.195203	0.000047	0.8
