1:ItNr	2:Metric	3a:Time	3b:StepSize	4:||Gradient||	Time[ms]
0	-0.978049	0.000000	196666.344745	0.000670	71.1
1	-1.012419	0.000000	196666.344745	0.000394	3.4
2	-1.052114	0.000000	196666.344745	0.000671	3.2
3	-1.120660	0.000000	196666.344745	0.000374	3.2
4	-1.137924	0.000000	196666.344745	0.000411	3.7
5	-1.124071	1.000000	187726.965438	0.000394	3.3
6	-1.147179	2.000000	179564.923462	0.000322	3.4
7	-1.124460	3.000000	172083.051651	0.000381	3.6
8	-1.141865	4.000000	165199.729585	0.000440	3.8
9	-1.123559	5.000000	158845.893832	0.000359	3.6
10	-1.143107	6.000000	152962.712579	0.000218	3.9
11	-1.146579	7.000000	147499.758558	0.000241	3.6
12	-1.143978	8.000000	142413.559987	0.000249	3.7
13	-1.142779	9.000000	137666.441321	0.000211	3.4
14	-1.138988	10.000000	133225.588375	0.000134	3.2
15	-1.149383	11.000000	129062.288739	0.000156	3.4
16	-1.150799	12.000000	125151.310292	0.000179	3.4
17	-1.152663	13.000000	121470.389401	0.000154	3.4
18	-1.150375	14.000000	117999.806847	0.000088	3.3
19	-1.143055	15.000000	114722.034434	0.000046	3.3
20	-1.151056	16.000000	111621.438909	0.000031	3.3
21	-1.156081	16.176310	111092.071450	0.000025	3.2
22	-1.146558	16.164058	111128.693371	0.000034	3.2
23	-1.146001	16.151806	111165.342654	0.000038	3.7
24	-1.144858	16.147540	111178.109530	0.000029	3.2
25	-1.151612	16.135287	111214.791432	0.000051	3.3
26	-1.152044	16.839695	109144.464420	0.000060	3.1
27	-1.154908	17.839695	106334.337705	0.000062	3.6
28	-1.148238	18.839695	103665.282687	0.000056	3.3
29	-1.147352	19.839695	101126.936532	0.000061	3.4
30	-1.148385	20.839695	98709.927119	0.000036	3.2
31	-1.152041	21.839688	96405.773052	0.000054	3.7
32	-1.146060	21.827722	96432.708059	0.000032	3.3
33	-1.148221	22.827698	94232.492176	0.000024	3.3
34	-1.149080	22.815446	94258.842902	0.000038	3.5
35	-1.148769	22.803398	94284.767541	0.000036	3.7
36	-1.149821	23.565813	92671.780737	0.000027	3.7
37	-1.153852	23.553561	92697.265164	0.000029	3.4
38	-1.151129	23.541331	92722.716942	0.000030	3.6
39	-1.148727	23.529079	92748.229926	0.000042	3.6
40	-1.153160	23.518919	92769.396670	0.000023	3.4
41	-1.157756	23.506956	92794.332269	0.000025	4.0
42	-1.149977	23.494703	92819.884507	0.000035	3.9
43	-1.153039	23.482451	92845.450940	0.000022	3.5
44	-1.149648	23.470208	92871.013356	0.000040	3.6
45	-1.148094	23.457955	92896.607997	0.000026	3.5
46	-1.152564	23.446161	92921.258594	0.000028	3.6
47	-1.148897	23.433909	92946.880986	0.000042	3.3
48	-1.152696	24.216701	91337.783759	0.000021	3.4
49	-1.149248	24.204449	91362.539605	0.000041	3.4
50	-1.146452	24.192204	91387.293278	0.000024	3.9
51	-1.146181	24.179952	91412.075862	0.000061	3.6
52	-1.150856	24.167705	91436.862169	0.000058	4.0
53	-1.152763	25.167705	89456.324872	0.000046	3.6
54	-1.156024	26.167705	87559.766105	0.000040	3.4
55	-1.158990	27.167705	85741.955853	0.000035	3.8
56	-1.152294	28.133367	84056.793453	0.000024	4.0
57	-1.148478	28.123498	84073.679708	0.000029	3.5
58	-1.147075	28.111511	84094.200454	0.000034	3.6
59	-1.151296	28.514406	83409.932118	0.000036	3.7
60	-1.144056	29.442758	81874.850165	0.000041	4.0
61	-1.152588	30.442736	80283.312431	0.000061	4.0
62	-1.151200	31.442736	78752.436687	0.000082	3.7
63	-1.147705	32.442736	77278.851263	0.000076	3.9
64	-1.154926	33.442736	75859.399246	0.000065	3.8
65	-1.150347	34.442736	74491.151486	0.000048	3.9
66	-1.150707	35.442736	73171.386413	0.000023	4.9
67	-1.153566	35.430484	73187.273590	0.000031	4.8
68	-1.148778	35.418417	73202.926712	0.000017	3.6
69	-1.147465	35.406187	73218.798025	0.000024	4.5
70	-1.153346	35.393943	73234.696063	0.000045	4.9
71	-1.148406	35.381704	73250.593191	0.000040	3.7
72	-1.151382	36.381704	71974.043751	0.000031	4.0
73	-1.151713	36.369451	71989.415191	0.000041	3.8
74	-1.152045	37.259257	70889.906264	0.000033	3.6
75	-1.160215	38.251443	69702.830008	0.000033	3.5
76	-1.154271	39.179226	68628.221338	0.000034	3.6
77	-1.153373	40.158965	67528.828547	0.000019	4.0
78	-1.153323	40.146714	67542.357427	0.000025	3.7
79	-1.151494	40.134498	67555.853857	0.000058	3.7
80	-1.152589	41.133603	66469.559430	0.000025	3.5
81	-1.148712	41.932322	65625.947210	0.000042	3.4
82	-1.147807	41.923705	65634.933810	0.000060	3.7
83	-1.151865	41.911486	65647.682084	0.000021	3.6
84	-1.151850	41.899483	65660.209936	0.000021	3.8
85	-1.151358	41.887234	65672.998938	0.000035	3.8
86	-1.151479	41.874984	65685.794047	0.000035	3.5
87	-1.154455	41.862732	65698.596258	0.000081	3.5
88	-1.157031	42.862732	64669.849227	0.000070	3.8
89	-1.150976	43.862732	63672.822931	0.000027	3.2
90	-1.156927	44.862729	62706.074840	0.000035	3.4
91	-1.152059	44.882744	62687.024937	0.000025	3.3
92	-1.149948	44.870492	62698.685103	0.000041	3.6
93	-1.153361	44.874365	62694.999257	0.000027	3.3
94	-1.154474	44.862330	62706.454716	0.000023	3.7
95	-1.151484	44.854392	62714.013463	0.000026	3.4
96	-1.154463	44.853431	62714.928478	0.000019	3.6
97	-1.142393	44.841182	62726.596093	0.000019	3.1
98	-1.153452	44.829251	62737.964586	0.000033	3.2
99	-1.148007	44.819708	62747.060911	0.000041	3.5
100	-1.151163	45.819679	61808.037706	0.000057	3.4
101	-1.152086	45.807507	61819.298910	0.000047	3.3
102	-1.148645	46.807507	60907.610784	0.000021	3.4
103	-1.152645	46.795256	60918.617345	0.000019	3.5
104	-1.152893	46.783010	60929.622984	0.000026	3.6
105	-1.149415	46.777465	60934.607466	0.000045	3.5
106	-1.155453	46.765213	60945.624795	0.000050	3.4
107	-1.155095	47.765213	60059.339096	0.000029	3.5
108	-1.152517	48.765012	59198.631755	0.000030	3.6
109	-1.146205	48.752759	59209.030229	0.000061	3.5
110	-1.149327	49.752759	58372.186118	0.000041	3.5
111	-1.150052	50.752759	57558.667819	0.000024	3.7
112	-1.151516	50.741651	57567.580309	0.000025	3.5
113	-1.150713	50.729929	57576.987840	0.000029	3.5
114	-1.155201	50.843888	57485.658974	0.000023	3.3
115	-1.150412	50.836540	57491.539123	0.000020	3.8
116	-1.152149	50.824385	57501.268620	0.000029	3.4
117	-1.153501	50.812175	57511.045155	0.000032	3.5
118	-1.154249	50.799923	57520.859168	0.000028	3.7
119	-1.153655	51.570977	56909.710043	0.000035	3.9
120	-1.154930	51.558724	56919.319882	0.000048	3.6
121	-1.153929	52.558639	56145.590825	0.000034	3.9
122	-1.141773	53.558638	55392.552123	0.000033	4.0
123	-1.153047	53.546399	55401.646299	0.000029	3.3
124	-1.152564	54.540318	54672.701553	0.000042	3.7
125	-1.151435	54.528078	54681.561315	0.000033	3.8
126	-1.153628	55.528075	53967.034380	0.000027	3.5
127	-1.149484	55.515822	53975.676028	0.000021	3.3
128	-1.156756	55.503705	53984.224857	0.000044	3.9
129	-1.156571	55.491483	53992.851154	0.000021	3.8
130	-1.154705	55.479351	54001.415847	0.000031	3.8
131	-1.157189	55.467149	54010.033272	0.000021	3.8
132	-1.151391	55.456020	54017.894533	0.000025	3.5
133	-1.155750	55.443818	54026.517290	0.000026	3.9
134	-1.156621	55.454632	54018.875225	0.000044	3.9
135	-1.152781	56.451997	53323.263126	0.000035	3.8
136	-1.151178	57.451534	52643.881326	0.000037	4.1
137	-1.148268	58.158678	52173.600750	0.000019	3.5
138	-1.150742	58.146426	52181.677269	0.000022	3.7
139	-1.157129	58.137728	52187.412504	0.000016	4.2
140	-1.152990	58.125626	52195.393896	0.000029	5.0
141	-1.149872	58.113428	52203.441758	0.000044	5.1
142	-1.156479	59.102045	51559.148485	0.000022	4.1
143	-1.150847	59.743140	51149.772367	0.000052	3.8
144	-1.151360	60.742774	50524.260652	0.000044	7.1
145	-1.150235	61.742774	49913.642250	0.000051	4.5
146	-1.157479	61.730522	49921.034436	0.000020	3.9
147	-1.144179	61.718270	49928.428797	0.000041	3.5
148	-1.147493	61.708409	49934.381582	0.000033	3.8
149	-1.154053	62.708276	49337.931840	0.000035	3.4
150	-1.150607	62.722327	49329.651643	0.000021	3.4
151	-1.155771	62.710075	49336.871843	0.000025	3.5
152	-1.152488	62.714815	49334.078209	0.000017	3.6
153	-1.145909	62.702567	49341.297215	0.000026	3.4
154	-1.152495	62.691945	49347.559282	0.000016	3.5
155	-1.156335	62.684083	49352.195435	0.000047	3.3
156	-1.148822	62.671831	49359.422190	0.000058	3.8
157	-1.156059	63.671831	48776.472447	0.000032	3.5
158	-1.149841	63.747723	48732.793071	0.000038	3.6
159	-1.150636	64.706080	48187.867700	0.000048	3.2
160	-1.151420	65.706080	47632.106722	0.000020	3.5
161	-1.152545	65.693827	47638.838518	0.000020	3.6
162	-1.150214	65.682644	47644.984780	0.000027	3.4
163	-1.155776	65.670392	47651.720077	0.000045	3.3
164	-1.152203	66.670259	47108.258868	0.000046	3.4
165	-1.155050	66.658006	47114.843398	0.000075	3.6
166	-1.147549	67.658006	46583.421078	0.000042	3.3
167	-1.160138	68.658006	46063.853189	0.000019	3.5
168	-1.156582	68.645851	46070.098886	0.000022	3.5
169	-1.156721	68.633604	46076.393731	0.000017	3.5
170	-1.152079	68.621377	46082.680235	0.000029	3.4
171	-1.146499	68.609303	46088.889080	0.000019	3.6
172	-1.155600	68.597060	46095.186848	0.000015	3.5
173	-1.151358	68.585565	46101.101688	0.000020	3.4
174	-1.150148	68.573503	46107.309664	0.000023	3.5
175	-1.152994	68.561301	46113.591537	0.000045	3.9
176	-1.158769	69.552293	45608.930403	0.000036	3.3
177	-1.151357	70.552293	45110.756991	0.000042	3.5
178	-1.153165	71.549286	44624.798482	0.000021	3.3
179	-1.151749	72.010647	44403.446116	0.000049	3.6
180	-1.150074	71.999290	44408.868620	0.000026	3.4
181	-1.147289	72.999236	43936.455272	0.000029	3.3
182	-1.148054	73.858393	43538.511622	0.000032	3.4
183	-1.151524	73.846141	43544.135984	0.000040	3.4
184	-1.154919	74.846138	43089.824131	0.000041	3.4
185	-1.151600	74.833886	43095.333159	0.000017	3.3
186	-1.152865	74.825253	43099.215531	0.000018	3.4
187	-1.147531	74.813205	43104.634997	0.000015	3.6
188	-1.155380	74.801006	43110.123694	0.000021	3.6
189	-1.150597	74.790349	43114.920067	0.000020	3.4
190	-1.149893	74.778173	43120.401103	0.000035	3.6
191	-1.156898	75.004388	43018.796539	0.000019	3.4
192	-1.156270	75.061150	42993.377091	0.000044	3.8
193	-1.156222	75.048898	42998.861466	0.000029	3.8
194	-1.150237	76.048894	42555.799082	0.000025	3.6
195	-1.154359	76.091773	42537.004869	0.000020	3.1
196	-1.149083	76.079522	42542.373192	0.000037	3.8
197	-1.149397	76.719070	42263.943395	0.000022	3.5
198	-1.154925	76.708776	42268.396164	0.000034	3.7
199	-1.149656	77.657822	41861.792257	0.000031	3.5
