1:ItNr	2:Metric	3a:Time	3b:StepSize	4:||Gradient||	Time[ms]
0	-0.504950	0.000000	5882.935052	0.001665	30.9
1	-0.519383	0.000000	5882.935052	0.000835	0.9
2	-0.515073	1.000000	5615.528913	0.000185	1.0
3	-0.515257	2.000000	5371.375482	0.000351	0.9
4	-0.522151	2.999485	5147.678678	0.000280	1.0
5	-0.518978	3.999485	4941.767287	0.000334	0.8
6	-0.519938	3.985859	4944.462251	0.000299	0.9
7	-0.516526	4.985859	4754.187138	0.000164	0.8
8	-0.517373	4.965933	4757.835469	0.000544	0.8
9	-0.513395	5.965933	4581.396719	0.000661	0.8
10	-0.520029	6.965933	4417.576090	0.000124	0.8
11	-0.526215	6.945750	4420.766529	0.000343	0.7
12	-0.521929	7.945666	4268.052911	0.000169	1.0
13	-0.518986	8.945654	4125.528047	0.000260	0.9
14	-0.515892	9.037705	4112.885387	0.000170	0.7
15	-0.517854	10.037702	3980.373128	0.000183	0.8
16	-0.520126	11.037692	3856.134128	0.000213	0.8
17	-0.524374	11.967583	3747.367121	0.000402	0.9
18	-0.516417	11.947450	3749.657009	0.000399	0.8
19	-0.522340	12.947450	3639.202261	0.000325	0.7
20	-0.523526	13.947450	3535.068704	0.000221	0.9
21	-0.526507	13.954540	3534.351689	0.000135	0.8
22	-0.508714	14.877932	3443.387853	0.000331	0.8
23	-0.521242	15.434985	3390.742046	0.000231	0.8
24	-0.521897	16.434985	3300.165224	0.000169	0.8
25	-0.510135	16.676546	3279.006444	0.000255	0.8
26	-0.519655	17.676295	3194.246891	0.000231	0.8
27	-0.520272	17.656208	3195.906753	0.000240	0.7
28	-0.525509	18.656208	3115.316428	0.000219	0.9
29	-0.517661	19.656208	3038.690580	0.000163	0.8
30	-0.511358	20.656205	2965.743882	0.000117	0.7
31	-0.521552	20.991096	2942.091274	0.000240	0.7
32	-0.519223	21.936941	2877.280771	0.000305	0.8
33	-0.521055	22.936941	2811.794174	0.000162	0.6
34	-0.521464	23.931859	2749.533179	0.000209	0.7
35	-0.522097	24.931653	2689.684098	0.000133	0.7
36	-0.520987	24.911577	2690.860201	0.000269	0.8
37	-0.514692	24.891486	2692.038289	0.000208	0.8
38	-0.511946	25.091530	2680.354394	0.000173	0.8
39	-0.510197	25.123834	2678.477173	0.000108	0.8
40	-0.513714	25.112497	2679.135679	0.000024	0.8
41	-0.512930	25.122330	2678.564527	0.000070	0.8
42	-0.523557	25.148987	2677.017305	0.000207	0.7
43	-0.516565	25.171542	2675.709544	0.000224	0.7
44	-0.524261	25.153380	2676.762457	0.000270	0.8
45	-0.521292	26.153380	2619.995320	0.000076	0.8
46	-0.506908	26.133225	2621.115693	0.000128	0.8
47	-0.522460	26.680745	2591.017315	0.000065	0.6
48	-0.519952	26.661219	2592.078828	0.000269	0.7
49	-0.524346	26.690261	2590.500320	0.000101	0.7
50	-0.521970	27.668057	2538.454265	0.000139	0.8
51	-0.516435	27.919991	2525.381410	0.000240	0.8
52	-0.525223	28.919989	2474.792954	0.000143	0.8
53	-0.517351	28.899808	2475.793807	0.000210	2.1
54	-0.518084	28.879625	2476.795589	0.000210	0.8
55	-0.517833	28.859443	2477.798182	0.000161	0.7
56	-0.522919	28.846851	2478.424088	0.000170	0.8
57	-0.516295	29.846167	2429.713870	0.000222	0.9
58	-0.517676	30.555860	2396.267566	0.000202	0.8
59	-0.521526	30.535685	2397.205672	0.000277	0.7
60	-0.520653	31.535685	2351.575626	0.000108	0.8
61	-0.515991	31.772026	2341.044019	0.000092	0.9
62	-0.519836	31.754778	2341.809404	0.000096	0.9
63	-0.517404	31.735327	2342.673157	0.000276	0.9
64	-0.523171	31.719550	2343.374265	0.000351	1.0
65	-0.517499	32.719550	2299.751892	0.000168	1.0
66	-0.516321	32.699367	2300.616250	0.000231	0.9
67	-0.521861	33.699331	2258.558438	0.000083	0.9
68	-0.517305	34.605722	2221.743212	0.000048	1.2
69	-0.516854	34.636560	2220.511757	0.000084	1.0
70	-0.517039	34.658887	2219.621040	0.000273	0.9
71	-0.509319	35.322792	2193.457231	0.000088	0.8
72	-0.520946	35.392607	2190.741696	0.000189	0.7
73	-0.526099	36.257709	2157.641960	0.000310	0.7
74	-0.516811	37.257709	2120.605798	0.000303	0.9
75	-0.516692	38.257709	2084.819639	0.000186	1.0
76	-0.521053	38.279067	2084.068505	0.000187	0.8
77	-0.523902	39.279037	2049.495852	0.000112	0.7
78	-0.518589	39.258924	2050.179936	0.000172	0.8
79	-0.518938	40.257019	2016.775204	0.000313	0.8
80	-0.518886	41.256164	1984.408111	0.000171	0.6
81	-0.522279	41.235981	1985.051644	0.000208	0.7
82	-0.527402	41.215799	1985.695574	0.000363	0.7
83	-0.524943	42.215799	1954.284193	0.000095	0.8
84	-0.512273	42.195616	1954.908334	0.000256	0.8
85	-0.525190	42.176806	1955.490381	0.000148	0.8
86	-0.514607	43.176794	1925.020370	0.000339	0.9
87	-0.515734	43.261161	1922.493061	0.000145	0.8
88	-0.518807	43.855263	1904.882202	0.000121	0.7
89	-0.527351	43.971140	1901.484806	0.000158	0.6
90	-0.523941	43.950959	1902.075630	0.000461	0.7
91	-0.514614	44.950959	1873.234872	0.000242	0.9
92	-0.507851	45.950959	1845.255663	0.000162	1.0
93	-0.507331	45.930788	1845.811772	0.000255	0.7
94	-0.518819	46.921080	1818.899753	0.000144	0.7
95	-0.517318	47.921078	1792.508761	0.000220	0.7
96	-0.520716	47.902883	1792.982116	0.000141	0.7
97	-0.519922	47.882700	1793.507456	0.000245	0.7
98	-0.525026	48.882497	1767.848046	0.000156	0.7
99	-0.528758	49.858513	1743.497439	0.000161	0.7
100	-0.515159	50.670216	1723.751403	0.000235	0.8
101	-0.514522	51.670216	1700.031222	0.000410	0.8
102	-0.517140	51.650033	1700.503506	0.000277	0.8
103	-0.516072	52.650033	1677.414535	0.000225	0.9
104	-0.518346	52.629850	1677.874334	0.000140	1.1
105	-0.527109	52.610208	1678.322058	0.000195	0.9
106	-0.516788	52.590025	1678.782352	0.000280	0.8
107	-0.523474	53.590025	1656.275558	0.000108	0.7
108	-0.520629	53.572496	1656.664890	0.000245	0.6
109	-0.511798	53.552313	1657.113383	0.000137	0.8
110	-0.515541	54.552309	1635.180161	0.000187	0.7
111	-0.510030	55.443927	1616.107918	0.000085	0.8
112	-0.514225	56.426775	1595.593209	0.000146	0.8
113	-0.515432	56.412660	1595.884136	0.000108	0.8
114	-0.518730	56.398754	1596.170858	0.000182	0.7
115	-0.516268	56.468819	1594.727239	0.000153	0.8
116	-0.521616	57.468801	1574.404538	0.000190	0.8
117	-0.514858	57.448619	1574.809582	0.000180	1.0
118	-0.518451	58.314954	1557.608369	0.000103	0.8
119	-0.523636	58.969046	1544.868196	0.000409	0.8
120	-0.516604	59.969045	1525.788488	0.000164	0.8
121	-0.520424	59.948862	1526.168911	0.000230	0.9
122	-0.523533	60.941433	1507.682145	0.000235	0.8
123	-0.521209	61.931097	1489.690120	0.000167	0.7
124	-0.519202	62.931091	1471.941262	0.000264	0.7
125	-0.524416	63.931091	1454.610256	0.000423	0.6
126	-0.525090	64.931091	1437.682619	0.000059	0.7
127	-0.526336	65.931012	1421.145728	0.000132	0.7
128	-0.529670	65.918906	1421.343662	0.000244	0.7
129	-0.513814	66.774157	1407.494426	0.000277	0.8
130	-0.515095	66.753974	1407.818139	0.000103	0.8
131	-0.518311	67.611498	1394.194190	0.000217	0.8
132	-0.525029	68.219139	1384.698819	0.000178	0.7
133	-0.514535	68.198956	1385.012130	0.000206	0.8
134	-0.521209	68.178890	1385.323775	0.000388	0.9
135	-0.514701	69.174060	1370.035197	0.000181	0.9
136	-0.516543	69.790515	1360.732844	0.000164	0.7
137	-0.514324	69.770332	1361.035404	0.000301	0.9
138	-0.522526	70.753808	1346.446960	0.000121	0.7
139	-0.513248	71.753806	1331.930641	0.000209	0.8
140	-0.515386	71.733623	1332.220521	0.000165	0.7
141	-0.512757	71.713441	1332.510533	0.000121	0.7
142	-0.511835	71.704992	1332.631964	0.000186	0.8
143	-0.520729	72.628635	1319.485600	0.000214	0.7
144	-0.521653	72.608453	1319.770093	0.000161	0.8
145	-0.515806	73.607364	1305.835312	0.000110	0.7
146	-0.517791	74.423569	1294.665853	0.000364	0.8
147	-0.524249	74.403386	1294.939743	0.000052	0.7
148	-0.518508	74.383215	1295.213582	0.000265	0.8
149	-0.533620	75.309907	1282.751072	0.000105	0.9
150	-0.521349	75.289984	1283.016475	0.000125	0.7
151	-0.520164	75.340540	1282.343203	0.000065	0.6
152	-0.525772	75.688829	1277.723988	0.000198	0.6
153	-0.523170	75.679976	1277.840992	0.000192	0.7
154	-0.524429	76.679515	1264.765043	0.000322	0.8
155	-0.518630	77.679514	1251.948164	0.000366	0.8
156	-0.523868	77.661686	1252.174389	0.000150	0.7
157	-0.524044	78.661686	1239.610139	0.000122	0.7
158	-0.519504	78.643472	1239.836731	0.000268	0.9
159	-0.516744	79.643470	1227.517653	0.000193	0.8
160	-0.519263	79.623287	1227.763865	0.000267	0.7
161	-0.518352	80.623287	1215.682344	0.000332	0.7
162	-0.515467	81.623287	1203.836280	0.000202	0.7
163	-0.516576	82.623287	1192.218850	0.000241	0.7
164	-0.514390	82.603104	1192.451105	0.000244	0.6
165	-0.524285	83.603104	1181.051337	0.000162	0.7
166	-0.529963	83.699460	1179.964403	0.000403	0.7
167	-0.521408	84.589719	1170.015766	0.000453	0.8
168	-0.514539	85.589719	1159.038950	0.000385	0.6
169	-0.521525	86.589719	1148.266183	0.000138	0.9
170	-0.517750	87.583068	1137.761514	0.000144	0.8
171	-0.521129	87.574646	1137.849773	0.000246	0.7
172	-0.522227	88.574645	1127.465535	0.000289	0.7
173	-0.520109	88.554462	1127.673244	0.000287	0.7
174	-0.520984	89.554462	1117.473084	0.000205	0.7
175	-0.517766	90.554462	1107.455797	0.000125	0.7
176	-0.512746	90.534291	1107.656085	0.000168	0.7
177	-0.522845	91.497880	1098.168566	0.000116	0.7
178	-0.512356	92.456436	1088.890508	0.000293	0.7
179	-0.516627	92.436253	1089.084245	0.000146	0.9
180	-0.521904	92.416071	1089.278044	0.000149	0.7
181	-0.521577	92.395890	1089.471902	0.000279	0.6
182	-0.520983	93.394363	1079.962620	0.000102	0.7
183	-0.506678	94.394328	1070.604058	0.000099	0.7
184	-0.523476	94.540262	1069.251826	0.000077	0.7
185	-0.517524	94.521344	1069.426930	0.000229	0.7
186	-0.515570	95.515699	1060.300346	0.000180	0.8
187	-0.517046	95.495516	1060.484043	0.000270	0.7
188	-0.519497	95.475333	1060.667804	0.000088	0.8
189	-0.517418	96.448118	1051.882635	0.000154	0.8
190	-0.522983	96.428573	1052.057713	0.000145	0.8
191	-0.531793	97.194582	1045.239418	0.000242	0.8
192	-0.525144	98.194501	1036.470937	0.000401	0.8
193	-0.522609	98.174318	1036.646469	0.000257	0.8
194	-0.515022	99.174318	1028.020279	0.000426	0.7
195	-0.521494	99.154135	1028.192960	0.000138	0.7
196	-0.521777	99.133952	1028.365700	0.000110	0.7
197	-0.522881	99.224547	1027.590781	0.000222	0.7
198	-0.521264	99.253015	1027.347511	0.000294	0.7
199	-0.520785	99.232833	1027.519967	0.000293	0.8
