1:ItNr	2:Metric	3a:Time	3b:StepSize	4:||Gradient||	Time[ms]
0	-0.807223	0.000000	80676.737929	0.000070	70.3
1	-0.802041	0.000000	80676.737929	0.000050	3.4
2	-0.802487	0.000000	80676.737929	0.000066	3.4
3	-0.802659	0.016588	80613.062825	0.000082	3.5
4	-0.800087	1.016588	76951.593378	0.000066	3.7
5	-0.803676	2.016588	73608.283122	0.000032	3.4
6	-0.801355	2.004398	73647.286122	0.000052	3.6
7	-0.806599	1.992175	73686.438665	0.000070	3.5
8	-0.800172	2.992090	70615.418273	0.000097	3.9
9	-0.803373	3.992090	67789.907592	0.000140	3.3
10	-0.800805	4.992090	65181.810027	0.000155	3.5
11	-0.802922	5.992090	62766.961487	0.000163	3.4
12	-0.799891	6.992090	60524.650867	0.000155	3.7
13	-0.803124	7.992090	58437.024549	0.000108	3.4
14	-0.797364	8.992090	56488.610023	0.000112	3.3
15	-0.803603	9.992090	54665.931741	0.000106	3.4
16	-0.803329	10.992090	52957.199016	0.000069	3.5
17	-0.804687	11.992090	51352.050678	0.000050	3.3
18	-0.803810	12.992087	49841.350146	0.000043	3.2
19	-0.804418	13.179313	49568.331037	0.000015	3.7
20	-0.804023	13.876565	48577.361336	0.000056	3.4
21	-0.801849	13.869382	48587.368614	0.000050	3.4
22	-0.803786	14.869382	47232.804741	0.000079	3.3
23	-0.801375	15.869382	45951.719930	0.000113	3.3
24	-0.804461	16.869382	44738.293198	0.000128	3.8
25	-0.799789	17.869382	43587.302589	0.000096	4.0
26	-0.805611	18.869382	42494.050051	0.000045	3.9
27	-0.802954	19.869382	41454.297346	0.000066	4.8
28	-0.802882	19.857158	41466.699426	0.000073	4.2
29	-0.805566	20.857158	40476.027788	0.000026	3.8
30	-0.805468	20.898868	40435.734350	0.000018	3.9
31	-0.802359	20.886737	40447.444664	0.000027	3.2
32	-0.802088	20.901747	40432.956279	0.000070	3.7
33	-0.800095	20.891199	40443.137189	0.000047	3.2
34	-0.812206	21.891199	39500.213270	0.000064	3.5
35	-0.805429	21.878975	39511.473523	0.000051	3.2
36	-0.798868	22.878975	38611.008705	0.000038	3.3
37	-0.803267	23.878940	37750.701882	0.000023	3.2
38	-0.805697	23.866718	37760.985981	0.000020	3.8
39	-0.803492	24.535096	37206.718822	0.000018	3.3
40	-0.800723	24.701652	37071.121756	0.000048	3.4
41	-0.800737	24.689736	37080.790145	0.000099	3.3
42	-0.806848	25.689736	36286.594382	0.000068	3.6
43	-0.804605	26.689736	35525.705400	0.000044	3.2
44	-0.802614	27.689736	34796.071012	0.000052	3.4
45	-0.808004	28.689734	34095.805257	0.000044	3.3
46	-0.803425	29.689394	33423.392364	0.000013	3.5
47	-0.803882	29.677220	33431.421410	0.000059	3.5
48	-0.804773	30.638987	32808.766903	0.000025	3.7
49	-0.805609	30.626799	32816.512628	0.000077	3.4
50	-0.804795	31.626798	32192.942479	0.000050	3.1
51	-0.802438	31.831149	32068.420603	0.000034	3.4
52	-0.804669	31.818928	32075.840155	0.000033	3.4
53	-0.803628	32.817371	31480.755254	0.000022	3.4
54	-0.802404	32.805170	31487.894380	0.000055	3.4
55	-0.799349	33.804959	30913.470718	0.000034	4.1
56	-0.802843	34.804959	30359.515279	0.000045	3.2
57	-0.805377	35.804950	29825.067806	0.000059	3.4
58	-0.803531	36.804950	29309.107364	0.000053	3.3
59	-0.795904	37.804950	28810.695118	0.000034	3.2
60	-0.805166	38.803003	28329.873225	0.000082	3.2
61	-0.806154	38.790781	28335.664389	0.000078	3.4
62	-0.803724	39.790781	27869.546599	0.000022	3.2
63	-0.804602	40.790729	27418.538513	0.000026	3.3
64	-0.795756	40.855425	27389.860990	0.000029	3.4
65	-0.799936	40.857122	27389.109530	0.000045	3.7
66	-0.807638	41.857080	26953.391778	0.000048	3.3
67	-0.802088	42.857079	26531.302579	0.000043	3.4
68	-0.802190	42.844856	26536.382135	0.000057	3.3
69	-0.797177	43.844856	26127.153343	0.000026	3.7
70	-0.802719	43.832633	26132.079309	0.000086	3.2
71	-0.808521	44.832633	25735.132130	0.000048	3.5
72	-0.804086	45.832633	25350.063771	0.000027	3.1
73	-0.799755	45.860942	25339.330464	0.000020	3.5
74	-0.799190	46.580753	25069.437932	0.000022	3.3
75	-0.809285	46.584025	25068.224365	0.000015	3.2
76	-0.800481	46.580726	25069.447879	0.000051	3.2
77	-0.803697	46.568517	25073.977883	0.000023	3.7
78	-0.802479	46.560211	25077.060431	0.000028	3.4
79	-0.806521	47.301086	24805.044743	0.000045	3.5
80	-0.800776	47.289034	24809.422518	0.000042	3.4
81	-0.802307	47.278362	24813.300425	0.000024	3.4
82	-0.801345	48.204444	24481.253054	0.000042	3.3
83	-0.808555	48.876602	24245.762343	0.000023	3.2
84	-0.805843	48.864383	24250.002853	0.000086	3.3
85	-0.807268	49.864383	23907.799898	0.000043	3.5
86	-0.806893	50.864383	23575.120498	0.000029	3.7
87	-0.808880	51.314737	23428.301943	0.000048	4.2
88	-0.802209	52.309320	23110.451675	0.000025	4.1
89	-0.801900	53.308009	22799.850356	0.000022	4.2
90	-0.802597	54.123154	22552.454203	0.000016	4.2
91	-0.803234	54.112720	22555.586965	0.000024	4.3
92	-0.808300	54.239998	22517.431357	0.000037	4.1
93	-0.805935	55.234484	22223.689378	0.000036	3.3
94	-0.806035	55.223335	22226.940181	0.000053	3.3
95	-0.804286	56.223326	21939.115812	0.000029	3.8
96	-0.802851	57.223323	21658.649003	0.000025	3.1
97	-0.806855	57.684147	21531.802281	0.000059	3.2
98	-0.802848	58.684097	21261.601318	0.000056	3.2
99	-0.801417	58.671873	21264.863318	0.000042	3.7
100	-0.809067	59.671308	21001.413525	0.000088	3.2
101	-0.805466	59.659084	21004.596171	0.000039	3.3
102	-0.808660	60.659084	20747.373153	0.000026	3.3
103	-0.802239	60.646980	20750.449070	0.000034	3.8
104	-0.800494	60.941487	20675.869571	0.000042	3.2
105	-0.803277	61.937585	20427.547911	0.000050	3.4
106	-0.803178	62.937585	20184.182107	0.000074	3.2
107	-0.805705	63.937585	19946.546646	0.000010	3.5
108	-0.806225	63.928935	19948.578048	0.000015	3.2
109	-0.800834	63.924045	19949.726735	0.000045	3.3
110	-0.800696	64.265973	19869.725607	0.000038	3.2
111	-0.805315	65.189972	19656.712534	0.000046	3.2
112	-0.803108	65.177801	19659.488601	0.000016	3.3
113	-0.805349	65.927936	19489.839125	0.000047	3.2
114	-0.803897	65.915720	19492.578494	0.000053	3.2
115	-0.805422	66.915720	19270.859575	0.000048	3.2
116	-0.806182	67.915720	19054.127825	0.000042	3.2
117	-0.804550	67.903497	19056.747596	0.000023	3.3
118	-0.802345	67.891285	19059.365584	0.000084	3.2
119	-0.802444	68.891285	18847.338792	0.000026	3.3
120	-0.805908	69.890903	18640.055801	0.000044	3.3
121	-0.801811	69.878757	18642.546891	0.000076	3.4
122	-0.807978	69.866534	18645.054700	0.000010	3.2
123	-0.803112	69.857885	18646.829545	0.000040	3.4
124	-0.801190	69.852782	18647.876838	0.000017	3.3
125	-0.803206	69.857599	18646.888191	0.000033	3.3
126	-0.805162	69.863900	18645.595109	0.000023	3.4
127	-0.801311	70.319392	18552.592757	0.000025	3.3
128	-0.804687	70.967278	18421.894590	0.000041	3.9
129	-0.804432	71.957915	18225.575482	0.000029	4.4
130	-0.803547	71.945694	18227.971886	0.000025	3.3
131	-0.795479	71.933601	18230.343714	0.000017	3.4
132	-0.806630	71.974129	18222.396990	0.000020	3.3
133	-0.808767	72.142427	18189.471147	0.000026	3.1
134	-0.805827	72.697458	18081.723144	0.000034	3.2
135	-0.806736	72.723627	18076.674534	0.000020	3.3
136	-0.804816	73.087506	18006.763766	0.000024	3.3
137	-0.806772	73.075550	18009.052305	0.000075	3.3
138	-0.806138	74.075547	17819.634440	0.000045	3.3
139	-0.802660	75.075547	17634.159208	0.000074	3.4
140	-0.807229	75.063580	17636.356016	0.000042	3.3
141	-0.803644	75.051376	17638.596906	0.000047	3.5
142	-0.801871	76.018896	17462.696144	0.000011	3.3
143	-0.802225	76.006908	17464.854079	0.000059	3.6
144	-0.806083	75.994724	17467.047906	0.000021	3.6
145	-0.804998	76.818373	17319.972223	0.000034	3.3
146	-0.808258	76.806208	17322.126377	0.000036	3.6
147	-0.803718	76.795212	17324.074108	0.000087	3.4
148	-0.801202	77.795212	17148.720730	0.000044	3.3
149	-0.803120	77.782988	17150.842717	0.000039	3.2
150	-0.807852	78.782987	16978.961513	0.000044	3.2
151	-0.801964	78.770764	16981.041693	0.000062	3.6
152	-0.798820	79.770764	16812.530103	0.000063	3.6
153	-0.802496	80.770764	16647.330103	0.000025	3.5
154	-0.809175	80.758540	16649.329809	0.000020	3.4
155	-0.806342	80.746777	16651.254696	0.000030	3.5
156	-0.805153	81.309862	16559.610861	0.000017	3.5
157	-0.806120	81.299904	16561.222677	0.000048	3.4
158	-0.806541	81.287730	16563.193885	0.000024	3.5
159	-0.807565	81.275506	16565.173420	0.000046	3.4
160	-0.804084	82.275010	16404.854328	0.000054	3.5
161	-0.801331	83.275010	16247.531363	0.000037	3.3
162	-0.802996	83.262838	16249.428181	0.000041	3.5
163	-0.804040	84.260799	16095.369966	0.000016	3.3
164	-0.801296	84.248908	16097.188338	0.000049	3.6
165	-0.803284	84.236746	16099.048722	0.000048	3.6
166	-0.808156	84.578204	16046.981659	0.000005	3.5
167	-0.805294	84.575671	16047.366559	0.000024	3.4
168	-0.805098	84.582587	16046.315471	0.000039	3.3
169	-0.802411	85.135087	15962.784317	0.000021	3.3
170	-0.805904	85.130095	15963.535093	0.000062	3.5
171	-0.804132	86.123684	15815.470737	0.000052	3.2
172	-0.804213	86.111461	15817.275580	0.000045	3.7
173	-0.799631	87.111378	15670.982348	0.000066	3.3
174	-0.803431	88.111183	15527.386338	0.000028	3.6
175	-0.805961	89.111182	15386.370980	0.000019	3.5
176	-0.808130	89.099064	15388.064530	0.000040	3.4
177	-0.805693	89.122655	15384.767974	0.000041	3.6
178	-0.806987	89.110432	15386.475846	0.000019	3.1
179	-0.803588	89.612579	15316.625943	0.000051	3.2
180	-0.800560	89.600357	15318.318468	0.000042	3.3
181	-0.805456	90.600357	15181.057990	0.000023	3.3
182	-0.806188	91.033936	15122.306334	0.000014	3.3
183	-0.803564	91.061119	15118.637992	0.000019	3.3
184	-0.803705	91.131663	15109.126660	0.000014	3.3
185	-0.804485	91.171975	15103.696753	0.000035	3.4
186	-0.810741	91.550237	15052.935804	0.000026	3.5
187	-0.802845	92.420625	14937.419874	0.000041	3.6
188	-0.803658	92.408418	14939.027663	0.000057	3.3
189	-0.803374	93.408418	14808.451378	0.000056	3.7
190	-0.805128	93.396195	14810.033686	0.000008	3.5
191	-0.803156	93.389866	14810.853042	0.000017	3.9
192	-0.802639	93.414689	14807.639761	0.000020	3.6
193	-0.806101	93.403276	14809.116973	0.000036	3.7
194	-0.807861	94.349437	14687.644301	0.000013	3.7
195	-0.803066	94.340083	14688.835406	0.000020	3.3
196	-0.805117	94.380076	14683.743970	0.000038	3.4
197	-0.812506	94.420327	14678.623263	0.000081	3.4
198	-0.806146	95.420327	14552.540277	0.000046	3.5
199	-0.807911	95.408103	14554.068366	0.000039	4.1
