1:ItNr	2:Metric	3a:Time	3b:StepSize	4:||Gradient||	Time[ms]
0	-1.505121	0.000000	166208.608531	0.000253	65.3
1	-1.512148	0.000000	166208.608531	0.000269	4.0
2	-1.518653	0.000000	166208.608531	0.001167	3.7
3	-1.485362	0.000000	166208.608531	0.001108	3.5
4	-1.412364	0.000000	166208.608531	0.000971	3.4
5	-1.507367	1.000000	158653.671779	0.001034	3.6
6	-1.412050	2.000000	151755.686050	0.000941	3.6
7	-1.499957	3.000000	145432.532464	0.000686	3.4
8	-1.496189	4.000000	139615.231166	0.000940	3.8
9	-1.497835	5.000000	134245.414583	0.001076	3.6
10	-1.485351	6.000000	129273.362191	0.000484	3.6
11	-1.485224	7.000000	124656.456398	0.000187	3.4
12	-1.497488	6.987870	124710.484663	0.000414	3.7
13	-1.494455	7.987870	120408.323570	0.000822	3.9
14	-1.484340	8.987870	116393.089234	0.000772	3.4
15	-1.510882	9.987870	112637.003680	0.000744	3.7
16	-1.495268	10.987870	109115.762498	0.000845	3.5
17	-1.499638	11.987870	105808.008347	0.000830	3.7
18	-1.503995	12.987870	102694.897415	0.000805	3.5
19	-1.506925	13.987870	99759.740211	0.000762	3.6
20	-1.502578	14.987870	96987.702261	0.000652	3.8
21	-1.514088	15.987870	94365.553340	0.000663	3.7
22	-1.501718	16.987870	91881.456327	0.000617	3.4
23	-1.519323	17.987870	89524.788540	0.000625	4.3
24	-1.492924	18.987870	87285.989887	0.000597	3.5
25	-1.522249	19.987870	85156.433245	0.000563	3.8
26	-1.498876	20.987870	83128.313359	0.000549	3.4
27	-1.514988	21.987870	81194.551249	0.000486	3.7
28	-1.504736	22.987870	79348.711657	0.000437	3.5
29	-1.523876	23.987870	77584.931500	0.000435	4.4
30	-1.492093	24.987870	75897.857664	0.000402	3.8
31	-1.521530	25.987870	74282.592739	0.000289	3.6
32	-1.505799	26.987870	72734.647531	0.000257	3.9
33	-1.489288	27.987870	71249.899405	0.000233	3.5
34	-1.509130	27.975739	71267.546749	0.000142	4.1
35	-1.492394	28.975739	69841.503873	0.000107	3.9
36	-1.498506	29.975739	68471.410864	0.000103	4.0
37	-1.492165	30.975739	67154.038336	0.000123	3.6
38	-1.503936	31.975739	65886.400745	0.000121	3.7
39	-1.494449	32.975739	64665.733797	0.000091	3.9
40	-1.494817	33.975739	63489.474327	0.000100	3.7
41	-1.497737	34.975739	62355.242332	0.000091	4.1
42	-1.498075	35.975739	61260.824896	0.000089	4.4
43	-1.492698	36.975739	60204.161785	0.000088	4.4
44	-1.503732	37.975739	59183.332497	0.000103	4.6
45	-1.491015	38.975739	58196.544617	0.000138	3.8
46	-1.495762	39.975739	57242.123310	0.000063	3.5
47	-1.490988	40.975739	56318.501840	0.000074	3.8
48	-1.490835	40.963609	56329.527142	0.000118	3.6
49	-1.502558	41.963609	55434.890886	0.000075	3.6
50	-1.494183	42.963609	54568.227920	0.000058	3.4
51	-1.502242	42.951478	54578.578515	0.000127	3.6
52	-1.497268	43.951478	53738.280805	0.000111	3.2
53	-1.496175	44.951478	52923.465395	0.000058	3.3
54	-1.496364	45.951478	52132.990461	0.000051	3.6
55	-1.490447	45.939352	52142.434179	0.000083	3.6
56	-1.497992	46.939341	51374.957657	0.000080	3.5
57	-1.497182	47.939341	50629.737921	0.000112	3.1
58	-1.504774	48.939341	49905.828645	0.000087	3.2
59	-1.495130	49.939341	49202.328615	0.000035	3.5
60	-1.489559	49.927211	49210.743513	0.000041	3.5
61	-1.494611	49.915080	49219.161288	0.000039	3.3
62	-1.496225	49.902950	49227.581945	0.000038	3.7
63	-1.491719	49.890820	49236.005484	0.000039	3.5
64	-1.494096	49.878689	49244.431865	0.000035	3.7
65	-1.493482	49.866559	49252.861168	0.000035	3.1
66	-1.493423	49.854428	49261.293358	0.000038	3.4
67	-1.500960	49.842298	49269.728437	0.000042	3.4
68	-1.506342	49.830167	49278.166395	0.000040	3.7
69	-1.510858	49.818037	49286.607256	0.000041	3.7
70	-1.517292	49.805907	49295.051006	0.000040	3.4
71	-1.516929	49.793776	49303.497616	0.000041	3.2
72	-1.519450	49.781664	49311.934434	0.000045	3.5
73	-1.501502	49.769943	49320.101896	0.000044	3.7
74	-1.490729	49.757812	49328.557122	0.000038	3.3
75	-1.493949	49.745682	49337.015247	0.000113	3.3
76	-1.521206	50.350271	48918.955947	0.000062	3.5
77	-1.517533	51.350271	48242.815346	0.000057	3.4
78	-1.495441	51.338141	48250.905213	0.000045	3.6
79	-1.520479	51.326010	48258.997794	0.000039	3.5
80	-1.516697	51.313880	48267.093089	0.000034	4.5
81	-1.512584	51.301750	48275.191070	0.000038	4.5
82	-1.512646	51.289619	48283.291798	0.000045	3.7
83	-1.515462	51.277489	48291.395075	0.000035	4.1
84	-1.518387	51.265370	48299.493609	0.000035	4.8
85	-1.501770	51.253240	48307.602494	0.000039	3.8
86	-1.520117	51.241116	48315.709591	0.000033	4.8
87	-1.516431	51.228987	48323.822795	0.000036	4.1
88	-1.529185	51.216857	48331.939840	0.000057	4.0
89	-1.516842	51.205394	48339.612675	0.000035	4.1
90	-1.510994	51.193264	48347.734703	0.000047	3.6
91	-1.516419	51.181134	48355.859693	0.000035	3.8
92	-1.509300	51.169004	48363.986949	0.000035	3.4
93	-1.509805	51.156875	48372.117013	0.000031	3.6
94	-1.518010	51.144744	48380.250277	0.000062	3.7
95	-1.514627	51.132630	48388.375593	0.000037	3.4
96	-1.521175	51.528736	48124.108585	0.000035	3.5
97	-1.504829	51.516606	48132.158685	0.000034	3.3
98	-1.514229	51.504476	48140.211177	0.000036	3.3
99	-1.520779	51.492349	48148.264424	0.000030	3.3
100	-1.512527	51.480218	48156.322582	0.000035	3.6
101	-1.509577	51.468088	48164.383324	0.000033	3.8
102	-1.512646	51.455960	48172.445547	0.000031	3.7
103	-1.521914	51.443829	48180.511791	0.000036	3.7
104	-1.510684	51.431700	48188.580355	0.000030	3.8
105	-1.519293	51.419571	48196.650897	0.000031	3.6
106	-1.515632	51.407441	48204.724988	0.000036	3.8
107	-1.512718	51.395321	48212.795430	0.000031	3.8
108	-1.510323	51.383208	48220.863304	0.000030	3.9
109	-1.512052	51.371078	48228.945664	0.000030	4.0
110	-1.513623	51.358948	48237.030778	0.000030	3.7
111	-1.514975	51.346818	48245.118201	0.000038	3.7
112	-1.517054	51.334690	48253.207237	0.000036	3.8
113	-1.519262	51.322624	48261.257513	0.000033	3.8
114	-1.514507	51.310494	48269.353563	0.000039	4.0
115	-1.514947	51.298363	48277.452154	0.000035	3.6
116	-1.511288	51.286263	48285.533576	0.000031	3.8
117	-1.519083	51.274133	48293.637760	0.000033	3.2
118	-1.514349	51.262002	48301.744518	0.000028	3.7
119	-1.520128	51.249872	48309.853845	0.000053	3.6
120	-1.512263	51.237773	48317.945217	0.000035	3.9
121	-1.508796	51.322296	48261.476314	0.000039	3.8
122	-1.508341	51.310219	48269.536909	0.000036	3.9
123	-1.513124	51.298167	48277.582963	0.000029	4.1
124	-1.513834	51.286038	48285.683910	0.000039	3.6
125	-1.519944	51.273909	48293.787441	0.000058	4.0
126	-1.515952	52.188631	47690.204424	0.000032	3.7
127	-1.515163	52.176948	47697.818294	0.000038	3.6
128	-1.511154	52.164818	47705.726244	0.000053	4.1
129	-1.515242	52.158060	47710.133161	0.000045	3.7
130	-1.512589	52.935180	47208.659923	0.000036	3.5
131	-1.516497	52.923050	47216.406640	0.000028	3.2
132	-1.514255	52.910920	47224.155642	0.000030	3.9
133	-1.519277	52.898790	47231.907174	0.000041	3.3
134	-1.512136	52.886660	47239.661262	0.000047	3.9
135	-1.517231	52.879269	47244.386885	0.000051	3.7
136	-1.511376	53.824128	46647.797789	0.000035	3.9
137	-1.516827	53.812086	46655.306308	0.000032	3.4
138	-1.520305	53.799955	46662.872461	0.000035	4.2
139	-1.509098	53.787827	46670.439566	0.000043	3.7
140	-1.517056	53.777988	46676.580546	0.000033	4.0
141	-1.513147	53.768729	46682.360684	0.000026	4.4
142	-1.513560	53.756599	46689.935108	0.000031	4.3
143	-1.516037	53.744470	46697.511771	0.000050	3.7
144	-1.516675	53.733581	46704.315932	0.000031	4.1
145	-1.512099	53.721474	46711.883092	0.000036	4.7
146	-1.510409	53.709344	46719.467464	0.000035	4.6
147	-1.512736	53.697919	46726.613464	0.000027	3.7
148	-1.515523	53.685790	46734.201769	0.000032	3.8
149	-1.514811	53.673662	46741.792240	0.000029	4.0
150	-1.516478	53.661532	46749.386135	0.000029	3.8
151	-1.523145	53.649403	46756.981905	0.000035	3.7
152	-1.518936	53.637293	46764.568088	0.000038	4.2
153	-1.520428	53.625344	46772.056422	0.000027	3.8
154	-1.513848	53.613214	46779.660228	0.000029	3.7
155	-1.515396	53.601085	46787.265685	0.000031	3.3
156	-1.508905	53.588959	46794.872081	0.000037	4.1
157	-1.519396	53.576828	46802.483456	0.000042	3.5
158	-1.520971	53.572719	46805.062456	0.000027	3.9
159	-1.513946	53.560593	46812.674675	0.000046	4.3
160	-1.515014	53.548463	46820.291911	0.000029	3.6
161	-1.521266	53.536332	46827.911675	0.000035	3.4
162	-1.519330	53.524210	46835.529003	0.000036	3.9
163	-1.510832	53.512330	46842.996067	0.000031	4.0
164	-1.508801	53.500200	46850.623219	0.000029	3.6
165	-1.513869	53.488071	46858.251424	0.000042	3.4
166	-1.517416	53.475941	46865.883520	0.000029	3.9
167	-1.519134	53.464051	46873.366791	0.000030	3.6
168	-1.517224	53.451921	46881.003649	0.000032	3.7
169	-1.507683	53.439792	46888.642435	0.000036	3.7
170	-1.508081	53.427661	46896.284457	0.000041	3.7
171	-1.500719	53.417027	46902.985975	0.000036	3.2
172	-1.507411	53.405105	46910.501134	0.000025	3.7
173	-1.511342	53.393005	46918.131550	0.000040	3.3
174	-1.517515	53.380894	46925.771033	0.000037	3.5
175	-1.515585	53.368763	46933.425182	0.000037	3.2
176	-1.510312	53.372425	46931.114191	0.000033	3.2
177	-1.509770	53.360295	46938.770073	0.000039	3.3
178	-1.516788	53.349062	46945.861521	0.000033	3.6
179	-1.523515	53.339777	46951.725351	0.000035	3.4
180	-1.516504	53.327646	46959.387966	0.000030	3.2
181	-1.515779	53.315746	46966.907637	0.000034	3.3
182	-1.520743	53.303617	46974.574435	0.000033	3.6
183	-1.517477	53.291690	46982.116066	0.000024	3.2
184	-1.511279	53.279566	46989.784523	0.000027	3.3
185	-1.508308	53.267439	46997.456934	0.000033	3.3
186	-1.522154	53.255344	47005.112301	0.000031	3.4
187	-1.513308	53.243245	47012.772374	0.000034	3.4
188	-1.520114	53.231161	47020.425352	0.000036	3.3
189	-1.522435	53.221557	47026.509864	0.000030	3.5
190	-1.513464	53.209428	47034.196181	0.000029	3.6
191	-1.513123	53.197298	47041.885559	0.000027	3.4
192	-1.508306	53.185189	47049.563515	0.000029	3.3
193	-1.516106	53.173060	47057.257495	0.000032	3.6
194	-1.520547	53.160930	47064.954497	0.000030	3.5
195	-1.515887	53.148844	47072.625447	0.000034	3.5
196	-1.518647	53.136714	47080.327537	0.000027	3.2
197	-1.511755	53.124591	47088.027213	0.000030	3.9
198	-1.511646	53.112462	47095.733700	0.000028	3.4
199	-1.511315	53.100358	47103.426478	0.000038	3.9
