1:ItNr	2:Metric	3a:Time	3b:StepSize	4:||Gradient||	Time[ms]
0	-0.171844	0.000000	1212.347000	0.002707	56.6
1	-0.174078	0.000000	1212.347000	0.002520	0.9
2	-0.176917	1.000000	1157.240319	0.002678	0.8
3	-0.174766	2.000000	1106.925522	0.003597	0.8
4	-0.170296	3.000000	1060.803625	0.004296	0.8
5	-0.173276	4.000000	1018.371480	0.002018	0.8
6	-0.174815	3.944803	1020.624907	0.001710	0.9
7	-0.170012	4.944803	981.286589	0.000811	0.9
8	-0.171465	4.889613	983.378444	0.001000	1.0
9	-0.176014	4.834431	985.478924	0.000847	0.8
10	-0.172887	5.414395	963.841394	0.002451	0.9
11	-0.175288	6.414394	928.683181	0.002308	0.9
12	-0.176679	7.414394	895.999634	0.002172	0.8
13	-0.181100	8.414394	865.538370	0.001641	0.9
14	-0.181337	9.414394	837.080188	0.001627	0.9
15	-0.175580	10.414394	810.433799	0.001683	0.8
16	-0.178673	11.414394	785.431518	0.000628	0.9
17	-0.173501	12.414394	761.925734	0.000517	0.9
18	-0.172015	12.476012	760.523287	0.001388	0.8
19	-0.176977	13.476012	738.463801	0.001118	0.8
20	-0.176953	14.476012	717.647938	0.001480	0.7
21	-0.170165	15.475958	697.974460	0.001239	0.8
22	-0.176821	16.475958	679.349867	0.000711	0.8
23	-0.182087	17.475958	661.693390	0.001461	0.9
24	-0.174068	17.421181	662.636765	0.001780	1.0
25	-0.165863	18.421181	645.827609	0.000888	0.9
26	-0.176227	19.421181	629.850154	0.000959	1.0
27	-0.180492	20.414548	614.742602	0.001563	0.9
28	-0.179466	21.414548	600.248929	0.001106	0.9
29	-0.172003	22.414548	586.422943	0.001216	0.8
30	-0.176464	22.359351	587.169470	0.000639	0.8
31	-0.182372	23.359351	573.932814	0.000124	0.9
32	-0.176799	23.312284	574.542426	0.000528	0.8
33	-0.178121	23.270532	575.084285	0.000204	0.9
34	-0.178753	23.250463	575.345095	0.000365	0.8
35	-0.181792	23.213184	575.830214	0.000361	0.8
36	-0.172745	23.598098	570.860382	0.000840	0.8
37	-0.172167	24.129253	564.141551	0.000634	0.9
38	-0.175202	25.129250	551.912009	0.000691	0.9
39	-0.174056	26.129047	540.203730	0.000614	0.9
40	-0.181343	27.128915	528.981117	0.000565	0.9
41	-0.173011	27.073825	529.587292	0.000856	0.8
42	-0.177122	28.073820	518.795703	0.000603	0.9
43	-0.180581	28.020572	519.359243	0.001011	0.9
44	-0.179116	29.020476	508.977305	0.000754	0.9
45	-0.166242	30.020476	499.001363	0.000523	0.8
46	-0.175566	29.966173	499.533030	0.000549	0.9
47	-0.178526	29.919211	499.993744	0.001052	0.8
48	-0.177906	30.919209	490.363542	0.000571	0.9
49	-0.174810	30.864012	490.885414	0.000980	0.8
50	-0.171715	31.864011	481.599606	0.000687	0.8
51	-0.179507	31.808814	482.102987	0.000839	0.9
52	-0.175239	32.807314	473.156626	0.000988	0.8
53	-0.179866	33.807313	464.523543	0.000878	0.9
54	-0.174798	33.920267	463.568158	0.000581	0.9
55	-0.177269	34.920263	455.278386	0.000566	1.0
56	-0.179513	34.865083	455.728081	0.000368	0.8
57	-0.177723	35.135138	453.535661	0.000939	0.8
58	-0.181857	35.380920	451.558559	0.001156	0.9
59	-0.171156	36.380545	443.691966	0.000632	0.9
60	-0.176113	36.325348	444.119187	0.000504	0.8
61	-0.170853	37.091787	438.259663	0.000915	0.8
62	-0.176224	37.041632	438.638376	0.000553	0.8
63	-0.174935	38.041630	431.209081	0.000666	0.8
64	-0.175359	38.020816	431.361149	0.000976	0.8
65	-0.178904	39.020794	424.174443	0.001038	0.8
66	-0.173303	40.020794	417.223136	0.000613	0.8
67	-0.175166	41.020794	410.495987	0.000790	1.0
68	-0.168876	42.014519	404.022558	0.000274	1.0
69	-0.178988	42.884353	398.521479	0.000194	0.9
70	-0.174495	43.057480	397.444407	0.000557	0.9
71	-0.180335	43.383423	395.432331	0.000307	0.8
72	-0.172178	44.309597	389.824589	0.000322	0.8
73	-0.176642	44.264007	390.096903	0.000702	0.9
74	-0.175120	44.939706	386.099493	0.000292	0.9
75	-0.176256	45.490424	382.901559	0.000878	0.8
76	-0.181085	46.486773	377.248547	0.001250	0.9
77	-0.176537	47.486773	371.740205	0.001006	0.9
78	-0.180256	48.486773	366.390407	0.001084	0.8
79	-0.179598	48.431576	366.681683	0.000663	0.9
80	-0.176908	49.428397	361.491784	0.000444	0.9
81	-0.178361	50.260677	357.269786	0.000982	0.9
82	-0.177392	50.205481	357.546730	0.000655	0.8
83	-0.176429	51.205481	352.594935	0.000883	0.8
84	-0.180363	52.205458	347.778535	0.000923	1.0
85	-0.180062	53.205457	343.091843	0.000906	0.9
86	-0.183713	54.205457	338.529783	0.000345	0.9
87	-0.178361	54.150323	338.778144	0.000635	0.8
88	-0.177800	55.128121	334.426843	0.000640	0.8
89	-0.173829	56.127831	330.092091	0.000881	0.8
90	-0.172396	56.072641	330.328463	0.000661	0.9
91	-0.181314	56.058311	330.389893	0.000400	0.9
92	-0.174472	56.204598	329.763868	0.000633	0.9
93	-0.180485	56.195020	329.804784	0.001937	1.1
94	-0.176999	57.180092	325.649233	0.000432	1.0
95	-0.178242	58.180092	321.536466	0.000284	1.1
96	-0.169923	58.129238	321.743109	0.000439	1.0
97	-0.175462	58.075297	321.962583	0.000559	1.2
98	-0.175784	59.058693	318.007778	0.000379	1.3
99	-0.171412	59.762884	315.234993	0.000805	1.0
100	-0.177415	59.708293	315.448216	0.000241	0.9
101	-0.178925	59.702844	315.469513	0.000449	1.0
102	-0.176488	59.669923	315.598256	0.000448	1.0
103	-0.172092	60.463910	312.522282	0.001203	0.9
104	-0.174436	60.408751	312.734031	0.000275	0.9
105	-0.172456	60.353557	312.946206	0.000287	0.9
106	-0.179878	60.314864	313.095120	0.000765	1.0
107	-0.182470	61.261922	309.490544	0.000345	0.9
108	-0.178742	61.301128	309.343112	0.001068	0.9
109	-0.185724	61.246117	309.550018	0.001039	1.3
110	-0.171550	62.246117	305.831526	0.000284	1.1
111	-0.182231	63.199811	302.367507	0.000504	1.2
112	-0.175957	63.935135	299.749768	0.000547	1.1
113	-0.178181	64.924014	296.300019	0.000585	0.9
114	-0.167793	64.873010	296.476007	0.000517	1.0
115	-0.175693	64.817820	296.666671	0.000504	1.2
116	-0.172314	64.762639	296.857552	0.001024	1.6
117	-0.178246	65.762583	293.436249	0.000497	1.4
118	-0.176962	65.710834	293.611373	0.000500	0.9
119	-0.181154	66.315972	291.576516	0.001374	0.9
120	-0.185478	66.260775	291.760954	0.000670	1.1
121	-0.177449	67.260775	288.455284	0.000396	1.6
122	-0.171758	67.224188	288.574907	0.000576	1.1
123	-0.170591	68.188783	285.453913	0.000646	1.2
124	-0.176313	68.172818	285.505019	0.000450	1.3
125	-0.178754	68.642791	284.008192	0.000908	1.0
126	-0.174544	69.640505	280.882007	0.001305	1.0
127	-0.176379	70.640505	277.816965	0.000684	1.3
128	-0.175031	71.640505	274.818094	0.000569	1.1
129	-0.171047	71.765415	274.448047	0.000847	1.0
130	-0.179914	72.755186	271.550706	0.000318	1.0
131	-0.169697	72.700255	271.709900	0.000855	0.8
132	-0.175868	72.680768	271.766420	0.001071	0.9
133	-0.180490	73.680768	268.896076	0.000372	0.9
134	-0.184463	74.680723	266.085854	0.000525	0.9
135	-0.169003	75.600893	263.551259	0.000875	0.9
136	-0.177193	75.545826	263.701582	0.000824	1.5
137	-0.174271	76.545825	260.998224	0.000642	1.8
138	-0.178091	77.545792	258.349815	0.000807	1.0
139	-0.175724	77.490893	258.493818	0.000480	1.0
140	-0.173801	77.518710	258.420833	0.000177	1.1
141	-0.178057	77.972202	257.236744	0.001328	1.1
142	-0.176015	78.900662	254.846028	0.000842	1.0
143	-0.185477	79.900662	252.320316	0.000861	1.0
144	-0.171691	80.899604	249.846771	0.000754	1.0
145	-0.172883	80.844407	249.982181	0.000473	1.0
146	-0.174922	80.789214	250.117728	0.000990	1.1
147	-0.180676	81.779039	247.708942	0.000551	1.1
148	-0.167277	81.776685	247.714616	0.000362	1.0
149	-0.176644	81.808759	247.637335	0.000169	1.0
150	-0.172046	81.819483	247.611507	0.000516	1.0
151	-0.170800	81.866021	247.499483	0.000744	1.2
152	-0.177985	82.863680	245.122134	0.000683	1.3
153	-0.174698	82.808483	245.252471	0.000851	0.9
154	-0.179230	83.808420	242.912612	0.000882	0.9
155	-0.181236	84.808386	240.616910	0.000577	0.9
156	-0.180451	84.753189	240.742499	0.000627	0.9
157	-0.169773	84.698003	240.868194	0.001012	0.9
158	-0.177603	85.698002	238.610720	0.000257	1.0
159	-0.177374	86.576971	236.661124	0.000373	1.0
160	-0.175195	86.549583	236.721392	0.000521	1.0
161	-0.183389	87.479935	234.691209	0.000817	1.1
162	-0.178034	87.424756	234.810645	0.000280	0.9
163	-0.179148	87.595953	234.440476	0.000496	0.8
164	-0.173560	87.961268	233.654466	0.000577	1.1
165	-0.179280	87.908067	233.768607	0.000531	1.0
166	-0.181773	87.937674	233.705073	0.000243	1.0
167	-0.176384	88.601847	232.288850	0.000724	0.9
168	-0.170890	88.571036	232.354169	0.000329	1.1
169	-0.175838	89.513068	230.373544	0.000513	0.9
170	-0.174977	90.445739	228.445584	0.001161	0.9
171	-0.181252	91.433692	226.438237	0.000906	0.9
172	-0.177096	92.222968	224.859739	0.000789	0.9
173	-0.175220	93.220319	222.896305	0.001148	0.9
174	-0.177162	93.204201	222.927762	0.001018	0.9
175	-0.176377	94.204201	220.992696	0.001054	0.9
176	-0.171374	94.149004	221.098630	0.000484	0.9
177	-0.174006	95.148989	219.195080	0.001347	0.8
178	-0.174196	95.093792	219.299298	0.000662	0.9
179	-0.177753	96.093792	217.426446	0.001197	1.1
180	-0.180417	97.093792	215.585312	0.000441	1.1
181	-0.178449	97.424615	214.983068	0.000956	1.0
182	-0.177784	97.370643	215.081090	0.000566	1.0
183	-0.173934	98.330407	213.351213	0.000510	0.9
184	-0.178014	99.288888	211.651196	0.000322	0.9
185	-0.174167	99.236855	211.742788	0.001092	0.9
186	-0.177687	100.236059	209.997647	0.000556	1.0
187	-0.173069	100.821172	208.989017	0.000877	1.0
188	-0.174575	101.187626	208.362236	0.000697	0.9
189	-0.177132	102.187625	206.670817	0.000316	1.1
190	-0.169833	102.136622	206.756420	0.000133	0.8
191	-0.174320	102.112657	206.796667	0.000443	0.9
192	-0.172214	102.072912	206.863448	0.000778	1.0
193	-0.174528	102.998896	205.318659	0.000913	1.0
194	-0.167930	103.998771	203.676298	0.001374	0.8
195	-0.172085	103.943574	203.766278	0.000635	0.8
196	-0.177712	104.943574	202.148361	0.000810	1.0
197	-0.178237	105.932345	200.573676	0.001003	0.8
198	-0.176192	105.877148	200.660934	0.000981	0.8
199	-0.178167	106.877148	199.091765	0.000701	1.0
