1:ItNr	2:Metric	3a:Time	3b:StepSize	4:||Gradient||	Time[ms]
0	-0.143036	0.000000	765.890867	0.002307	59.5
1	-0.150245	0.000000	765.890867	0.001542	1.0
2	-0.149514	1.000000	731.077646	0.002026	1.1
3	-0.144843	2.000000	699.291661	0.002865	1.1
4	-0.145518	3.000000	670.154509	0.001369	0.9
5	-0.149982	4.000000	643.348328	0.001076	1.2
6	-0.145555	4.999999	618.604174	0.000700	1.0
7	-0.138237	5.999727	595.698921	0.001450	1.1
8	-0.148745	6.999706	574.424172	0.001386	1.1
9	-0.146728	7.999706	554.616241	0.002206	1.1
10	-0.142238	8.999706	536.128852	0.001448	0.8
11	-0.144698	9.999706	518.834210	0.000330	1.0
12	-0.141897	10.739378	506.743025	0.000880	1.1
13	-0.142969	11.528016	494.457093	0.001306	1.1
14	-0.148996	12.381176	481.819699	0.001126	1.1
15	-0.141911	13.349970	468.230634	0.000883	0.9
16	-0.149249	13.220907	469.996552	0.001420	0.9
17	-0.150447	14.220907	456.652303	0.000479	1.0
18	-0.143567	15.212194	444.151714	0.001148	0.9
19	-0.142668	15.302199	443.050527	0.001675	1.0
20	-0.144429	15.173098	444.631757	0.000889	1.1
21	-0.140714	16.173098	432.670640	0.000881	1.0
22	-0.151143	16.047049	434.142767	0.001754	1.0
23	-0.149942	15.918058	435.659653	0.000634	0.9
24	-0.146021	16.918058	424.170150	0.001727	0.9
25	-0.146923	16.788957	425.619265	0.001525	1.0
26	-0.144203	17.788957	414.646573	0.001153	1.1
27	-0.140903	17.659857	416.031240	0.001078	1.1
28	-0.133804	18.659857	405.541257	0.000501	1.0
29	-0.149694	19.659579	395.569966	0.000810	1.0
30	-0.144754	20.657909	386.090146	0.000754	1.1
31	-0.149439	20.566789	386.936505	0.001032	1.0
32	-0.142856	21.565231	377.860232	0.001279	0.9
33	-0.144262	22.565223	369.186867	0.001480	1.1
34	-0.151936	23.565223	360.902675	0.001084	1.1
35	-0.145585	24.564824	352.985195	0.000685	1.2
36	-0.138811	25.564694	345.405647	0.000726	1.0
37	-0.144549	26.563687	338.150998	0.001131	1.0
38	-0.146352	27.540835	331.343872	0.001744	1.0
39	-0.140380	28.540835	324.655574	0.001081	1.1
40	-0.144356	29.540835	318.231945	0.000774	1.0
41	-0.144212	30.540834	312.057583	0.000674	1.1
42	-0.150559	30.411739	312.841165	0.000434	1.1
43	-0.145059	30.291772	313.572868	0.001076	1.1
44	-0.142495	31.289981	307.586806	0.000862	1.0
45	-0.143960	31.161807	308.342617	0.000853	1.0
46	-0.147909	32.161802	302.542571	0.001185	0.9
47	-0.149901	32.290552	301.811629	0.001296	0.9
48	-0.137642	32.166216	302.517451	0.000634	0.9
49	-0.146116	32.583498	300.161592	0.000327	1.0
50	-0.144974	32.456715	300.873487	0.000637	0.9
51	-0.137442	33.237870	296.540190	0.000869	0.9
52	-0.148922	34.237822	291.172019	0.000738	0.9
53	-0.141286	35.167414	286.353010	0.001021	0.9
54	-0.135698	36.159323	281.383813	0.000641	0.9
55	-0.144221	36.078631	281.781605	0.000768	1.1
56	-0.146852	35.951876	282.408753	0.000417	0.9
57	-0.142667	36.030742	282.018217	0.000628	1.0
58	-0.145904	37.004914	277.281823	0.001394	0.9
59	-0.154279	38.004907	272.582552	0.001087	0.9
60	-0.142736	39.004907	268.039881	0.000469	0.9
61	-0.139495	40.002483	263.656616	0.000436	0.8
62	-0.143347	40.741468	260.500905	0.000583	0.9
63	-0.144145	41.646962	256.735646	0.000678	1.0
64	-0.143293	42.482752	253.355559	0.001186	0.9
65	-0.143593	42.356387	253.860881	0.001000	0.9
66	-0.148383	43.356387	249.916271	0.000763	1.0
67	-0.149405	43.236638	250.382159	0.000994	0.9
68	-0.140933	44.236638	246.544100	0.000597	0.9
69	-0.146569	44.517944	245.485544	0.001350	0.9
70	-0.143267	44.391423	245.960516	0.001169	0.9
71	-0.145863	45.391423	242.255815	0.001081	0.9
72	-0.138646	46.347744	238.815841	0.000620	0.8
73	-0.148183	46.218649	239.274492	0.001046	1.0
74	-0.139004	47.215470	235.778017	0.000674	0.9
75	-0.141275	47.086369	236.225082	0.001190	0.9
76	-0.145794	48.086369	232.805813	0.000467	0.8
77	-0.142034	49.085498	229.486966	0.000529	1.0
78	-0.149975	48.962929	229.889007	0.000667	0.9
79	-0.144949	48.836816	230.304144	0.000356	0.8
80	-0.145779	48.749149	230.593613	0.000608	0.9
81	-0.143076	49.431632	228.359158	0.000336	0.9
82	-0.148985	50.322353	225.507256	0.001177	1.1
83	-0.147651	50.193478	225.915472	0.001111	0.8
84	-0.146567	51.193466	222.786202	0.000627	0.8
85	-0.147875	52.192211	219.746171	0.000295	0.8
86	-0.138015	52.693078	218.252632	0.001263	0.9
87	-0.147096	53.256249	216.597369	0.000412	1.1
88	-0.139130	54.256163	213.719483	0.001375	0.9
89	-0.145867	54.127063	214.086742	0.000691	1.0
90	-0.145914	55.125524	211.278786	0.000743	1.1
91	-0.149872	54.996477	211.637551	0.001263	1.0
92	-0.141432	55.990079	208.906244	0.000897	0.9
93	-0.140926	55.860979	209.257136	0.001207	0.9
94	-0.143366	56.860822	206.569976	0.001045	1.0
95	-0.146098	56.731722	206.913057	0.000759	0.9
96	-0.138864	57.696907	204.375353	0.000834	0.9
97	-0.150300	57.567838	204.711095	0.001052	1.0
98	-0.141901	58.567838	202.138309	0.000975	0.8
99	-0.137587	58.544983	202.196387	0.000860	0.9
100	-0.145954	58.415892	202.525058	0.000851	0.9
101	-0.143798	58.286792	202.854823	0.000593	0.9
102	-0.146146	59.249149	200.422165	0.000593	1.0
103	-0.134458	59.609936	199.525134	0.000651	0.9
104	-0.146533	59.481232	199.844210	0.001049	0.9
105	-0.143524	59.353190	200.162659	0.001092	0.9
106	-0.146598	60.347042	197.717187	0.001394	0.8
107	-0.144947	60.320487	197.781750	0.001127	0.9
108	-0.140699	60.191415	198.096167	0.000757	0.9
109	-0.142787	61.191399	195.686025	0.000785	0.9
110	-0.143223	61.064345	195.988992	0.000920	0.9
111	-0.147346	61.005720	196.129102	0.001062	0.9
112	-0.143047	60.876620	196.438351	0.000332	0.9
113	-0.145271	61.868991	194.085967	0.001230	1.0
114	-0.145929	62.540055	192.526904	0.000582	0.9
115	-0.147537	63.507092	190.323768	0.000925	0.8
116	-0.151945	64.244057	188.678351	0.000502	1.0
117	-0.152071	64.115063	188.964299	0.000234	0.9
118	-0.146280	64.011782	189.193873	0.001358	0.8
119	-0.139785	64.939126	187.152337	0.000451	0.8
120	-0.144686	65.936815	185.004571	0.000830	0.9
121	-0.143583	65.808072	185.278948	0.000479	0.9
122	-0.149729	65.679000	185.554843	0.000519	0.9
123	-0.145562	66.624489	183.552661	0.001709	1.0
124	-0.150282	67.582569	181.567416	0.000664	1.0
125	-0.143032	68.504121	179.697964	0.000400	1.0
126	-0.147098	68.968559	178.770322	0.001265	0.9
127	-0.143278	69.789075	177.154666	0.001176	1.0
128	-0.140882	70.789075	175.224647	0.000710	1.8
129	-0.147835	71.788924	173.336509	0.000475	1.0
130	-0.138021	71.686296	173.528438	0.000503	0.9
131	-0.144983	71.565633	173.754640	0.000502	0.9
132	-0.147772	72.085879	172.783546	0.000461	1.0
133	-0.143594	71.972953	172.993410	0.000560	1.0
134	-0.139909	71.845235	173.231380	0.000755	0.9
135	-0.150435	72.127587	172.706163	0.001001	1.0
136	-0.147448	71.998487	172.945913	0.000631	1.1
137	-0.140295	72.269499	172.443386	0.000471	1.0
138	-0.147317	72.161234	172.643787	0.000794	0.9
139	-0.138812	72.045274	172.858949	0.000876	1.1
140	-0.144198	71.916192	173.099090	0.000887	1.0
141	-0.149481	72.916191	171.255968	0.000605	0.9
142	-0.146982	72.841213	171.392799	0.000344	1.0
143	-0.142872	73.743546	169.760462	0.001006	1.0
144	-0.145038	73.614924	169.991239	0.000279	1.1
145	-0.148122	73.881328	169.513944	0.001157	1.0
146	-0.139951	74.823003	167.848093	0.001431	1.1
147	-0.143716	75.823003	166.114537	0.000919	1.0
148	-0.149314	75.693902	166.336324	0.001128	1.0
149	-0.136683	75.564839	166.558640	0.000834	1.1
150	-0.153279	75.435747	166.781601	0.000801	1.2
151	-0.150587	75.316049	166.988871	0.001916	1.2
152	-0.142516	76.316043	165.272936	0.000861	2.1
153	-0.145537	76.806562	164.444060	0.000684	1.2
154	-0.137331	76.677600	164.661174	0.000452	1.3
155	-0.147089	77.614517	163.096760	0.000551	1.0
156	-0.149642	78.493066	161.656573	0.001105	1.1
157	-0.144186	78.548568	161.566444	0.000960	1.2
158	-0.143325	78.419478	161.776228	0.001149	1.0
159	-0.146851	79.419478	160.165224	0.001507	1.0
160	-0.147997	80.419478	158.585989	0.000471	0.9
161	-0.148973	80.290956	158.787209	0.000684	1.0
162	-0.139598	81.282019	157.248638	0.000522	0.9
163	-0.137043	81.153252	157.446855	0.001103	1.2
164	-0.138936	81.968531	156.200230	0.000937	1.1
165	-0.145644	82.968531	154.697850	0.001289	0.9
166	-0.143547	82.906290	154.790515	0.000347	1.0
167	-0.142681	83.269427	154.251430	0.001517	1.1
168	-0.145386	83.481259	153.938691	0.000522	1.0
169	-0.149622	84.481257	152.479299	0.000419	1.0
170	-0.147785	84.362559	152.651079	0.000574	1.0
171	-0.145103	85.305451	151.297116	0.001141	1.0
172	-0.145887	86.276444	149.927678	0.000236	1.0
173	-0.147435	86.148193	150.107134	0.000754	1.0
174	-0.155379	86.953094	148.987931	0.001604	1.0
175	-0.145901	87.953094	147.620481	0.000453	1.0
176	-0.145053	87.825722	147.793260	0.000471	1.1
177	-0.155048	88.214309	147.267408	0.000351	1.1
178	-0.141524	88.104103	147.416163	0.001594	1.1
179	-0.145391	89.103543	146.078026	0.001236	0.9
180	-0.138755	90.103542	144.763235	0.000977	0.9
181	-0.145780	91.098962	143.477762	0.001201	0.9
182	-0.149407	92.081483	142.231139	0.000647	0.9
183	-0.146879	93.081267	140.984656	0.000619	0.9
184	-0.140216	93.384083	140.611419	0.000869	0.9
185	-0.140065	94.380517	139.397089	0.000711	1.0
186	-0.149370	94.251419	139.553234	0.000854	1.0
187	-0.150089	95.250713	138.353631	0.001459	0.9
188	-0.146196	96.250358	137.174065	0.001633	1.0
189	-0.141340	97.250358	136.014034	0.000384	1.0
190	-0.153683	97.414519	135.825474	0.000711	0.9
191	-0.144622	97.309343	135.946222	0.000779	1.0
192	-0.138531	98.308995	134.807171	0.000635	1.0
193	-0.146011	99.289472	133.708362	0.000746	1.1
194	-0.150617	99.160471	133.851907	0.000921	1.1
195	-0.147266	99.166403	133.845299	0.000667	1.0
196	-0.144887	100.165971	132.741132	0.000850	1.0
197	-0.142573	101.092292	131.734018	0.000541	0.9
198	-0.143775	100.964591	131.871948	0.000949	0.9
199	-0.146172	101.964502	130.799604	0.000822	0.9
