1:ItNr	2:Metric	3a:Time	3b:StepSize	4:||Gradient||	Time[ms]
0	-0.134054	0.000000	162.252368	0.001408	71.7
1	-0.130308	0.000000	162.252368	0.000262	1.0
2	-0.127653	0.890276	155.653578	0.001483	1.0
3	-0.131576	0.454358	158.816204	0.000664	1.0
4	-0.130070	0.000000	162.252368	0.001189	1.0
5	-0.124730	0.994552	154.915625	0.000181	1.0
6	-0.126283	0.564216	158.007122	0.000984	0.9
7	-0.132038	1.105024	154.141420	0.001188	1.1
8	-0.131006	2.103891	147.477313	0.001861	1.0
9	-0.123395	3.103740	141.359792	0.001800	0.9
10	-0.127482	4.103740	135.728767	0.001189	1.0
11	-0.135323	3.503700	139.052457	0.000827	1.0
12	-0.123053	2.900184	142.563745	0.000708	1.1
13	-0.127361	2.443546	145.340631	0.001603	1.0
14	-0.125514	2.087805	147.580061	0.001101	1.1
15	-0.132394	3.087805	141.453307	0.001016	1.1
16	-0.128737	4.083627	135.837603	0.000911	1.1
17	-0.125343	3.480563	139.183877	0.000930	1.0
18	-0.129758	2.877598	142.698595	0.001337	1.0
19	-0.131518	3.877593	136.962595	0.000457	0.9
20	-0.128304	4.789498	132.119660	0.001143	1.0
21	-0.123373	5.757131	127.341743	0.000726	1.0
22	-0.132776	6.721863	122.910202	0.000835	1.0
23	-0.129150	7.713671	118.664722	0.000616	1.0
24	-0.131458	8.617919	115.041833	0.001881	0.9
25	-0.125390	8.048219	117.298060	0.000179	1.0
26	-0.126832	7.533422	119.414340	0.000377	1.0
27	-0.133948	7.298020	120.407709	0.001541	0.9
28	-0.127565	6.984315	121.757484	0.000407	0.9
29	-0.131658	6.384222	124.425653	0.002102	1.0
30	-0.128809	5.970652	126.333607	0.000595	1.0
31	-0.131759	6.969990	121.819842	0.001609	1.0
32	-0.123561	6.366854	124.504621	0.001264	0.9
33	-0.132645	6.963755	121.847002	0.000527	0.9
34	-0.131251	6.361718	124.527990	0.000799	1.0
35	-0.130040	7.067814	121.395265	0.000874	1.0
36	-0.130253	8.066162	117.225651	0.000368	0.9
37	-0.132633	7.984493	117.555955	0.000509	0.9
38	-0.133951	8.049567	117.292615	0.000307	0.9
39	-0.126323	7.758934	118.477958	0.001120	1.0
40	-0.131698	7.642570	118.959290	0.000663	0.9
41	-0.131183	8.640159	114.955514	0.000266	1.0
42	-0.140500	8.399097	115.898107	0.000637	0.9
43	-0.123263	7.941309	117.731363	0.000695	1.0
44	-0.121990	8.901731	113.949917	0.001408	1.0
45	-0.130818	9.652813	111.157817	0.000713	1.0
46	-0.130743	9.301397	112.446950	0.001494	0.9
47	-0.128494	8.699128	114.727264	0.001369	1.0
48	-0.126570	8.159680	116.849697	0.001215	0.9
49	-0.128409	9.159680	112.975330	0.000458	0.9
50	-0.130682	10.134265	109.438901	0.000509	0.9
51	-0.129692	10.056565	109.712703	0.000458	1.0
52	-0.134535	9.878456	110.345534	0.000927	0.9
53	-0.132358	9.298267	112.458570	0.000473	1.0
54	-0.129778	9.177539	112.908471	0.000248	0.9
55	-0.127287	9.613385	111.300981	0.001618	0.9
56	-0.128167	9.779892	110.698886	0.001151	1.0
57	-0.127840	10.779892	107.215586	0.000964	0.9
58	-0.130073	11.779716	103.945369	0.000283	0.9
59	-0.132459	11.820512	103.816167	0.001592	0.9
60	-0.133114	11.348613	105.330627	0.000657	1.0
61	-0.126738	12.267730	102.420565	0.001406	1.0
62	-0.133169	11.694738	104.215538	0.001281	0.9
63	-0.132173	12.694738	101.122606	0.000724	0.9
64	-0.127127	12.091159	102.967070	0.000711	0.9
65	-0.124493	11.579885	104.582928	0.000518	1.0
66	-0.131203	11.433007	105.056546	0.001430	1.0
67	-0.129790	12.432231	101.916613	0.001602	1.0
68	-0.132137	13.432231	98.956695	0.000909	1.0
69	-0.130645	14.432225	96.163866	0.000553	1.0
70	-0.129525	13.896464	97.640257	0.001044	1.1
71	-0.124227	14.883376	94.954827	0.000960	1.2
72	-0.126987	14.279693	96.579632	0.000716	1.1
73	-0.126934	15.278465	93.920726	0.000698	1.1
74	-0.130813	14.728340	95.366863	0.000941	1.0
75	-0.126378	14.134311	96.979267	0.001238	1.0
76	-0.127152	14.249446	96.662505	0.000583	1.0
77	-0.136076	14.155803	96.919980	0.000648	0.9
78	-0.127570	15.104428	94.373458	0.000820	0.9
79	-0.131051	14.541792	95.867416	0.002123	1.0
80	-0.125504	15.538263	93.252919	0.000919	0.9
81	-0.128206	16.538263	90.768710	0.000570	1.0
82	-0.131659	15.942050	92.233639	0.000528	1.0
83	-0.128146	15.948257	92.218145	0.001391	1.0
84	-0.132585	15.557963	93.202670	0.001517	1.0
85	-0.134308	16.557825	90.721433	0.000606	1.0
86	-0.125630	17.553711	88.377997	0.000877	1.0
87	-0.127769	16.952453	89.778115	0.001156	1.0
88	-0.126430	17.952132	87.474023	0.000753	1.1
89	-0.129864	18.951906	85.285035	0.001038	0.9
90	-0.133431	18.355721	86.576986	0.001512	1.0
91	-0.131955	19.166013	84.830419	0.001032	1.0
92	-0.129906	20.165880	82.769996	0.001501	0.9
93	-0.128852	19.562152	84.001946	0.000919	1.1
94	-0.123023	20.561551	81.982016	0.001359	0.9
95	-0.126568	21.561549	80.055820	0.001624	0.9
96	-0.128009	22.561549	78.218057	0.000496	0.9
97	-0.128587	21.959096	79.314977	0.001563	1.0
98	-0.130501	21.438358	80.288208	0.001608	1.1
99	-0.132218	22.438358	78.439883	0.001065	1.3
100	-0.134113	22.163080	78.940143	0.000660	1.7
101	-0.122475	21.733189	79.734272	0.000714	1.3
102	-0.128631	22.709738	77.952875	0.001278	1.0
103	-0.127090	22.293949	78.701524	0.000218	1.1
104	-0.129373	22.922988	77.574406	0.000630	1.2
105	-0.134182	23.012900	77.415933	0.000864	0.9
106	-0.130643	22.752446	77.876783	0.001691	1.0
107	-0.134407	23.751662	76.137949	0.001830	1.0
108	-0.128895	24.751662	74.473792	0.000324	1.0
109	-0.123084	25.738202	72.901814	0.000554	1.0
110	-0.130741	25.447351	73.358322	0.000396	0.9
111	-0.132141	26.249862	72.112375	0.000970	1.1
112	-0.133241	27.207141	70.680394	0.000721	1.0
113	-0.129610	28.206094	69.245483	0.000910	0.9
114	-0.126691	29.201765	67.872110	0.000480	1.0
115	-0.121827	28.875046	68.316723	0.000407	1.0
116	-0.128513	28.380127	69.001437	0.001189	1.0
117	-0.131343	29.357889	67.661687	0.000142	1.1
118	-0.132438	29.838580	67.021930	0.000657	1.0
119	-0.133671	29.716584	67.183147	0.000451	1.0
120	-0.131912	30.551928	66.094516	0.000439	0.9
121	-0.127853	31.267544	65.189589	0.000496	1.0
122	-0.128718	31.673611	64.687035	0.000573	1.1
123	-0.130009	31.263759	65.194310	0.001429	1.0
124	-0.127975	32.262661	63.971640	0.001539	1.1
125	-0.123990	31.658929	64.705071	0.000537	1.0
126	-0.133338	32.658255	63.500010	0.000578	1.0
127	-0.131737	32.637392	63.524709	0.001724	1.0
128	-0.131422	33.636290	62.363307	0.000320	1.1
129	-0.128452	34.610837	61.270427	0.001556	1.4
130	-0.135121	35.520228	60.284607	0.001294	1.2
131	-0.119833	36.520005	59.236777	0.001126	1.1
132	-0.133086	37.519669	58.224863	0.000318	1.1
133	-0.121149	36.957273	58.789856	0.000390	1.0
134	-0.131778	37.169565	58.575300	0.000964	1.0
135	-0.133042	36.634739	59.118854	0.000266	1.1
136	-0.126464	36.103280	59.669072	0.000698	1.2
137	-0.131056	36.532209	59.224212	0.000620	1.0
138	-0.126194	37.420542	58.323659	0.001203	1.5
139	-0.125132	36.835912	58.913219	0.000952	1.1
140	-0.129864	36.234471	59.532301	0.001184	1.0
141	-0.132004	36.305270	59.458750	0.001086	1.0
142	-0.122140	35.712778	60.079930	0.000904	1.2
143	-0.129747	35.121689	60.712708	0.000721	1.0
144	-0.135237	34.521649	61.368849	0.001314	0.9
145	-0.126084	33.917988	62.043419	0.000949	1.1
146	-0.132169	34.917918	60.933952	0.000858	1.1
147	-0.130555	35.916227	59.865173	0.001128	1.2
148	-0.128621	36.881168	58.867156	0.001276	1.2
149	-0.125263	37.881166	57.867396	0.001301	1.0
150	-0.126440	38.305636	57.453220	0.001320	1.0
151	-0.131017	39.305622	56.500532	0.001286	1.1
152	-0.130561	40.305614	55.578918	0.001825	1.1
153	-0.131479	41.305614	54.686881	0.000983	1.1
154	-0.128697	41.364457	54.635282	0.001257	1.1
155	-0.126335	42.150727	53.955036	0.001319	1.2
156	-0.125158	41.546995	54.475834	0.001214	1.0
157	-0.132256	40.943264	55.006783	0.000286	1.2
158	-0.130040	41.143898	54.829192	0.000379	1.1
159	-0.129370	41.521764	54.497818	0.000625	1.2
160	-0.130732	41.472694	54.540624	0.000898	1.1
161	-0.129012	41.047110	54.914721	0.001293	1.0
162	-0.128681	40.516731	55.388179	0.000270	1.2
163	-0.131386	40.357467	55.531949	0.000652	1.2
164	-0.130532	40.815693	55.120303	0.000237	1.1
165	-0.127160	40.790778	55.142528	0.000617	1.1
166	-0.127922	40.897475	55.047475	0.000648	1.0
167	-0.130950	41.261981	54.725206	0.000643	1.0
168	-0.128239	41.089548	54.877187	0.000830	1.0
169	-0.127895	41.885091	54.182949	0.000875	1.1
170	-0.132397	41.282395	54.707269	0.000774	1.1
171	-0.127079	42.274378	53.849596	0.000767	1.1
172	-0.130462	42.877892	53.340829	0.000990	1.1
173	-0.134198	43.790127	52.589799	0.000375	1.2
174	-0.132678	43.220965	53.055879	0.001184	1.1
175	-0.137013	43.688100	52.672744	0.000498	1.3
176	-0.133314	44.683777	51.874296	0.000404	1.2
177	-0.126522	44.222662	52.241041	0.000467	1.4
178	-0.126274	44.328213	52.156634	0.000562	1.5
179	-0.124992	44.951925	51.663386	0.001361	1.4
180	-0.135947	44.363751	52.128277	0.000796	1.5
181	-0.128289	45.363719	51.342809	0.000613	1.2
182	-0.131768	46.333885	50.603047	0.000938	1.2
183	-0.130217	46.457397	50.510394	0.000348	1.4
184	-0.133154	46.990759	50.114160	0.001024	1.0
185	-0.132637	46.500265	50.478316	0.001288	1.1
186	-0.122475	47.500218	49.741444	0.000320	1.1
187	-0.129239	48.447432	49.063006	0.000953	1.0
188	-0.131020	47.879918	49.467244	0.000902	1.1
189	-0.122224	48.878536	48.760319	0.000990	1.2
190	-0.130196	49.877693	48.072949	0.000594	1.2
191	-0.129955	49.468011	48.352432	0.001440	1.2
192	-0.125921	50.106474	47.918277	0.000613	1.2
193	-0.132824	51.105345	47.254468	0.000764	1.1
194	-0.124336	51.929200	46.720651	0.001503	1.2
195	-0.128845	52.919787	46.094556	0.000874	1.4
196	-0.129879	52.317157	46.473430	0.000985	1.3
197	-0.129683	52.138805	46.586757	0.000993	1.2
198	-0.129071	53.134516	45.961044	0.000448	1.2
199	-0.130323	54.094469	45.373511	0.000667	1.1
