1:ItNr	2:Metric	3a:Time	3b:StepSize	4:||Gradient||	Time[ms]
0	-0.914174	0.000000	133202.295326	0.000270	69.1
1	-0.915668	0.000000	133202.295326	0.000166	3.3
2	-0.910336	1.000000	127147.645539	0.000157	3.5
3	-0.915655	2.000000	121619.487037	0.000212	3.4
4	-0.910145	3.000000	116552.008411	0.000239	3.3
5	-0.915733	4.000000	111889.928074	0.000258	3.8
6	-0.910666	5.000000	107586.469302	0.000252	3.3
7	-0.910726	6.000000	103601.785254	0.000223	3.5
8	-0.906510	7.000000	99901.721495	0.000216	3.2
9	-0.911773	8.000000	96456.834547	0.000182	3.7
10	-0.913184	9.000000	93241.606728	0.000151	3.4
11	-0.911405	10.000000	90233.812963	0.000125	3.5
12	-0.918403	11.000000	87414.006308	0.000129	3.4
13	-0.911293	12.000000	84765.097026	0.000152	3.7
14	-0.910663	13.000000	82272.005937	0.000128	3.3
15	-0.907128	14.000000	79921.377196	0.000067	3.4
16	-0.920339	15.000000	77701.338940	0.000046	3.2
17	-0.917159	15.187101	77299.592732	0.000051	3.5
18	-0.912466	15.175783	77323.777543	0.000055	3.2
19	-0.914577	15.164465	77347.977492	0.000059	3.3
20	-0.914613	16.164072	75267.538955	0.000054	3.2
21	-0.913644	17.163982	73295.500843	0.000054	3.7
22	-0.914225	18.163982	71423.998167	0.000073	3.3
23	-0.915915	19.163982	69645.688496	0.000061	3.2
24	-0.919609	20.163982	67953.780072	0.000033	3.3
25	-0.911133	20.152664	67972.469222	0.000047	3.7
26	-0.912209	20.141346	67991.169066	0.000049	3.5
27	-0.915153	21.141340	66377.771403	0.000028	4.0
28	-0.918520	21.130021	66395.603993	0.000046	3.8
29	-0.913959	21.118703	66413.446167	0.000031	3.3
30	-0.916897	21.107384	66431.297932	0.000036	3.4
31	-0.912813	21.096066	66449.159290	0.000034	3.3
32	-0.916301	21.084748	66467.030263	0.000043	3.5
33	-0.917497	21.073429	66484.910846	0.000058	3.2
34	-0.916759	21.063268	66500.971345	0.000048	3.3
35	-0.918284	22.063268	64956.709288	0.000046	3.4
36	-0.914723	22.051950	64973.786407	0.000041	3.5
37	-0.915740	22.040648	64990.848137	0.000079	3.3
38	-0.916060	23.040648	63515.146678	0.000075	3.2
39	-0.916397	24.040648	62104.972761	0.000047	3.3
40	-0.910916	25.040648	60756.056623	0.000043	3.5
41	-0.918072	25.030141	60769.924899	0.000043	3.3
42	-0.909343	25.685093	59917.374049	0.000060	3.3
43	-0.915331	25.673775	59931.903971	0.000065	3.4
44	-0.915553	26.673775	58674.778770	0.000033	3.3
45	-0.915956	27.575459	57585.625239	0.000077	3.4
46	-0.916184	28.575459	56424.050018	0.000066	3.3
47	-0.915148	29.575459	55308.409139	0.000034	3.5
48	-0.913660	30.575459	54236.030748	0.000036	3.5
49	-0.911021	30.564141	54247.935410	0.000042	3.5
50	-0.915194	30.553681	54258.942686	0.000033	3.4
51	-0.918374	30.556775	54255.686132	0.000050	3.5
52	-0.917913	30.545457	54267.599195	0.000094	3.4
53	-0.916625	31.545457	53234.824865	0.000068	3.1
54	-0.921285	32.545457	52240.626144	0.000041	3.3
55	-0.912172	33.545457	51282.881375	0.000029	3.4
56	-0.914090	33.558820	51270.320919	0.000024	3.8
57	-0.916004	33.547501	51280.959262	0.000025	3.8
58	-0.920235	33.536183	51291.601951	0.000034	3.3
59	-0.918207	33.524890	51302.225877	0.000049	3.5
60	-0.914630	34.524888	50378.277060	0.000037	3.2
61	-0.919696	35.524888	49487.018783	0.000035	3.4
62	-0.910365	35.513574	49496.926597	0.000055	3.2
63	-0.916653	36.513574	48636.313640	0.000025	3.6
64	-0.916728	36.502255	48645.886886	0.000031	4.1
65	-0.917390	36.490937	48655.463895	0.000054	3.9
66	-0.917577	37.490935	47823.619243	0.000055	3.7
67	-0.919684	38.488646	47021.547583	0.000090	3.3
68	-0.918124	39.488646	46244.186035	0.000071	3.3
69	-0.916010	40.488646	45492.109204	0.000034	3.2
70	-0.920190	40.477347	45500.470261	0.000051	3.3
71	-0.916046	41.477328	44772.212499	0.000022	3.4
72	-0.925715	41.466010	44780.324878	0.000021	3.1
73	-0.916190	41.454703	44788.431890	0.000041	3.2
74	-0.919137	41.443384	44796.550148	0.000021	3.2
75	-0.920642	41.433834	44803.402402	0.000028	3.3
76	-0.915619	41.422522	44811.521454	0.000056	3.3
77	-0.918841	41.411204	44819.648085	0.000038	3.2
78	-0.919132	42.411204	44112.838480	0.000030	3.4
79	-0.917943	43.411088	43428.053681	0.000042	3.4
80	-0.909561	44.411011	42764.179358	0.000044	3.4
81	-0.914323	45.411011	42120.247293	0.000058	3.6
82	-0.914476	46.411011	41495.419884	0.000020	3.3
83	-0.914343	47.410717	40889.035286	0.000042	3.3
84	-0.917083	47.399398	40895.801380	0.000019	3.2
85	-0.916937	47.416823	40885.385846	0.000059	3.0
86	-0.922360	47.405505	40892.150732	0.000057	3.3
87	-0.916140	48.405505	40302.973389	0.000040	3.3
88	-0.918051	48.408311	40301.343479	0.000033	3.1
89	-0.912135	49.408311	39728.949078	0.000018	3.2
90	-0.919550	49.396993	39735.336258	0.000040	3.3
91	-0.917440	49.387314	39740.800224	0.000029	3.5
92	-0.914121	50.361514	39198.274533	0.000019	3.2
93	-0.920401	50.350292	39204.439219	0.000026	3.3
94	-0.916907	50.341407	39209.321828	0.000020	3.2
95	-0.913112	50.330130	39215.520930	0.000018	3.6
96	-0.914520	50.318815	39221.742821	0.000037	3.2
97	-0.916923	50.343018	39208.436501	0.000024	3.3
98	-0.920647	51.304081	38687.279532	0.000028	3.3
99	-0.918522	51.399869	38636.094741	0.000027	3.6
100	-0.920720	52.197064	38215.306240	0.000022	3.3
101	-0.917936	52.198949	38214.322156	0.000026	3.7
102	-0.919711	52.192860	38217.501008	0.000017	3.6
103	-0.920793	52.183263	38222.512918	0.000021	3.5
104	-0.919526	52.171946	38228.424497	0.000020	3.5
105	-0.919268	52.166310	38231.368993	0.000031	3.4
106	-0.917541	52.378811	38120.653157	0.000040	3.7
107	-0.912092	53.361098	37617.091130	0.000041	3.2
108	-0.914431	54.361098	37117.933377	0.000023	3.8
109	-0.920222	54.510612	37044.438093	0.000035	3.4
110	-0.920739	54.867904	36869.981068	0.000027	3.5
111	-0.914468	55.862599	36392.839026	0.000024	3.5
112	-0.919236	55.851281	36398.198821	0.000033	3.4
113	-0.910296	56.849656	35931.413943	0.000034	3.2
114	-0.922320	56.838389	35936.614791	0.000021	3.6
115	-0.918063	57.726661	35531.142374	0.000023	3.4
116	-0.916320	57.715768	35536.059548	0.000030	3.3
117	-0.909470	57.812087	35492.629689	0.000049	3.3
118	-0.916098	57.800768	35497.727587	0.000061	3.6
119	-0.924128	58.800768	35052.898190	0.000015	3.1
120	-0.914155	58.789454	35057.868681	0.000031	3.8
121	-0.912405	58.778159	35062.832119	0.000022	3.5
122	-0.919497	58.784935	35059.854180	0.000046	3.6
123	-0.915266	58.777591	35063.081735	0.000047	3.4
124	-0.914652	59.777591	34629.012320	0.000021	3.4
125	-0.917319	59.766273	34633.865132	0.000034	3.6
126	-0.913708	59.755145	34638.637802	0.000030	3.6
127	-0.918757	59.743836	34643.489121	0.000035	3.8
128	-0.918914	60.743834	34219.684582	0.000019	3.7
129	-0.915554	61.577040	33874.406070	0.000033	3.5
130	-0.919776	61.565722	33879.049675	0.000023	3.2
131	-0.917412	61.554404	33883.694554	0.000030	3.4
132	-0.917352	61.594796	33867.123914	0.000040	3.1
133	-0.915733	61.583489	33871.761162	0.000012	3.5
134	-0.922413	61.572583	33876.234770	0.000031	3.3
135	-0.914312	61.561909	33880.614298	0.000024	3.3
136	-0.914207	61.550591	33885.259606	0.000019	3.2
137	-0.920146	61.539294	33889.897274	0.000029	3.6
138	-0.918965	61.581153	33872.719200	0.000075	3.2
139	-0.919217	61.569834	33877.362344	0.000021	3.3
140	-0.913114	62.569816	33471.991775	0.000048	3.2
141	-0.913232	62.558498	33476.525699	0.000038	3.7
142	-0.918846	63.558498	33080.627870	0.000017	3.2
143	-0.915827	63.652827	33043.765970	0.000048	3.3
144	-0.909540	63.641509	33048.184617	0.000019	3.2
145	-0.916383	63.650329	33044.741128	0.000067	3.7
146	-0.917456	64.650262	32658.956674	0.000027	3.2
147	-0.912542	64.833837	32589.108205	0.000024	3.2
148	-0.914257	65.823952	32217.471500	0.000031	3.3
149	-0.918953	65.813312	32221.420065	0.000020	3.6
150	-0.919927	65.801998	32225.619817	0.000020	3.1
151	-0.919229	65.790707	32229.812240	0.000012	3.2
152	-0.917268	65.779839	32233.848707	0.000025	3.3
153	-0.918608	65.768598	32238.024660	0.000031	3.6
154	-0.921993	65.757280	32242.230362	0.000035	3.2
155	-0.924302	66.754282	31875.916737	0.000027	3.4
156	-0.916760	67.754281	31516.769255	0.000044	3.1
157	-0.914835	67.742963	31520.788932	0.000016	3.4
158	-0.919061	68.089041	31398.342434	0.000047	3.2
159	-0.918250	68.077722	31402.331957	0.000022	3.2
160	-0.915285	68.066404	31406.322495	0.000034	3.2
161	-0.913597	68.561480	31232.715307	0.000026	3.6
162	-0.915660	68.550161	31236.662849	0.000052	3.2
163	-0.920917	69.548731	30892.185668	0.000028	3.2
164	-0.910132	70.548731	30554.745865	0.000042	3.3
165	-0.919184	70.537412	30558.523879	0.000020	3.5
166	-0.910410	71.537374	30228.307689	0.000053	3.3
167	-0.914085	71.526059	30232.004326	0.000022	3.3
168	-0.917080	71.514740	30235.702944	0.000023	3.2
169	-0.912298	71.824336	30134.858327	0.000028	3.6
170	-0.919048	72.022854	30070.548187	0.000051	3.2
171	-0.919464	72.011535	30074.207402	0.000028	3.3
172	-0.914866	73.011235	29754.403359	0.000036	3.3
173	-0.921363	73.978033	29451.528157	0.000030	3.4
174	-0.918244	73.966714	29455.038260	0.000029	3.2
175	-0.917514	74.966555	29148.156915	0.000030	3.4
176	-0.912252	74.955270	29151.584839	0.000037	3.3
177	-0.914569	75.955242	28850.922715	0.000041	3.5
178	-0.915550	76.955241	28556.391415	0.000071	3.1
179	-0.917840	77.955241	28267.812547	0.000018	3.3
180	-0.919661	77.943923	28271.046149	0.000037	3.0
181	-0.919118	78.912332	27997.026585	0.000068	3.7
182	-0.918314	79.856478	27734.938336	0.000036	3.2
183	-0.922931	80.856478	27462.644037	0.000015	3.3
184	-0.920421	80.848853	27464.700215	0.000044	3.1
185	-0.922732	81.808290	27208.391442	0.000013	3.7
186	-0.923402	81.796972	27211.387191	0.000051	3.2
187	-0.915029	82.788251	26951.491753	0.000020	3.2
188	-0.921063	83.787260	26694.544796	0.000013	3.6
189	-0.919633	83.776782	26697.214167	0.000018	3.4
190	-0.917833	83.765528	26700.082071	0.000031	3.1
191	-0.923046	83.942323	26655.100935	0.000071	3.3
192	-0.921723	84.942314	26403.503059	0.000031	3.2
193	-0.918612	84.930995	26406.324182	0.000030	3.7
194	-0.918338	85.930988	26159.378612	0.000056	3.1
195	-0.916834	85.919670	26162.147702	0.000043	3.3
196	-0.917452	86.919670	25919.725281	0.000026	3.1
197	-0.911401	87.919665	25681.755571	0.000014	3.7
198	-0.919530	87.927989	25679.792876	0.000022	3.0
199	-0.924376	87.916878	25682.412552	0.000054	3.5
