1:ItNr	2:Metric	3a:Time	3b:StepSize	4:||Gradient||	Time[ms]
0	-0.456300	0.000000	61553.540904	0.000463	25.3
1	-0.428221	0.000000	61553.540904	0.001997	3.6
2	-0.357721	1.000000	58755.652681	0.000352	3.9
3	-0.363468	2.000000	56201.059086	0.000426	3.7
4	-0.378494	1.974197	56264.179244	0.000707	3.8
5	-0.409031	1.948395	56327.441344	0.001268	4.0
6	-0.403556	1.922592	56390.845865	0.001733	3.6
7	-0.376387	2.922592	54033.624474	0.000657	3.8
8	-0.411422	3.922592	51865.566504	0.001717	3.6
9	-0.372623	3.896789	51919.319133	0.000899	3.9
10	-0.445051	4.896789	49914.463699	0.001556	3.6
11	-0.374973	4.870987	49964.246272	0.000562	3.9
12	-0.404874	5.870987	48104.833869	0.001346	4.1
13	-0.413390	5.845184	48151.070508	0.001797	3.7
14	-0.378741	6.845184	46421.828205	0.000710	3.7
15	-0.419052	7.845184	44812.484066	0.001771	3.5
16	-0.377683	7.819382	44852.605670	0.001190	3.8
17	-0.459170	8.819382	43348.462953	0.001137	3.5
18	-0.408900	9.819382	41941.930418	0.001652	4.6
19	-0.407180	10.819382	40623.805165	0.001984	4.2
20	-0.390264	11.819382	39386.005939	0.001090	3.6
21	-0.449031	12.819382	38221.407295	0.001270	3.8
22	-0.410972	12.793579	38250.590731	0.001601	3.6
23	-0.415140	13.793579	37151.232980	0.001870	3.8
24	-0.393917	14.793579	36113.302881	0.001418	3.6
25	-0.451571	15.793579	35131.791871	0.001621	3.9
26	-0.389297	16.793579	34202.221483	0.001281	3.8
27	-0.457778	17.793579	33320.575025	0.000888	3.6
28	-0.447547	17.767776	33342.752165	0.001480	3.7
29	-0.419453	18.767776	32504.315741	0.001933	3.0
30	-0.414374	19.767776	31707.011629	0.001737	3.7
31	-0.427358	20.767776	30947.885470	0.002095	3.0
32	-0.395813	21.767776	30224.259224	0.001378	3.1
33	-0.460524	22.767776	29533.699599	0.001104	3.1
34	-0.429635	23.767776	28873.990719	0.002263	3.6
35	-0.396643	24.767776	28243.110370	0.001541	3.1
36	-0.463445	25.767776	27639.209296	0.000639	3.4
37	-0.448653	26.767776	27060.593095	0.001772	3.6
38	-0.406647	27.767776	26505.706341	0.001619	3.5
39	-0.456920	28.767776	25973.118625	0.001336	3.6
40	-0.418241	29.767776	25461.512238	0.002331	3.8
41	-0.411373	30.767776	24969.671290	0.002006	3.0
42	-0.439887	31.767776	24496.472057	0.002031	3.4
43	-0.410877	32.767776	24040.874416	0.002127	3.1
44	-0.436221	33.767776	23601.914210	0.002146	3.4
45	-0.407914	34.767776	23178.696435	0.002027	3.2
46	-0.444804	35.767776	22770.389153	0.001857	3.5
47	-0.417392	36.767776	22376.218033	0.001967	3.0
48	-0.440144	37.767776	21995.461444	0.002086	3.5
49	-0.419670	38.767776	21627.446056	0.002028	3.3
50	-0.446936	39.767776	21271.542856	0.001968	3.5
51	-0.422417	40.767776	20927.163567	0.001837	3.3
52	-0.445588	41.767776	20593.757403	0.001771	4.1
53	-0.421187	42.767776	20270.808124	0.002067	3.3
54	-0.438862	43.767776	19957.831374	0.002011	3.5
55	-0.425894	44.767776	19654.372257	0.002149	3.2
56	-0.432880	45.767776	19360.003126	0.002099	3.3
57	-0.427674	46.767776	19074.321580	0.002229	3.6
58	-0.432345	47.767776	18796.948622	0.002090	3.6
59	-0.442654	48.767776	18527.526983	0.002227	3.3
60	-0.426417	49.767776	18265.719591	0.002201	3.3
61	-0.444259	50.767776	18011.208158	0.002203	3.2
62	-0.427523	51.767776	17763.691894	0.002069	3.3
63	-0.447602	52.767776	17522.886318	0.002030	3.4
64	-0.432513	53.767776	17288.522168	0.002166	3.1
65	-0.443607	54.767776	17060.344399	0.002060	3.3
66	-0.432483	55.767776	16838.111254	0.002110	3.2
67	-0.438986	56.767776	16621.593410	0.002098	3.1
68	-0.432575	57.767776	16410.573191	0.001977	3.6
69	-0.448353	58.767776	16204.843836	0.002037	3.4
70	-0.432047	59.767776	16004.208823	0.002201	3.3
71	-0.441317	60.767776	15808.481245	0.002120	3.2
72	-0.436217	61.767776	15617.483227	0.002096	3.0
73	-0.444553	62.767776	15431.045388	0.002046	3.4
74	-0.443264	63.767776	15249.006339	0.002169	3.2
75	-0.437134	64.767776	15071.212219	0.002090	3.0
76	-0.446871	65.767776	14897.516259	0.001995	3.4
77	-0.447265	66.767776	14727.778379	0.002120	3.6
78	-0.443930	67.767776	14561.864812	0.002029	3.5
79	-0.452038	68.767776	14399.647752	0.001928	3.3
80	-0.445486	69.767776	14241.005023	0.001891	3.5
81	-0.448391	70.767776	14085.819776	0.001881	3.4
82	-0.441649	71.767776	13933.980201	0.001946	3.1
83	-0.446764	72.767776	13785.379255	0.002038	3.6
84	-0.445394	73.767776	13639.914417	0.002023	3.3
85	-0.449738	74.767776	13497.487445	0.001987	3.4
86	-0.447314	75.767776	13358.004159	0.002142	3.3
87	-0.447999	76.767776	13221.374232	0.002079	3.1
88	-0.453959	77.767776	13087.510995	0.001983	3.2
89	-0.450905	78.767776	12956.331254	0.002032	3.8
90	-0.448615	79.767776	12827.755119	0.001868	3.4
91	-0.451189	80.767776	12701.705837	0.001687	3.1
92	-0.456533	81.767776	12578.109645	0.001713	4.0
93	-0.450645	82.767776	12456.895622	0.001748	3.4
94	-0.450361	83.767776	12337.995555	0.001757	3.9
95	-0.452990	84.767776	12221.343811	0.001731	4.2
96	-0.455803	85.767776	12106.877216	0.001727	3.9
97	-0.457161	86.767776	11994.534941	0.001846	3.7
98	-0.450347	87.767776	11884.258392	0.001797	4.3
99	-0.455352	88.767776	11775.991114	0.001714	4.1
100	-0.452793	89.767776	11669.678687	0.001656	3.8
101	-0.455487	90.767776	11565.268641	0.001671	4.3
102	-0.450772	91.767776	11462.710366	0.001498	4.2
103	-0.457849	92.767776	11361.955031	0.001234	3.9
104	-0.458092	93.767776	11262.955509	0.001341	4.2
105	-0.457841	94.767776	11165.666299	0.001366	3.6
106	-0.459595	95.767776	11070.043460	0.001419	3.7
107	-0.460155	96.767776	10976.044543	0.001557	3.8
108	-0.455698	97.767776	10883.628528	0.001485	3.7
109	-0.455919	98.767776	10792.755767	0.001351	3.8
110	-0.459849	99.767776	10703.387923	0.001369	3.7
111	-0.457845	100.767776	10615.487920	0.001340	4.0
112	-0.459516	101.767776	10529.019889	0.001240	3.7
113	-0.460144	102.767776	10443.949120	0.001299	4.0
114	-0.452951	103.767776	10360.242017	0.001263	3.6
115	-0.454675	104.767776	10277.866052	0.001067	4.0
116	-0.456751	105.767776	10196.789722	0.001007	4.1
117	-0.460928	106.767776	10116.982512	0.001150	3.7
118	-0.457421	107.767776	10038.414855	0.001215	4.0
119	-0.458161	108.767776	9961.058094	0.000992	3.7
120	-0.462253	109.767776	9884.884449	0.000826	3.7
121	-0.462302	110.767776	9809.866985	0.000860	4.5
122	-0.461113	111.767776	9735.979576	0.000918	3.8
123	-0.464985	112.767776	9663.196879	0.000831	3.4
124	-0.462445	113.767776	9591.494302	0.000775	3.1
125	-0.462572	114.767776	9520.847978	0.000756	3.4
126	-0.460261	115.767776	9451.234738	0.000690	3.1
127	-0.459202	116.767776	9382.632087	0.000541	3.1
128	-0.465683	117.767776	9315.018176	0.000388	2.9
129	-0.464103	118.767776	9248.371783	0.000358	3.3
130	-0.464730	119.767776	9182.672288	0.000453	3.2
131	-0.459460	120.767776	9117.899654	0.000405	3.2
132	-0.461996	121.767776	9054.034405	0.000325	3.1
133	-0.465404	122.767776	8991.057605	0.000323	3.2
134	-0.465628	123.767776	8928.950845	0.000343	3.5
135	-0.459719	124.767776	8867.696217	0.000356	3.3
136	-0.465800	125.767776	8807.276305	0.000331	3.0
137	-0.463177	126.767776	8747.674161	0.000356	3.0
138	-0.462630	127.767776	8688.873294	0.000310	3.1
139	-0.457413	128.767776	8630.857655	0.000381	3.1
140	-0.464091	129.767776	8573.611618	0.000342	3.2
141	-0.463985	130.767776	8517.119971	0.000256	3.1
142	-0.460930	131.767776	8461.367900	0.000249	3.2
143	-0.463104	132.767776	8406.340975	0.000227	2.9
144	-0.464137	133.767776	8352.025140	0.000213	3.2
145	-0.460622	134.767776	8298.406700	0.000218	3.0
146	-0.458162	135.767776	8245.472310	0.000289	3.3
147	-0.460591	136.767776	8193.208961	0.000324	3.0
148	-0.463518	137.767776	8141.603974	0.000267	3.4
149	-0.465582	138.767776	8090.644988	0.000222	3.0
150	-0.453767	139.767776	8040.319946	0.000164	3.2
151	-0.460104	140.746357	7991.675246	0.000195	3.0
152	-0.464484	141.746351	7942.570438	0.000266	3.4
153	-0.456922	142.746174	7894.073677	0.000259	3.0
154	-0.462529	143.746174	7846.157094	0.000247	3.0
155	-0.464320	144.746174	7798.818704	0.000195	3.1
156	-0.463066	145.746174	7752.048103	0.000206	3.2
157	-0.464229	146.746174	7705.835139	0.000182	3.1
158	-0.464157	147.746174	7660.169896	0.000191	3.1
159	-0.460630	148.746174	7615.042694	0.000227	3.2
160	-0.461892	149.746174	7570.444080	0.000191	3.3
161	-0.463751	150.746174	7526.364820	0.000239	3.1
162	-0.464015	151.746174	7482.795897	0.000307	2.9
163	-0.464341	152.746174	7439.728497	0.000250	3.3
164	-0.464021	153.746174	7397.154011	0.000245	3.0
165	-0.462140	154.519208	7364.574950	0.000306	3.3
166	-0.464948	155.519208	7322.853853	0.000304	2.9
167	-0.465663	156.519208	7281.602802	0.000243	3.4
168	-0.460606	157.519208	7240.813898	0.000163	2.9
169	-0.460415	158.519208	7200.479418	0.000164	3.3
170	-0.465212	159.519208	7160.591810	0.000204	3.0
171	-0.465219	160.519208	7121.143688	0.000266	2.9
172	-0.465192	161.519208	7082.127829	0.000249	3.1
173	-0.461176	162.519208	7043.537166	0.000246	3.3
174	-0.462307	163.519208	7005.364787	0.000144	3.1
175	-0.459394	164.519208	6967.603927	0.000195	2.9
176	-0.460531	165.515906	6930.370637	0.000266	3.3
177	-0.470114	166.515906	6893.411796	0.000226	3.3
178	-0.461467	167.515906	6856.845057	0.000169	3.1
179	-0.461607	168.515906	6820.664215	0.000201	2.9
180	-0.462775	169.515442	6784.879727	0.000246	3.3
181	-0.460493	170.515442	6749.452402	0.000224	2.9
182	-0.459323	171.515442	6714.393124	0.000159	3.3
183	-0.458669	172.515442	6679.696187	0.000151	3.0
184	-0.463964	172.489639	6680.586952	0.000159	3.2
185	-0.457400	173.489639	6646.237631	0.000248	3.5
186	-0.460328	174.489639	6612.239729	0.000240	3.4
187	-0.464449	175.489639	6578.587880	0.000191	3.0
188	-0.461878	176.489639	6545.276826	0.000272	3.0
189	-0.460096	177.489639	6512.301419	0.000408	3.1
190	-0.462283	178.489639	6479.656608	0.000281	3.5
191	-0.462136	179.489639	6447.337449	0.000141	3.0
192	-0.459332	180.489639	6415.339098	0.000171	3.0
193	-0.460805	181.488703	6383.686299	0.000242	3.0
194	-0.455504	182.488703	6352.315092	0.000230	3.3
195	-0.457732	183.488703	6321.250710	0.000265	3.0
196	-0.463033	184.470009	6291.060992	0.000212	2.9
197	-0.465208	185.470009	6260.591381	0.000242	2.9
198	-0.460093	186.470009	6230.415494	0.000160	2.9
199	-0.465126	187.470009	6200.529107	0.000242	3.3
