1:ItNr	2:Metric	3a:Time	3b:StepSize	4:||Gradient||	Time[ms]
0	-0.400814	0.000000	172528.722378	0.000514	32.8
1	-0.357052	0.000000	172528.722378	0.000794	5.0
2	-0.354802	1.000000	164686.507724	0.000815	3.6
3	-0.352391	2.000000	157526.224780	0.000875	4.1
4	-0.348862	3.000000	150962.632081	0.000896	3.9
5	-0.345924	4.000000	144924.126797	0.000896	3.6
6	-0.356016	5.000000	139350.121920	0.000938	3.8
7	-0.352739	6.000000	134189.006294	0.000917	3.7
8	-0.363298	7.000000	129396.541783	0.000953	3.9
9	-0.351680	8.000000	124934.592067	0.000883	3.7
10	-0.368187	9.000000	120770.105664	0.001000	4.2
11	-0.342958	10.000000	116874.295804	0.000876	3.9
12	-0.387890	11.000000	113221.974060	0.000989	3.9
13	-0.341272	12.000000	109791.005149	0.000816	4.1
14	-0.391214	13.000000	106561.857939	0.000815	4.1
15	-0.362914	14.000000	103517.233427	0.000919	4.1
16	-0.378064	15.000000	100641.754720	0.001049	3.6
17	-0.351810	16.000000	97921.707295	0.000906	3.8
18	-0.382147	17.000000	95344.820261	0.000937	3.7
19	-0.365274	18.000000	92900.081280	0.000954	3.6
20	-0.383790	19.000000	90577.579248	0.001003	3.7
21	-0.363099	20.000000	88368.369998	0.001025	3.6
22	-0.376754	21.000000	86264.361189	0.001088	3.9
23	-0.357668	22.000000	84258.213254	0.001031	4.0
24	-0.385179	23.000000	82343.253862	0.001060	4.5
25	-0.368088	24.000000	80513.403776	0.001027	3.9
26	-0.386498	25.000000	78763.112390	0.001019	4.0
27	-0.371685	26.000000	77087.301488	0.001100	4.6
28	-0.378763	27.000000	75481.316040	0.001050	5.3
29	-0.370558	28.000000	73940.881019	0.001121	4.7
30	-0.374795	29.000000	72462.063399	0.001028	4.5
31	-0.379453	30.000000	71041.238626	0.001051	4.2
32	-0.380271	31.000000	69675.060960	0.001067	3.9
33	-0.384133	32.000000	68360.437169	0.001103	4.1
34	-0.377113	33.000000	67094.503147	0.001106	4.1
35	-0.385047	34.000000	65874.603090	0.001106	3.9
36	-0.380754	35.000000	64698.270892	0.001080	4.4
37	-0.383153	36.000000	63563.213508	0.001033	4.1
38	-0.380953	37.000000	62467.296033	0.001050	4.0
39	-0.382963	38.000000	61408.528304	0.001039	4.2
40	-0.386275	39.000000	60385.052832	0.001005	4.1
41	-0.388563	40.000000	59395.133933	0.001036	4.2
42	-0.384771	41.000000	58437.147902	0.001044	4.4
43	-0.388686	42.000000	57509.574126	0.001030	3.8
44	-0.389711	43.000000	56610.987030	0.001042	4.2
45	-0.386417	44.000000	55740.048768	0.000967	4.2
46	-0.395887	45.000000	54895.502575	0.000911	3.9
47	-0.393590	46.000000	54076.166715	0.000989	4.1
48	-0.394402	47.000000	53280.928970	0.000991	3.8
49	-0.393875	48.000000	52508.741593	0.000989	4.1
50	-0.395936	49.000000	51758.616713	0.001042	4.3
51	-0.390225	50.000000	51029.622112	0.001037	3.9
52	-0.393322	51.000000	50320.877360	0.000948	4.1
53	-0.395227	52.000000	49631.550273	0.000887	5.2
54	-0.388389	53.000000	48960.853648	0.000899	4.3
55	-0.392946	54.000000	48308.042266	0.000950	4.2
56	-0.394961	55.000000	47672.410131	0.000943	4.0
57	-0.394410	56.000000	47053.287921	0.000960	4.1
58	-0.393564	57.000000	46450.040640	0.000916	4.1
59	-0.396056	58.000000	45862.065442	0.000867	4.0
60	-0.393342	59.000000	45288.789624	0.000843	4.2
61	-0.400376	60.000000	44729.668765	0.000770	3.9
62	-0.392634	61.000000	44184.184999	0.000756	4.2
63	-0.391075	62.000000	43651.845421	0.000763	4.7
64	-0.403257	63.000000	43132.180594	0.000742	4.0
65	-0.397304	64.000000	42624.743176	0.000709	4.4
66	-0.400733	65.000000	42129.106627	0.000717	4.3
67	-0.394880	66.000000	41644.864022	0.000717	3.9
68	-0.391895	67.000000	41171.626931	0.000627	4.0
69	-0.400753	68.000000	40709.024381	0.000538	3.9
70	-0.403701	69.000000	40256.701888	0.000530	3.8
71	-0.402249	70.000000	39814.320549	0.000502	4.4
72	-0.406762	71.000000	39381.556195	0.000478	4.0
73	-0.401969	72.000000	38958.098601	0.000452	3.8
74	-0.405267	73.000000	38543.650744	0.000407	3.8
75	-0.408855	74.000000	38137.928105	0.000409	4.1
76	-0.404223	75.000000	37740.658020	0.000416	4.4
77	-0.401364	76.000000	37351.579071	0.000413	3.8
78	-0.404926	77.000000	36970.440510	0.000417	4.3
79	-0.409158	78.000000	36597.001716	0.000409	4.1
80	-0.399272	79.000000	36231.031699	0.000378	3.9
81	-0.404215	80.000000	35872.308613	0.000428	4.0
82	-0.404503	81.000000	35520.619313	0.000415	4.0
83	-0.406145	82.000000	35175.758931	0.000393	4.0
84	-0.401252	83.000000	34837.530480	0.000409	4.2
85	-0.405446	84.000000	34505.744476	0.000414	4.0
86	-0.404512	85.000000	34180.218584	0.000366	4.3
87	-0.398603	86.000000	33860.777289	0.000390	3.8
88	-0.397649	87.000000	33547.251573	0.000430	3.9
89	-0.402391	88.000000	33239.478623	0.000384	4.4
90	-0.405701	89.000000	32937.301545	0.000342	3.9
91	-0.407043	90.000000	32640.569098	0.000350	4.1
92	-0.400670	91.000000	32349.135446	0.000366	4.2
93	-0.407534	92.000000	32062.859911	0.000384	3.7
94	-0.401949	93.000000	31781.606754	0.000375	4.2
95	-0.403899	94.000000	31505.244956	0.000356	4.2
96	-0.409488	95.000000	31233.648017	0.000364	4.0
97	-0.406345	96.000000	30966.693760	0.000363	4.3
98	-0.404723	97.000000	30704.264152	0.000425	3.8
99	-0.405550	98.000000	30446.245125	0.000374	4.3
100	-0.404717	99.000000	30192.526416	0.000360	3.9
101	-0.408526	100.000000	29943.001404	0.000357	3.9
102	-0.405870	101.000000	29697.566967	0.000419	4.3
103	-0.402159	102.000000	29456.123333	0.000380	4.0
104	-0.403061	103.000000	29218.573951	0.000377	4.1
105	-0.408699	104.000000	28984.825359	0.000331	4.3
106	-0.406377	105.000000	28754.787063	0.000331	35.0
107	-0.407914	106.000000	28528.371417	0.000340	32.1
108	-0.400709	107.000000	28305.493515	0.000317	5.0
109	-0.406255	108.000000	28086.071085	0.000360	14.9
110	-0.400491	109.000000	27870.024384	0.000365	4.3
111	-0.404848	110.000000	27657.276106	0.000358	4.2
112	-0.405775	111.000000	27447.751287	0.000351	3.8
113	-0.408872	112.000000	27241.377218	0.000333	3.9
114	-0.404398	113.000000	27038.083358	0.000362	4.1
115	-0.409021	114.000000	26837.801259	0.000356	4.3
116	-0.405068	115.000000	26640.464485	0.000315	4.1
117	-0.400691	116.000000	26446.008540	0.000372	3.9
118	-0.404867	117.000000	26254.370797	0.000353	4.2
119	-0.404952	118.000000	26065.490431	0.000385	4.3
120	-0.409248	119.000000	25879.308357	0.000392	3.8
121	-0.404973	120.000000	25695.767163	0.000337	4.0
122	-0.410057	121.000000	25514.811056	0.000363	4.1
123	-0.403662	122.000000	25336.385804	0.000349	4.1
124	-0.407198	123.000000	25160.438680	0.000302	4.1
125	-0.404801	124.000000	24986.918413	0.000351	3.9
126	-0.403133	125.000000	24815.775137	0.000344	4.3
127	-0.405825	126.000000	24646.960340	0.000328	4.0
128	-0.399435	127.000000	24480.426824	0.000324	4.3
129	-0.403639	128.000000	24316.128657	0.000340	4.1
130	-0.402445	129.000000	24154.021133	0.000306	3.9
131	-0.403473	130.000000	23994.060728	0.000328	4.0
132	-0.408333	131.000000	23836.205065	0.000318	3.9
133	-0.410751	132.000000	23680.412875	0.000343	4.0
134	-0.407061	133.000000	23526.643961	0.000299	3.8
135	-0.404039	134.000000	23374.859161	0.000305	4.0
136	-0.410890	135.000000	23225.020320	0.000333	4.2
137	-0.407442	136.000000	23077.090254	0.000308	4.2
138	-0.408812	137.000000	22931.032721	0.000301	4.0
139	-0.406374	138.000000	22786.812390	0.000279	4.5
140	-0.406675	139.000000	22644.394812	0.000347	3.8
141	-0.405565	140.000000	22503.746397	0.000304	4.9
142	-0.405666	141.000000	22364.834382	0.000324	4.0
143	-0.407330	142.000000	22227.626809	0.000304	3.9
144	-0.404412	143.000000	22092.092500	0.000256	4.2
145	-0.406062	144.000000	21958.201030	0.000297	4.0
146	-0.404535	144.999999	21825.922872	0.000291	3.9
147	-0.405434	145.999999	21695.228722	0.000359	4.3
148	-0.404380	146.999999	21566.090455	0.000291	4.0
149	-0.405421	147.999999	21438.480452	0.000340	4.1
150	-0.401781	148.999999	21312.371742	0.000310	3.8
151	-0.406732	149.999999	21187.737988	0.000298	4.0
152	-0.412109	150.999999	21064.553464	0.000309	4.3
153	-0.408042	151.999999	20942.793039	0.000326	3.6
154	-0.406144	152.999999	20822.432158	0.000297	4.6
155	-0.403263	153.999999	20703.446831	0.000326	4.1
156	-0.404313	154.999999	20585.813609	0.000307	4.4
157	-0.401231	155.999999	20469.509577	0.000318	4.9
158	-0.402606	156.999999	20354.512331	0.000338	4.5
159	-0.408619	157.999999	20240.799971	0.000322	4.3
160	-0.411279	158.999999	20128.351082	0.000347	3.7
161	-0.404030	159.999999	20017.144721	0.000313	4.0
162	-0.408670	160.999999	19907.160409	0.000300	4.0
163	-0.407178	161.999999	19798.378111	0.000351	3.8
164	-0.408061	162.999999	19690.778229	0.000336	4.2
165	-0.405814	163.999999	19584.341589	0.000287	4.1
166	-0.404793	164.999999	19479.049430	0.000306	4.2
167	-0.401545	165.999999	19374.883389	0.000299	4.1
168	-0.405559	166.999999	19271.825498	0.000334	3.8
169	-0.406547	167.999999	19169.858167	0.000315	4.4
170	-0.401685	168.999999	19068.964176	0.000307	4.0
171	-0.409907	169.999999	18969.126666	0.000307	3.9
172	-0.406065	170.999999	18870.329131	0.000334	4.0
173	-0.404697	171.999999	18772.555404	0.000287	3.8
174	-0.409314	172.999999	18675.789654	0.000315	4.1
175	-0.408438	173.999999	18580.016374	0.000322	3.9
176	-0.404061	174.999999	18485.220372	0.000314	4.0
177	-0.405303	175.999999	18391.386765	0.000290	4.1
178	-0.404761	176.999999	18298.500973	0.000323	4.0
179	-0.408768	177.999999	18206.548706	0.000301	4.7
180	-0.401810	178.999999	18115.515962	0.000296	3.9
181	-0.403708	179.999999	18025.389016	0.000291	3.6
182	-0.408146	180.999999	17936.154417	0.000293	3.8
183	-0.405639	181.999999	17847.798976	0.000298	3.6
184	-0.406132	182.999999	17760.309764	0.000289	3.9
185	-0.403528	183.999999	17673.674107	0.000286	3.7
186	-0.403416	184.999999	17587.879572	0.000286	3.9
187	-0.403415	185.999999	17502.913969	0.000284	3.8
188	-0.403411	186.999999	17418.765344	0.000296	3.6
189	-0.406967	187.999999	17335.421969	0.000317	3.7
190	-0.404499	188.999999	17252.872340	0.000322	3.6
191	-0.406126	189.999999	17171.105172	0.000312	4.0
192	-0.399390	190.999999	17090.109392	0.000280	3.5
193	-0.403798	191.999999	17009.874136	0.000312	3.9
194	-0.409227	192.999999	16930.388743	0.000310	3.9
195	-0.407788	193.999999	16851.642748	0.000294	3.6
196	-0.408295	194.999999	16773.625883	0.000311	3.7
197	-0.402056	195.999999	16696.328067	0.000318	3.6
198	-0.405749	196.999999	16619.739406	0.000340	3.9
199	-0.407197	197.999999	16543.850185	0.000344	3.6
