1:ItNr	2:Metric	3a:Time	3b:StepSize	4:||Gradient||	Time[ms]
0	-0.770439	0.000000	28864.814003	0.001105	14.6
1	-0.817258	0.000000	28864.814003	0.001085	0.8
2	-0.853281	0.000000	28864.814003	0.001028	1.0
3	-0.868798	0.000000	28864.814003	0.000676	0.9
4	-0.896664	0.000000	28864.814003	0.000773	0.7
5	-0.903917	0.000000	28864.814003	0.000559	0.8
6	-0.911228	0.000000	28864.814003	0.000294	0.8
7	-0.923901	0.000000	28864.814003	0.000188	0.8
8	-0.918900	0.000000	28864.814003	0.000061	0.8
9	-0.920492	0.000000	28864.814003	0.000125	0.8
10	-0.916874	1.000000	27552.777003	0.000159	0.9
11	-0.919648	2.000000	26354.830177	0.000079	0.8
12	-0.915987	3.000000	25256.712253	0.000052	0.9
13	-0.915384	4.000000	24246.443781	0.000181	0.8
14	-0.931167	3.988180	24257.912996	0.000059	0.7
15	-0.927133	4.988180	23324.491991	0.000073	0.8
16	-0.916886	5.003748	23310.527933	0.000151	0.8
17	-0.918823	6.003748	22447.294876	0.000088	0.7
18	-0.927796	5.991928	22457.124805	0.000099	0.9
19	-0.920060	5.980108	22466.963347	0.000086	0.8
20	-0.922651	6.980063	21664.036118	0.000057	0.8
21	-0.922078	6.968454	21673.028586	0.000064	0.9
22	-0.926579	7.968439	20924.879532	0.000036	0.8
23	-0.923408	8.377210	20633.719066	0.000073	0.7
24	-0.935646	8.365390	20642.024493	0.000099	0.8
25	-0.931342	8.353570	20650.336607	0.000072	0.8
26	-0.929353	9.353506	19970.052046	0.000049	0.8
27	-0.937070	9.341686	19977.831690	0.000055	0.9
28	-0.915424	9.339856	19979.036824	0.000112	0.9
29	-0.932551	9.328036	19986.823469	0.000058	0.9
30	-0.914855	9.316216	19994.616188	0.000038	0.8
31	-0.927843	9.304432	20002.390712	0.000150	0.7
32	-0.923960	9.292612	20010.195570	0.000093	0.8
33	-0.913201	9.280792	20018.006530	0.000075	0.9
34	-0.929950	9.268972	20025.823589	0.000108	0.7
35	-0.923277	9.257152	20033.646757	0.000184	0.7
36	-0.926482	9.245332	20041.476038	0.000307	0.8
37	-0.928744	9.233512	20049.311442	0.000252	0.9
38	-0.933201	9.221692	20057.152975	0.000365	0.8
39	-0.931740	9.209872	20065.000644	0.000466	0.8
40	-0.926933	9.198052	20072.854456	0.000562	0.8
41	-0.915564	9.186231	20080.714419	0.000453	0.7
42	-0.918669	9.174411	20088.580540	0.000524	0.8
43	-0.931424	10.174411	19444.187282	0.000531	0.9
44	-0.921617	11.174411	18839.850282	0.000193	0.7
45	-0.912775	12.174411	18271.947206	0.000376	0.8
46	-0.915690	13.174411	17737.279704	0.000822	0.7
47	-0.942559	14.174411	17233.013137	0.000496	0.8
48	-0.920142	15.174411	16756.626308	0.000317	0.8
49	-0.908949	15.162591	16762.103365	0.000491	0.8
50	-0.925659	16.162591	16311.055611	0.000149	0.8
51	-0.914375	16.150771	16316.245219	0.000279	0.8
52	-0.910810	16.138951	16321.438129	0.000108	0.9
53	-0.920343	16.127131	16326.634347	0.000153	0.8
54	-0.930270	16.115311	16331.833874	0.000150	0.8
55	-0.912506	16.103491	16337.036713	0.000212	0.9
56	-0.922867	16.091671	16342.242865	0.000151	0.9
57	-0.917435	17.091671	15913.218817	0.000183	1.0
58	-0.914581	18.090610	15506.565231	0.000103	1.0
59	-0.926479	18.078790	15511.255467	0.000211	1.0
60	-0.919230	19.078790	15124.236411	0.000228	1.0
61	-0.913221	20.078790	14756.060123	0.000329	0.8
62	-0.914182	21.078790	14405.383210	0.000192	0.9
63	-0.918390	22.078790	14070.987021	0.000071	0.8
64	-0.920032	22.066970	14074.848916	0.000158	1.3
65	-0.916673	22.055150	14078.712932	0.000249	0.9
66	-0.921341	23.055150	13759.142734	0.000178	0.8
67	-0.915222	24.055150	13453.758271	0.000125	0.8
68	-0.919252	25.055150	13161.635494	0.000173	0.8
69	-0.920829	26.055150	12881.928903	0.000278	1.0
70	-0.916670	27.055150	12613.863380	0.000178	0.8
71	-0.907370	28.055150	12356.727005	0.000139	0.9
72	-0.929851	29.055150	12109.864753	0.000098	0.9
73	-0.922538	30.055150	11872.672916	0.000086	0.8
74	-0.917929	30.099093	11862.462863	0.000115	1.0
75	-0.921320	31.099093	11634.772472	0.000227	0.9
76	-0.912437	32.099093	11415.658137	0.000090	0.8
77	-0.926072	32.087273	11418.199875	0.000055	0.8
78	-0.916861	32.075453	11420.742745	0.000084	1.0
79	-0.912939	32.063633	11423.286749	0.000141	1.1
80	-0.906915	33.063626	11211.994756	0.000043	0.9
81	-0.925676	34.063626	11008.375941	0.000056	0.9
82	-0.919093	34.051827	11010.735214	0.000166	0.9
83	-0.920564	35.051827	10814.296744	0.000146	0.9
84	-0.921235	36.051827	10624.744590	0.000103	0.8
85	-0.921683	37.051827	10441.722882	0.000196	0.8
86	-0.918303	38.051827	10264.899855	0.000216	0.9
87	-0.921355	39.051827	10093.965841	0.000133	12.2
88	-0.923159	40.051827	9928.631464	0.000131	3.0
89	-0.921046	41.051827	9768.626000	0.000041	4.4
90	-0.918443	42.051827	9613.695899	0.000105	6.1
91	-0.920924	43.051747	9463.615277	0.000234	1.0
92	-0.916172	44.051747	9318.137013	0.000089	1.1
93	-0.915881	45.051747	9177.063727	0.000051	1.2
94	-0.930262	45.039927	9178.706272	0.000124	1.3
95	-0.920517	45.028107	9180.349406	0.000061	1.6
96	-0.914959	45.016287	9181.993128	0.000182	3.7
97	-0.922289	46.016287	9044.981761	0.000079	1.5
98	-0.910862	46.018325	9044.706722	0.000067	1.2
99	-0.934228	47.018325	8911.732164	0.000084	1.0
100	-0.920689	48.018325	8782.610960	0.000063	0.9
101	-0.919841	49.014688	8657.627597	0.000158	0.8
102	-0.927725	49.002868	8659.089449	0.000213	1.0
103	-0.916660	50.002868	8537.135368	0.000083	0.9
104	-0.923360	51.002867	8418.568811	0.000090	0.9
105	-0.925165	50.991056	8419.950016	0.000169	0.9
106	-0.910874	50.979236	8421.332699	0.000175	1.0
107	-0.920222	51.979236	8305.939155	0.000091	0.8
108	-0.916858	51.978509	8306.021936	0.000089	0.9
109	-0.911640	52.389133	8259.548339	0.000101	1.0
110	-0.930532	53.389133	8148.516687	0.000184	0.7
111	-0.915772	54.389133	8040.430596	0.000067	0.9
112	-0.923527	55.389129	7935.174834	0.000061	0.8
113	-0.933246	55.381548	7935.962402	0.000019	1.1
114	-0.910664	55.385463	7935.555697	0.000058	1.0
115	-0.925574	55.373650	7936.783103	0.000073	0.9
116	-0.908218	55.401777	7933.861220	0.000118	0.8
117	-0.917224	55.389957	7935.088853	0.000154	0.9
118	-0.913260	56.389957	7832.555021	0.000098	0.8
119	-0.915917	57.389957	7732.637183	0.000243	0.8
120	-0.909258	58.389957	7635.236485	0.000091	1.0
121	-0.931583	58.378137	7636.373436	0.000099	0.8
122	-0.921704	58.366330	7637.509447	0.000129	0.9
123	-0.921672	58.354510	7638.647075	0.000093	0.9
124	-0.917389	59.354510	7543.585241	0.000091	0.8
125	-0.916671	59.342690	7544.695059	0.000067	0.9
126	-0.922286	60.342690	7451.943085	0.000021	0.8
127	-0.919126	60.331300	7452.986682	0.000172	0.9
128	-0.921706	60.319480	7454.070000	0.000254	0.9
129	-0.913176	61.319480	7363.519501	0.000092	1.0
130	-0.918292	62.319480	7275.142574	0.000069	1.0
131	-0.903942	62.307660	7276.174805	0.000095	0.8
132	-0.924619	63.307515	7189.882137	0.000153	0.7
133	-0.923971	64.307515	7105.600205	0.000089	0.8
134	-0.922010	65.307515	7023.271335	0.000247	0.9
135	-0.921948	65.295695	7024.233325	0.000182	0.8
136	-0.922413	66.295695	6943.768494	0.000080	0.9
137	-0.923454	66.926889	6893.921791	0.000060	0.9
138	-0.913782	66.915069	6894.848665	0.000029	0.9
139	-0.917894	66.903473	6895.758169	0.000056	0.8
140	-0.912153	66.891653	6896.685522	0.000039	0.8
141	-0.914367	66.879836	6897.612978	0.000198	0.7
142	-0.918666	66.868020	6898.540526	0.000264	0.8
143	-0.907156	67.868020	6820.913720	0.000049	1.2
144	-0.921224	68.868020	6745.014488	0.000239	0.9
145	-0.911016	69.868020	6670.785793	0.000083	0.9
146	-0.931040	70.868020	6598.173084	0.000162	0.8
147	-0.913624	70.856200	6599.022138	0.000057	0.8
148	-0.915581	71.783370	6533.079092	0.000094	0.8
149	-0.914144	71.771550	6533.911476	0.000181	2.5
150	-0.909895	72.771550	6464.232437	0.000035	1.4
151	-0.921454	73.771550	6396.023861	0.000077	0.8
152	-0.914869	73.759731	6396.821579	0.000073	0.9
153	-0.921122	73.747912	6397.619532	0.000151	0.8
154	-0.923622	74.176438	6368.814681	0.000065	0.9
155	-0.921360	74.164618	6369.605730	0.000159	0.9
156	-0.924250	75.164618	6303.369251	0.000067	0.8
157	-0.927107	76.164618	6238.496158	0.000129	0.9
158	-0.913576	77.164618	6174.944786	0.000166	0.7
159	-0.912548	78.164618	6112.675148	0.000099	1.0
160	-0.911467	79.164618	6051.648857	0.000197	0.9
161	-0.922957	79.152798	6052.363075	0.000050	0.9
162	-0.927911	80.152798	5992.529208	0.000068	0.9
163	-0.922084	81.152798	5933.866799	0.000073	0.8
164	-0.918429	82.152798	5876.341778	0.000038	0.7
165	-0.926809	82.142011	5876.956343	0.000161	0.8
166	-0.916740	82.130191	5877.629919	0.000272	0.8
167	-0.909487	83.130191	5821.184907	0.000061	0.8
168	-0.918840	84.130191	5765.813706	0.000140	0.8
169	-0.916834	84.118371	5766.462045	0.000056	0.8
170	-0.916086	84.106550	5767.110530	0.000129	0.6
171	-0.920180	85.106550	5712.758461	0.000142	0.7
172	-0.910328	86.106550	5659.421308	0.000153	0.9
173	-0.924318	86.097868	5659.880106	0.000169	0.7
174	-0.915634	87.097868	5607.521256	0.000244	0.9
175	-0.904334	88.097868	5556.122257	0.000046	0.7
176	-0.925701	88.086048	5556.724293	0.000055	0.7
177	-0.907351	89.071196	5506.991073	0.000121	0.8
178	-0.925459	90.071196	5457.410342	0.000171	0.7
179	-0.923708	90.059376	5457.991176	0.000187	0.7
180	-0.921977	91.059376	5409.284933	0.000117	0.8
181	-0.925432	91.047556	5409.855567	0.000175	0.6
182	-0.921093	92.047556	5362.000879	0.000100	0.7
183	-0.918143	92.035736	5362.561580	0.000201	0.7
184	-0.915063	93.035736	5315.536307	0.000088	0.7
185	-0.917734	93.023916	5316.087332	0.000143	0.7
186	-0.922694	93.012096	5316.638471	0.000052	0.7
187	-0.932949	93.065596	5314.144783	0.000160	0.7
188	-0.915754	94.065596	5267.961171	0.000215	0.7
189	-0.923483	95.065596	5222.573379	0.000096	0.7
190	-0.928883	96.065596	5177.961012	0.000136	0.8
191	-0.924161	97.065595	5134.104425	0.000090	0.9
192	-0.915503	98.065595	5090.984459	0.000255	0.8
193	-0.915485	98.053775	5091.489909	0.000024	0.7
194	-0.916155	99.053775	5049.079832	0.000064	0.7
195	-0.911621	99.042656	5049.547500	0.000100	0.7
196	-0.907761	99.093009	5047.430319	0.000132	0.7
197	-0.912001	100.093009	5005.748058	0.000116	0.7
198	-0.915320	101.093009	4964.748593	0.000224	0.7
199	-0.928673	102.093009	4924.415282	0.000074	0.8
