1:ItNr	2:Metric	3a:Time	3b:StepSize	4:||Gradient||	Time[ms]
0	-0.886565	0.000000	64294.069344	0.000869	14.8
1	-0.934207	0.000000	64294.069344	0.000455	0.8
2	-0.931350	1.000000	61371.611647	0.000176	0.8
3	-0.931311	0.986172	61410.209384	0.000202	0.7
4	-0.927235	0.972345	61448.855702	0.000071	0.8
5	-0.922816	0.958517	61487.550692	0.000075	0.9
6	-0.932630	0.944690	61526.293700	0.000048	0.8
7	-0.933173	0.930863	61565.086309	0.000102	0.8
8	-0.926579	0.917035	61603.927867	0.000089	0.8
9	-0.924090	1.917035	58915.799700	0.000021	0.8
10	-0.937837	1.969418	58781.440646	0.000014	0.8
11	-0.924245	1.964142	58794.943934	0.000023	0.9
12	-0.925448	1.962812	58798.349141	0.000068	0.8
13	-0.928764	2.030818	58624.728148	0.000105	0.9
14	-0.932554	3.030818	56185.163766	0.000065	0.7
15	-0.936036	3.016991	56217.511735	0.000049	0.9
16	-0.926263	4.016990	53970.339092	0.000073	1.0
17	-0.923151	4.003163	54000.186155	0.000070	0.9
18	-0.924107	3.989335	54030.066424	0.000045	0.8
19	-0.938648	4.989307	51951.190752	0.000054	0.7
20	-0.925805	4.975482	51978.840949	0.000053	0.8
21	-0.930059	5.970996	50060.273611	0.000014	0.8
22	-0.925235	6.554029	49001.017487	0.000055	0.7
23	-0.923709	6.540683	49024.762708	0.000032	0.8
24	-0.935074	6.526856	49049.389158	0.000055	0.8
25	-0.929113	6.660550	48812.313481	0.000035	0.7
26	-0.918621	6.646723	48836.726794	0.000042	0.8
27	-0.926156	6.632895	48861.164647	0.000023	0.8
28	-0.928308	6.708662	48727.559447	0.000028	0.9
29	-0.926351	6.695717	48750.334928	0.000061	0.7
30	-0.928901	6.681889	48774.685681	0.000009	0.8
31	-0.918282	6.681276	48775.766242	0.000047	0.8
32	-0.933744	6.670497	48794.767039	0.000068	0.8
33	-0.941866	6.656670	48819.162960	0.000016	0.9
34	-0.929588	6.642892	48843.494745	0.000067	0.9
35	-0.935893	6.633373	48860.320639	0.000010	0.9
36	-0.939706	6.631950	48862.836424	0.000066	0.9
37	-0.931181	6.618196	48887.170348	0.000042	0.7
38	-0.934637	6.606955	48907.077119	0.000063	0.7
39	-0.929439	7.606955	47197.455249	0.000090	0.8
40	-0.929069	7.593127	47220.279728	0.000209	0.7
41	-0.923659	8.593127	45624.629505	0.000071	0.8
42	-0.943724	9.593127	44133.293576	0.000085	0.7
43	-0.928680	9.579300	44153.250002	0.000079	0.8
44	-0.930682	10.579296	42755.084517	0.000084	0.8
45	-0.928907	11.579296	41442.745389	0.000033	0.7
46	-0.938266	12.579295	40208.570570	0.000039	0.8
47	-0.928641	12.565474	40225.126790	0.000066	0.9
48	-0.922419	13.565466	39061.398635	0.000027	0.9
49	-0.918946	13.551639	39077.030659	0.000052	0.9
50	-0.924409	14.537793	37992.665264	0.000043	0.9
51	-0.923456	14.524179	38007.224434	0.000040	0.9
52	-0.928811	14.510637	38021.719205	0.000052	0.8
53	-0.942495	15.499609	36991.504688	0.000060	0.8
54	-0.922818	16.345494	36153.637617	0.000032	0.7
55	-0.940459	16.331773	36166.925606	0.000024	0.9
56	-0.920235	17.079520	35456.735163	0.000048	0.9
57	-0.932976	17.065700	35469.607713	0.000024	0.9
58	-0.932091	17.259107	35290.302680	0.000049	0.7
59	-0.927093	18.241642	34406.701663	0.000055	0.7
60	-0.928997	18.227830	34418.816120	0.000051	0.7
61	-0.923124	19.226782	33564.093264	0.000045	0.7
62	-0.931856	20.224131	32752.065958	0.000052	0.8
63	-0.924268	21.223919	31976.554975	0.000015	0.7
64	-0.936938	21.522288	31752.183028	0.000021	0.8
65	-0.928843	21.579289	31709.675645	0.000052	0.8
66	-0.923693	22.150977	31289.568287	0.000038	0.8
67	-0.933535	23.150975	30580.875054	0.000021	0.9
68	-0.937393	23.217371	30534.955781	0.000018	0.8
69	-0.928658	23.208444	30541.121318	0.000066	0.8
70	-0.936296	23.252167	30510.945589	0.000016	0.7
71	-0.922052	24.247491	29839.786296	0.000045	0.7
72	-0.925105	24.233683	29848.895214	0.000031	0.8
73	-0.935772	25.230780	29205.119734	0.000037	1.0
74	-0.938180	25.566955	28994.282362	0.000059	0.8
75	-0.929723	26.563264	28386.938860	0.000028	0.7
76	-0.924314	26.549436	28395.193733	0.000048	0.7
77	-0.919645	26.535609	28403.453476	0.000034	0.8
78	-0.934309	27.535297	27818.423928	0.000076	0.7
79	-0.928149	27.521469	27826.351540	0.000041	0.7
80	-0.927626	27.507642	27834.283674	0.000067	0.7
81	-0.926656	28.507641	27272.061787	0.000019	1.0
82	-0.926934	28.494631	27279.230711	0.000065	0.9
83	-0.935415	29.478520	26747.524372	0.000031	0.8
84	-0.919939	30.478517	26227.940230	0.000060	0.7
85	-0.930972	31.478492	25728.168162	0.000062	0.8
86	-0.933236	32.478492	25247.074410	0.000090	0.9
87	-0.930395	33.478492	24783.642445	0.000029	0.9
88	-0.932240	33.464664	24789.934516	0.000008	0.8
89	-0.924321	33.502210	24772.856843	0.000047	0.7
90	-0.918209	33.613117	24722.548696	0.000110	0.8
91	-0.935643	34.613115	24278.004377	0.000072	0.7
92	-0.938600	35.613115	23849.163741	0.000056	0.7
93	-0.923494	36.519412	23473.387549	0.000028	0.7
94	-0.921591	37.453873	23098.135295	0.000020	0.8
95	-0.937729	37.440191	23103.542682	0.000038	0.9
96	-0.926415	37.670008	23013.043852	0.000076	0.8
97	-0.931228	38.670006	22627.372605	0.000047	0.8
98	-0.930803	38.656194	22632.611430	0.000041	0.8
99	-0.937020	39.545424	22300.206334	0.000025	0.7
100	-0.933187	39.551849	22297.840256	0.000087	0.8
101	-0.934701	39.555307	22296.566939	0.000036	0.7
102	-0.925647	39.541480	22301.659127	0.000035	0.8
103	-0.940696	40.535035	21941.572819	0.000019	0.7
104	-0.928814	40.521278	21946.479418	0.000113	0.8
105	-0.917105	40.515106	21948.681367	0.000051	0.9
106	-0.935376	41.515106	21597.587322	0.000060	0.8
107	-0.931485	41.501278	21602.365477	0.000083	0.8
108	-0.935750	42.501278	21262.177594	0.000055	0.9
109	-0.914000	42.487451	21266.808477	0.000032	0.8
110	-0.929792	43.058296	21077.292733	0.000029	0.8
111	-0.932880	43.044501	21081.832556	0.000029	0.7
112	-0.937308	43.030693	21086.378935	0.000020	0.7
113	-0.936057	43.019094	21090.199426	0.000018	0.8
114	-0.925679	43.006316	21094.409845	0.000048	1.0
115	-0.925925	43.882319	20809.605347	0.000083	1.0
116	-0.930422	44.882319	20493.745104	0.000065	0.9
117	-0.936007	44.868492	20498.047273	0.000048	0.8
118	-0.920766	44.854664	20502.351227	0.000040	0.9
119	-0.934275	45.854539	20195.718671	0.000043	0.9
120	-0.933770	45.840711	20199.896537	0.000058	1.2
121	-0.923624	45.826884	20204.076206	0.000058	0.8
122	-0.935573	45.813058	20208.257091	0.000054	0.7
123	-0.927221	46.792425	19916.317368	0.000061	0.7
124	-0.925282	46.778605	19920.378356	0.000050	0.8
125	-0.920222	47.778591	19630.751788	0.000092	0.8
126	-0.918696	47.765733	19634.422384	0.000037	0.8
127	-0.930338	47.751910	19638.370041	0.000051	0.9
128	-0.941700	47.738855	19642.099898	0.000089	0.8
129	-0.925515	47.728580	19645.036476	0.000029	0.8
130	-0.927003	48.726288	19363.937077	0.000040	0.9
131	-0.940792	48.712466	19367.776431	0.000057	0.9
132	-0.936411	49.712291	19093.928830	0.000009	0.9
133	-0.923483	49.727686	19089.772782	0.000016	0.7
134	-0.927002	49.737028	19087.251671	0.000023	0.7
135	-0.929659	49.780356	19075.567464	0.000045	0.7
136	-0.926204	50.771425	18812.158839	0.000065	0.7
137	-0.935489	51.771425	18553.648725	0.000079	0.8
138	-0.922805	51.757597	18557.174827	0.000040	0.8
139	-0.934399	52.757593	18305.579174	0.000023	0.7
140	-0.932624	52.743789	18309.005749	0.000031	0.9
141	-0.920899	52.729994	18312.431399	0.000060	0.7
142	-0.923203	52.716166	18315.866401	0.000056	0.7
143	-0.923252	53.716166	18070.727167	0.000025	0.7
144	-0.919079	53.702430	18074.049963	0.000039	0.7
145	-0.937842	53.819082	18045.870331	0.000051	0.8
146	-0.923002	54.819030	17807.870339	0.000044	0.7
147	-0.932154	55.814803	17577.021690	0.000025	0.8
148	-0.933954	55.800976	17580.186067	0.000068	0.8
149	-0.940475	56.799833	17354.477556	0.000068	0.9
150	-0.936600	57.306674	17242.150558	0.000077	0.9
151	-0.922646	58.306674	17024.739466	0.000010	0.8
152	-0.931828	58.300159	17026.138015	0.000052	0.8
153	-0.932672	58.293913	17027.479226	0.000038	0.8
154	-0.932006	59.229187	16828.980844	0.000045	0.8
155	-0.929770	59.215375	16831.878594	0.000065	0.8
156	-0.937380	60.211196	16625.484217	0.000048	0.8
157	-0.925821	61.211081	16423.278317	0.000077	1.0
158	-0.940195	62.211081	16225.909431	0.000023	1.1
159	-0.925835	63.209032	16033.618107	0.000098	0.8
160	-0.928919	63.195205	16036.251245	0.000031	0.8
161	-0.933990	63.181377	16038.885336	0.000065	0.8
162	-0.928794	64.181213	15850.624855	0.000026	0.8
163	-0.933156	64.586507	15775.564430	0.000010	0.8
164	-0.928663	64.656658	15762.644534	0.000117	0.8
165	-0.933676	64.642835	15765.188759	0.000037	0.8
166	-0.931402	64.629007	15767.734547	0.000052	0.8
167	-0.943954	65.077925	15685.501901	0.000058	0.9
168	-0.946893	66.068679	15507.016653	0.000070	0.9
169	-0.925152	66.471846	15435.543221	0.000030	0.8
170	-0.929629	67.311429	15288.796466	0.000028	0.8
171	-0.922944	67.297738	15291.167013	0.000068	0.7
172	-0.921838	68.297734	15119.929651	0.000055	1.0
173	-0.921298	68.283907	15122.271293	0.000015	0.8
174	-0.944478	68.271157	15124.431018	0.000044	0.9
175	-0.931982	68.845525	15027.742948	0.000060	1.2
176	-0.930368	69.832175	14864.506462	0.000044	1.0
177	-0.931202	70.591561	14741.264877	0.000058	0.7
178	-0.927390	71.591560	14582.057473	0.000026	0.8
179	-0.921037	71.577733	14584.235457	0.000056	0.7
180	-0.935231	71.975499	14521.841466	0.000050	0.8
181	-0.940369	72.943310	14372.236433	0.000067	0.8
182	-0.925278	72.929523	14374.345976	0.000036	0.8
183	-0.934243	73.909751	14225.887611	0.000071	0.9
184	-0.925605	74.909749	14077.562122	0.000069	0.8
185	-0.933387	75.903738	13933.161760	0.000057	0.8
186	-0.931282	75.906501	13932.764478	0.000064	0.9
187	-0.925749	76.906501	13790.457643	0.000063	0.8
188	-0.932262	77.906501	13651.028409	0.000031	0.8
189	-0.929585	77.892674	13652.937122	0.000010	0.8
190	-0.925377	77.879948	13654.694209	0.000050	0.8
191	-0.930214	77.866674	13656.527482	0.000039	0.8
192	-0.934770	78.702676	13542.018174	0.000040	0.9
193	-0.917462	78.688880	13543.892292	0.000098	0.9
194	-0.932031	79.688880	13409.380028	0.000048	0.8
195	-0.937540	79.675052	13411.221778	0.000052	0.7
196	-0.941928	80.675052	13279.319051	0.000035	1.0
197	-0.933961	81.675034	13149.987906	0.000114	0.9
198	-0.937056	81.665137	13151.255540	0.000063	0.8
199	-0.932665	82.346524	13064.546403	0.000077	0.7
