1:ItNr	2:Metric	3a:Time	3b:StepSize	4:||Gradient||	Time[ms]
0	-0.364181	0.000000	29191.180720	0.000381	40.8
1	-0.362909	0.000000	29191.180720	0.000396	4.6
2	-0.366704	1.000000	27864.309458	0.000410	4.1
3	-0.359472	2.000000	26652.817718	0.000383	4.6
4	-0.356289	3.000000	25542.283625	0.000384	4.5
5	-0.356780	4.000000	24520.592261	0.000366	4.3
6	-0.364173	5.000000	23577.492542	0.000372	4.5
7	-0.361239	6.000000	22704.252062	0.000374	4.2
8	-0.362209	7.000000	21893.385929	0.000388	4.5
9	-0.365261	8.000000	21138.441574	0.000376	5.3
10	-0.364271	9.000000	20433.826843	0.000398	5.5
11	-0.363070	9.999999	19774.671147	0.000363	5.3
12	-0.366033	10.999999	19156.712664	0.000382	5.1
13	-0.362360	11.999999	18576.206210	0.000391	5.5
14	-0.365992	12.999999	18029.847225	0.000388	4.5
15	-0.366652	13.999999	17514.708724	0.000393	5.1
16	-0.362387	14.999999	17028.189029	0.000369	4.6
17	-0.364671	15.999999	16567.967707	0.000364	4.6
18	-0.366916	15.598939	16749.523652	0.000380	4.4
19	-0.359687	16.598935	16304.046853	0.000368	4.3
20	-0.362527	17.598931	15881.652342	0.000402	4.4
21	-0.358386	18.598931	15480.589683	0.000373	4.6
22	-0.357332	19.598931	15099.284326	0.000362	4.2
23	-0.362597	20.598931	14736.311429	0.000374	4.7
24	-0.363927	21.598931	14390.379941	0.000397	4.2
25	-0.363389	22.598931	14060.317259	0.000379	4.5
26	-0.362217	23.598931	13745.055949	0.000377	4.4
27	-0.360399	24.598931	13443.622215	0.000385	4.7
28	-0.368489	25.598930	13155.125849	0.000376	4.3
29	-0.366705	26.598930	12878.751532	0.000341	4.4
30	-0.361635	27.598930	12613.750811	0.000373	4.6
31	-0.360617	28.598929	12359.436031	0.000379	4.5
32	-0.368053	29.598922	12115.175031	0.000372	4.5
33	-0.362970	30.509418	11901.023513	0.000378	4.5
34	-0.367733	31.472162	11682.667015	0.000361	4.0
35	-0.362103	30.855919	11821.500993	0.000392	5.0
36	-0.361318	31.855919	11597.845794	0.000346	4.7
37	-0.363219	32.855916	11382.496961	0.000376	4.2
38	-0.367755	33.855915	11174.998897	0.000378	4.3
39	-0.360772	34.855915	10974.930582	0.000346	5.5
40	-0.361893	35.805016	10791.561020	0.000381	4.3
41	-0.367759	36.805013	10604.872605	0.000378	4.5
42	-0.362881	37.709405	10441.509305	0.000342	4.5
43	-0.363678	38.709370	10266.643178	0.000362	4.1
44	-0.364243	39.709370	10097.531896	0.000377	4.2
45	-0.363175	40.709369	9933.901470	0.000351	4.8
46	-0.361792	41.709369	9775.489712	0.000385	4.3
47	-0.355305	42.646347	9631.578594	0.000354	4.2
48	-0.363482	43.646313	9482.594909	0.000366	4.7
49	-0.360584	44.646313	9338.145141	0.000355	4.4
50	-0.365922	45.434181	9227.400450	0.000344	4.1
51	-0.362668	46.434066	9090.580332	0.000351	4.5
52	-0.366598	46.348261	9102.162189	0.000362	4.2
53	-0.362430	47.348254	8968.989819	0.000365	4.3
54	-0.366815	48.348213	8839.662497	0.000347	4.8
55	-0.362829	49.130332	8741.079325	0.000374	4.5
56	-0.366540	49.822719	8655.623585	0.000366	4.3
57	-0.367827	50.822718	8535.109907	0.000370	4.5
58	-0.359753	50.222363	8607.054993	0.000369	4.5
59	-0.368533	51.222232	8487.896066	0.000368	4.2
60	-0.366007	52.220343	8372.192291	0.000358	4.4
61	-0.369422	53.155151	8266.651520	0.000364	3.9
62	-0.365517	54.154705	8156.705465	0.000379	4.6
63	-0.370064	55.154650	8049.604282	0.000369	4.9
64	-0.364357	55.488502	8014.469827	0.000353	4.9
65	-0.362775	56.451976	7914.772829	0.000363	4.5
66	-0.366416	57.442949	7814.785167	0.000363	4.3
67	-0.362353	58.431791	7717.499395	0.000369	4.4
68	-0.360573	57.851916	7774.253664	0.000358	4.7
69	-0.370551	58.844742	7677.585049	0.000361	4.4
70	-0.362129	59.844112	7582.677054	0.000364	4.3
71	-0.364540	60.844112	7490.029253	0.000365	4.6
72	-0.359143	61.834022	7400.519522	0.000383	4.7
73	-0.367299	62.834022	7312.243678	0.000363	4.7
74	-0.360359	63.833927	7226.057074	0.000345	4.6
75	-0.362634	64.833927	7141.870583	0.000344	4.3
76	-0.362906	65.833919	7059.623750	0.000349	4.7
77	-0.368691	66.825356	6979.929551	0.000362	4.4
78	-0.364206	67.825355	6901.349260	0.000362	4.6
79	-0.369326	68.825355	6824.518511	0.000373	4.8
80	-0.362183	68.208107	6871.738637	0.000356	4.4
81	-0.367331	68.036809	6884.959180	0.000367	4.3
82	-0.366713	69.036793	6808.492136	0.000357	4.0
83	-0.371256	70.036788	6733.704141	0.000366	4.2
84	-0.367820	71.036777	6660.541749	0.000366	4.4
85	-0.370328	72.036774	6588.951543	0.000363	4.2
86	-0.363994	71.420298	6632.902152	0.000353	4.7
87	-0.369418	70.807336	6677.187479	0.000363	4.4
88	-0.364218	70.190086	6722.384220	0.000356	4.5
89	-0.367512	71.190082	6649.465747	0.000384	4.4
90	-0.360789	72.188606	6578.216206	0.000349	4.0
91	-0.361388	73.188551	6508.379075	0.000366	4.2
92	-0.367905	74.188551	6440.005525	0.000378	4.6
93	-0.369005	75.188401	6373.063595	0.000363	4.1
94	-0.363358	76.188401	6307.489272	0.000377	4.3
95	-0.364056	77.186860	6243.348602	0.000387	4.8
96	-0.362234	78.174428	6181.178023	0.000367	4.3
97	-0.358880	79.174428	6119.473872	0.000361	4.4
98	-0.367345	80.174428	6058.989479	0.000362	4.7
99	-0.362400	81.174418	5999.689628	0.000371	4.4
100	-0.364178	80.730514	6025.869465	0.000376	4.1
101	-0.364216	81.730513	5967.212432	0.000382	4.7
102	-0.362777	81.113263	6003.282797	0.000363	4.3
103	-0.365332	82.113254	5945.063027	0.000378	4.5
104	-0.364346	83.113247	5887.961534	0.000360	4.4
105	-0.360787	83.718707	5853.918658	0.000343	4.4
106	-0.365646	83.761979	5851.500725	0.000347	4.1
107	-0.364664	84.761979	5796.173652	0.000350	4.5
108	-0.365070	84.866979	5790.424925	0.000362	4.1
109	-0.366135	85.567810	5752.344861	0.000357	4.4
110	-0.366668	86.567810	5698.868409	0.000362	4.6
111	-0.368960	87.046434	5673.623584	0.000347	4.1
112	-0.364394	88.035176	5622.174598	0.000347	4.4
113	-0.364930	88.430600	5601.859014	0.000364	4.8
114	-0.362812	89.231916	5561.137077	0.000358	4.3
115	-0.364082	90.231916	5511.141201	0.000365	4.5
116	-0.366275	89.614666	5541.894376	0.000375	4.3
117	-0.361769	90.614344	5492.258179	0.000368	4.3
118	-0.366275	91.508615	5448.603155	0.000386	4.4
119	-0.367155	92.430791	5404.306806	0.000389	4.9
120	-0.370609	93.430791	5357.079073	0.000344	4.7
121	-0.360450	94.429942	5310.708678	0.000369	4.5
122	-0.366538	95.038850	5282.841018	0.000368	4.4
123	-0.371653	96.038850	5237.703519	0.000384	4.1
124	-0.361537	97.010703	5194.569479	0.000361	4.2
125	-0.362725	98.010698	5150.921772	0.000374	4.1
126	-0.371183	98.936231	5111.172763	0.000369	4.0
127	-0.363135	99.936231	5068.909392	0.000376	4.3
128	-0.364895	99.330800	5094.413017	0.000360	4.3
129	-0.363259	100.330800	5052.425244	0.000362	3.9
130	-0.365445	100.975248	5025.731089	0.000338	4.3
131	-0.363874	101.975026	4984.872269	0.000363	4.2
132	-0.366785	102.974775	4944.673567	0.000349	3.9
133	-0.362983	103.650397	4917.872791	0.000370	4.1
134	-0.364865	104.650396	4878.733473	0.000337	4.3
135	-0.362722	104.033148	4902.818207	0.000357	4.0
136	-0.359483	103.416962	4927.099848	0.000375	4.2
137	-0.369257	104.415349	4887.876971	0.000364	4.3
138	-0.366688	103.798380	4912.041284	0.000369	4.0
139	-0.361599	104.798318	4872.996734	0.000362	4.0
140	-0.369354	105.798318	4834.565654	0.000365	4.1
141	-0.366130	106.792915	4796.938814	0.000388	4.3
142	-0.366665	107.792915	4759.693453	0.000393	3.9
143	-0.358007	108.792908	4723.022280	0.000355	4.3
144	-0.357364	109.792908	4686.911590	0.000377	4.3
145	-0.365102	110.759817	4652.517056	0.000387	3.9
146	-0.365554	110.142614	4674.413432	0.000361	4.3
147	-0.361822	111.142614	4639.039427	0.000348	4.0
148	-0.367397	112.142406	4604.203975	0.000353	4.2
149	-0.363341	111.767650	4617.200009	0.000372	4.2
150	-0.362385	112.767650	4582.683443	0.000371	4.2
151	-0.363291	112.671883	4585.966641	0.000361	4.1
152	-0.363608	113.671800	4551.916561	0.000359	4.2
153	-0.364639	114.671082	4518.389515	0.000360	4.0
154	-0.365379	115.670987	4485.332309	0.000335	4.4
155	-0.360600	116.670987	4452.752228	0.000361	4.1
156	-0.365742	117.146573	4437.423098	0.000362	4.3
157	-0.368153	118.146508	4405.534872	0.000364	4.0
158	-0.367989	117.529258	4425.164781	0.000363	4.0
159	-0.361962	118.528816	4393.463747	0.000387	4.2
160	-0.367924	119.528498	4362.209827	0.000335	4.1
161	-0.366322	120.528497	4331.387736	0.000374	4.1
162	-0.364696	121.528398	4301.001081	0.000379	4.4
163	-0.361952	122.528156	4271.042103	0.000349	4.5
164	-0.362528	123.528046	4241.493681	0.000351	3.9
165	-0.362799	122.915369	4259.550602	0.000349	4.3
166	-0.367484	123.911779	4230.262022	0.000356	4.4
167	-0.367163	123.294530	4248.357819	0.000348	4.6
168	-0.364558	122.701121	4265.901266	0.000366	4.7
169	-0.367937	123.697912	4236.514440	0.000366	4.5
170	-0.363950	124.697752	4207.441688	0.000357	4.1
171	-0.362322	124.080513	4225.342082	0.000344	4.7
172	-0.364848	125.080513	4196.417334	0.000342	4.1
173	-0.363728	125.685444	4179.111294	0.000347	3.9
174	-0.366088	126.685238	4150.819688	0.000363	4.4
175	-0.360850	127.685235	4122.902954	0.000354	4.3
176	-0.363836	128.684406	4095.381831	0.000347	4.0
177	-0.363684	129.676555	4068.415260	0.000351	4.2
178	-0.368001	130.676555	4041.592294	0.000358	4.4
179	-0.367772	131.676555	4015.120697	0.000335	4.7
180	-0.367471	132.663460	3989.333539	0.000365	4.0
181	-0.368921	132.931613	3982.384009	0.000369	4.0
182	-0.365105	133.931612	3956.679911	0.000366	4.2
183	-0.359610	133.817848	3959.587369	0.000349	4.0
184	-0.367098	134.816550	3934.208505	0.000368	4.0
185	-0.363755	134.201579	3949.797401	0.000356	4.4
186	-0.361499	135.183018	3924.977275	0.000355	3.9
187	-0.359627	136.183018	3900.006528	0.000376	4.1
188	-0.367206	135.565768	3915.382038	0.000369	4.3
189	-0.361638	136.565741	3890.533519	0.000365	3.9
190	-0.364917	137.565716	3865.998347	0.000363	4.3
191	-0.363905	138.561096	3841.881315	0.000356	4.3
192	-0.370601	139.561096	3817.953468	0.000371	4.1
193	-0.364127	139.061518	3829.869924	0.000355	4.0
194	-0.366908	140.060180	3806.122628	0.000368	3.9
195	-0.364143	139.527222	3818.759124	0.000361	4.4
196	-0.364094	140.527222	3795.117541	0.000342	3.9
197	-0.361172	139.910022	3809.674418	0.000354	4.1
198	-0.362113	139.950163	3808.724298	0.000383	4.3
199	-0.362709	140.007449	3807.369146	0.000353	3.9
