1:ItNr	2:Metric	3a:Time	3b:StepSize	4:||Gradient||	Time[ms]
0	-0.328866	0.000000	2356.212354	0.002490	78.7
1	-0.336317	0.000000	2356.212354	0.000970	0.8
2	-0.338031	1.000000	2249.111793	0.000445	0.8
3	-0.331486	2.000000	2151.324323	0.000374	0.7
4	-0.339988	3.000000	2061.685810	0.000770	0.9
5	-0.344042	4.000000	1979.218378	0.000828	1.0
6	-0.340236	5.000000	1903.094594	0.000820	0.9
7	-0.343923	6.000000	1832.609609	0.000598	0.8
8	-0.342183	7.000000	1767.159266	0.000419	1.0
9	-0.340897	6.974858	1768.747481	0.000341	0.9
10	-0.334011	7.973881	1707.760828	0.000327	0.7
11	-0.340287	8.876240	1656.180971	0.000490	0.8
12	-0.340224	9.593695	1617.341722	0.000320	0.9
13	-0.338272	10.593695	1566.149812	0.000243	0.9
14	-0.343512	11.593544	1518.106164	0.000401	0.7
15	-0.346943	12.586597	1473.220382	0.000238	0.8
16	-0.345012	13.234052	1445.357936	0.000407	0.9
17	-0.337551	13.208940	1446.418981	0.000154	0.8
18	-0.340779	14.177857	1406.579696	0.000264	0.8
19	-0.346889	14.387558	1398.244528	0.000169	0.7
20	-0.349149	14.368178	1399.010718	0.000416	0.7
21	-0.340554	15.367842	1360.555265	0.000399	1.1
22	-0.349672	16.362308	1324.341630	0.000564	0.8
23	-0.345143	16.337166	1325.233417	0.000171	0.9
24	-0.346179	16.328836	1325.529129	0.000431	0.9
25	-0.340554	17.324964	1291.076490	0.000181	0.8
26	-0.341162	17.299826	1291.923854	0.000672	0.7
27	-0.328232	17.531794	1284.146272	0.000499	0.7
28	-0.335754	18.531794	1251.662386	0.000321	0.7
29	-0.342038	18.506652	1252.458944	0.000218	0.7
30	-0.337318	19.117085	1233.401159	0.000338	0.9
31	-0.340198	19.103193	1233.828422	0.000626	0.8
32	-0.343615	20.103193	1203.810598	0.000418	0.8
33	-0.342168	21.103193	1175.218690	0.000206	0.7
34	-0.339456	21.467523	1165.136464	0.000229	0.7
35	-0.341556	21.443551	1165.794536	0.000348	0.6
36	-0.345696	22.443484	1138.961592	0.000352	0.8
37	-0.342793	23.443483	1113.334411	0.000420	0.7
38	-0.340104	24.443483	1088.835098	0.000305	0.9
39	-0.337874	25.442757	1065.407464	0.000233	1.0
40	-0.338462	26.442237	1042.962192	0.000381	0.7
41	-0.344000	26.439816	1043.015406	0.000495	0.9
42	-0.341580	27.439816	1021.483215	0.000255	0.9
43	-0.348985	28.281780	1004.031497	0.000506	0.9
44	-0.348416	28.306472	1003.528685	0.000549	0.8
45	-0.341341	29.306472	983.580384	0.000263	0.8
46	-0.337612	29.281330	984.072202	0.000294	0.8
47	-0.344854	30.252894	965.417862	0.000288	0.9
48	-0.344521	30.230118	965.847064	0.000248	0.8
49	-0.337748	31.192147	948.044148	0.000402	0.7
50	-0.349519	31.167005	948.501061	0.000240	0.8
51	-0.341194	31.141976	948.956352	0.000507	0.7
52	-0.334159	31.414249	944.026864	0.000317	0.8
53	-0.349485	31.389107	944.479913	0.000130	0.8
54	-0.344008	31.364051	944.931841	0.000225	0.8
55	-0.345887	31.400262	944.278852	0.000207	0.9
56	-0.343907	31.638576	940.003755	0.000264	0.9
57	-0.344804	31.620589	940.325085	0.000050	0.8
58	-0.340456	31.788787	937.328973	0.000176	0.8
59	-0.347170	31.826615	936.657767	0.000113	0.8
60	-0.338426	31.813316	936.893626	0.000318	0.7
61	-0.342443	32.430666	926.068546	0.000340	0.7
62	-0.346642	32.405537	926.504303	0.000146	0.8
63	-0.336167	32.605489	923.048370	0.000400	0.8
64	-0.350202	33.348300	910.432523	0.000236	0.7
65	-0.345914	33.323158	910.853890	0.000192	0.8
66	-0.339213	33.298040	911.275235	0.000426	0.6
67	-0.348039	34.297092	894.811239	0.000201	1.8
68	-0.344654	35.152694	881.176947	0.000341	1.9
69	-0.348871	35.127611	881.570740	0.000174	1.0
70	-0.347754	36.125911	866.164908	0.000329	0.8
71	-0.344090	37.072826	852.041532	0.000225	0.8
72	-0.347415	37.048131	852.404008	0.000372	0.7
73	-0.340471	37.022990	852.773346	0.000376	0.8
74	-0.345507	38.022990	838.325191	0.000150	0.8
75	-0.340372	38.386205	833.197873	0.000083	1.0
76	-0.348913	38.452020	832.275493	0.000252	0.7
77	-0.340496	38.432255	832.552278	0.000529	0.9
78	-0.348017	39.432246	818.775778	0.000352	1.0
79	-0.342833	39.423369	818.896066	0.000259	0.8
80	-0.340261	39.412548	819.042751	0.000454	0.8
81	-0.350496	40.315333	806.983462	0.000381	0.7
82	-0.342121	41.315199	794.035172	0.000371	0.8
83	-0.345221	41.290059	794.355634	0.000547	0.9
84	-0.347114	41.318263	793.996121	0.000423	0.8
85	-0.345792	42.318263	781.456357	0.000227	0.9
86	-0.332593	42.295586	781.736337	0.000351	0.9
87	-0.354051	42.515119	779.034351	0.000367	0.9
88	-0.349471	42.489977	779.342846	0.000253	0.8
89	-0.344569	42.950205	773.734176	0.000541	0.9
90	-0.339636	42.925063	774.038490	0.000523	0.9
91	-0.332716	43.925063	762.116461	0.000545	0.8
92	-0.337783	44.925063	750.556116	0.000188	0.8
93	-0.343382	45.925037	739.341531	0.000578	0.9
94	-0.351400	45.899895	739.619389	0.000329	0.8
95	-0.347954	46.899895	728.726598	0.000411	0.8
96	-0.342119	46.875267	728.991013	0.000312	0.7
97	-0.337114	47.875264	718.406817	0.000240	0.8
98	-0.327977	47.942565	717.705524	0.000154	0.7
99	-0.341284	47.986567	717.247738	0.000494	0.8
100	-0.337548	48.985818	707.006950	0.000314	0.8
101	-0.343519	49.985818	697.047117	0.000314	0.8
102	-0.343510	50.984489	687.376686	0.000244	0.9
103	-0.352802	51.958310	678.201835	0.000131	1.0
104	-0.344725	52.252705	675.476211	0.000358	0.9
105	-0.336461	52.227718	675.706693	0.000244	0.7
106	-0.350269	52.227537	675.708365	0.000453	0.7
107	-0.342763	53.227537	666.605166	0.000413	0.7
108	-0.337781	53.202395	666.831033	0.000339	0.7
109	-0.342133	54.202395	657.963882	0.000386	0.8
110	-0.343385	55.202387	649.329520	0.000378	0.8
111	-0.344548	56.201894	640.922872	0.000380	0.8
112	-0.340155	56.176752	641.131667	0.000483	0.7
113	-0.341866	57.176752	632.930614	0.000447	0.6
114	-0.341849	57.605872	629.475354	0.000342	0.8
115	-0.338311	57.583421	629.655200	0.000123	0.7
116	-0.350663	57.560063	629.842407	0.000163	0.9
117	-0.339802	57.829589	627.688916	0.000122	0.9
118	-0.343228	57.808696	627.855323	0.000624	0.8
119	-0.353258	57.784195	628.050578	0.000287	0.8
120	-0.338761	58.784195	620.178711	0.000703	0.8
121	-0.336107	58.759069	620.374083	0.000495	0.8
122	-0.340839	59.759069	612.692294	0.000262	0.8
123	-0.345474	59.736132	612.866362	0.000297	0.8
124	-0.349191	59.711663	613.052158	0.000584	0.8
125	-0.341388	59.686524	613.243163	0.000200	0.7
126	-0.342486	60.686524	605.735891	0.000470	0.8
127	-0.346603	60.661582	605.920904	0.000302	0.7
128	-0.347502	60.636440	606.107512	0.000285	0.8
129	-0.340137	61.636294	598.773939	0.000302	0.7
130	-0.342078	62.599767	591.873173	0.000167	0.8
131	-0.337289	62.801998	590.444865	0.000410	0.7
132	-0.341730	62.795227	590.492576	0.000279	0.8
133	-0.340366	63.795206	583.528969	0.000236	0.7
134	-0.343675	64.794620	576.731493	0.000351	0.9
135	-0.342302	64.780115	576.829017	0.000374	0.8
136	-0.339201	65.780098	570.182108	0.000362	0.7
137	-0.342164	65.759208	570.319400	0.000188	0.8
138	-0.343729	65.734066	570.484718	0.000366	0.9
139	-0.341200	66.718955	564.079447	0.000514	0.7
140	-0.340344	67.718955	557.721399	0.000322	0.8
141	-0.341116	67.693876	557.879098	0.000275	0.7
142	-0.346208	68.551767	552.534711	0.000427	0.6
143	-0.345863	68.526681	552.689529	0.000483	0.8
144	-0.339234	69.526654	546.584430	0.000538	0.7
145	-0.340780	70.526654	540.612569	0.000195	0.8
146	-0.345594	70.501545	540.760917	0.000535	0.7
147	-0.341408	71.470761	535.093025	0.000262	0.8
148	-0.349598	71.959921	532.277339	0.000491	0.7
149	-0.344537	72.133534	531.285104	0.000294	0.7
150	-0.346903	72.108392	531.428567	0.000115	0.7
151	-0.345239	72.704112	528.050035	0.000205	0.7
152	-0.338249	72.680882	528.180975	0.000635	0.7
153	-0.342259	72.656371	528.319205	0.000074	0.7
154	-0.345171	73.594646	523.078857	0.000433	0.7
155	-0.348199	73.569806	523.216254	0.000197	0.8
156	-0.342442	73.618114	522.949120	0.000437	0.8
157	-0.336583	73.592975	523.088100	0.000385	0.8
158	-0.346869	74.592591	517.618143	0.000598	0.7
159	-0.335028	75.592591	512.259366	0.000293	0.7
160	-0.344177	75.567548	512.392212	0.000209	0.8
161	-0.341422	76.502589	507.478419	0.000275	0.6
162	-0.339853	76.477509	507.608984	0.000329	0.7
163	-0.346693	76.452382	507.739868	0.000239	0.7
164	-0.338602	76.593757	507.004350	0.000355	0.7
165	-0.347503	76.568767	507.134207	0.000063	0.8
166	-0.340582	76.574173	507.106111	0.000135	0.7
167	-0.336330	76.600022	506.971809	0.000242	0.8
168	-0.347819	76.575010	507.101762	0.000167	0.9
169	-0.352132	76.549938	507.232096	0.000301	0.9
170	-0.335769	76.525182	507.360851	0.000334	0.8
171	-0.342256	77.440458	502.643533	0.000391	0.7
172	-0.338242	78.440368	497.589264	0.000188	0.8
173	-0.337660	79.435989	492.656664	0.000197	0.7
174	-0.350847	79.794397	490.904863	0.000282	0.7
175	-0.343174	79.804587	490.855239	0.000338	0.7
176	-0.343615	79.779543	490.977214	0.000155	0.8
177	-0.346020	79.754653	491.098504	0.000059	0.7
178	-0.344028	79.740646	491.166788	0.000393	0.7
179	-0.344361	79.886196	490.458173	0.000231	0.8
180	-0.341591	80.886069	485.644995	0.000483	0.8
181	-0.341984	81.812829	481.267367	0.000334	0.8
182	-0.346011	82.812827	476.631461	0.000269	0.9
183	-0.339756	83.791851	472.178502	0.000130	0.8
184	-0.346320	83.804406	472.121939	0.000480	0.7
185	-0.345491	83.805291	472.117954	0.000255	0.7
186	-0.341529	83.780149	472.231239	0.000545	0.7
187	-0.340377	83.755007	472.344578	0.000057	0.8
188	-0.343048	83.742410	472.401382	0.000317	0.7
189	-0.335587	83.776957	472.245622	0.000274	0.7
190	-0.345572	84.775964	467.785474	0.000225	0.9
191	-0.342807	85.640551	463.992910	0.000465	0.7
192	-0.346997	85.615410	464.102325	0.000304	0.7
193	-0.338759	86.615148	459.790843	0.000437	0.7
194	-0.345184	86.590005	459.898289	0.000315	0.8
195	-0.341639	86.564863	460.005785	0.000216	0.7
196	-0.344243	86.881561	458.655390	0.000424	0.8
197	-0.343533	87.030170	458.024451	0.000157	0.8
198	-0.348406	87.041624	457.975893	0.000313	0.8
199	-0.341606	88.027720	453.833753	0.000305	0.9
