1:ItNr	2:Metric	3a:Time	3b:StepSize	4:||Gradient||	Time[ms]
0	-0.668205	0.000000	40072.598507	0.000800	86.2
1	-0.660806	0.000000	40072.598507	0.001177	4.2
2	-0.660767	1.000000	38251.116757	0.000827	3.7
3	-0.664088	2.000000	36588.024724	0.001028	3.5
4	-0.656955	3.000000	35063.523694	0.001107	3.5
5	-0.658833	4.000000	33660.982746	0.000964	3.7
6	-0.664190	5.000000	32366.329564	0.000850	3.4
7	-0.667796	6.000000	31167.576617	0.000891	3.3
8	-0.672574	7.000000	30054.448881	0.000742	3.9
9	-0.674477	8.000000	29018.088574	0.000665	3.4
10	-0.672200	9.000000	28050.818955	0.000660	3.5
11	-0.674139	10.000000	27145.953828	0.000663	3.3
12	-0.670715	11.000000	26297.642771	0.000607	4.0
13	-0.674995	12.000000	25500.744505	0.000491	3.4
14	-0.677495	13.000000	24750.722608	0.000421	3.3
15	-0.673793	14.000000	24043.559104	0.000328	3.3
16	-0.674812	15.000000	23375.682463	0.000189	3.8
17	-0.672807	16.000000	22743.907261	0.000182	3.5
18	-0.671097	17.000000	22145.383386	0.000139	3.5
19	-0.676235	18.000000	21577.553042	0.000148	4.1
20	-0.675114	19.000000	21038.114216	0.000156	3.7
21	-0.679657	20.000000	20524.989479	0.000056	3.5
22	-0.675969	20.965100	20052.962428	0.000104	3.4
23	-0.678177	20.953214	20058.643469	0.000150	3.5
24	-0.675899	21.953214	19591.655287	0.000142	3.5
25	-0.677782	22.953214	19145.916435	0.000091	3.5
26	-0.675293	23.953214	18720.008817	0.000032	3.2
27	-0.676456	23.941329	18724.959562	0.000091	3.9
28	-0.678544	24.711742	18409.374372	0.000108	3.4
29	-0.678680	25.711742	18015.268444	0.000063	3.5
30	-0.674901	26.711737	17637.684602	0.000096	3.4
31	-0.675524	26.699852	17642.079401	0.000092	3.9
32	-0.679769	27.699852	17279.817940	0.000031	3.5
33	-0.676995	28.583548	16971.850493	0.000057	3.5
34	-0.672583	28.571803	16975.871658	0.000111	3.3
35	-0.677600	29.571803	16640.193066	0.000111	3.2
36	-0.676604	30.571803	16317.532387	0.000049	3.3
37	-0.676678	30.559918	16321.293850	0.000098	3.4
38	-0.682578	31.559918	16010.766471	0.000069	3.4
39	-0.677176	32.559918	15711.834599	0.000042	3.3
40	-0.678519	32.548235	15715.262617	0.000145	3.4
41	-0.673108	33.548156	15427.186294	0.000169	3.4
42	-0.675782	34.548156	15149.459951	0.000073	3.4
43	-0.676685	35.548156	14881.556257	0.000034	3.4
44	-0.679412	35.537094	14884.468015	0.000064	3.5
45	-0.676063	35.526128	14887.355505	0.000091	4.1
46	-0.676906	36.526128	14628.562573	0.000077	3.5
47	-0.674182	37.526128	14378.613311	0.000065	3.8
48	-0.676447	37.514243	14381.533897	0.000139	4.5
49	-0.681177	38.514243	14139.885290	0.000058	3.5
50	-0.674879	38.502358	14142.709691	0.000095	3.5
51	-0.674335	39.502358	13908.955004	0.000051	3.4
52	-0.679040	40.397563	13706.155911	0.000106	4.1
53	-0.676950	41.397563	13486.497398	0.000120	3.5
54	-0.674928	42.397563	13273.768441	0.000080	3.8
55	-0.676797	42.386787	13276.025040	0.000091	3.4
56	-0.677501	43.386787	13069.833278	0.000020	4.2
57	-0.680090	43.380064	13071.198013	0.000098	3.3
58	-0.677689	43.370823	13073.074623	0.000145	3.2
59	-0.676273	44.370823	12873.091296	0.000124	3.3
60	-0.674318	45.370823	12679.134211	0.000047	3.4
61	-0.672193	46.370823	12490.935022	0.000055	3.3
62	-0.675648	46.358937	12493.139033	0.000119	3.5
63	-0.680379	47.358917	12310.384665	0.000066	3.4
64	-0.675675	48.358917	12132.896533	0.000062	3.5
65	-0.683085	48.347033	12134.975888	0.000033	3.1
66	-0.678309	48.541450	12101.050097	0.000042	3.3
67	-0.681695	48.596590	12091.462577	0.000059	3.4
68	-0.675729	49.594286	11920.576219	0.000041	3.4
69	-0.677698	50.592165	11754.422750	0.000088	3.3
70	-0.680730	51.592145	11592.501718	0.000122	3.2
71	-0.678752	52.592145	11434.978090	0.000052	3.2
72	-0.677761	53.592145	11281.678060	0.000054	3.4
73	-0.676401	54.591950	11132.462709	0.000092	3.9
74	-0.677279	55.590430	10987.333131	0.000046	3.7
75	-0.673727	56.134947	10909.770464	0.000105	3.5
76	-0.677009	57.133649	10770.322134	0.000132	3.4
77	-0.676240	58.133649	10634.219196	0.000115	3.5
78	-0.679218	59.133649	10501.513157	0.000032	3.5
79	-0.676801	60.038967	10384.196634	0.000105	3.6
80	-0.678391	60.027082	10385.719827	0.000149	3.3
81	-0.676382	61.027082	10259.106523	0.000091	3.7
82	-0.673975	62.027082	10135.543147	0.000050	3.3
83	-0.678259	63.027081	10014.920908	0.000043	3.3
84	-0.684272	63.015196	10016.337651	0.000078	3.4
85	-0.680418	64.014961	9898.546790	0.000103	3.5
86	-0.677739	64.003085	9899.929698	0.000024	3.5
87	-0.674851	63.993484	9901.048094	0.000096	3.7
88	-0.674853	63.984419	9902.104159	0.000058	3.5
89	-0.675352	64.065884	9892.621231	0.000053	3.3
90	-0.676385	65.065338	9777.740782	0.000086	3.3
91	-0.677060	66.065338	9665.437305	0.000118	3.3
92	-0.674150	67.065338	9555.684279	0.000167	3.6
93	-0.675018	68.065338	9448.395805	0.000055	3.5
94	-0.677366	69.065338	9343.489789	0.000070	3.2
95	-0.674354	69.053453	9344.722958	0.000042	3.5
96	-0.681544	70.005399	9246.974126	0.000018	3.4
97	-0.674372	69.994231	9248.109012	0.000048	3.4
98	-0.679478	69.985761	9248.969937	0.000075	3.4
99	-0.674911	70.985754	9148.422772	0.000034	3.2
100	-0.681953	71.786026	9069.518406	0.000088	3.6
101	-0.673787	72.724700	8978.685144	0.000049	3.4
102	-0.676212	72.712834	8979.821957	0.000099	3.5
103	-0.675698	73.712834	8885.010928	0.000030	3.6
104	-0.678302	73.755286	8881.030290	0.000035	3.1
105	-0.678092	73.807024	8876.183824	0.000061	3.2
106	-0.676577	74.496472	8812.101111	0.000039	3.2
107	-0.679321	75.494681	8720.942531	0.000047	3.3
108	-0.676000	75.945604	8680.378824	0.000122	3.2
109	-0.679633	75.933923	8681.424814	0.000047	3.2
110	-0.675224	76.933629	8592.804956	0.000103	3.3
111	-0.678556	76.921743	8593.847923	0.000023	3.2
112	-0.673827	76.910272	8594.854730	0.000070	3.2
113	-0.676128	76.919173	8594.073514	0.000049	3.1
114	-0.677201	77.919165	8507.194447	0.000053	3.2
115	-0.676438	78.916806	8422.252461	0.000037	3.0
116	-0.678803	78.904922	8423.254335	0.000055	3.1
117	-0.682434	79.894061	8340.674970	0.000082	4.1
118	-0.677936	79.936302	8337.184424	0.000096	4.5
119	-0.680671	80.935809	8255.436172	0.000081	3.3
120	-0.677497	80.959474	8253.520126	0.000127	3.5
121	-0.675562	81.255768	8229.604907	0.000062	3.3
122	-0.680934	82.255768	8149.903743	0.000093	3.6
123	-0.672829	83.236022	8073.260588	0.000054	3.3
124	-0.675225	84.236022	7996.544836	0.000108	3.3
125	-0.681105	84.227914	7997.160951	0.000058	3.1
126	-0.677584	85.227914	7921.877905	0.000050	3.6
127	-0.669876	85.231168	7921.635287	0.000077	3.2
128	-0.680015	86.217412	7848.767762	0.000028	3.2
129	-0.674088	86.205601	7849.632499	0.000062	3.2
130	-0.679477	86.299231	7842.782865	0.000063	3.6
131	-0.678710	87.299230	7770.365202	0.000072	3.4
132	-0.677528	88.299230	7699.272614	0.000082	3.1
133	-0.680328	89.299230	7629.469119	0.000081	3.1
134	-0.676883	90.299229	7560.920049	0.000127	3.4
135	-0.683081	91.299229	7493.591714	0.000081	3.3
136	-0.679981	92.299229	7427.451884	0.000057	3.3
137	-0.679110	93.299229	7362.469366	0.000053	3.3
138	-0.678754	93.287343	7363.235032	0.000085	3.3
139	-0.674616	94.287343	7299.366486	0.000037	3.2
140	-0.677818	95.286302	7236.661219	0.000038	4.0
141	-0.677300	95.367969	7231.582515	0.000058	3.2
142	-0.678157	96.359142	7170.507183	0.000077	3.3
143	-0.674337	97.358795	7109.945396	0.000052	3.2
144	-0.676714	98.358769	7050.379071	0.000096	3.2
145	-0.676094	99.354283	6992.061677	0.000087	3.1
146	-0.677222	100.354283	6934.444743	0.000049	3.3
147	-0.678400	100.700668	6914.707877	0.000051	3.2
148	-0.676397	100.688789	6915.382870	0.000043	3.1
149	-0.676371	101.643490	6861.551042	0.000026	3.2
150	-0.674786	101.631724	6862.209378	0.000025	3.3
151	-0.676265	101.621307	6862.792360	0.000027	3.3
152	-0.679195	101.667424	6860.212305	0.000026	3.2
153	-0.677013	101.827572	6851.267621	0.000052	3.1
154	-0.675044	101.815898	6851.918841	0.000028	3.2
155	-0.677598	101.805381	6852.505658	0.000087	3.2
156	-0.676337	102.762255	6799.525201	0.000049	3.2
157	-0.677565	103.736290	6746.429380	0.000048	3.3
158	-0.679253	104.424790	6709.395891	0.000042	3.3
159	-0.680850	105.205534	6667.889629	0.000023	3.2
160	-0.674647	105.195148	6668.438359	0.000022	3.3
161	-0.674569	105.242502	6665.937047	0.000051	3.2
162	-0.674642	105.232900	6666.444055	0.000074	3.2
163	-0.672721	106.231504	6614.121065	0.000095	3.4
164	-0.677538	107.231504	6562.541533	0.000027	3.3
165	-0.675910	107.718130	6537.731489	0.000024	3.2
166	-0.679139	107.727483	6537.256475	0.000058	3.1
167	-0.675090	108.043033	6521.270863	0.000069	3.2
168	-0.675566	109.032434	6471.651272	0.000075	3.1
169	-0.676519	109.577237	6444.649848	0.000068	3.2
170	-0.680661	110.577237	6395.669872	0.000074	3.1
171	-0.676770	110.565351	6396.247647	0.000080	3.2
172	-0.675664	111.565350	6347.997930	0.000050	3.2
173	-0.681189	111.553465	6348.567124	0.000084	3.2
174	-0.677889	112.553465	6301.031357	0.000074	3.2
175	-0.673068	113.553465	6254.202155	0.000051	3.3
176	-0.677502	113.541579	6254.754650	0.000067	3.3
177	-0.678275	114.540087	6208.676615	0.000063	3.3
178	-0.674763	115.540087	6163.205170	0.000105	3.2
179	-0.680378	116.540087	6118.394923	0.000041	3.3
180	-0.674770	117.540086	6074.231596	0.000028	3.3
181	-0.678002	117.913679	6057.895628	0.000048	3.2
182	-0.675650	118.718283	6023.009657	0.000047	3.1
183	-0.677465	118.956515	6012.757395	0.000044	3.3
184	-0.675334	119.953543	5970.226442	0.000073	3.4
185	-0.678385	120.953536	5928.169135	0.000025	3.3
186	-0.676848	121.009895	5925.816433	0.000081	3.1
187	-0.678000	121.093961	5922.310587	0.000030	3.1
188	-0.680601	121.094920	5922.270598	0.000074	3.1
189	-0.676826	121.083041	5922.765755	0.000083	3.0
190	-0.680790	122.083041	5881.371850	0.000072	3.2
191	-0.676800	123.083041	5840.552530	0.000048	3.1
192	-0.680447	123.071155	5841.034357	0.000089	3.2
193	-0.677897	124.071155	5800.771121	0.000030	3.4
194	-0.679742	124.064479	5801.038081	0.000145	4.3
195	-0.676189	124.185733	5796.193262	0.000085	3.2
196	-0.679286	125.185733	5756.543748	0.000046	3.3
197	-0.672853	126.185732	5717.433063	0.000075	3.2
198	-0.681016	127.185730	5678.850241	0.000057	3.3
199	-0.675916	128.185647	5640.787734	0.000041	3.1
