1:ItNr	2:Metric	3a:Time	3b:StepSize	4:||Gradient||	Time[ms]
0	-0.334957	0.000000	42770.981433	0.000435	90.7
1	-0.340823	0.000000	42770.981433	0.000463	5.0
2	-0.336044	1.000000	40826.845913	0.000447	5.3
3	-0.335526	2.000000	39051.765657	0.000433	5.4
4	-0.334397	3.000000	37424.608759	0.000465	5.0
5	-0.331068	4.000000	35927.624408	0.000435	4.9
6	-0.334436	5.000000	34545.792701	0.000429	5.0
7	-0.325675	6.000000	33266.318897	0.000436	5.0
8	-0.337015	7.000000	32078.236079	0.000438	5.1
9	-0.337764	8.000000	30972.090007	0.000452	4.9
10	-0.340988	9.000000	29939.687216	0.000444	4.9
11	-0.341204	10.000000	28973.890848	0.000440	5.3
12	-0.335109	11.000000	28068.456753	0.000437	5.0
13	-0.335840	10.493879	28519.529097	0.000445	4.8
14	-0.331631	11.493879	27641.839837	0.000447	5.1
15	-0.338275	12.493879	26816.559508	0.000435	7.8
16	-0.334141	13.493857	26039.146721	0.000435	6.5
17	-0.338713	14.493857	25305.522729	0.000448	5.9
18	-0.326512	13.769511	25832.707345	0.000436	5.9
19	-0.337234	14.769511	25110.508288	0.000450	6.3
20	-0.338613	14.043361	25630.835533	0.000461	5.5
21	-0.338383	15.043278	24919.781096	0.000455	5.4
22	-0.332338	16.043278	24247.060373	0.000433	5.1
23	-0.338295	17.043278	23609.705737	0.000448	5.0
24	-0.336390	18.043170	23005.063351	0.000434	5.3
25	-0.336351	19.043170	22430.556811	0.000436	5.1
26	-0.335499	20.043170	21884.045502	0.000445	5.1
27	-0.333765	21.043029	21363.603935	0.000452	5.0
28	-0.338330	22.042900	20867.334679	0.000426	5.8
29	-0.337203	23.042900	20393.539029	0.000441	6.4
30	-0.334499	24.042900	19940.780907	0.000444	5.1
31	-0.334625	25.042279	19507.952787	0.000434	5.1
32	-0.328572	26.042279	19093.263000	0.000424	5.1
33	-0.335181	26.998820	18712.764430	0.000436	5.3
34	-0.327983	27.998802	18330.868862	0.000422	5.1
35	-0.339290	28.998800	17964.243264	0.000444	5.0
36	-0.335869	29.998800	17611.994951	0.000443	5.5
37	-0.335745	30.998793	17273.297383	0.000427	5.0
38	-0.332107	31.998793	16947.378689	0.000446	5.4
39	-0.332241	32.925575	16656.115664	0.000413	5.2
40	-0.339395	32.202415	16882.515858	0.000439	5.1
41	-0.335529	33.202415	16571.044218	0.000435	5.2
42	-0.337277	34.202366	16270.871642	0.000445	4.8
43	-0.336869	35.122257	16004.178480	0.000415	5.1
44	-0.335675	34.398940	16213.137209	0.000424	5.0
45	-0.335968	35.359074	15936.929953	0.000439	4.8
46	-0.332761	34.632450	16145.084665	0.000428	5.6
47	-0.338579	35.632436	15860.003125	0.000437	5.4
48	-0.334886	36.632436	15584.810816	0.000440	5.4
49	-0.334789	36.368995	15656.376986	0.000428	5.7
50	-0.331975	36.458184	15632.074448	0.000420	5.2
51	-0.332941	37.458184	15364.668358	0.000431	5.4
52	-0.331356	38.458181	15106.257693	0.000446	5.2
53	-0.333963	39.457390	14856.589233	0.000430	5.2
54	-0.337941	40.457385	14614.852353	0.000444	5.1
55	-0.340634	40.006331	14722.908207	0.000434	4.9
56	-0.341124	41.006324	14485.467737	0.000430	5.0
57	-0.338582	42.001781	14256.590708	0.000434	5.4
58	-0.340472	42.145599	14224.120466	0.000431	5.3
59	-0.338683	43.143348	14002.864562	0.000422	5.4
60	-0.335274	42.634304	14114.880616	0.000440	5.0
61	-0.334605	43.634243	13896.513293	0.000435	5.6
62	-0.338448	44.634242	13684.786738	0.000424	6.1
63	-0.337925	45.634242	13479.415052	0.000436	5.5
64	-0.337410	46.634242	13280.116374	0.000447	5.3
65	-0.338010	47.634161	13086.640799	0.000439	5.2
66	-0.336175	46.907536	13226.670659	0.000426	5.5
67	-0.338868	46.212053	13363.534873	0.000435	5.0
68	-0.334490	47.159632	13177.750196	0.000445	5.6
69	-0.335012	48.137079	12991.445792	0.000420	5.4
70	-0.338191	49.137079	12806.216439	0.000457	5.2
71	-0.341410	49.310202	12774.683927	0.000451	5.4
72	-0.341793	50.025383	12646.050913	0.000437	5.0
73	-0.338280	50.147508	12624.343951	0.000429	5.0
74	-0.334530	51.147333	12449.394501	0.000427	5.2
75	-0.337251	52.147310	12279.202142	0.000437	4.9
76	-0.332480	53.147268	12113.603588	0.000431	4.9
77	-0.338843	54.147267	11952.405487	0.000440	5.0
78	-0.335296	55.147267	11795.441148	0.000423	5.1
79	-0.341484	55.943822	11673.329792	0.000435	5.3
80	-0.332009	55.217232	11784.613355	0.000456	5.2
81	-0.339789	56.217232	11631.996989	0.000446	5.5
82	-0.333327	55.490624	11742.492943	0.000424	5.4
83	-0.343005	56.490624	11590.958572	0.000425	5.4
84	-0.333274	57.490624	11443.285412	0.000428	5.3
85	-0.343347	58.490612	11299.329351	0.000441	5.0
86	-0.337228	59.490611	11158.948874	0.000419	5.4
87	-0.336505	58.763989	11260.603014	0.000431	5.3
88	-0.335995	58.046828	11362.766041	0.000420	5.3
89	-0.338068	57.320828	11468.093934	0.000437	5.4
90	-0.336681	58.320828	11323.515338	0.000447	5.0
91	-0.335888	59.320732	11182.550075	0.000443	5.5
92	-0.342875	58.648670	11276.906608	0.000432	4.8
93	-0.337447	59.648597	11137.089097	0.000437	5.1
94	-0.340746	60.648596	11000.686549	0.000427	4.9
95	-0.339064	59.995125	11089.440423	0.000441	5.2
96	-0.334104	60.986780	10955.310241	0.000448	5.2
97	-0.343576	60.262112	11053.005972	0.000428	5.3
98	-0.336528	61.262112	10918.642737	0.000437	5.2
99	-0.336775	62.261763	10787.552138	0.000450	5.2
100	-0.334835	63.261763	10659.527857	0.000423	5.7
101	-0.335858	64.261703	10534.514073	0.000441	5.3
102	-0.338271	63.535086	10625.062974	0.000420	5.6
103	-0.342551	64.530817	10501.368256	0.000419	5.2
104	-0.334832	65.468882	10387.443311	0.000465	5.1
105	-0.332512	66.468879	10268.687792	0.000433	4.6
106	-0.335245	65.746313	10354.222346	0.000441	4.6
107	-0.334152	66.683027	10243.608650	0.000433	4.8
108	-0.335468	66.867845	10222.062631	0.000436	5.3
109	-0.341918	67.867843	10107.037313	0.000435	5.6
110	-0.335983	67.141765	10190.295280	0.000439	4.6
111	-0.336573	67.780575	10116.972200	0.000462	4.7
112	-0.340447	68.780575	10004.286671	0.000439	4.6
113	-0.335502	68.682869	10015.185925	0.000451	4.9
114	-0.333013	69.682770	9904.754938	0.000446	4.7
115	-0.342072	70.668785	9798.216622	0.000431	4.8
116	-0.333021	71.668637	9692.498359	0.000436	4.6
117	-0.337291	71.373185	9723.499451	0.000431	4.8
118	-0.333574	72.101326	9647.452421	0.000418	4.9
119	-0.338619	72.203697	9636.856042	0.000443	4.6
120	-0.340379	73.202982	9534.630320	0.000443	5.0
121	-0.339551	74.202982	9434.479785	0.000454	4.7
122	-0.338255	75.202982	9336.411309	0.000420	4.5
123	-0.342495	76.202052	9240.449060	0.000424	4.8
124	-0.337177	77.190205	9147.456297	0.000439	4.7
125	-0.335281	76.834905	9180.676482	0.000426	4.8
126	-0.345781	77.828993	9088.331093	0.000433	4.8
127	-0.336370	78.753494	9004.101795	0.000427	4.5
128	-0.330761	78.121944	9061.470904	0.000418	4.8
129	-0.334993	79.115372	8971.555452	0.000437	4.7
130	-0.334928	80.115369	8882.829779	0.000421	4.6
131	-0.342137	79.388914	8947.109527	0.000435	4.7
132	-0.340762	80.277269	8868.629872	0.000450	4.8
133	-0.337412	79.553001	8932.509202	0.000433	4.5
134	-0.334038	80.553001	8844.550156	0.000410	5.1
135	-0.339586	81.114662	8795.902500	0.000436	4.7
136	-0.334727	82.114657	8710.600802	0.000427	4.5
137	-0.333463	81.460440	8766.218533	0.000424	4.7
138	-0.337771	82.353382	8690.481048	0.000438	4.8
139	-0.337857	83.353382	8607.201706	0.000446	4.5
140	-0.337891	82.666657	8664.218913	0.000440	4.8
141	-0.340184	83.501535	8594.999196	0.000421	4.7
142	-0.335538	84.501535	8513.531198	0.000434	4.8
143	-0.342201	83.775469	8572.527716	0.000422	4.7
144	-0.340355	83.051072	8632.209065	0.000457	4.8
145	-0.336165	83.945763	8558.617146	0.000425	5.4
146	-0.335162	84.945357	8477.866631	0.000411	4.9
147	-0.335747	85.939002	8399.092840	0.000423	4.9
148	-0.343224	86.938901	8321.287345	0.000446	4.9
149	-0.337960	86.214093	8377.542399	0.000430	4.9
150	-0.334248	85.888156	8403.088286	0.000446	5.0
151	-0.337551	86.459009	8358.448643	0.000424	5.0
152	-0.336177	85.732384	8415.352265	0.000444	4.9
153	-0.338651	86.732384	8337.238778	0.000437	5.3
154	-0.341544	87.731400	8260.636850	0.000427	4.8
155	-0.337880	87.055903	8312.277115	0.000433	4.8
156	-0.337765	88.055893	8236.057536	0.000432	5.3
157	-0.340450	87.329274	8291.300960	0.000428	4.8
158	-0.334492	88.329269	8215.463439	0.000409	4.8
159	-0.336693	89.320336	8141.659492	0.000443	4.9
160	-0.336856	89.672192	8115.775018	0.000437	5.9
161	-0.335271	90.617436	8047.045680	0.000413	5.3
162	-0.342937	91.617366	7975.595976	0.000443	5.2
163	-0.334788	90.891828	8027.311951	0.000435	4.9
164	-0.336559	90.165203	8079.782028	0.000436	5.0
165	-0.334846	91.165203	8007.747371	0.000439	5.0
166	-0.338685	92.165200	7936.985994	0.000423	5.2
167	-0.336648	91.438582	7988.277631	0.000435	4.9
168	-0.338230	91.443712	7987.913223	0.000422	4.8
169	-0.333477	92.443712	7917.500213	0.000429	4.9
170	-0.332784	93.345279	7855.073813	0.000432	5.0
171	-0.339921	94.338721	7787.416089	0.000431	4.9
172	-0.339813	93.612106	7836.786520	0.000430	4.9
173	-0.335097	94.612105	7769.001452	0.000442	5.1
174	-0.335643	95.598291	7703.291413	0.000437	4.9
175	-0.334056	95.692344	7697.082595	0.000422	5.4
176	-0.335499	96.168368	7665.811373	0.000436	4.8
177	-0.335102	95.441745	7713.647821	0.000428	4.9
178	-0.336124	94.715215	7762.078723	0.000433	5.0
179	-0.335253	95.644830	7700.217945	0.000440	5.0
180	-0.337573	95.795776	7690.266195	0.000426	5.2
181	-0.337980	96.794539	7625.061564	0.000429	4.9
182	-0.338980	97.794539	7560.874594	0.000433	5.1
183	-0.340049	98.788092	7498.162784	0.000411	4.9
184	-0.337180	99.788001	7436.091363	0.000438	4.8
185	-0.334388	99.255829	7468.998519	0.000424	4.9
186	-0.335988	100.255761	7407.405645	0.000441	5.0
187	-0.337089	100.658901	7382.859805	0.000438	4.9
188	-0.335325	99.935319	7427.033020	0.000427	4.8
189	-0.337798	100.935319	7366.123414	0.000456	5.0
190	-0.327435	100.956139	7364.865907	0.000424	5.0
191	-0.337628	101.952016	7305.212536	0.000428	5.1
192	-0.336931	102.809617	7254.610983	0.000426	4.8
193	-0.337214	103.120444	7236.443765	0.000435	4.9
194	-0.335565	104.102794	7179.620733	0.000418	5.1
195	-0.333612	103.889659	7191.873359	0.000406	4.9
196	-0.336796	104.889555	7134.750850	0.000428	5.0
197	-0.337483	104.163517	7176.137540	0.000431	5.4
198	-0.334667	103.466965	7216.297200	0.000451	5.7
199	-0.342874	104.460031	7159.177323	0.000441	5.4
