1:ItNr	2:Metric	3a:Time	3b:StepSize	4:||Gradient||	Time[ms]
0	-0.532290	0.000000	47108.655561	0.000821	74.1
1	-0.499163	0.000000	47108.655561	0.001401	3.0
2	-0.484828	1.000000	44967.353035	0.000996	3.0
3	-0.518997	2.000000	43012.250729	0.001260	3.0
4	-0.490425	3.000000	41220.073616	0.001369	3.1
5	-0.511791	4.000000	39571.270671	0.001253	3.1
6	-0.499092	5.000000	38049.298722	0.001497	3.3
7	-0.500608	6.000000	36640.065436	0.001572	3.3
8	-0.497213	7.000000	35331.491671	0.001410	3.3
9	-0.517758	8.000000	34113.164372	0.001495	3.0
10	-0.489216	9.000000	32976.058892	0.001857	3.0
11	-0.504580	10.000000	31912.315057	0.001546	3.0
12	-0.508979	11.000000	30915.055212	0.001858	3.4
13	-0.490505	12.000000	29978.235357	0.001844	3.0
14	-0.517213	13.000000	29096.522552	0.001741	3.0
15	-0.496510	14.000000	28265.193336	0.001743	3.3
16	-0.516974	15.000000	27480.049077	0.001672	3.1
17	-0.502764	16.000000	26737.345048	0.001635	3.0
18	-0.524439	17.000000	26033.730705	0.001499	3.0
19	-0.508342	18.000000	25366.199148	0.001284	3.0
20	-0.525294	19.000000	24732.044169	0.000735	3.0
21	-0.522404	20.000000	24128.823580	0.001547	3.6
22	-0.495165	21.000000	23554.327780	0.002285	3.0
23	-0.508140	22.000000	23006.552716	0.001521	3.0
24	-0.527808	23.000000	22483.676518	0.000735	3.4
25	-0.529121	24.000000	21984.039262	0.001345	3.7
26	-0.511032	25.000000	21506.125365	0.002020	3.5
27	-0.513675	26.000000	21048.548229	0.001081	3.3
28	-0.533797	27.000000	20610.036808	0.000366	3.6
29	-0.531626	26.986723	20615.739205	0.000572	3.2
30	-0.530789	27.986723	20194.895802	0.000969	3.5
31	-0.519118	28.986723	19790.890606	0.001436	3.2
32	-0.515753	29.986723	19402.732878	0.000796	3.4
33	-0.528435	30.986723	19029.508105	0.000743	3.1
34	-0.530540	30.973446	19034.369331	0.000957	3.4
35	-0.527369	31.973446	18675.050261	0.001397	3.4
36	-0.518671	32.973446	18329.045853	0.001717	3.2
37	-0.519704	33.973446	17995.629500	0.000917	3.2
38	-0.530033	34.973446	17674.126524	0.000516	3.4
39	-0.534855	35.973446	17363.909611	0.000492	3.2
40	-0.535237	36.973446	17064.394733	0.000484	3.4
41	-0.529133	37.973446	16775.037474	0.000486	3.1
42	-0.533479	38.973446	16495.329726	0.000539	3.2
43	-0.533786	39.973446	16224.796719	0.000653	3.4
44	-0.531271	40.973446	15962.994322	0.000819	3.4
45	-0.529057	41.973446	15709.506617	0.001027	3.1
46	-0.530501	42.973446	15463.943690	0.001227	3.1
47	-0.524836	43.973446	15225.939634	0.001380	3.1
48	-0.523321	44.973446	14995.150725	0.001501	3.3
49	-0.524085	45.973446	14771.253768	0.001459	4.6
50	-0.526698	46.973446	14553.944589	0.001323	3.6
51	-0.526625	47.973446	14342.936652	0.001249	3.5
52	-0.529363	48.973446	14137.959800	0.001134	3.1
53	-0.527171	49.973446	13938.759105	0.001018	3.3
54	-0.529270	50.973446	13745.093803	0.000783	3.4
55	-0.530704	51.973446	13556.736332	0.000604	3.0
56	-0.530173	52.973446	13373.471430	0.000471	3.7
57	-0.534606	53.973446	13195.095323	0.000374	4.7
58	-0.536142	54.973446	13021.414964	0.000319	4.5
59	-0.532515	55.973446	12852.247340	0.000294	4.7
60	-0.528333	56.973446	12687.418825	0.000323	4.1
61	-0.536749	57.973446	12526.764587	0.000245	3.9
62	-0.532359	58.973446	12370.128038	0.000240	5.3
63	-0.533922	59.973446	12217.360326	0.000361	4.5
64	-0.532364	60.973446	12068.319864	0.000341	3.9
65	-0.532208	61.973446	11922.871887	0.000233	3.6
66	-0.531749	62.973446	11780.888052	0.000148	3.7
67	-0.532123	63.973446	11642.246057	0.000131	5.3
68	-0.534498	63.961068	11643.942198	0.000180	4.1
69	-0.531677	64.961068	11508.486201	0.000155	3.8
70	-0.531172	65.961068	11376.145529	0.000152	5.3
71	-0.530113	66.961068	11246.813931	0.000203	3.8
72	-0.536975	67.961068	11120.389933	0.000174	3.7
73	-0.532534	68.961068	10996.776572	0.000137	4.0
74	-0.528288	69.961068	10875.881152	0.000130	4.0
75	-0.530896	70.961068	10757.615006	0.000098	3.7
76	-0.532162	71.961068	10641.893282	0.000085	3.8
77	-0.530195	72.624493	10566.484620	0.000136	4.2
78	-0.536203	73.624493	10454.817078	0.000124	3.7
79	-0.536502	74.624493	10345.485078	0.000076	4.0
80	-0.534205	74.611216	10346.921697	0.000108	3.8
81	-0.529328	74.598574	10348.289962	0.000072	3.8
82	-0.534051	74.585896	10349.662586	0.000104	3.9
83	-0.533991	75.585896	10242.507576	0.000122	3.8
84	-0.530922	76.585896	10137.548683	0.000131	4.1
85	-0.532328	77.585896	10034.719078	0.000132	3.7
86	-0.532177	78.585896	9933.954617	0.000115	4.2
87	-0.530862	79.585896	9835.193707	0.000090	3.1
88	-0.534319	79.572619	9836.492090	0.000170	3.2
89	-0.529445	80.572619	9739.650124	0.000178	3.0
90	-0.534005	81.572619	9644.696419	0.000103	3.6
91	-0.530983	82.572619	9551.576282	0.000241	3.0
92	-0.533324	83.572619	9460.237111	0.000104	3.2
93	-0.533735	84.572619	9370.628298	0.000058	3.0
94	-0.534189	84.607212	9367.558817	0.000089	3.4
95	-0.531547	84.593935	9368.736656	0.000070	3.0
96	-0.534887	85.593935	9280.844819	0.000071	3.0
97	-0.531610	86.587333	9195.150972	0.000092	3.0
98	-0.537497	87.587324	9110.471923	0.000065	3.5
99	-0.532954	88.376517	9044.736453	0.000113	3.4
100	-0.533507	89.376517	8962.792062	0.000144	3.4
101	-0.531827	90.376517	8882.319155	0.000143	3.4
102	-0.532943	91.376517	8803.278449	0.000143	3.7
103	-0.528725	92.376517	8725.632049	0.000107	3.5
104	-0.532177	93.376517	8649.343381	0.000097	3.3
105	-0.533658	94.376517	8574.377143	0.000075	3.7
106	-0.530944	95.096996	8521.165898	0.000170	3.7
107	-0.533318	96.096996	8448.395748	0.000137	3.6
108	-0.534135	97.096996	8376.857979	0.000132	3.6
109	-0.530000	98.096996	8306.521545	0.000176	3.8
110	-0.533876	99.096996	8237.356438	0.000148	3.5
111	-0.532170	100.096996	8169.333641	0.000060	3.7
112	-0.535533	100.083739	8170.228103	0.000146	3.9
113	-0.532243	100.070462	8171.124078	0.000098	3.8
114	-0.529949	101.070462	8104.186311	0.000150	3.9
115	-0.533740	102.070462	8038.336352	0.000109	4.2
116	-0.539436	103.070462	7973.547875	0.000180	4.2
117	-0.533815	104.070462	7909.795429	0.000224	5.4
118	-0.530457	105.070462	7847.054361	0.000108	4.8
119	-0.536140	106.070462	7785.300793	0.000110	4.1
120	-0.527702	107.070462	7724.511594	0.000089	4.1
121	-0.535014	108.070462	7664.664348	0.000064	3.8
122	-0.534575	109.070450	7605.738018	0.000082	3.9
123	-0.529563	110.070450	7547.710159	0.000076	3.5
124	-0.530790	110.057173	7548.474794	0.000148	4.1
125	-0.531703	111.057173	7491.314137	0.000119	3.6
126	-0.531392	112.057173	7435.012669	0.000099	3.6
127	-0.535119	113.057173	7379.551163	0.000066	3.2
128	-0.533736	113.229643	7370.069242	0.000094	3.2
129	-0.534990	114.229546	7315.574112	0.000067	3.1
130	-0.536418	114.216270	7316.292400	0.000168	3.4
131	-0.533362	115.216270	7262.581544	0.000154	3.4
132	-0.533985	116.216270	7209.653553	0.000078	3.2
133	-0.532240	117.216270	7157.491434	0.000115	3.2
134	-0.534845	118.213565	7106.216741	0.000091	3.5
135	-0.534483	119.213565	7055.535362	0.000082	3.2
136	-0.530484	120.213565	7005.571781	0.000168	3.3
137	-0.534052	121.213565	6956.310856	0.000187	3.1
138	-0.532406	122.213565	6907.737868	0.000186	3.4
139	-0.532570	123.213565	6859.838505	0.000167	3.4
140	-0.530317	124.213565	6812.598851	0.000124	3.5
141	-0.533069	124.200288	6813.221790	0.000182	2.9
142	-0.533233	125.200288	6766.619818	0.000143	3.3
143	-0.530583	126.200288	6720.651023	0.000059	3.0
144	-0.533145	126.187011	6721.257259	0.000076	3.2
145	-0.536015	126.173736	6721.863531	0.000232	3.0
146	-0.534847	127.173736	6676.498789	0.000105	3.2
147	-0.532117	128.173736	6631.742259	0.000047	3.0
148	-0.532451	128.160525	6632.329610	0.000063	3.0
149	-0.537740	129.111757	6590.301681	0.000125	3.3
150	-0.534087	129.996054	6551.706097	0.000078	2.9
151	-0.533709	129.982777	6552.282235	0.000115	3.2
152	-0.535314	130.982777	6509.170230	0.000072	3.1
153	-0.531293	130.969628	6509.733412	0.000110	3.1
154	-0.532253	131.969625	6467.177822	0.000139	3.1
155	-0.532634	131.956348	6467.739190	0.000207	3.4
156	-0.536075	132.956348	6425.728975	0.000089	3.2
157	-0.531124	133.956348	6384.260981	0.000114	3.2
158	-0.535862	134.956348	6343.324776	0.000095	3.0
159	-0.533690	135.956348	6302.910197	0.000130	3.2
160	-0.528839	135.943071	6303.443408	0.000091	3.0
161	-0.535186	136.943071	6263.533816	0.000065	3.1
162	-0.534344	137.943067	6224.126569	0.000063	3.1
163	-0.535263	138.245847	6212.292422	0.000060	3.4
164	-0.533099	139.180828	6176.031042	0.000079	3.1
165	-0.532538	140.180828	6137.713650	0.000060	3.2
166	-0.535004	140.180213	6137.737061	0.000155	3.1
167	-0.531833	141.180210	6099.892024	0.000136	3.1
168	-0.531035	142.180210	6062.510702	0.000040	3.4
169	-0.533548	142.177001	6062.629898	0.000101	3.0
170	-0.528557	143.176648	6025.715458	0.000116	3.0
171	-0.535500	144.176648	5989.235026	0.000113	3.1
172	-0.536878	145.176648	5953.193650	0.000134	3.2
173	-0.534272	146.176648	5917.583452	0.000123	3.3
174	-0.530527	147.176648	5882.396739	0.000083	3.2
175	-0.531070	148.176648	5847.626002	0.000069	3.0
176	-0.535603	149.176546	5813.267401	0.000073	3.2
177	-0.532599	149.163272	5813.720893	0.000134	3.0
178	-0.527200	150.163263	5779.755239	0.000108	3.1
179	-0.531245	150.149986	5780.203605	0.000131	3.0
180	-0.534990	151.149986	5746.627049	0.000080	3.2
181	-0.535650	151.136709	5747.070290	0.000103	3.0
182	-0.532900	151.123452	5747.512938	0.000151	3.2
183	-0.530440	152.123452	5714.314011	0.000065	3.0
184	-0.535322	152.110392	5714.745115	0.000060	3.1
185	-0.533218	152.097310	5715.177015	0.000052	2.9
186	-0.535285	153.033011	5684.448964	0.000153	3.0
187	-0.533017	154.032694	5651.982753	0.000187	3.0
188	-0.531772	155.032694	5619.875179	0.000204	3.1
189	-0.531985	156.032694	5588.130335	0.000119	3.2
190	-0.530762	157.032694	5556.742109	0.000140	3.1
191	-0.533847	157.019417	5557.156541	0.000091	3.3
192	-0.530928	158.019417	5526.114341	0.000167	6.2
193	-0.532582	158.006140	5526.524216	0.000175	3.6
194	-0.533008	159.006140	5495.822351	0.000097	3.6
195	-0.532275	160.006140	5465.459722	0.000124	3.5
196	-0.536427	159.992863	5465.860648	0.000049	3.7
197	-0.533353	160.991002	5435.882865	0.000137	3.5
198	-0.530812	160.977725	5436.279464	0.000118	3.6
199	-0.536131	161.977725	5406.569402	0.000094	3.4
