1:ItNr	2:Metric	3a:Time	3b:StepSize	4:||Gradient||	Time[ms]
0	-0.678700	0.000000	18506.251775	0.000240	18.0
1	-0.695070	0.000000	18506.251775	0.000158	0.9
2	-0.688088	0.957398	17699.332574	0.000266	1.0
3	-0.687289	0.939421	17713.835257	0.000300	0.8
4	-0.685256	1.939421	16941.634627	0.000333	0.9
5	-0.693260	2.939421	16233.946889	0.000403	0.9
6	-0.691256	3.939421	15583.011690	0.000417	0.7
7	-0.681174	4.939421	14982.265369	0.000231	0.8
8	-0.688557	5.939421	14426.118842	0.000140	0.8
9	-0.683362	6.939421	13909.783199	0.000280	0.7
10	-0.691340	7.939421	13429.131452	0.000249	0.7
11	-0.691797	8.939421	12980.587992	0.000131	0.7
12	-0.682531	9.939421	12561.039480	0.000254	0.8
13	-0.694443	10.939421	12167.762484	0.000184	0.6
14	-0.685290	11.939421	11798.364294	0.000289	0.7
15	-0.692510	12.939421	11450.734193	0.000134	0.7
16	-0.694788	13.939420	11123.003355	0.000205	0.7
17	-0.686205	14.815423	10850.947753	0.000186	0.7
18	-0.695460	15.815423	10556.208571	0.000104	0.7
19	-0.683989	16.814297	10277.363689	0.000154	0.7
20	-0.682785	16.793413	10283.042996	0.000127	0.7
21	-0.681591	17.793412	10017.971174	0.000154	0.9
22	-0.692067	18.793412	9766.221694	0.000219	0.8
23	-0.681992	19.793412	9526.814873	0.000175	0.6
24	-0.686988	20.793412	9298.864717	0.000219	0.8
25	-0.692537	20.772518	9303.515939	0.000210	0.7
26	-0.688093	21.772518	9086.004407	0.000122	0.8
27	-0.692987	21.751625	9090.444732	0.000220	0.9
28	-0.688425	22.751625	8882.670857	0.000106	1.0
29	-0.686775	23.751624	8684.182847	0.000118	0.6
30	-0.684540	24.751243	8494.442102	0.000042	0.8
31	-0.688691	24.739883	8496.551866	0.000064	0.8
32	-0.684345	24.939392	8459.652370	0.000229	1.0
33	-0.685580	25.939392	8279.427420	0.000169	0.9
34	-0.697650	26.939392	8106.721277	0.000228	1.0
35	-0.694181	27.939392	7941.073095	0.000169	1.1
36	-0.696098	27.918861	7944.405961	0.000257	0.9
37	-0.686224	28.918861	7785.259581	0.000123	0.8
38	-0.695889	29.918861	7632.364180	0.000136	0.8
39	-0.686614	30.918842	7485.361192	0.000230	0.8
40	-0.689074	30.916282	7485.730329	0.000117	0.8
41	-0.688919	31.916282	7344.266681	0.000107	0.9
42	-0.688926	32.912548	7208.549762	0.000127	0.8
43	-0.691856	32.891680	7211.341086	0.000037	0.8
44	-0.695763	33.052705	7189.858210	0.000156	0.9
45	-0.691718	33.385141	7145.909348	0.000074	0.9
46	-0.688501	34.381677	7017.326036	0.000107	0.8
47	-0.689362	35.153199	6920.910904	0.000186	1.2
48	-0.690431	35.132305	6923.487096	0.000131	1.0
49	-0.692624	35.111410	6926.065206	0.000181	1.1
50	-0.690169	36.111410	6804.792326	0.000037	0.9
51	-0.691089	36.382543	6772.639717	0.000121	0.8
52	-0.690585	37.246485	6672.184380	0.000136	0.8
53	-0.686142	37.225592	6674.578507	0.000309	0.9
54	-0.694127	38.225592	6561.880968	0.000105	0.8
55	-0.686682	39.225592	6452.925942	0.000087	0.9
56	-0.688977	39.204771	6455.157648	0.000154	0.8
57	-0.691898	40.200972	6350.083597	0.000159	0.8
58	-0.688219	41.200972	6247.993817	0.000080	0.7
59	-0.688845	41.180078	6250.093309	0.000166	0.9
60	-0.689100	42.174043	6151.755870	0.000083	1.0
61	-0.685303	43.173642	6055.933201	0.000173	0.8
62	-0.686525	43.152751	6057.905282	0.000117	0.8
63	-0.692120	44.152751	5964.925244	0.000083	0.8
64	-0.693060	44.131858	5966.838671	0.000107	0.8
65	-0.690924	44.110964	5968.753417	0.000230	0.9
66	-0.684118	45.110964	5878.469550	0.000079	0.9
67	-0.700403	46.110921	5790.879954	0.000243	0.8
68	-0.695944	47.110921	5705.858642	0.000148	0.9
69	-0.691296	48.110921	5623.297759	0.000109	0.8
70	-0.691923	49.110919	5543.092189	0.000067	0.7
71	-0.689724	49.110262	5543.144113	0.000067	0.8
72	-0.695534	49.125845	5541.912373	0.000170	0.8
73	-0.693314	49.308195	5527.538943	0.000111	0.8
74	-0.693138	50.302325	5450.471490	0.000072	0.8
75	-0.691209	50.590310	5428.545985	0.000251	0.8
76	-0.682183	51.508207	5359.824817	0.000223	0.7
77	-0.693784	52.508207	5286.910172	0.000212	0.7
78	-0.688931	53.508207	5215.952753	0.000087	0.7
79	-0.690903	54.474271	5149.188999	0.000236	0.7
80	-0.703032	54.457013	5150.366709	0.000089	0.7
81	-0.687280	55.457013	5083.003806	0.000238	0.8
82	-0.693627	56.456816	5017.393035	0.000072	0.7
83	-0.687610	57.456799	4953.443045	0.000041	0.7
84	-0.691956	57.609436	4943.824872	0.000083	0.7
85	-0.684058	58.184847	4907.899692	0.000217	0.8
86	-0.695804	58.988938	4858.562924	0.000109	0.8
87	-0.680574	58.968101	4859.828863	0.000236	0.6
88	-0.684965	58.947207	4861.098964	0.000149	0.8
89	-0.689551	58.926313	4862.369737	0.000074	0.7
90	-0.689272	59.023511	4856.463840	0.000111	0.7
91	-0.684808	59.002647	4857.730334	0.000146	0.8
92	-0.691890	58.981753	4858.999359	0.000055	0.8
93	-0.687429	59.432604	4831.763078	0.000205	0.8
94	-0.694264	59.411712	4833.018473	0.000059	0.8
95	-0.691520	59.390852	4834.272547	0.000113	0.8
96	-0.690584	59.381298	4834.847109	0.000165	0.7
97	-0.678827	59.360404	4836.104203	0.000201	0.7
98	-0.692992	59.339510	4837.361953	0.000080	0.7
99	-0.694109	60.339508	4777.890802	0.000114	0.8
100	-0.689408	60.318618	4779.118221	0.000305	0.8
101	-0.691099	60.298713	4780.288291	0.000075	0.7
102	-0.695250	61.298711	4722.203815	0.000097	0.8
103	-0.692568	61.277820	4723.402835	0.000165	0.8
104	-0.683800	62.273893	4666.904288	0.000085	0.9
105	-0.683322	63.273890	4611.526621	0.000110	0.8
106	-0.699784	63.252996	4612.670222	0.000152	0.6
107	-0.696382	63.232177	4613.810308	0.000099	0.7
108	-0.687227	64.202036	4561.291072	0.000203	0.7
109	-0.689705	65.202024	4508.377733	0.000114	0.9
110	-0.693406	65.181130	4509.470773	0.000178	0.8
111	-0.687911	65.160268	4510.562662	0.000241	0.9
112	-0.688009	66.160268	4458.812446	0.000140	0.8
113	-0.686238	67.160268	4408.236234	0.000066	0.8
114	-0.681124	68.149355	4359.328099	0.000127	0.8
115	-0.694906	68.130029	4360.273305	0.000142	0.8
116	-0.684978	68.199714	4356.866966	0.000112	0.7
117	-0.689274	68.178907	4357.883475	0.000115	0.7
118	-0.685279	68.523971	4341.086329	0.000226	0.7
119	-0.689322	69.005988	4317.838145	0.000042	0.7
120	-0.681228	70.000382	4270.655576	0.000150	0.7
121	-0.684445	69.979526	4271.634574	0.000096	0.8
122	-0.691536	70.977884	4225.268824	0.000074	0.6
123	-0.683773	71.965929	4180.362536	0.000152	0.7
124	-0.697688	71.945054	4181.301414	0.000094	0.8
125	-0.686186	71.924181	4182.240635	0.000176	0.8
126	-0.686553	72.924179	4137.712904	0.000142	0.9
127	-0.677971	72.903285	4138.633582	0.000094	0.8
128	-0.694723	72.927694	4137.558049	0.000155	0.7
129	-0.685978	72.906800	4138.478656	0.000129	0.8
130	-0.682991	72.885906	4139.399674	0.000182	0.7
131	-0.688108	73.053325	4132.031345	0.000074	0.8
132	-0.686306	73.038739	4132.672271	0.000126	0.7
133	-0.691957	73.257138	4123.096637	0.000164	0.6
134	-0.688850	74.257138	4079.812782	0.000101	0.8
135	-0.692872	75.257137	4037.428263	0.000147	0.8
136	-0.692156	75.568555	4024.408213	0.000151	0.7
137	-0.676821	76.567617	3983.199549	0.000151	0.7
138	-0.684162	76.961538	3967.182369	0.000146	0.7
139	-0.690092	76.940661	3968.028006	0.000159	0.8
140	-0.693410	77.940660	3927.922916	0.000207	0.7
141	-0.696867	77.919766	3928.752591	0.000152	0.7
142	-0.693869	78.919766	3889.433518	0.000178	0.8
143	-0.686853	79.919766	3850.893659	0.000086	0.8
144	-0.686755	80.919765	3813.110117	0.000121	0.8
145	-0.691046	80.899587	3813.865193	0.000047	0.8
146	-0.679832	80.879007	3814.635588	0.000037	0.8
147	-0.691583	80.865448	3815.143340	0.000145	0.7
148	-0.688092	81.772944	3781.455228	0.000117	0.7
149	-0.685854	82.772911	3745.016727	0.000025	0.8
150	-0.684218	83.096844	3733.362813	0.000105	0.7
151	-0.691315	83.077264	3734.065162	0.000303	0.7
152	-0.694058	84.077264	3698.528786	0.000087	0.8
153	-0.696975	85.077141	3663.666699	0.000101	0.8
154	-0.693277	85.902540	3635.379373	0.000160	0.8
155	-0.695695	85.881677	3636.088967	0.000058	0.6
156	-0.692926	86.878185	3602.501174	0.000153	0.7
157	-0.679703	86.857291	3603.199042	0.000149	0.7
158	-0.697608	87.857274	3570.099404	0.000183	0.8
159	-0.693528	87.836379	3570.784788	0.000131	0.8
160	-0.689469	87.815485	3571.470435	0.000255	0.8
161	-0.690461	88.815485	3538.947969	0.000092	0.8
162	-0.708830	89.815439	3507.013932	0.000138	0.9
163	-0.690321	90.784408	3476.614435	0.000087	0.8
164	-0.695532	91.164014	3464.848250	0.000150	0.8
165	-0.695060	92.163516	3434.245432	0.000236	0.7
166	-0.697237	92.144951	3434.808926	0.000103	0.8
167	-0.705560	93.144951	3404.717285	0.000133	0.8
168	-0.696604	93.124057	3405.340634	0.000175	0.7
169	-0.681707	94.124057	3375.760886	0.000257	0.7
170	-0.679301	94.103163	3376.373648	0.000135	0.8
171	-0.695892	95.103163	3347.292841	0.000061	0.7
172	-0.691574	95.082635	3347.884769	0.000099	0.8
173	-0.686626	95.244059	3343.235696	0.000184	0.8
174	-0.684135	95.367722	3339.682854	0.000061	0.8
175	-0.687935	95.358856	3339.937323	0.000112	0.7
176	-0.690083	95.775777	3328.012870	0.000158	0.7
177	-0.684624	96.775775	3299.755730	0.000147	0.7
178	-0.685669	96.754880	3300.341234	0.000062	0.8
179	-0.692220	96.737045	3300.841184	0.000117	0.9
180	-0.691611	96.725096	3301.176209	0.000125	0.8
181	-0.687640	97.687638	3274.404098	0.000105	0.8
182	-0.681900	97.666746	3274.980562	0.000042	0.8
183	-0.682487	97.645956	3275.554435	0.000072	0.7
184	-0.697134	97.680111	3274.611770	0.000184	0.8
185	-0.696264	98.680101	3247.250672	0.000061	0.7
186	-0.696655	98.659433	3247.811536	0.000036	0.7
187	-0.687537	98.640066	3248.337283	0.000112	0.9
188	-0.684552	98.810572	3243.714490	0.000263	0.9
189	-0.686498	99.810572	3216.864899	0.000154	0.7
190	-0.675628	99.789677	3217.421355	0.000131	0.8
191	-0.693605	99.768813	3217.977216	0.000173	0.7
192	-0.694840	100.768813	3191.550275	0.000056	0.7
193	-0.696556	100.747938	3192.097503	0.000130	0.8
194	-0.698892	100.727059	3192.645006	0.000213	1.0
195	-0.696238	101.727059	3166.630816	0.000047	0.9
196	-0.699700	101.706258	3167.167611	0.000194	0.9
197	-0.698188	101.685365	3167.706989	0.000134	0.9
198	-0.681512	102.685365	3142.095980	0.000143	0.9
199	-0.691725	102.664470	3142.626868	0.000173	0.9
