(BSplineTransformSplineOrder 3)
(Direction 1 0 0 1)
(FixedImageDimension 2)
(FixedInternalImagePixelType "float")
(GridDirection 1 0 0 1)
(GridIndex 0 0)
(GridOrigin -629.3155961921312 -341.1306828975089)
(GridSize 20 20)
(GridSpacing 400.0093788504527 400.009442436448)
(HowToCombineTransforms "Compose")
(Index 0 0)
(InitialTransformParameterFileName "results/lungTMA7/my_reg_project-modality_fluo_to_modality_brightfield_reg_output/TransformParameters.0.txt")
(MovingImageDimension 2)
(MovingInternalImagePixelType "float")
(NumberOfParameters 800)
(Origin 0 0)
(Size 6524 6502)
(Spacing 1 1)
(Transform "BSplineTransform")
(TransformParameters -7.660833169450469 -7.249375024350048 -7.132980398701332 -6.82764631031295 -6.249830690813306 -5.342204284968438 -4.20935763357322 -2.919144228043008 -1.5512354049526316 -0.17725091515370933 1.1351625379099004 2.3140637098274897 3.2866914012810424 4.014578705258278 4.495913315653197 4.721138192091077 4.684069048527272 4.384696279798246 4.060935809270356 3.26392769178735 -6.777818057980036 -6.048575797999305 -5.782558542345846 -5.601354351680771 -4.960637113403349 -4.050163419512533 -3.0354852685576157 -1.817893021076902 -0.23793499784028038 -0.14834163586475632 -1.4481503358312915 1.1549792740256601 3.6870026993397937 3.500267263712116 3.950664721490586 4.340905389868774 4.472423151952822 4.264983342899695 3.990976285807209 3.2929940751695392 -6.562172943242299 -5.349753124887424 -4.84893900587673 -4.979367499295686 -4.599972964901518 -4.1378493615864675 -4.120208384007731 -0.3399861645958385 -1.402984845781563 -0.4182320198224013 -1.0834579897122132 0.2228328774633127 0.10142068625896852 2.453395178274407 5.810160742890549 3.598908000145586 3.649191922201254 3.6877928996496396 3.5787826149350805 2.906605452025513 -6.338696696059828 -5.282719973196505 -4.800015218278669 -4.302813740701484 -7.085787462645166 -3.2054551705177503 -1.1501397593148444 -0.4897974266794587 -0.9699801596579457 -0.8935531373348746 0.24119471714731852 -1.5049813042026536 0.9285095045721595 0.006842176384303445 2.9025824733882355 5.3074142817849905 2.6245507279900893 2.9057818526589263 3.321248095158012 2.454641618362942 -6.230389449338641 -4.999997536752624 -4.392370369179719 -1.8850893156761648 -4.10547033608318 -0.12185705797822137 -2.3436963805440008 -1.096865286080298 -1.50435411166201 -1.3180885304517342 -1.0609242765000322 -0.24931121826489627 0.3627653603979718 0.8314673097130386 -0.19169880848873966 5.156155268623338 2.5515676990930447 2.0652979189514133 2.6171452911389315 2.0333783694868455 -6.15612681516544 -4.6469742790817 -4.317313614747653 -0.09388407772646983 -1.1325112309219005 -2.416110711924558 -1.4920585699517837 -0.3053493117831657 -1.907581192187623 0.3235262041518604 -1.8985954100336206 -0.762971921496741 0.25639299774799396 -1.9879902316939908 1.991235885348122 -0.9717183292446875 2.3921624036739173 3.026538489364716 1.9736234172854632 1.783702786096988 -6.085629851324651 -4.393201908529127 -8.315620341679917 -1.7928516669458414 -2.5831896966885717 -0.6316208280643342 -0.5147020782589098 -1.6207737703597274 -0.4909744759830119 -1.357596310596411 -1.133151331580467 0.0029833364283036634 1.0682568717313479 2.925020145756887 -0.5789486161704845 3.0075512309839825 0.14046441780191193 1.5643095226169839 2.062439494737779 1.797805246358989 -5.977969446819425 -5.06484595825043 -3.6263717461085228 -0.9619511542213218 -1.0468764847370655 0.5453944920067327 -2.275699445988157 0.18274846729652075 -0.39407747134003146 0.05820759557857953 -0.1957238126249473 1.1826422850838214 -0.23722571686290406 -0.7582041972997611 -1.770028873905388 2.4722132297581623 3.496866541571159 -2.7090449553983507 2.412753167260152 2.122136091642995 -5.784631263003906 -6.158178127077541 -1.889563936047467 -1.170427235327172 -1.4068377684302578 -1.5361501976111154 0.7460570620026787 -1.3797930739206554 1.1918254410643863 -0.4759042531490048 -1.1525751778553515 1.5599329727034479 2.3986589118285484 -0.3258789483480917 3.0309299454253344 -0.07596667105862723 -0.23356141270236586 3.9656958417446817 4.136872716188296 2.871283765914748 -5.492189776070653 -3.4770956686695076 0.8094886419172922 -2.634626836676711 -0.3595347316138306 -0.3591138172900978 -0.9233709681529015 -0.3660254287810765 -1.2172088754290682 0.7338815224661134 0.007219642720399948 0.6022727481855773 -0.8396713968781171 2.458891748142231 -1.0099848127204811 3.6298567732397404 -0.04118277446474048 3.286454242781016 5.4405839519998285 3.963068670698794 -5.124613267747439 -3.618218707270488 -6.762613906767965 1.7258073744463125 -2.1965022399680856 -0.444871425772148 -3.0226281788894283 0.47416860032541075 -0.08312654010613549 -1.304328659222626 -1.4567279483793858 0.2763120141970513 -0.13804837355484714 2.9046328548758735 1.306653816863785 1.9071565874124121 0.10922040437648256 2.3352983998293015 7.279748152834362 5.072417338450218 -4.6989998923008285 -3.8602808580120485 -4.515981556097342 0.10795083756596184 -1.8693707851420933 -0.5063998818448645 -1.061030469505217 -0.7460808885335715 0.5837216367206541 -0.969590100331384 -0.3100694841206946 2.0423872765722617 0.5310939465908017 0.25121359845420216 0.6668351827119828 2.453197110492639 -0.08432658570254198 7.737165606550952 7.105464674626358 5.935291535054777 -4.234121851676504 -3.316863787063028 -5.182220773362661 0.22212740360185282 -1.9621974795704809 -0.8333554838816181 -1.3403363249797966 -0.1911480299400801 -0.09837513352097066 0.7371889336253783 -0.35712528195750953 -0.6970503356445609 2.872318404884908 0.841492232456632 0.21573956168622027 1.3256720021035413 0.34769161516512603 11.09764758153203 5.628215982893541 6.284571315555218 -3.743222336170312 -3.0484190013326735 -4.32375115394424 -1.5378077130483248 0.10362179088727214 -1.0890718703893114 -0.6849757399200934 -0.5451626244700709 -0.6013251755281899 -0.7589838776387342 0.4767956784453046 -1.3024605313242004 1.8201464470166593 -0.4450370263458407 2.552449334463717 -1.3894675418151623 2.97533616432743 5.1170010041647425 5.152295925786173 6.0776158640033335 -3.2362681725112723 -2.7969571241522484 -2.9239860327849723 -2.4565610959292594 -2.0911172141707794 -0.9052095374680104 -2.3956276192763664 -0.7898173619923016 0.7037689800024427 -1.3221680834236667 1.8806551255788815 0.19107419360808375 0.5838799104538624 3.5244909002977276 1.3722899967442737 3.836581622786353 5.946328941631696 3.5693542488078123 4.287857670607064 5.561731273609004 -2.721304831436959 -2.4516130423764237 -2.4000156223904248 -2.190461410032286 -2.584679556588181 -0.19162540075638593 -0.7523907667701932 -1.2045555449761154 -1.2786053394830783 0.468912935057236 -0.24305925441923648 0.42492906898850163 0.8378451351768943 -0.185474177676622 -1.3641841477419834 7.215278456598803 2.562272417019749 2.8578501972321853 3.7987931098574323 4.942494388541964 -2.2248830970964226 -2.0672890663489403 -2.0176771609002473 -1.8688230114008146 -2.1001330035713592 -4.664973839363474 -1.8592953266580978 -1.1733519539344108 2.3422752435875887 -3.071598855870704 0.45326756270248203 -1.1705102135240106 1.4936172086442032 6.059985943106499 1.4166766338181795 1.9843478275195974 2.2458356736220386 2.994716583653943 3.611758407969185 4.455378894041826 -1.685171095992038 -1.6171461534630631 -1.6545432708814016 -1.6024716188902581 -1.6300077348680189 -1.7134963345667635 -1.7103441456829982 -2.49697128293174 -1.9981519179148806 1.366253136878817 1.5419367052141404 3.3145010455464936 3.7242771486984783 3.357937365830308 2.4072779130354776 2.3945180226954426 2.7337160876861897 3.258547118071673 3.599489887970121 4.153487627037888 -1.2725917100917432 -1.2534123905577035 -1.3430095921595002 -1.4215447824731822 -1.447209444720352 -1.395906542977158 -1.2395471259494097 -0.9789597140325289 -0.5841300088621522 -0.06390577452171164 0.4809898899429726 1.0738221753998463 1.6155854239069658 2.100018354753233 2.5485659683382234 2.9334332643432943 3.245486964222692 3.5167014271528854 3.6977440108967263 3.9959936213172016 -0.2221374577589983 -0.22961657587158202 -0.37310993690098915 -0.5508397393377228 -0.7198581453511691 -0.8255760916812319 -0.8205694228373696 -0.6598257312979612 -0.2823655650970315 0.29509411477885333 0.9771311531254635 1.687316879517158 2.335715846461954 2.8762945983229176 3.304887441761334 3.609931666852066 3.7764535885032204 3.817535003106999 3.7987937447342883 3.7089949105082742 -25.807673129997358 -28.08295869563313 -29.72065590759483 -31.790509569007817 -33.65817497440457 -35.2859140863422 -36.693156319572836 -37.88873205148659 -38.90239128440551 -39.681284785059816 -40.053389756810596 -39.881942360351374 -39.02708973612017 -37.47529025155144 -35.37892879794457 -32.834974643741404 -30.04807373141626 -26.846159234505606 -24.31069344254708 -18.733189506386545 -19.194838014515398 -19.765214436138145 -20.519448528117156 -21.48246165688696 -22.589987704271547 -23.638575656243145 -24.882942981996536 -25.73925984382924 -23.722200293031413 -29.11838359504565 -31.23717745468032 -27.2852080016501 -28.857539512407307 -25.551055348421425 -23.467769014145425 -21.505498307627033 -19.561781802091158 -17.423700987760874 -15.75042630208027 -11.942382581724628 -16.65141390381887 -16.106294158747026 -16.254271299184854 -16.444053108118673 -17.254937473199714 -19.072030504060354 -20.664509913536932 -18.082607834631535 -7.482947132694944 -17.557250964544828 -15.066082559329152 -15.380766956845676 -18.179461768493557 -20.01566134213769 -20.55865158786101 -15.841081325372041 -14.398710922506654 -13.137328285631398 -12.007810223433584 -9.320590666219736 -13.672450505055338 -11.825870880874035 -11.303223230607186 -10.74072779388627 -14.32138582121065 -10.530168055900043 -12.815285972507846 -11.444571624257938 -15.887747927793868 -10.710158833734882 -13.095423536370358 -13.904032099162889 -10.467698523603518 -11.450365960385948 -11.37212425144618 -11.620831691998712 -8.631832414590649 -7.983511541907614 -7.882459712961402 -6.347029190187741 -11.664839959240899 -9.182287408077757 -8.300957945653055 -6.329729467839324 -11.594150362878066 -7.171406481888721 -8.618295722512268 -8.689379335797513 -6.688293822378105 -9.10657534074163 -8.092849941294046 -7.6427078576829395 -10.158840948806018 -7.904583189925725 -7.638397747177502 -11.348678340418823 -7.254823037552396 -4.263339110690715 -5.47027876188643 -4.523082787796691 -10.146721343712388 -7.645211842626156 -7.420873989405069 -7.946627733974173 -4.116796354207378 -3.2519724909855943 -4.511530179364713 -3.64936405044985 -4.524886027540628 -3.585459175672537 -4.542730530379423 -4.607462817987482 -3.548535152246761 -4.176246465723567 -3.7754968829901383 -0.17480682403063036 -6.330369067459459 -4.022446613150625 -4.318250825009088 -3.378393206834471 -8.728515282902912 -6.582231115306603 -5.2681961982365655 -2.690717764997327 -0.8405659334192417 -3.770128992965442 -0.40592228592586277 -1.7737464926491493 -1.2044779918267654 -1.183983530320993 -2.5649875230225194 -0.8782921435514705 -1.7020912755640376 -1.4422290005667457 -2.0731605528926544 -2.4363098437252204 -0.40482247726021253 -2.1796832954751895 -3.6774158992058292 -2.486142300118529 -7.001667788703477 -5.384129344109833 -6.187863415896316 -3.920331338858186 -3.646864443494532 -3.1176074872313095 -3.0160298839320068 -2.6872815332364874 -3.606707225744803 -2.6416335368806414 -4.080978640895744 -5.064724780207481 -2.274250691186777 -4.581130930675759 -1.885364137730644 -5.370661179666756 -3.974048754891531 -3.1764952424708657 -3.3068360918895126 -1.403890735216304 -4.468967394362103 -3.100638974499462 -4.1233491872538135 -3.783341019209519 -3.386330488121785 -4.15460854403734 -4.253411965175113 -3.1090931594801026 -2.958227298383983 -2.9377993234650672 -5.814733254353819 -0.6402309818044881 -3.582427011118883 -1.8405520182583819 -5.319209137352142 0.6687967349961355 -1.6088033576253546 -5.752515231917395 -1.826974599915647 0.42216403109465234 -1.1133328212326252 -0.29963787671222847 -1.5583141009151096 0.7911348047145681 -1.4709059645078688 0.41483154080398227 0.5561236882536259 0.06649674017934677 -0.7601981912255371 -1.13446420301809 1.6719563427209547 -1.60578947312687 -1.8356882728861963 -2.4022187765281426 0.9174973171135863 -2.2011773927777347 1.2540231756425513 -0.5346597619775506 0.6129313546819447 3.02007266760465 2.5971088233113804 3.5845144295198335 2.631387061359432 3.096029160891146 2.777046981292926 4.214475634030236 4.805313526222986 3.562231911996761 4.03250048897019 4.433174364288157 3.7048379306022277 2.7535977757913646 4.836911954429614 8.026333549686068 2.881297107052855 5.981355723433495 3.5800319784348065 2.6293468391473542 4.281680502147636 5.914446969657658 6.30532318881511 7.203198677991044 6.211732127988269 7.483167802711598 7.908075981283006 8.54070319295313 7.766348405007134 8.905291152257577 7.192029539956716 7.96820908476511 7.585414456560221 9.264057680122246 7.660410462269137 6.996722642966233 8.504474777649202 7.614511897157468 9.098748198320331 12.262080101347925 8.513953834028108 8.74482163882546 9.577202092195677 10.114398308006592 10.940089565880518 14.779228784890815 9.449437193473477 11.6020421075384 12.760028735644866 10.763070026906844 12.982412193780894 9.242742337771828 11.760488107217277 11.275972802247196 10.614702758172049 12.146495914408128 10.263888988022568 13.448950179189788 10.738136894418998 10.930638534943794 10.040401593556519 11.05034647758512 12.237968966120029 12.275258101929744 12.010271815914665 10.849071980825968 10.045275011078104 11.155050064807261 8.161433370033038 12.205928178396615 8.326832813298548 9.943788861106585 9.992099663225314 11.91246624919653 9.763891279868776 9.40175459928916 10.703177132654137 7.500606573346424 13.107695271221575 14.374911156238142 11.843753690723538 12.73118283366044 14.35062321561023 13.719831183618837 12.606928190572129 9.396562607187546 7.4005118282348015 7.43772003261126 10.240670590792723 6.378703549715189 10.264066775678442 9.56660127399247 6.6753099645341765 7.760462861830181 8.5425690122029 8.93615303663679 7.435002248323811 9.640803568780235 12.77150140872732 12.292141962392996 12.53695834366714 14.016254198918315 15.961676134753496 15.045974827508317 13.855166073782685 12.880201775653155 13.46500361970911 13.734067106088531 11.3058367728148 12.389959147478374 9.874552563303629 12.016334798986325 13.119006541460525 11.805988915177124 12.134178123815703 10.980615449731738 13.25765030787271 17.29414103624374 12.149350667999602 12.326026147569234 13.2285806930165 15.093907000484384 17.012584778179498 16.16297269842782 15.165023826050298 14.15878676449253 13.961810042509422 14.92037277618654 18.956629379501837 11.97529895024806 17.581032693781175 12.546201373349291 12.07419346565056 14.840269429126568 13.478790371902297 24.14614064774972 17.931366480063488 14.191845717510759 13.639251318531734 13.93769545474557 14.467561625340474 16.068526957654353 17.91839162296384 17.2888188037808 16.58143363208327 16.10508249266057 15.862292491495852 16.669956120438734 18.356296849078237 20.99447685485551 27.534423411553966 30.22468289384023 25.813593612869056 33.72108162998718 29.363686322237502 23.995146869359136 19.74201666264152 18.030045467614475 17.070099477223973 16.661212253549625 16.529072145254336 17.427592198722653 18.485200907083982 18.12888516107591 17.666704504303556 17.471937409737947 17.884669003278336 19.113218573817367 20.870239679101566 22.932423757279963 25.160989144650692 27.343174223541133 28.683640400598 29.105243593662827 28.26656187147341 26.42488345237286 24.126190642855875 21.806013051520694 19.982858900882036 18.881542055940866 18.303952211211882 18.52842514567216 21.677329929833803 21.967106904834317 22.025812055870045 22.538768217360257 23.86988498700177 26.08887924404512 28.834018433866312 31.833925536176235 34.803353031876746 37.4106168625078 39.2576805747307 39.99238480305723 39.13384990806156 36.793705807614955 33.682901441187724 30.36323409597959 27.517294441705292 25.41718030192811 24.097326011470983 23.19447175245503)
(UseCyclicTransform "false")
(UseDirectionCosines "true")

// ResampleInterpolator specific
(ResampleInterpolator "FinalNearestNeighborInterpolator")

// Resampler specific
(CompressResultImage "true")
(DefaultPixelValue 0)
(Resampler "DefaultResampler")
(ResultImageFormat "mha")
(ResultImagePixelType "float")
