(BSplineTransformSplineOrder 3)
(Direction 1 0 0 1)
(FixedImageDimension 2)
(FixedInternalImagePixelType "float")
(GridDirection 1 0 0 1)
(GridIndex 0 0)
(GridOrigin -329.30856205429166 -41.12360107017284)
(GridSize 36 36)
(GridSpacing 200.00468942522636 200.004721218224)
(HowToCombineTransforms "Compose")
(Index 0 0)
(InitialTransformParameterFileName "results/lungTMA7/my_reg_project-modality_fluo_to_modality_brightfield_reg_output/TransformParameters.0.txt")
(MovingImageDimension 2)
(MovingInternalImagePixelType "float")
(NumberOfParameters 2592)
(Origin 0 0)
(Size 6524 6502)
(Spacing 1 1)
(Transform "BSplineTransform")
(TransformParameters -6.9357131788117075 -6.59719003112066 -6.529137135928945 -6.412758463781027 -6.273527251360626 -6.056033947689261 -5.749490272324351 -5.359095994625338 -4.894908740779433 -4.375521004565945 -3.8198489673596736 -3.261276713614464 -2.685987867400775 -1.9973160181962608 -1.2503190849459753 -0.6742179153841006 -0.3322680718238806 -0.20535923314226903 -0.126388120994696 0.3459812710617829 1.2470258625072408 2.247799821398932 3.1348593214358966 3.6443291826054094 3.783331484811867 3.8774467543634663 4.0348369275272296 4.231012482291119 4.436242436203594 4.565481072895393 4.59320256479824 4.535711751378494 4.418891120481817 4.261645519032879 4.151905882515198 3.6703748934336273 -6.253434768148346 -5.68345727705158 -5.564351724685764 -5.455841632879436 -5.390460365873021 -5.229196488275404 -4.954315861780145 -4.618988384319973 -4.2510563788233755 -3.898509161726589 -3.4979422681493597 -2.8075223908781686 -1.8974822464626304 -1.1899073430922755 -0.7841864960776512 -0.4976026699522857 -0.3393436641646957 -0.551770465073999 -0.8686003238416371 -0.7001568763754633 0.2747020527182436 1.2746297262623798 2.0996445808872535 2.6792222581646103 3.053169234033887 3.54870822595428 4.132689047767325 4.362539284608956 4.23263659874425 4.142137892514978 4.174423341373376 4.174122401198871 4.116644741482972 4.016473341515986 3.942562255335552 3.5202622189010806 -6.097243899218882 -5.367572939939802 -5.180493685376053 -5.141589641287466 -5.131518428313634 -5.052227251968586 -4.876542864353619 -4.60755980635177 -4.274638103103434 -4.020497682852741 -3.7217303214137942 -2.8761552263386303 -1.6111460294574724 -1.0341184927747966 -0.7292102742299346 -0.17186215990613485 0.35239187376020153 -0.3606368643900228 -0.32097392214276566 -1.277398655409676 -0.615061647159964 0.8541594308166706 1.319706342155806 1.8268533900558905 2.394834470823298 3.361586747117514 4.401381257970408 4.68870651201962 4.260574851403416 3.9143689893248386 3.8610573497628966 3.8532680070804886 3.8291149842641943 3.779957355258901 3.7467502614551416 3.3543317898567646 -5.930229432412772 -5.1511261111030375 -4.960189961976028 -4.854794745629312 -4.845944986682201 -4.984296867622492 -5.150110452578573 -4.931132934219484 -4.3483145369662575 -3.7739530725196833 -3.5639079180564934 -2.5749058815373336 -0.7744305783828485 -0.6300516641487642 -0.5222490317115406 -0.1726460663946487 -0.46382976824887334 -0.22445715868051427 -0.42916613108382706 0.12297336757327736 -0.550359051169252 0.9522779267412689 0.23364392072187334 1.3390565878770255 1.2745547315579284 2.9576096576310986 4.03661267990434 4.550137649653923 4.340454716701879 3.9325860287751233 3.5908712075900695 3.4324445336350036 3.4506054074366697 3.4931753901858884 3.5278149340147746 3.17104638129558 -5.848273943072114 -5.1191651560275195 -4.943879309491548 -4.688023016790625 -4.580713494660971 -4.9855894997610495 -5.639337777449893 -5.427922795637793 -4.488004949199575 -3.4680863525077323 -1.7947087296660558 -1.2032392510472867 -0.7997907246394026 -0.8939861839326488 -1.7938557097733687 -1.1194628305004442 -1.660493112439739 -0.08393648104168888 -0.40192004645542506 0.33022371100642267 -0.7999013525816516 -1.03502927213837 0.8917782757750613 -0.01207989080693916 0.11003351138946463 1.435065421468793 2.6636691018973413 3.8191416082794527 4.429797288524601 4.209688928428666 3.4562528084035558 3.0082396859483214 3.0522207091933224 3.2397272148148915 3.3440905504666034 2.9988531069427853 -5.763843763958172 -5.030584797285233 -4.821255764679641 -4.3776540366025065 -4.014330938501431 -4.422199102573411 -5.265266007861797 -4.872722410533924 -3.546293269565881 -2.1850933203543064 0.5232641962727994 -1.786641767549951 -1.5337312112420938 -0.24229577870918428 -0.5276217156274376 -0.3210983385804646 -1.0217588016093284 -0.2299482740843358 -0.8703076202524692 0.03297234565590986 -0.7472537249048932 -0.17888937609774905 1.1117823978017314 0.15526813821971425 0.9866066656851629 0.4411174671510707 0.33454720737752475 3.5384820895926823 4.510321626166646 4.375682662595512 3.409011428460677 2.695717499192605 2.638573915746548 2.8844671849545565 3.0847419914361383 2.7809941355097716 -5.665113258284884 -4.8856185863009305 -4.6206850118972405 -3.9263878724108094 -3.175302943936543 -3.324044161663091 -4.213165200781283 -3.663995042477221 -0.9556608061920693 -0.8559683832149129 -1.4840400847382804 -1.9231867304526646 -0.5390045007877163 -0.7706570621577113 -1.819493974983069 0.5761869876356767 -0.8614568526918384 -0.40724755016175135 -0.7580309957481973 -0.17202082623402307 -0.450397384341064 0.04272831504988547 0.0948863071891132 1.1726621258188832 0.9589544341034503 1.1514414296430844 0.5849855666424174 0.6923288456252259 3.2246053937666033 4.130610260977762 3.254381926886206 2.5133071889467535 2.3488235960747685 2.4961341323277373 2.7124802602020575 2.5121320237312186 -5.556491157807946 -4.7340414528590715 -4.437598787100307 -3.5010608573469084 -2.3480129404068086 -2.153718450833504 -2.614775907738344 -1.94603805778313 -2.332913757506752 -0.5755110026914658 -0.8472629972845128 -1.354208188414242 -0.7263631192452606 -0.1337769258934889 -1.326359402123348 -1.414988814131159 -0.15844170234484226 -1.831661257628379 -0.1557895517595556 -1.7628502949567524 -0.11689098879934703 0.3786813628768198 -0.23637017808658384 1.0255542264965212 -0.6998008135721736 2.047277818894807 1.208584067308158 -0.11009322373759341 1.0558515985088748 2.9609471256489 2.767825498634873 2.327028897643565 2.346672742958682 2.365620365874071 2.449726910660914 2.2282215888759436 -5.434959693069953 -4.6608738872045805 -4.447384031143368 -3.35144612153951 -1.8205468469784747 -1.4423894183056272 -0.6313754018938066 -0.7219712210739484 -1.5261379194419729 -1.251600367546745 -1.4934912009753913 -1.0268167319644812 -1.8041868203164504 -0.6204107163930505 -0.5613276118266342 -0.4883124103498079 0.024752456036404604 0.045300734999098445 -1.3927201250168417 -1.194869306115191 -0.13065362382618742 -1.233283183109456 -1.749670348598807 2.818490660046866 -1.0698136373897993 1.2185172529549544 0.516420744513762 1.2752890167924638 1.4253295012727707 -0.01178859172070564 1.0942226567024618 2.326484879313037 2.5484127563622536 2.4816223995649103 2.339288914077978 1.985667098495524 -5.271053481032179 -4.871084584586424 -5.077187613155869 -4.034716128109439 -2.28095113369652 -1.8014324600075804 -2.4205842387827263 -2.264101786451797 -0.871740688726889 -1.915932645323138 -0.5145110990180329 -1.2756892704820106 -0.9323183596742054 0.06533128493248207 -2.7790913863920386 -0.05568665760040409 -2.4128633126603134 0.8832462211494918 -1.9737230109248967 -0.45259037488958187 -1.085420148592499 0.626363796098822 1.1107712267823686 -0.42154918890570375 0.422633740458206 0.5513041680681464 0.357906706413819 1.0873926908595382 1.386441025112964 1.0734998921447625 1.2206502742584493 1.7337217849270874 2.3150043384856396 2.3742851982070436 2.225563362392703 1.8802005026469861 -5.121628715254809 -5.270661039534015 -6.057310934797287 -5.24172007261635 -3.6712748739934526 -0.5737965385287884 -0.2261928116349486 -2.646007325663713 -1.6134082038025994 -1.5925446787039919 -0.6162086343230724 -1.5814144682467004 -1.559802277257402 -0.51905959187679 0.44638322989849355 -0.2789255194782935 -0.41562266783360646 -0.8052308838185246 -0.8376470348932128 0.32018798305701524 -2.144017263217677 1.3735753692003292 -0.002292032881341708 -0.18435738503846794 0.4176204065280599 0.7653813255438283 1.0203235844115632 0.5370530701308667 1.0619228460687382 1.2227278754053312 0.709743449756314 2.673049970378881 1.916131403518267 1.959279766338172 2.045201610957968 1.9387433983599327 -5.169242866888343 -5.286739222163113 -5.987387768773703 -5.440865037709794 -4.405994064888206 -2.645907001237323 -1.7511558816575874 -1.8980740948351151 -0.7189802625187913 -0.5868245213136096 -1.1788119179528351 -0.5282941785855376 -1.5269957606155615 -0.6965447598533622 -1.443263772766493 -0.982523656169634 -0.48132420521125957 -0.08580503732505668 -1.1479771272559391 0.41083434207870045 -2.4995274460822445 1.4446086992742653 -0.5551107366022636 1.879037331802114 0.27963245982143076 1.673668225855384 0.0673440294530702 0.022928266971385194 0.800568493099872 1.236626410217513 0.09991731601798601 1.190731415224061 0.8584966694538725 1.1150338996774358 1.6638689821597015 2.1223854567400355 -5.418964380216175 -4.911124325011208 -4.853283836935094 -5.052468417822255 -1.9774292039467594 -0.9359200074856062 -0.4355899254193931 -1.1690265760800875 -1.7777620406053758 -0.8221408055134973 -0.7022275221192544 -1.6427081463291087 -1.5213547827265637 1.1642300448393115 -0.357552219084918 0.13791797465700129 -0.39039738381608147 -0.4251707009220985 -1.8860822869010958 1.449066801259669 -0.8439110874474189 0.8615437562883612 0.11648825022454086 -0.19696218520907 1.798492460173058 -1.6839884694250535 -2.9082606446192227 0.12581591421899596 0.22397658835632095 3.4009009661058447 0.5889422413744916 0.020012514776985145 1.058749765407639 0.09150392189778622 1.267395800811285 2.4157983752454792 -5.741036409553559 -4.716588906451993 -4.052565391085095 -3.6307897961046924 0.29180173253787894 -1.8305346136245657 -0.4945093140841052 -1.087096239513673 -0.6190070665627753 -0.5801625304117364 0.08654247045957275 -1.1542206713083247 -0.568113036770907 0.11219263174115465 0.12642185803492942 -0.017665484183360405 0.9556270982512496 0.7792468026582214 1.2705036125981113 -0.40371191148163715 0.04831891054414884 1.0993525180641466 1.2752452964319605 1.0716576351002896 0.5316530586272243 -1.1228173302404099 1.1782768815328106 2.0818980949516535 -0.30715707673748727 1.6885427178766628 3.045563508977781 1.753392991094222 1.530928616784226 0.7420997739500029 1.8174476426001058 2.808608004041819 -5.964415019533836 -4.668932483734109 -4.167690622816392 -4.122854694627492 -0.6394760097919859 -2.995700648861261 -0.9176934077740776 -1.1896872836405292 -1.699241046786299 -1.4871172195503783 -0.79996577220099 -0.2136280266002602 -0.048593171381111085 0.5277229982382003 -0.15437189324550607 1.1402643709535722 -2.6913123965070995 1.866882494122985 -3.6407833287873257 -0.17780452260709922 0.9552391008663891 1.1606035251459288 0.28976339824222574 1.0815289457147257 -0.216649914920749 0.25862875074787817 1.3509865101451182 0.5810672324661126 0.4625855637669573 -0.861434018455503 2.53893833709616 0.4401160824973637 1.3272511604696673 3.084550705611605 3.210007352561072 3.292860754277318 -5.734223124915988 -4.008709198753954 -3.08133149195163 -1.43303230833725 -0.7306527877869876 -1.183830435332427 -1.1305612456674914 -1.0186382604310014 -0.9498262297439328 -0.9725430086394731 -0.12515161304117933 -1.687242998208202 -1.254443913272977 0.16745379933639706 -0.3633907927966074 1.1361954915868928 1.2380975695637066 0.7769903096148311 -1.4320849293616351 2.0690262715524255 0.03652070169517376 0.9611028766130512 1.0850408926849506 1.2228191624739033 2.4609025220718905 2.3247798389892753 0.8272560732449112 0.44824837755959956 3.039768257369671 1.5577710945315388 -1.0524801855306714 1.2688266128400514 3.45515703757677 4.55437782332131 4.258104695715119 3.8637621973581155 -5.102934190462517 -2.9559973122802585 -1.5822289980450595 -1.0150386942272636 -2.257281275733492 -0.9554679045933021 -0.6061297210028067 -1.3716665027803576 -0.4021915062032752 -1.3534141173295018 -0.46110836128093624 0.11373020516639017 -0.32429962123588935 1.2258827415701337 -0.13886244558038568 0.1709319410549456 -0.3731482162134694 -0.2151584962775935 -0.24671071190940397 -0.25067917943170714 0.7319560193033074 0.4776100734673129 1.3715795391814591 -0.6537834451113766 -0.8299090062035188 2.857294183119162 1.1720898868230036 0.504908494553142 0.26885346224192475 1.4031702317068073 0.5342495595842401 1.7861294803894288 1.860359102295802 4.021910941779834 4.764820194093879 4.513486922022651 -4.576024375222303 -2.9003899578257393 -1.9980592867556113 -0.2558608806688649 -1.4610330134144913 -1.445526288913195 -1.1744667406243885 -1.528631779081337 -0.5114743114768588 -0.6991713922274976 -0.7008807154972606 -1.6731461456478767 -1.3145606699890346 1.0427988030162645 -1.017005909820045 -0.07217500682355249 0.2546734067815987 -0.02613372535784513 0.7598074685283461 0.3393081134836186 1.1673233775184502 1.0060328227949746 -1.9571245030439897 1.2888043698351062 -1.7773961253053754 2.012065480716061 0.4165399597972475 1.1727385045107668 0.8233038500673412 2.4649272775869178 2.02314295413494 1.0351295992143748 2.122098965442621 4.657270736867104 5.208655931015734 5.262494108831792 -4.303693518872664 -3.845702355117697 -3.936790071827625 -2.177814726673555 -2.4934667781136124 -0.24039024528502956 -1.3758929223965828 -1.458734296064848 -1.4934504669462405 0.22810882092465382 -1.1422242284632365 -0.2336780988187701 -0.040647395635913866 0.426819238581346 -1.2209797790585954 0.3093807596158073 0.23323658316510304 1.1557719805971447 -0.9060968445856125 0.769255695091881 0.5076916054329756 -2.3531745464736598 2.721575138380432 1.679533665844402 -0.4637422941892122 4.337839843297581 -1.2708065889390991 1.7685356472001799 1.589829344480361 2.4339061912209496 -0.01651458447470979 1.2946268340491078 2.5771710299110193 4.6071284802257635 5.707633787683141 5.998195139784154 -4.1993130938399235 -4.378156769414793 -5.187530562117329 -6.2636873913153535 -2.0145233701150578 -0.37670964774303145 -1.4166318260068531 -0.738784925007357 -1.1225569463324174 -1.0860351435195708 -2.3246576828404875 -0.7458263880961705 -1.2720469793243296 1.5784146296807453 -1.4363221989859982 1.9471353946111412 -1.2272046809370178 0.07129240723575736 -0.8955894784941087 1.9852399050432243 -0.993689936855988 -1.3746611403373474 2.6797786007531554 -0.7544852471998001 -1.4049383366092363 4.948991400650823 0.6969145725510196 1.960635339582241 -0.48345095415083833 1.5083392046261899 1.0221999451472352 0.2185276762718926 3.205616420956331 5.70868126401943 6.375388954026911 6.420805341919537 -4.17842959221168 -4.24037420665102 -4.678061210767508 -4.105682488040383 0.469231902310255 -0.916131347878406 -0.5462095445616909 -1.2842809572929994 -1.10940780904386 -1.0097747662327428 -0.10210954093346615 -0.9129373432919294 0.022930496460032646 0.012264895101306428 -0.411668115416859 -0.2496310829941991 0.7130202948177975 0.23230002278087789 -0.2502573954145438 -1.1894088353591845 -1.2518981038047665 3.506002510980288 -0.04593673757012638 1.0366438548235988 -0.5319821072273312 1.510121568037362 0.11082321609565336 0.9556733282389888 0.5611090366615632 1.8611055763967181 1.3896091466210474 0.7279846682783447 3.9890189768045436 6.717973144337389 6.991076306588296 6.462528795903182 -4.053308135977646 -4.048277058593148 -4.3034097372987326 -2.9638037667160764 -0.40000722087317425 -2.6620059218429226 -1.2122546692791 -1.1863923778461567 -0.8505679703066501 -0.46176131639352264 -0.5952847788098335 -1.3005341101928987 -0.4583859908834032 -0.562731467042521 0.7865553169049433 0.8205321928648597 -0.3910648520009234 -0.134875326165487 0.20573696397942332 0.8391398708501004 0.9665069409292314 -0.2273887352988478 0.9133852859578072 1.5281466387134637 0.6968031439781873 0.2057764772295021 0.6877022874971084 1.588414982473693 1.0791005944415326 1.6661296279333655 -0.363628977105491 0.711251085509894 5.337035213527067 7.971920467759814 7.3661262849378755 6.2377502448825375 -3.8023322663193517 -3.9426526691903936 -4.343117496125167 -3.530913056384091 -1.4128247287864513 -1.278449712802187 0.49491043957717024 -1.4782014753466393 -1.5953023918933424 -0.14160132486130514 -1.1626737705983352 -0.550320969142768 -0.1894765201865648 0.09061899226603325 -0.9837345291347128 1.6526833071606775 -1.3361474850738764 0.18052007616810511 -1.403229193877456 0.4595149526571394 0.8266137673085804 0.8355713628450858 2.1194962339905365 -0.8717339314046301 1.9761402603367249 0.7673410831262607 1.2635608734567474 0.48107761067715205 2.023455917004646 -0.5880695234722542 1.8553296969239705 2.286450743747051 6.361191535453258 8.40074919556238 7.342297088176487 5.881427346077685 -3.571067320709253 -3.7867423727135714 -4.261864012414133 -3.4246213948867474 -1.0838373727759139 -0.5768557300466928 -1.3247027571104404 -1.1565730393988325 -0.6848367419843001 -1.0668462769433535 0.3929916154302507 -2.12893331280936 0.009206809996069598 0.5008043559943116 -0.9730268269984406 0.205599312228627 -0.6291459594132196 2.1933629333146327 0.7974102436992909 -0.8832225484225509 0.17996272942073147 -0.1534917600386578 1.2094610105501744 0.2816593842823386 1.0074739089478986 0.2635020496130438 0.862335260655014 1.014886989962433 1.029098266242575 1.1077675358649715 0.16387676335695822 1.7432805123941435 6.875462362051899 7.879041306272211 6.7991320027123585 5.655317752948876 -3.394243643197324 -3.563143521825667 -4.003648472507006 -3.546822753475516 -2.946887386007701 -0.7921239484853827 -1.5399521470212325 -0.4547178954895817 -1.1897762094226982 -0.6788842029685089 -0.9369695710140237 0.2645898867805657 -1.0399099685036208 0.3256323440431603 -0.31166120672987563 1.3192215780318493 -0.7089041125549261 -0.5568531361871759 1.1037477596958651 0.235227720059801 -0.42657362816621797 1.7139471630826972 0.8743933695327893 0.9220224027720465 0.6267485250228386 1.0514558280816104 1.0503253382437023 0.42359395059798005 -0.08673209535601055 0.7692000676941206 0.49549982732638853 3.529078462754413 5.532469362575741 6.299797359024409 5.831709759840916 5.578450862072681 -3.234221764906954 -3.289091465580833 -3.6024761077908396 -3.3097040095401242 -2.5426625307525983 -1.840533297134118 -1.3890961793084262 0.7863334110742071 -1.3724663740114253 -0.3393294738180062 -1.1362442113302584 -0.9545737955940168 -1.956084457665245 0.5784544829841936 -1.6434852338172057 0.42552205079356004 -1.4679903875304339 0.8244607516107477 -1.04109483579999 0.8524959401373436 -0.04835966117626948 -0.3361419242606297 0.5342170828886399 0.5132511353660033 0.4761378273060886 1.6369351836569312 1.6748797934548816 2.1998185713483567 0.7340290508176929 1.2244372522217524 3.791917003726523 4.42142330314083 4.549024072005379 4.80567087120782 4.909951410554254 5.409353473752448 -3.0736839699454848 -2.9954965381425276 -3.146333753820653 -2.9728850375809035 -2.543138515357469 -2.666505935929727 -1.4852191573037186 -1.4331939717949014 -0.590886011803865 -1.6064103199056656 -1.6474260171058452 -0.42642371995332984 -0.21839963360648437 0.3774262134598772 -0.2036614691417321 -0.04569964249173214 -0.5514347284529989 0.08606370633096792 0.2804471529914541 0.445832010617252 -0.2901035110809507 1.1713124324066762 1.7157299428674206 1.0806921873278605 2.0403307725669984 1.233478842080645 0.9245378205439543 1.459156988703993 0.7762945193667163 3.2672883231921253 4.439914641886582 4.367760609262438 4.227671878946761 4.175811063129812 4.3260762402724 5.112608972077601 -2.8926068909659617 -2.736749650193058 -2.804330885492065 -2.698120121615843 -2.4796604347621174 -2.3222532576377253 -2.287518859077962 -2.7471941072425645 -1.9377768862746634 -0.7515511361487416 -1.0159183946579788 -1.4211711200896389 -1.8120817841409413 0.2300248272223603 0.590159974302412 0.5613133927444157 -0.6170684481992244 -0.2427068411321073 -1.3439000789182487 1.8544106516542236 0.8072351215115354 -0.3091566632256229 0.760300006334793 1.1412446584436526 -0.18022579738971206 2.686797273543725 0.9011122972979791 0.4956815276356327 4.9462893257613665 4.705642707132402 4.719180267913012 4.342345981007844 3.835378621642643 3.70616879766472 3.9157456798411507 4.808730778546607 -2.6875075620191713 -2.5302214750762952 -2.5368146794910924 -2.460067049929548 -2.3471417493960236 -2.330869153279368 -2.3225105577694674 -2.0253257615961773 -0.26649453471551876 0.3303584617620584 -1.4497496146926465 0.2987104588302412 -1.2486370412157233 0.5785820847376466 -0.2203616311965297 -0.38125093756588047 0.008425130107673958 0.8155620544175002 -0.29361100425302933 0.724035855409676 -0.8488833914760527 0.2760700931053701 1.1243371520227032 -0.46944305695988153 1.3269998418891855 1.6988969313410922 -2.330429461268581 3.171535816072557 4.79270531063082 5.186838065232681 4.297488902279187 3.476546421211132 3.1864454791687495 3.335008202685397 3.6426997412006137 4.540842740242194 -2.4732782863111695 -2.337314209525948 -2.3189172008697936 -2.25159081254158 -2.1766672821104733 -2.2106165748061923 -2.3009973226503506 -2.186787969150956 -1.778044259740717 -2.116110373303132 -1.478995452115613 0.14296027648105877 -0.49720746619790823 0.5946885068153317 -1.120295516371409 1.2413750661446068 -0.14390360249367673 0.5695274919435402 -1.1485429977040658 0.33428309810928547 0.4606720835396149 0.46222502855075875 0.8294481628951703 1.1992429521491528 -0.8290088979707299 1.2957903644330928 0.17813842951825032 1.5355822270302835 3.644725271239236 4.492611179433949 3.492575399326976 2.7587714061603763 2.8117009123818875 3.1923272315406495 3.4984674635709916 4.315936047660276 -2.253352824386193 -2.143872751078292 -2.123307852543766 -2.0654741778023684 -2.0085496279309534 -2.03032752652967 -2.172909872101397 -2.5426694641588217 -2.9491547857196285 -2.7395640416940825 -1.9937692754382157 -0.7942426162465454 -1.5336989532056415 -1.2009364308183619 0.7767906963484337 0.023344154733048954 -0.4887992407806572 -1.2115910547382482 0.5176464039677029 1.255027032095986 -0.26984563994076877 -0.7675549151237394 -0.040497350458626326 1.436249629967406 2.9892590987456034 3.30317827065867 2.0285069768974697 1.6060146625988694 2.638720164166744 3.101063160827761 2.725102855747941 2.551944478587976 2.8196307017540785 3.1977065008032373 3.44299707622326 4.140517507108567 -2.0172919796960214 -1.9422376329146092 -1.9307813515888768 -1.8883271868391034 -1.8456607683009851 -1.840743798593719 -1.9755262131269933 -2.466910656685113 -3.0931881063015476 -2.985751897141809 -2.2980675573597993 -1.762768598371934 -2.0182236456758957 -1.1822432534508696 0.24937574878641425 -0.7160655759902298 1.7699952086411905 0.3699465063381601 -0.17681487703773144 0.49258865655750983 0.3563666814220171 1.6247302039100553 1.9136076287750459 2.8244987517451783 4.369911622500965 4.2017625037498405 2.6869323751635763 1.9238279916142234 2.070032073965155 2.281884515311903 2.3542771840160346 2.5826279057226476 2.905425550330813 3.2410093341268817 3.436968105662958 4.011696878386386 -1.7799776291400455 -1.7400350771499855 -1.7447354436995035 -1.7248616966991235 -1.7144939302454574 -1.706227585412663 -1.7573752712488675 -1.9990254647517924 -2.3136030503062113 -2.2795120712433863 -1.9751366842214835 -1.8668777363382694 -1.9270491537796868 -1.6859435530494287 -1.2085155458643786 -0.6317474664808509 0.4563881732638331 0.7604354505298048 0.942227166644754 1.4057839737557747 1.9234451345465835 2.3625079677244556 2.769240991741454 3.356660334771268 3.697189623973318 3.4719950824385064 2.723994036191006 2.2383584409627844 2.232080475072969 2.348519655043167 2.4745740289917655 2.7395304260621076 3.0261772929355786 3.3120820036979897 3.470932706208434 3.9275095421476456 -1.5406798660050989 -1.5310318448448021 -1.5515271084134066 -1.558696838922493 -1.5676752435914938 -1.567946950969878 -1.5778595202083032 -1.6231802961044892 -1.6712153762907191 -1.6621505828855503 -1.624584807989846 -1.7032826875258344 -1.851201364865488 -1.8294865366248805 -1.5203008149189596 -0.8059239371667207 0.165311277886693 0.8290081005930148 1.1345452899259734 1.556234537105307 2.150440808494206 2.6124271119779516 2.8863632491267666 3.032095982620698 3.0329377352977347 2.8701365464092596 2.6145110698399665 2.4781489283882796 2.522572564752004 2.6395012765294985 2.79095291421407 2.9910925862535747 3.2085782942158887 3.410197805541426 3.530245893992966 3.8778639366899195 -1.3952951050859852 -1.4043976774444902 -1.435095002126912 -1.4631477231771879 -1.4822933699519052 -1.4970244262369998 -1.5068686042538224 -1.507248997571165 -1.4948968059306975 -1.4635715705597598 -1.423936762049607 -1.421197981291782 -1.4295599358816835 -1.3522532320243876 -1.1245906235096854 -0.6477420304637436 -0.005101638544129496 0.46506269977095205 0.7330999577701877 1.077263667149953 1.5246920794017342 1.8961314732218886 2.1466569211112057 2.314737363173085 2.4171926639730783 2.468634473568042 2.4996807922568025 2.568917539482898 2.690648243384485 2.8371658181466963 2.997295294919855 3.1689616967666354 3.3376496549345105 3.4921565851291363 3.587465402483294 3.8605057676939847 -0.7396823393810255 -0.7795900294865677 -0.8310424641925784 -0.8956533833954716 -0.9592808722240624 -1.0169981768253709 -1.0628415858288651 -1.0930221105646225 -1.1022451057673335 -1.084158991579605 -1.0329355130873328 -0.9408459966938101 -0.8082291030085895 -0.6424643766535004 -0.4532875421333215 -0.262034408450601 -0.061572024779622675 0.19326294466145424 0.49939776719341694 0.8055103436459669 1.098429778736754 1.3948452306738728 1.694882695249226 1.9886717501857976 2.270836608439022 2.5387483555649695 2.78670101326307 3.0050453118866303 3.189973749168232 3.3420729895807013 3.4635189174291985 3.5600912221002874 3.63458631878966 3.692462809321644 3.726377734160372 3.8027667269406824 -23.190701874569196 -24.33830332837823 -24.834985360525273 -25.55339178987692 -26.293602983578573 -27.05912581163712 -27.79913921788235 -28.491385792230382 -29.13794793388179 -29.782362129787188 -30.42844308230948 -31.062348879417573 -31.61948114942537 -31.879509416784156 -32.01033898002535 -32.71684338557811 -33.98307626628191 -35.13299803274869 -35.79367901216939 -35.56345321875027 -34.65171332743755 -34.139124252048305 -34.07714936521217 -33.488886439792104 -32.26503814368134 -31.006055655535242 -29.88272355378238 -28.808512529488166 -27.746632661673193 -26.632480175396044 -25.444225886898913 -24.164158028134263 -22.876340596825067 -21.58981697219047 -20.777710764020263 -17.681065553645706 -18.378043297250223 -18.67482670258879 -18.916588957021265 -19.22881120321182 -19.56286299542358 -20.006630522466356 -20.507815098653946 -21.08331242336983 -21.724943227946454 -22.403336541324364 -23.003399173314584 -23.307552857530336 -23.08712219394551 -21.73368086975241 -19.983550751005943 -20.544143012374473 -23.298547752284602 -25.569022328583777 -26.185371622992538 -25.428043240926147 -24.221840208839243 -24.040208358967767 -24.73064866235619 -24.823980559985102 -24.12071009272194 -23.365555728007823 -22.66126082366119 -21.630410542261117 -20.31827300394392 -19.155201514933974 -18.229888668359557 -17.326163818629123 -16.434905311947148 -15.541112339168315 -14.970428888546307 -12.730695874222189 -17.21862887000203 -17.228801669367346 -17.39087933819577 -17.529060485523605 -17.735070200885215 -18.096393124705365 -18.59180779424145 -19.19572609893996 -19.88342289395649 -20.635601710899508 -21.25443811724295 -21.294457078780297 -20.725430204459578 -18.48100454320261 -14.82032482263992 -15.238727387415185 -18.104733506572572 -19.61057715236418 -20.902125697387277 -19.908213334962852 -18.42691451832061 -19.988161159692826 -21.610906459588993 -21.65401941917977 -21.474946342569353 -21.425885089318076 -21.156011893614124 -20.13786530850986 -18.502578082182172 -17.131923657131676 -16.23410124101768 -15.449777839961062 -14.712979670058036 -13.975528928743868 -13.490438342515562 -11.548117620354365 -15.403730290128033 -14.962038177534088 -14.985585205371128 -14.941234525567443 -15.00695210865866 -15.415695276491032 -16.090109083041416 -16.547386429779873 -16.76007862679211 -17.400400468042857 -18.347169182960748 -17.304992227309715 -16.604885649546514 -15.393264766577666 -10.742703948483914 -13.223392141053193 -15.686758908400941 -14.005694517436961 -13.759203330296115 -13.96865436283745 -14.366197833235699 -15.469901685627535 -15.564803288302043 -15.844842032733665 -17.029806033757232 -18.83385943196943 -17.892567319551617 -17.041611185046687 -15.642019514340754 -14.341379837584162 -13.382112616234465 -12.649281871416912 -12.108459711850697 -11.560114765728924 -11.226950181125495 -9.732877820484463 -13.702837023193766 -12.83792667145796 -12.73480923991035 -12.510705649884514 -12.44799957488466 -13.067795576237978 -14.126456375006201 -14.31683569905782 -13.834918543559528 -14.41375769774959 -15.315994079772302 -12.654613060638292 -13.006639089894136 -12.810704658150307 -14.32996876604896 -14.141379047210034 -12.117051151110353 -13.411998897580371 -13.677174398525137 -13.33267764938941 -14.07136901680675 -13.131649273227337 -11.95479095586531 -12.738985018701394 -12.411394605738312 -15.137790926319818 -14.279364709700124 -13.80562478366793 -13.067478611130127 -12.120617345045678 -10.983888533300561 -10.144655361347997 -9.65143661242752 -9.260097694820246 -9.132354544039899 -8.083640130497576 -12.198879221635202 -10.997318594001895 -10.785405033147594 -10.329480762585941 -10.05982376865247 -10.862692911039892 -12.357399053486485 -12.465883106194523 -11.789099778909776 -11.30289290506031 -9.687341744662895 -11.71882028804658 -11.83176851101978 -11.20862147562773 -11.700779452869101 -10.995368571066326 -11.1496642273205 -10.857567291157718 -11.96562112132766 -11.346535175937486 -11.597980384042692 -10.931711446336847 -11.931931859003827 -12.495612584952047 -11.339613708489077 -10.39223009930141 -10.666731412931057 -11.875753778535438 -11.402205400816726 -10.785443025370807 -9.390581641766296 -8.212920573418783 -7.490135151050056 -7.207161670189882 -7.3379416508021835 -6.677611919602309 -11.019857781267795 -9.602906421520741 -9.317511890927154 -8.690678356276013 -8.204688386301227 -8.97943121824711 -10.689261715993561 -10.902579597436121 -9.95563778057938 -7.997281082190695 -9.921765907539271 -9.482792795578298 -8.497480202673955 -8.992758114248932 -8.513282896096577 -9.316676007187452 -10.814449159247424 -8.413643360206672 -9.145637496091725 -9.903500381401628 -8.593401115728582 -9.618331980418159 -9.05073835356118 -7.815000877934318 -9.44150052017044 -8.598854655005201 -8.211410824618302 -10.6736843098828 -9.520290231181324 -9.767754144521335 -8.568131124923525 -7.09219189346523 -6.0200121340314405 -5.715246139822048 -5.964195585848472 -5.630294823717181 -10.055539395369111 -8.586310021016617 -8.343349005893284 -7.827561506193391 -7.40345441270111 -7.739960415178956 -8.253710584558535 -5.933935071515131 -8.052619404536316 -6.856200495537346 -7.458596588676093 -6.963439596146536 -7.944050064072182 -6.908255243596676 -7.664446679811288 -6.864346973975845 -6.267216504111934 -8.047705509817405 -7.275627911857578 -6.069027648907136 -8.204259989467618 -6.242137264189003 -8.88826677939575 -7.606916936876599 -7.2101692408598295 -8.232853465992967 -7.149352316113871 -6.876989357765433 -5.783893403844715 -8.792102438369247 -7.392557826417698 -6.290649273562917 -5.197139947702234 -4.763470656933156 -4.984892690948629 -4.818615959719782 -9.258050494773913 -7.84510644977906 -7.708588863618675 -7.501255902113512 -7.330669715742298 -7.000584468176969 -5.627648943261613 -5.624870740788297 -5.124870815607077 -3.6678479044080032 -5.741946887033304 -4.018178523112833 -5.025159563340887 -4.7402088200950665 -4.8276061881280805 -4.933665627459966 -4.502378941918478 -5.475064596863618 -5.4391529693646214 -4.736222876370531 -5.445231043499635 -4.493004553524001 -6.399480013377158 -3.7154850533368027 -4.594325093529051 -2.3963693415659044 -5.919474717451314 -3.987234558265351 -4.426415582854301 -5.719683944250083 -3.971429200379731 -5.397153394134641 -4.761113953694866 -4.310033504541506 -4.4397538008053585 -4.198389457803822 -8.581137115560677 -7.16933526493292 -6.9716777327108534 -6.692633665057071 -6.4548584021168995 -5.5893346536766195 -3.857689083587965 -3.773447786518353 -3.5698714369346236 -4.4822680812110605 -2.681102289967693 -3.8213086094491877 -3.3482800160793347 -3.8516341053349183 -3.2498519801277106 -4.399794631666985 -3.1727214810433497 -3.5628815558595726 -3.600463270496681 -4.279913840500182 -3.7825745956487964 -3.839852485279764 -2.773744780355162 -3.4270503581706535 -5.1371181456940125 -4.224835121751467 -3.800508016247469 -3.402263665556417 -2.0765043512584596 -3.346905547770762 -2.516202687555757 -3.6630142940494475 -3.8594280472856397 -3.696307467443765 -3.9698093894583266 -3.7283983375573686 -7.954834302275636 -6.517565378464303 -6.146669127635206 -5.485362188768741 -4.919907559597918 -2.7965973049308475 -2.0770214648480576 -2.173714194503869 -2.5826726020959043 -2.052580548035117 -2.1846581684413535 -2.340443097673481 -2.2018798927034258 -2.1305681787359916 -2.713340176955432 -2.4171834148358027 -2.027519434317464 -2.7218728064734403 -2.4405553748932136 -2.3178128214165947 -2.4568982219917888 -1.6155940402873754 -3.7265077500059074 -2.0356131401785764 -2.000290781084783 -1.7876625473324663 -1.7017778175559521 -1.10097635726393 -2.1052125271120437 -2.3138571486303543 -2.2666176162720992 -2.4099794244761887 -2.8399268530104327 -3.062906613116034 -3.5160734878725184 -3.3470590048924342 -7.277353182106024 -6.054585594242842 -5.762363647737355 -4.891389381206428 -3.9700543951828102 -3.0730337301649198 -1.7889187266554358 -3.0703887215118146 -1.914161630849648 -2.8011648660188495 -1.6521589664888305 -2.18496916749904 -2.5636773457059885 -2.06951746755067 -2.503358200294737 -1.8783504019275719 -2.300169780486681 -3.041846919796683 -2.4673945346385744 -1.9006676140628247 -3.428333638507964 -2.55505637471022 -2.037796545064623 -2.6410046648590457 -1.419495008310726 -2.0631061741200254 -4.03378585320393 -2.1779254472009684 -3.711944723046369 -3.2452650823769464 -1.7614454190284774 -3.43641848315086 -2.6557890419367864 -2.836120487798352 -3.286535506117652 -2.987143143875763 -6.475843795712873 -5.689929049177415 -5.730462722249783 -4.410326667175076 -2.212422805755077 -2.408901982138609 -3.604124642880617 -3.0305796390858015 -1.8037876931202472 -3.6705201460007317 -1.7765922154619516 -2.5165256428618576 -2.7118783521816363 -2.3669400500498075 -2.579892072213883 -2.978876791096881 -2.584731383865685 -1.4211526981162306 -2.89201791526645 -3.384687949706851 -2.3422984892543006 -3.4989726993266097 -3.22346162989604 -3.2248750237011543 -2.2249017468850196 -4.661970771517169 -4.025160492538308 -1.269526421810591 -2.751865682708718 -4.53512481370172 -2.8813190546647873 -2.4518089995367833 -2.749702576206487 -3.070518859688934 -3.2712542444137567 -2.5553621684575445 -5.485977575964918 -5.010714277188048 -5.319544010247926 -4.804847737067791 -3.8661520966462213 -3.6309445640908247 -3.176889278126182 -1.373012632345987 -3.9929231610683704 -1.2001335732240828 -3.6944880192220135 -2.6709781509527497 -3.361424885354187 -2.463414575225222 -3.2813831930627386 -2.9933456567637884 -2.023659104984755 -3.7260943406706626 -1.2706082950219584 -4.897253125939763 -4.142493271506986 -3.733862257097388 -2.5567855970922775 -2.6119836404009367 -3.82557239936181 -4.49362977589793 -3.818094831762378 -3.0313210356619305 -3.356956662200425 -3.7187274576777183 -3.801526913886728 -2.5760967297995307 -4.161352515983837 -3.690281781106178 -3.253694650626184 -1.897330612176838 -4.287693793606591 -3.9447508556912694 -4.372983342506695 -4.203086317806654 -4.870457482786828 -3.6239187455480737 -3.29039804003816 -4.465853816712543 -3.7226658261163483 -3.375441293325237 -2.7878625560308103 -2.1320175664530674 -2.878639198176051 -2.6148304533439335 -3.1792377835568724 -3.9046598584983596 -4.486640611105044 -3.104472481579594 -5.530976099816297 -4.459938254969061 -2.0359778215061626 -3.149189882557233 -3.4917329937931276 -4.37403378671331 -2.8792462633334446 -2.740154896854227 -3.9809475226345095 -3.202589185021002 -3.3750281891812586 -3.2712710524254742 -3.748928555591197 -4.434100228079847 -6.137698797482677 -4.343525115591316 -3.026187894180082 -0.9854778761487812 -2.9127778342706727 -2.7046586436840494 -2.901076454381936 -2.3423147768490944 -1.9542067454975494 -2.5517188758930858 -3.3371493114916726 -2.3583959880308867 -1.8687799977662083 -2.547573063522499 -2.261452035611622 -3.1551798491414433 -2.4475163707170897 -1.9044418112717552 -2.3185453977423323 -1.8316767851462075 -0.9457113320328427 -2.3435065424489636 -3.4901694786076423 -1.5977122083500341 -3.044637341396996 -1.9223169329032002 -2.451524352400392 -2.370672049440529 -0.9540889469749135 -1.0335689821674368 -2.713201522299026 -2.69956312581753 -1.7356416315660523 -1.6187271246985324 -0.12112984095310157 -2.337543682155962 -3.3513874225254696 -3.2147021780748566 -2.158705361039347 0.07387115789548447 -1.3714555772433679 -1.3330482765885627 -1.7475661314774737 -2.682095235443574 -0.42992527582774104 -0.8255450859474261 -0.6224094986412404 -1.2323945817241824 -1.1220713990471525 -0.714093374194095 -0.3579547320235334 -0.6710163060255105 -0.5142381266396605 -1.3598324898063534 -0.4526785955178234 -1.1787118212039547 -3.2745344736945463 -1.9049591946139113 0.11823742138284432 -1.1000685158526293 -1.547056642274053 -0.7291915392346843 -0.2701865515669235 -2.9151786795036214 -1.9629495364674054 0.6231722108173712 -1.4457434879403372 -1.8470620638810078 0.2689141202904865 -2.1658297733942793 0.8267144335629146 3.138446875633187 -1.233654327592339 -1.1182587132209147 -0.645249633156366 1.273099547831864 0.35086453088437286 0.35530373967953144 0.010041850199926363 0.4837385587654204 1.150808496025081 0.772186676716979 0.42648999576539565 0.29791811627460285 0.541171436555719 1.54798324582038 1.075334656862475 0.7020315406420674 1.0187611524145292 0.9217283560830626 0.7423798665869957 1.1238950778758172 0.8258243737310668 1.0451901221727555 1.507575580156264 0.7185631770056433 1.2195569231057426 0.2754806740632036 -1.0646304857051783 0.31285081693548356 -0.43267055477498156 2.646020249213751 0.2018325736653238 0.994315221693426 0.1938096363242258 0.9001887162985559 -0.2841803821395574 -0.00711395925028986 0.3685203297544284 0.6656046639519746 1.0667554503117687 2.6998501474727057 2.2054197580842465 2.2862065430034115 2.0469047917487875 2.776199798613277 1.3207968470824398 1.30790195565295 2.725550204322573 2.93082298416805 2.9526383212245615 2.3531292547082487 3.5472536198220017 4.063210093059847 1.540936287595316 3.309153624601646 1.5083970923074674 3.092200052896009 3.493055876246912 1.9367233436248195 1.645266550699052 2.9490630317124906 3.0929083637806927 1.1203368940957243 3.3363827839410702 2.8281943475070332 2.449148561646373 4.576007471289673 2.019202509515859 2.7509543493173885 3.860886749826742 4.030641357812399 2.8788128324227378 3.8310090210459844 2.0586531164409725 2.132822416075296 2.9238492555208278 4.316722285037107 4.07681451227685 4.188714819512815 3.8260053932071063 4.46827208720987 5.894599561248136 5.225178730470234 3.9757879804690552 5.057012028963801 4.721461051484955 4.4392383563285565 4.442921101215689 4.540474258264863 4.973860342247829 5.704855800771199 4.499666552630891 5.749985371480298 5.124129910586014 4.261865609596373 6.2923470365411855 5.87543943757478 3.579239319247588 6.594337104969499 5.457842131960938 5.286132204981927 6.571619683860542 5.609557689339616 4.072402867987654 5.136896110066971 5.14540542700583 4.946537809037991 6.147960505826907 5.961051194644393 6.045692648981072 5.644196175454349 5.372665190491218 5.979312381468349 5.884786175962271 5.99406317281598 5.685981230191299 5.683632944087044 5.029829324496205 7.150745186553227 6.890515430314943 4.885428254054148 6.444985372982949 7.311395062466364 7.129724038323029 7.171771264837609 7.026591372516978 6.094607560582698 7.014558701386819 7.2920499882314305 7.0824948297290335 7.420426798979771 6.1237505449754845 5.900865213219833 5.922822578334835 8.877553984506036 4.465721412198619 7.172571952203671 8.630850498853953 8.704004465149344 6.624053285506353 8.538682250103134 7.570978198827024 7.726762908823718 7.24311067301653 6.49593198915315 8.41740868856238 9.070248378983182 8.036750218864478 7.562797864470483 7.554208617301409 7.769827961293175 7.656916514949607 8.171015834653575 8.329407038184891 7.934192377051317 8.216550300373138 9.194092326463116 9.066293008385877 8.288743634645918 8.390602361664953 9.149297252401604 9.102426647970333 8.988453059328247 9.509205645960202 8.580402564590607 8.23992250722331 7.911784000348262 8.9133136041281 8.27061204979258 8.686074548376558 9.14577830644677 8.546559171304123 9.047826717232672 9.876347581048819 9.40729714501068 8.129960794124631 9.37802684696959 9.570101858424797 8.171702211100094 8.81023303646948 10.142786771052632 10.463203658219152 10.714154876059254 9.665012777988057 8.897383061991633 9.056458741483327 9.439985272531112 9.635723010661025 10.827630561442827 11.70140327281111 9.618801401010655 10.63162288294552 8.194112503945261 10.368692908773632 9.693760863912159 10.648469234703805 10.352260021533176 9.107468802160177 10.427887257553673 10.843805342267233 10.370097426070473 10.276479181241378 9.625681254296916 10.859127415378548 9.645039977495463 9.429397395631764 11.131173115016011 9.79397286555413 8.581771475956318 9.302289663953093 8.957959789227093 10.681926757618852 10.193626060278637 11.406619935957208 9.466683959046016 11.219494809054659 8.72123167427692 10.19017647605528 10.769557508280771 10.21881544514435 9.957897718955616 10.416950212665634 10.768536208045704 11.029313198819548 11.974716740065023 11.443021602057769 11.800340088421956 10.867050900837047 9.789287992659045 12.041314301400835 11.805703511200205 10.98664892156437 10.316365236152931 11.040424727705872 10.577770455484378 10.883341160728358 10.608032330229042 10.906871001295574 9.88273034976831 10.569766587050093 11.383388736714581 10.123590362737842 10.65994883874928 9.516559964606419 11.91802220444778 10.707329172449791 12.721990801509287 11.720361783529444 11.556263549404735 10.802926304644147 11.8800896839882 11.072772780847535 10.823052196900218 11.707375497525206 11.423950581261552 10.932978686873389 10.881618101813542 11.636370417035929 11.722832113665868 11.73887973657656 11.728076277674315 11.006990275320947 11.230530131565358 9.43684885880926 9.606419846021138 10.429021408046708 9.673196570732213 9.758027938054527 11.090409424204072 10.72037893477959 11.266678821054438 9.531546943687927 10.28381754289114 11.105662392687544 10.41319541201889 9.927629496708782 10.30289744789933 11.341479845224224 10.327057752152287 9.991054045815783 10.900293032353591 10.914334516341924 8.903156328569422 10.26851667596642 10.788464044062223 10.875831289553664 9.644557195787204 10.041128369852993 12.906685650172022 13.178497472332754 12.855916353214395 11.982804521716655 11.706271838641218 12.697020894163426 12.465684952698519 12.201248108472207 11.678004792558095 11.071371471777919 9.33557819379057 9.340234565160758 10.340226248290845 9.73390724920765 10.56444375118934 9.002138767754952 9.614683242870807 9.586593326210902 9.709924517809498 8.94276904695078 9.732170904905487 9.938967252998781 9.539084766484278 9.252834387132557 9.137461843906543 8.448809372963089 9.44275134367549 9.902704570990572 7.920494638856033 10.557657248036913 9.160287953974247 9.77781245319799 10.67335637216886 8.155207849859892 9.273834482117632 11.826879896337646 13.02329043892407 13.5158603357852 13.263953849332909 12.520030071408515 12.399425765222116 13.611995815674357 13.091187926796632 12.655584206186283 11.769724747307288 10.609511842416923 9.566509018497777 9.334866119671144 9.328506428994414 8.244303831666496 8.570507436064085 8.229978460553887 8.084647002980663 8.945151427394189 8.94820907684093 9.072164735234697 9.722415120021028 8.231356726573386 9.66141667459883 9.376837268493219 9.580326790003705 9.046490779811698 8.20738919273484 8.749159697303378 10.174688170063018 9.304682924826576 9.061991509822999 9.86773442026525 7.729838065384198 9.014479989423423 11.20290818650394 12.293113676983447 12.76227121510441 12.899131597120052 12.762994563439914 12.522082920466339 12.976274648988717 14.429519636771172 13.698463631544719 13.16941047466271 12.25229311554404 11.134221226175674 10.216945282499886 9.872876746188632 9.384274957811373 8.9802093163056 8.735693031055382 11.511826570038258 10.758055914697287 9.02201268281211 9.747779778459844 9.463559286382482 10.088394040006435 9.571130830991375 9.229775398813787 8.559876581459825 6.829070058425934 9.91924274197466 9.094621418056995 9.579255104775356 9.7912898676957 7.579653437353727 11.4660529318493 8.333708090192323 7.089249475875758 11.853571200656729 11.98727910279933 12.373026661131368 12.497241000441162 12.429403240777635 12.464173598963313 12.562115895996383 13.480025816260062 15.16455068389507 14.332818805545871 13.821822676316703 13.097138002350977 12.367949209571778 11.903945869704538 11.774279785448261 11.87594707488409 12.444764348148423 10.784735171371745 9.220492331439784 10.2078748223606 10.39468924262292 11.675463085148237 10.581757135708534 9.867578461477773 11.840851829780688 11.187222667610738 12.302984749478817 12.668689545867103 10.123312814939665 10.92153458024357 9.953624144818752 10.601474002793806 9.717348271693936 9.61848623400023 9.5797629417315 13.576557765061176 15.02651342525229 14.166775841372356 13.153093649840395 12.453465363738651 12.355976014128435 12.60076971149328 12.823973071759807 13.95360428027985 15.800038588451391 14.953339084129869 14.493781652623863 13.909925399141134 13.437986865935164 13.240654604918046 13.327754339178892 13.523545793189683 14.210291170227807 13.876916726377763 13.180512708119096 14.072856184534146 12.49576307758597 11.411921369648283 12.134540560123416 13.462747908495645 12.002037756736504 10.36117970159468 12.599845046252629 10.60453296212271 12.892214334651719 12.258968220378533 13.282989033431923 12.992110101326812 14.518252393357757 14.124978954928068 15.611849852439926 15.010659659152738 15.42766753571977 15.024750043599331 13.633125960766202 12.750364529647195 12.64904514347654 13.017515888780556 13.284402858922352 14.44894499253255 16.350207408379685 15.546754062564814 15.123502779281557 14.58885557301063 14.149514493520725 13.912330116568546 13.926044634185262 14.101608559157086 14.492075782119686 15.365290766700785 16.52715047913319 15.178721812209591 13.7470123185463 14.133676408779861 15.424513764153858 14.534433959304806 13.726744114636244 14.507417074563342 15.326572082981217 14.38642814782728 13.941199819483382 14.442979570049427 13.646834381899119 13.439616395474106 15.339569448165603 17.38767941490485 17.64471104652144 16.386543244664622 15.598972366561954 14.775058384736823 13.907879580994818 13.466317028113648 13.462833583173316 13.773312380192618 13.969510828468833 15.010395015165837 16.873300234352605 16.150912829786407 15.77844531036668 15.308312344457692 14.908443300730248 14.631750226240547 14.563302611957184 14.726930747750353 15.183009393630416 16.366824541007716 17.66036856208948 17.369247938748785 16.38358339181395 17.407529300980094 18.97261218585618 17.86786552742426 17.348117734234492 16.245262617130795 14.039836843788798 16.847784405769026 16.86018101631741 18.1471128087702 19.440010192819344 20.49631512005066 22.58717487085081 22.039446928435236 19.760442685574564 17.611615941466543 16.18581971426967 15.286107602449551 14.842620948923274 14.65279458168577 14.653540423499466 14.795744293145278 14.891863857986545 15.714520843507229 17.35439715383503 16.731196824827137 16.418666085981073 16.044413849134173 15.741614267834887 15.511020274852232 15.448366488905132 15.6198785609719 16.083872100703083 16.939423747386734 17.975563639791936 18.49166498247047 18.750977095053912 20.338600798631973 22.87415456004053 24.732440526573026 24.802438802255725 23.974235914385368 22.876867708082028 23.881219343933154 26.798407106416512 27.309794954284353 26.177132606349776 24.911120326287154 24.21944837659709 22.786171358785857 20.665721960377436 18.842826902322635 17.638069899978372 16.858790514890405 16.429599350866543 16.15010729071347 16.007550465603654 15.996412733880987 15.972917372726474 16.504578545107652 17.828368619844724 17.323736373887467 17.072659535695934 16.792667894718274 16.60286480347805 16.486891123908553 16.492771505352426 16.718017121071018 17.18599783022686 17.870331698358445 18.747987971357478 19.723393106446913 20.905025371847746 22.778381141134496 25.142455596528478 27.070547438515426 28.145402973161854 28.023292363058836 27.268416622460666 28.008239825853067 30.07645879000036 30.70733842738085 29.427000513258605 27.617722616957842 25.75416493640416 23.84697663377353 22.056149663153263 20.62702738206131 19.606495269035822 18.820833109533226 18.209392010870815 17.75668095004024 17.440095918020365 17.245610983888636 17.10626550865821 17.366978311582997 18.05128735724317 17.628973024827143 17.416766107968527 17.190501653153916 17.059330087411922 17.029107173689827 17.141258405123285 17.457435076963186 17.986724330209455 18.685301919421697 19.537256592910897 20.52953363232817 21.69306772020133 23.169326276375973 24.84939349907154 26.363357221192157 27.484618516595944 27.927119016431384 27.924554998781144 28.512062213853778 29.584323095036105 29.820618169758287 28.986632286970817 27.710459433666365 26.258758592748144 24.766300052890784 23.35141194953776 22.09864758083226 21.03870474377408 20.129232603860086 19.364684965894796 18.76421038753342 18.31881252233315 17.997460859092865 17.781737719517867 17.857893144399814 20.04187467703801 19.95118631549957 19.88220384801859 19.86334687417382 19.960327056930574 20.218432075168877 20.667489816595086 21.32286898504338 22.172170073289035 23.16878662148926 24.275520796234797 25.455368942731763 26.67116463829483 27.878230307364284 29.059937539817604 30.238621122746657 31.388680408814935 32.45844479412555 33.35035010681845 33.869455297126244 33.99082061103064 33.86605957775629 33.52319604527486 32.891852179593535 31.982138056310987 30.861706899023392 29.58851765965903 28.22213661612795 26.83631469346502 25.529987849884026 24.363291108029706 23.36693450112864 22.55958965193045 21.90443173913034 21.473130744307987 20.96388548396893)
(UseCyclicTransform "false")
(UseDirectionCosines "true")

// ResampleInterpolator specific
(ResampleInterpolator "FinalNearestNeighborInterpolator")

// Resampler specific
(CompressResultImage "true")
(DefaultPixelValue 0)
(Resampler "DefaultResampler")
(ResultImageFormat "mha")
(ResultImagePixelType "float")
