(BSplineTransformSplineOrder 3)
(Direction 1 0 0 1)
(FixedImageDimension 2)
(FixedInternalImagePixelType "float")
(GridDirection 1 0 0 1)
(GridIndex 0 0)
(GridOrigin -2429.357801019168 -2141.1731738615244)
(GridSize 8 8)
(GridSpacing 1600.0375154018109 1600.037769745792)
(HowToCombineTransforms "Compose")
(Index 0 0)
(InitialTransformParameterFileName "results/lungTMA7/my_reg_project-modality_fluo_to_modality_brightfield_reg_output/TransformParameters.0.txt")
(MovingImageDimension 2)
(MovingInternalImagePixelType "float")
(NumberOfParameters 128)
(Origin 0 0)
(Size 6524 6502)
(Spacing 1 1)
(Transform "BSplineTransform")
(TransformParameters -14.552974581745094 -10.910996154203449 -10.031681401418158 -7.124025692977096 -3.185253905025815 -1.1170151568588154 -1.109490017872104 -2.2560273397071304 -10.0018278081893 -6.397060849046591 -7.530916439599997 -1.7604619385124431 6.248436397794017 7.32348364870926 4.39053380844716 2.880583437105477 -9.266188032413256 -5.796804053544044 -4.090542845993501 0.10742741174932481 -3.2037942624542075 3.0923763111478078 1.4650823484395934 2.4437427788491957 -7.575405262283393 -7.231264322470182 0.8098978792900415 -0.8748076379891024 1.715684644183237 -0.13506316667542145 1.0800696536819534 3.8187682821537647 -5.367696113627887 -4.976846009707615 -1.4802676290505605 -0.9785155556510978 0.9245719764693421 0.7829155892505753 9.575066748961905 5.801285988367897 -3.282290602273877 -2.2373954581098667 -2.510944523846932 0.05204806621276847 -0.20271538602275785 1.1225807695918224 4.41984656867094 5.5538206721845516 -2.1450790060969807 0.00936190644762152 -1.1530798563327143 -2.123299326282485 2.675810805984761 4.965669926076138 3.711374817230825 3.79235138659931 1.495582643882996 3.296471430507771 2.713728513315626 2.5470572226874655 2.6641018554901086 2.6615986487273178 2.5115834836956275 2.3130398112271444 -44.33467975549466 -42.874744005143036 -43.69441516080536 -44.30332664722977 -44.39381142560956 -41.25160891688159 -37.510676911354025 -23.32082058519226 -24.811580428032673 -22.425671022947636 -37.44656153347557 -45.49200793379657 -49.00995987070606 -36.64197011382666 -17.533694206991527 -3.977228386235635 -20.56781059661734 -10.434588433585375 -1.4297875108502753 0.07407662248462543 -0.17388029643957378 0.9742219990462874 -4.440123491105433 0.046969991184860165 -10.36365180968295 -8.206585714005145 -6.104672719147525 -7.034371848914865 -7.01054899893498 -8.491147045218714 -3.992260474326842 7.093126444223636 1.8893102596649165 11.015266156051808 10.596330218644177 13.400650225324052 11.89345201179496 13.565387545465551 10.74105109741713 14.074351975909298 11.176683085896533 20.657780379121114 10.556774081997409 5.720748150786246 5.404987882874894 7.475207986102531 15.858118872872954 20.8438914513678 13.81072111228604 19.505327693102085 18.217566643600822 37.62261724446873 51.83570632982634 27.035180807827746 17.83018379669453 23.93274209214767 33.7759286282293 40.91075894659606 40.352055605852115 41.85499886304175 43.984382516734016 44.52992958753775 43.11464305367749 47.91445330533628)
(UseCyclicTransform "false")
(UseDirectionCosines "true")

// ResampleInterpolator specific
(ResampleInterpolator "FinalNearestNeighborInterpolator")

// Resampler specific
(CompressResultImage "true")
(DefaultPixelValue 0)
(Resampler "DefaultResampler")
(ResultImageFormat "mha")
(ResultImagePixelType "float")
