1:ItNr	2:Metric	3a:Time	3b:StepSize	4:||Gradient||	Time[ms]
0	-0.980639	0.000000	60014.899384	0.000774	14.7
1	-1.012692	0.000000	60014.899384	0.000656	0.7
2	-1.017806	1.000000	57286.949412	0.000747	0.8
3	-1.026200	2.000000	54796.212481	0.000981	0.9
4	-1.016775	3.000000	52513.036961	0.000926	0.8
5	-1.032387	4.000000	50412.515483	0.001124	0.9
6	-1.013056	5.000000	48473.572579	0.001071	0.8
7	-1.022528	6.000000	46678.255077	0.000603	0.9
8	-1.034542	7.000000	45011.174538	0.000523	0.9
9	-1.026206	8.000000	43459.065071	0.000413	0.7
10	-1.031307	9.000000	42010.429569	0.000461	0.7
11	-1.025920	10.000000	40655.254421	0.000777	0.8
12	-1.025356	11.000000	39384.777721	0.000791	0.7
13	-1.020001	12.000000	38191.299608	0.000758	0.7
14	-1.024585	13.000000	37068.026090	0.000685	0.7
15	-1.013391	14.000000	36008.939630	0.000325	0.8
16	-1.022054	15.000000	35008.691307	0.000337	0.7
17	-1.022816	16.000000	34062.510461	0.000377	0.8
18	-1.021210	17.000000	33166.128607	0.000380	0.7
19	-1.023438	18.000000	32315.715053	0.000303	0.7
20	-1.023058	19.000000	31507.822177	0.000200	0.7
21	-1.027067	20.000000	30739.338709	0.000109	0.7
22	-1.025815	21.000000	30007.449692	0.000063	0.7
23	-1.017770	22.000000	29309.602025	0.000082	0.7
24	-1.030891	23.000000	28643.474706	0.000043	0.6
25	-1.024642	23.915097	28059.894556	0.000083	0.7
26	-1.015909	24.915097	27448.768961	0.000075	0.6
27	-1.030819	25.915097	26863.695696	0.000076	0.7
28	-1.023381	26.905885	26308.101657	0.000046	0.7
29	-1.024746	27.905884	25770.168872	0.000097	0.8
30	-1.025358	28.816947	25298.878276	0.000052	0.7
31	-1.017647	29.816947	24801.034954	0.000147	0.7
32	-1.023015	30.816947	24322.407088	0.000128	0.7
33	-1.032453	31.816947	23861.903248	0.000065	0.7
34	-1.031469	32.816947	23418.513118	0.000128	0.8
35	-1.028365	33.816947	22991.300107	0.000113	0.7
36	-1.030890	34.816947	22579.394741	0.000031	0.7
37	-1.018051	35.813514	22183.329216	0.000113	0.8
38	-1.028569	36.813496	21799.631095	0.000179	0.8
39	-1.018765	37.813496	21428.974145	0.000041	0.8
40	-1.030764	38.813496	21070.710951	0.000074	0.8
41	-1.017587	38.799088	21075.787803	0.000073	0.7
42	-1.024793	39.799088	20729.141356	0.000080	0.7
43	-1.019973	40.799088	20393.713406	0.000120	0.7
44	-1.022429	41.799088	20068.968030	0.000036	0.7
45	-1.030676	42.798587	19754.557929	0.000020	0.7
46	-1.027716	42.818082	19748.523467	0.000080	0.7
47	-1.023852	42.803668	19752.984749	0.000070	0.9
48	-1.014913	43.803668	19448.171992	0.000079	0.8
49	-1.020755	44.803668	19152.623545	0.000088	0.7
50	-1.013436	45.803664	18865.924587	0.000026	0.7
51	-1.032926	46.209563	18751.987524	0.000056	0.7
52	-1.018438	46.196462	18755.643619	0.000065	0.8
53	-1.030159	46.182046	18759.668191	0.000105	0.7
54	-1.022890	47.182046	18484.527309	0.000254	0.8
55	-1.031179	48.182046	18217.340540	0.000292	0.8
56	-1.015348	49.182046	17957.767876	0.000206	0.8
57	-1.027291	50.182046	17705.488419	0.000146	0.9
58	-1.036711	51.182046	17460.199051	0.000048	0.8
59	-1.026776	52.166098	17225.366924	0.000122	0.7
60	-1.032877	53.166098	16993.113005	0.000065	0.6
61	-1.013248	54.166098	16767.038838	0.000093	0.7
62	-1.027093	55.166098	16546.901018	0.000239	0.7
63	-1.019653	56.166098	16332.468755	0.000098	0.7
64	-1.020972	57.166098	16123.523072	0.000076	0.7
65	-1.011211	57.151682	16126.497220	0.000102	0.8
66	-1.017988	58.151682	15922.755534	0.000105	0.8
67	-1.029371	59.151682	15724.097750	0.000096	0.8
68	-1.025002	60.151682	15530.335929	0.000107	0.8
69	-1.028298	61.151682	15341.291280	0.000036	0.7
70	-1.022853	62.151678	15156.794328	0.000079	0.8
71	-1.010328	63.096914	14986.434504	0.000056	0.8
72	-1.011507	63.094807	14986.809900	0.000100	0.6
73	-1.035495	63.080391	14989.379435	0.000068	0.7
74	-1.033600	64.080391	14813.200440	0.000225	0.8
75	-1.019860	65.080391	14641.114786	0.000259	0.9
76	-1.012449	66.080391	14472.981471	0.000084	0.8
77	-1.033122	67.080391	14308.665881	0.000132	0.8
78	-1.016530	68.080391	14148.039443	0.000053	0.7
79	-1.033258	69.073567	13992.039222	0.000078	0.7
80	-1.027103	69.059152	13994.278935	0.000135	0.7
81	-1.027214	70.059152	13840.595546	0.000276	0.8
82	-1.024940	71.059152	13690.250955	0.000100	0.7
83	-1.024329	72.059152	13543.137525	0.000102	0.8
84	-1.022127	72.044736	13545.235829	0.000183	0.6
85	-1.019111	73.044736	13401.206121	0.000137	0.6
86	-1.030871	74.044736	13260.207190	0.000046	0.7
87	-1.022068	75.044736	13122.144369	0.000059	0.8
88	-1.029745	76.044635	12986.940338	0.000050	0.7
89	-1.018625	77.044635	12854.480901	0.000076	0.8
90	-1.020925	77.033185	12855.982230	0.000068	0.8
91	-1.023346	78.033185	12726.167339	0.000071	0.8
92	-1.026308	79.033185	12598.947884	0.000040	0.8
93	-1.026085	80.033147	12474.251504	0.000067	0.7
94	-1.013432	80.018854	12476.016521	0.000074	0.8
95	-1.015565	81.018853	12353.725310	0.000143	0.8
96	-1.024872	82.018853	12233.808179	0.000182	0.7
97	-1.022411	83.018853	12116.196728	0.000066	0.7
98	-1.027833	83.007150	12117.560089	0.000102	0.8
99	-1.037375	83.153827	12100.495222	0.000147	0.9
100	-1.022426	84.153827	11985.420996	0.000106	0.7
101	-1.034844	85.148989	11873.055923	0.000046	0.8
102	-1.027083	86.148989	11762.247077	0.000076	0.7
103	-1.027143	86.134582	11763.828847	0.000097	0.6
104	-1.022942	87.134582	11655.040071	0.000107	0.8
105	-1.016301	88.134582	11548.244958	0.000087	0.8
106	-1.026288	88.120166	11549.770597	0.000057	0.8
107	-1.027267	89.120164	11444.887472	0.000070	0.9
108	-1.021419	90.120164	11341.891877	0.000099	0.8
109	-1.007714	91.120164	11240.733517	0.000047	0.8
110	-1.016914	91.105748	11242.178982	0.000063	0.8
111	-1.025365	92.105474	11142.810673	0.000049	0.8
112	-1.007387	92.091059	11144.231062	0.000032	0.8
113	-1.024605	93.076117	11047.999532	0.000147	0.7
114	-1.020950	93.061701	11049.395851	0.000055	0.7
115	-1.017916	94.061690	10953.366723	0.000125	0.7
116	-1.025251	94.047274	10954.739223	0.000073	0.7
117	-1.023210	94.032858	10956.112066	0.000028	0.8
118	-1.019345	94.018443	10957.485229	0.000075	0.7
119	-1.016411	94.004169	10958.845233	0.000023	0.8
120	-1.028701	93.992430	10959.963982	0.000060	0.8
121	-1.023676	94.017747	10957.551501	0.000108	0.8
122	-1.026983	95.016754	10863.197300	0.000049	0.7
123	-1.029178	95.532804	10815.091023	0.000068	0.7
124	-1.018685	95.696588	10799.912024	0.000084	0.8
125	-1.024028	96.696588	10708.151403	0.000261	0.8
126	-1.023668	97.696588	10617.936919	0.000210	0.8
127	-1.018307	98.696588	10529.229822	0.000073	0.8
128	-1.031680	99.696588	10441.992643	0.000074	0.7
129	-1.020840	100.696588	10356.189148	0.000040	0.8
130	-1.023752	101.078698	10323.773959	0.000118	0.7
131	-1.026662	102.078698	10239.894505	0.000084	0.7
132	-1.023412	102.064282	10241.094017	0.000091	0.7
133	-1.027050	103.064282	10158.547342	0.000066	0.7
134	-1.008211	104.064282	10077.320750	0.000071	0.7
135	-1.031526	105.064282	9997.382797	0.000049	0.7
136	-1.023314	106.064282	9918.703073	0.000040	0.6
137	-1.023084	107.039032	9843.192870	0.000106	0.6
138	-1.015549	108.036638	9767.093316	0.000051	0.7
139	-1.017757	108.202103	9754.584902	0.000031	0.7
140	-1.021374	108.206786	9754.231385	0.000047	0.6
141	-1.028424	109.085766	9688.322722	0.000075	0.7
142	-1.012301	109.071351	9689.396463	0.000050	0.8
143	-1.016851	109.096143	9687.549956	0.000081	0.7
144	-1.031080	109.081727	9688.623546	0.000107	0.9
145	-1.021072	109.067312	9689.697328	0.000030	0.9
146	-1.018873	109.053118	9690.754865	0.000064	0.8
147	-1.031727	110.052717	9616.839078	0.000037	1.0
148	-1.022925	110.038301	9617.897052	0.000062	0.8
149	-1.030455	111.037623	9545.104359	0.000040	0.8
150	-1.016459	111.860887	9485.958686	0.000037	0.7
151	-1.012199	112.818846	9418.052290	0.000078	0.8
152	-1.026691	113.728313	9354.476850	0.000046	0.8
153	-1.020829	113.713897	9355.477882	0.000253	0.7
154	-1.031361	114.713897	9286.542584	0.000112	0.7
155	-1.025254	115.713897	9218.615748	0.000067	0.7
156	-1.025669	115.699481	9219.587912	0.000045	1.2
157	-1.016988	116.699478	9152.633740	0.000066	0.8
158	-1.035655	117.699477	9086.644842	0.000038	0.8
159	-1.020496	118.690094	9022.206573	0.000048	0.9
160	-1.015891	118.675682	9023.137518	0.000094	0.8
161	-1.016159	119.675682	8958.996103	0.000076	0.7
162	-1.022382	120.675682	8895.760155	0.000048	1.1
163	-1.022682	121.675443	8833.425435	0.000040	1.0
164	-1.025197	121.928046	8817.813736	0.000064	0.8
165	-1.022969	121.920729	8818.265170	0.000016	0.7
166	-1.027185	122.845816	8761.554034	0.000031	0.7
167	-1.042515	122.831972	8762.397320	0.000088	0.7
168	-1.030666	123.821652	8702.516971	0.000098	0.8
169	-1.029681	124.821652	8642.837789	0.000033	0.7
170	-1.016304	125.821652	8583.971561	0.000066	1.5
171	-1.018251	125.807367	8584.806850	0.000018	1.1
172	-1.022463	126.763651	8529.248440	0.000086	0.7
173	-1.020966	127.578678	8482.461280	0.000023	0.8
174	-1.033209	128.377665	8437.090550	0.000038	1.0
175	-1.023854	128.368979	8437.581170	0.000067	0.9
176	-1.023816	128.354564	8438.395561	0.000096	0.8
177	-1.019041	129.351591	8382.437974	0.000029	0.9
178	-1.019874	130.290054	8330.441104	0.000130	0.8
179	-1.017704	130.275646	8331.234550	0.000111	0.8
180	-1.025693	131.275646	8276.523014	0.000055	0.7
181	-1.020545	131.261274	8277.304222	0.000074	0.7
182	-1.027522	131.246858	8278.087979	0.000105	0.7
183	-1.033229	132.246858	8224.069985	0.000123	0.7
184	-1.020652	133.246858	8170.752400	0.000049	0.7
185	-1.020919	133.232442	8171.516107	0.000154	0.7
186	-1.017597	134.232442	8118.875590	0.000064	0.7
187	-1.025249	135.232442	8066.908947	0.000079	0.8
188	-1.029832	136.232442	8015.603320	0.000074	0.8
189	-1.028237	137.232442	7964.946178	0.000046	0.8
190	-1.030838	137.776498	7937.653910	0.000114	0.7
191	-1.014034	137.767302	7938.113626	0.000023	0.8
192	-1.029183	138.764423	7888.570321	0.000130	0.7
193	-1.026642	138.914448	7881.169628	0.000060	0.9
194	-1.021111	139.914081	7832.210073	0.000061	0.8
195	-1.030691	140.106250	7822.867748	0.000065	0.7
196	-1.015133	140.091835	7823.567768	0.000118	0.7
197	-1.021537	141.091835	7775.301501	0.000081	0.8
198	-1.028189	142.091023	7727.665578	0.000076	1.0
199	-1.025401	142.076607	7728.348699	0.000036	1.0
