1:ItNr	2:Metric	3a:Time	3b:StepSize	4:||Gradient||	Time[ms]
0	-0.657494	0.000000	32602.675038	0.001245	78.9
1	-0.690226	0.000000	32602.675038	0.001683	3.6
2	-0.608245	1.000000	31120.735264	0.002200	3.1
3	-0.651190	2.000000	29767.659817	0.002782	3.3
4	-0.583103	3.000000	28527.340658	0.001686	3.6
5	-0.688334	4.000000	27386.247032	0.001704	3.5
6	-0.623699	3.986639	27400.891180	0.002548	3.7
7	-0.634533	4.986639	26346.468898	0.002644	3.3
8	-0.623553	5.986639	25370.190640	0.002626	3.4
9	-0.638652	6.986639	24463.679835	0.002737	3.6
10	-0.622074	7.986639	23619.715833	0.002627	3.4
11	-0.651250	8.986639	22832.041168	0.002754	3.3
12	-0.627704	9.986639	22095.206135	0.002597	3.5
13	-0.670849	10.986639	21404.442527	0.002650	3.5
14	-0.621210	11.986639	20755.560338	0.002672	3.3
15	-0.670243	12.986639	20144.862694	0.002711	3.3
16	-0.627620	13.986639	19569.075386	0.002685	3.5
17	-0.675917	14.986639	19025.288138	0.002518	3.4
18	-0.639497	15.986639	18510.905413	0.002773	3.3
19	-0.668823	16.986639	18023.604985	0.002650	3.3
20	-0.652277	17.986639	17561.302888	0.002838	3.4
21	-0.662200	18.986639	17122.123619	0.002777	3.0
22	-0.656898	19.986639	16704.374712	0.002782	3.3
23	-0.665707	20.986639	16306.524941	0.002804	3.1
24	-0.655836	21.986639	15927.185562	0.002783	3.4
25	-0.669015	22.986639	15565.094119	0.002637	3.6
26	-0.665108	23.986639	15219.100409	0.002771	3.4
27	-0.668915	24.986639	14888.154275	0.002818	3.2
28	-0.665124	25.986639	14571.294959	0.002592	3.5
29	-0.677746	26.986639	14267.641791	0.002511	3.4
30	-0.672034	27.986639	13976.386010	0.002662	3.7
31	-0.671165	28.986639	13696.783574	0.002573	3.3
32	-0.673503	29.986639	13428.148814	0.002498	3.6
33	-0.678728	30.986639	13169.848814	0.002488	3.5
34	-0.678755	31.986639	12921.298443	0.002523	3.5
35	-0.678547	32.986639	12681.955918	0.002574	3.9
36	-0.675684	33.986639	12451.318874	0.002476	3.2
37	-0.684015	34.986639	12228.920832	0.002341	3.4
38	-0.683677	35.986639	12014.328060	0.002346	3.3
39	-0.684065	36.986639	11807.136744	0.002318	3.8
40	-0.686537	37.986639	11606.970453	0.002288	3.3
41	-0.687542	38.986639	11413.477857	0.002235	3.2
42	-0.689376	39.986639	11226.330672	0.002047	3.1
43	-0.690882	40.986639	11045.221793	0.001724	3.6
44	-0.696918	41.986639	10869.863622	0.001372	3.3
45	-0.696341	42.986639	10699.986539	0.001315	3.4
46	-0.702833	43.986639	10535.337517	0.001386	3.5
47	-0.693428	44.986639	10375.678870	0.001304	3.4
48	-0.696871	45.986639	10220.787103	0.001175	3.3
49	-0.698264	46.986639	10070.451871	0.001149	3.2
50	-0.696685	47.986639	9924.475027	0.001099	3.4
51	-0.698194	48.986639	9782.669746	0.000935	3.5
52	-0.702317	49.986639	9644.859731	0.000687	3.2
53	-0.699368	50.986639	9510.878483	0.000459	3.1
54	-0.702592	51.986639	9380.568626	0.000344	3.3
55	-0.701108	52.986639	9253.781293	0.000367	3.3
56	-0.700495	53.986639	9130.375558	0.000382	3.1
57	-0.697342	54.986639	9010.217914	0.000371	3.4
58	-0.707516	55.986639	8893.181789	0.000257	4.6
59	-0.705546	56.986639	8779.147104	0.000204	3.6
60	-0.698268	57.986639	8667.999862	0.000092	3.2
61	-0.702257	58.986639	8559.631765	0.000214	3.3
62	-0.697640	58.973278	8561.061809	0.000241	3.7
63	-0.703321	59.973278	8455.334809	0.000238	3.1
64	-0.698675	60.973278	8352.187356	0.000279	3.2
65	-0.698290	61.973278	8251.526185	0.000412	3.1
66	-0.700196	62.973278	8153.262470	0.000403	3.1
67	-0.700188	63.973278	8057.311571	0.000230	3.2
68	-0.701674	64.973278	7963.592781	0.000157	3.0
69	-0.703909	65.973278	7872.029108	0.000133	3.3
70	-0.701059	66.973278	7782.547060	0.000098	3.5
71	-0.699804	67.973278	7695.076449	0.000173	3.2
72	-0.705790	68.973278	7609.550225	0.000103	3.3
73	-0.699728	69.973278	7525.904232	0.000131	3.3
74	-0.700150	70.053638	7519.262170	0.000150	3.4
75	-0.700548	71.053623	7437.579883	0.000273	3.2
76	-0.705692	72.053623	7357.651992	0.000272	3.1
77	-0.703470	73.053623	7279.423724	0.000279	3.3
78	-0.699551	74.053623	7202.841439	0.000195	3.2
79	-0.698066	75.053623	7127.853727	0.000112	3.2
80	-0.701424	76.053623	7054.411299	0.000266	3.6
81	-0.705203	77.053623	6982.466876	0.000146	3.1
82	-0.706834	78.053623	6911.975089	0.000156	3.2
83	-0.704448	78.040262	6912.907549	0.000169	3.1
84	-0.702016	79.040262	6843.806295	0.000061	3.2
85	-0.705276	79.895445	6785.798694	0.000105	3.1
86	-0.704415	79.882088	6786.697145	0.000101	3.2
87	-0.699858	80.820337	6724.159379	0.000088	3.2
88	-0.701525	80.898873	6718.976948	0.000112	3.0
89	-0.700635	81.548234	6676.430666	0.000127	3.0
90	-0.700761	82.548117	6611.961612	0.000067	3.3
91	-0.703921	82.704633	6601.982564	0.000120	3.1
92	-0.702400	82.691272	6602.833254	0.000141	3.1
93	-0.698088	82.685063	6603.228611	0.000154	3.2
94	-0.701285	83.685063	6540.151528	0.000248	3.3
95	-0.701136	84.685063	6478.268124	0.000180	3.7
96	-0.700947	85.685063	6417.544833	0.000121	3.3
97	-0.702600	85.671702	6418.348653	0.000149	3.3
98	-0.700096	86.671702	6358.738299	0.000077	4.3
99	-0.707232	87.671693	6300.225547	0.000092	3.5
100	-0.701875	87.658332	6301.000244	0.000094	3.3
101	-0.702285	87.644987	6301.774190	0.000150	3.5
102	-0.702587	88.639267	6244.625644	0.000083	4.1
103	-0.702831	89.639070	6188.195341	0.000110	3.3
104	-0.703367	89.812684	6178.500094	0.000075	3.4
105	-0.700659	90.458422	6142.704746	0.000117	4.0
106	-0.703592	91.454790	6088.279372	0.000099	3.6
107	-0.704396	92.454790	6034.616768	0.000157	3.4
108	-0.698571	93.452196	5982.027441	0.000246	3.2
109	-0.703732	94.452196	5930.213551	0.000192	3.6
110	-0.701023	95.452196	5879.289534	0.000191	3.5
111	-0.700884	96.452196	5829.232662	0.000179	3.3
112	-0.702321	97.452196	5780.020973	0.000062	3.5
113	-0.699972	97.448661	5780.193462	0.000239	3.8
114	-0.699327	97.468352	5779.232721	0.000204	3.5
115	-0.699302	98.468352	5730.858130	0.000232	3.4
116	-0.701495	99.468352	5683.286647	0.000269	3.1
117	-0.705468	100.468352	5636.498438	0.000170	4.0
118	-0.701589	101.468352	5590.474315	0.000229	3.3
119	-0.700700	102.468352	5545.195714	0.000292	3.4
120	-0.703340	103.468352	5500.644664	0.000228	3.4
121	-0.705392	104.468352	5456.803771	0.000209	3.8
122	-0.701987	105.468352	5413.656187	0.000077	3.3
123	-0.699974	106.468352	5371.185596	0.000183	3.6
124	-0.702333	106.454991	5371.748653	0.000155	3.9
125	-0.699411	107.454991	5329.930514	0.000163	4.3
126	-0.704485	108.454991	5288.758440	0.000105	4.6
127	-0.704766	109.454991	5248.217575	0.000180	3.9
128	-0.703966	109.603302	5242.257769	0.000202	4.0
129	-0.701494	110.603302	5202.423983	0.000132	6.7
130	-0.700432	111.603302	5163.190993	0.000212	3.7
131	-0.702133	111.589941	5163.711285	0.000131	3.5
132	-0.703717	112.589941	5125.057841	0.000084	3.2
133	-0.702611	112.742045	5119.229167	0.000095	3.3
134	-0.698046	112.728739	5119.738521	0.000084	4.1
135	-0.701883	112.715378	5120.250085	0.000090	3.1
136	-0.702114	113.673028	5083.840372	0.000086	3.1
137	-0.704715	113.662038	5084.255270	0.000099	3.1
138	-0.701597	114.592420	5049.369113	0.000097	3.5
139	-0.704387	115.592420	5012.402433	0.000098	3.1
140	-0.699642	115.579059	5012.892768	0.000151	3.1
141	-0.703539	116.578931	4976.460920	0.000157	3.0
142	-0.698261	117.578931	4940.550260	0.000082	3.6
143	-0.704972	118.578931	4905.154166	0.000079	3.2
144	-0.703952	118.565570	4905.623750	0.000094	3.2
145	-0.700009	119.554634	4871.103537	0.000068	3.1
146	-0.706583	119.541274	4871.566610	0.000124	3.5
147	-0.701008	120.145952	4850.696506	0.000099	3.2
148	-0.699526	121.145550	4816.585376	0.000166	3.1
149	-0.700172	122.018218	4787.195545	0.000127	3.2
150	-0.705535	123.018211	4753.955581	0.000127	3.4
151	-0.701586	124.018211	4721.173797	0.000174	3.3
152	-0.701405	125.018211	4688.841023	0.000158	3.1
153	-0.705817	125.004850	4689.270103	0.000090	3.2
154	-0.703566	125.967772	4658.546332	0.000153	3.4
155	-0.703213	125.990119	4657.838087	0.000185	3.3
156	-0.698433	126.744193	4634.064881	0.000112	3.2
157	-0.698109	127.744193	4602.910288	0.000082	3.1
158	-0.703329	127.783643	4601.689837	0.000111	3.2
159	-0.697576	127.770966	4602.081943	0.000080	3.5
160	-0.702764	127.781489	4601.756448	0.000119	3.0
161	-0.701900	127.775957	4601.927561	0.000199	3.1
162	-0.700454	128.775957	4571.202152	0.000086	3.3
163	-0.698650	129.775957	4540.884313	0.000098	3.2
164	-0.700213	130.625722	4515.435563	0.000144	3.2
165	-0.702612	130.612744	4515.822086	0.000141	3.1
166	-0.699045	131.612743	4486.232036	0.000082	3.1
167	-0.701020	131.605397	4486.447995	0.000230	3.5
168	-0.699544	131.592036	4486.840829	0.000252	3.2
169	-0.707274	132.592036	4457.628111	0.000292	3.2
170	-0.704686	133.592036	4428.793326	0.000157	3.2
171	-0.704482	134.592036	4400.329187	0.000161	3.5
172	-0.702305	134.578675	4400.707085	0.000099	3.1
173	-0.696919	134.565314	4401.085048	0.000190	3.0
174	-0.701253	135.565314	4372.974830	0.000147	3.1
175	-0.696663	135.551953	4373.348044	0.000159	3.5
176	-0.703376	136.551953	4345.589911	0.000085	3.2
177	-0.702567	137.551919	4318.182829	0.000149	3.1
178	-0.701893	138.546422	4291.266241	0.000155	3.0
179	-0.706296	139.546422	4264.537110	0.000121	3.3
180	-0.704300	140.546422	4238.138896	0.000117	3.2
181	-0.703184	141.546422	4212.065491	0.000148	3.1
182	-0.700358	142.290917	4192.861357	0.000161	3.2
183	-0.703380	143.290917	4167.340400	0.000159	3.3
184	-0.703823	144.290917	4142.128244	0.000066	3.0
185	-0.696855	145.290897	4117.219822	0.000103	3.2
186	-0.700111	145.292981	4117.168221	0.000072	3.0
187	-0.702576	145.279620	4117.499047	0.000062	3.2
188	-0.701010	145.266551	4117.822697	0.000120	3.4
189	-0.706568	145.253203	4118.153303	0.000089	3.2
190	-0.702264	145.239842	4118.484287	0.000091	3.1
191	-0.702671	146.239703	4093.861463	0.000094	3.1
192	-0.697904	146.412516	4089.635551	0.000094	3.1
193	-0.703794	147.412501	4065.352471	0.000091	3.3
194	-0.704827	147.399140	4065.675022	0.000080	3.2
195	-0.698845	148.332993	4043.253248	0.000129	3.1
196	-0.702970	148.319633	4043.572297	0.000119	3.3
197	-0.702076	149.319632	4019.831220	0.000083	3.0
198	-0.704838	149.307467	4020.118361	0.000096	3.2
199	-0.706041	150.003303	4003.759955	0.000115	3.1
