1:ItNr	2:Metric	3a:Time	3b:StepSize	4:||Gradient||	Time[ms]
0	-0.684895	0.000000	369115.926423	0.000198	69.1
1	-0.696955	0.000000	369115.926423	0.000123	3.4
2	-0.696747	0.000000	369115.926423	0.000080	3.4
3	-0.702549	1.000000	352337.929768	0.000043	3.5
4	-0.701442	2.000000	337018.889343	0.000057	3.4
5	-0.701247	1.979981	337312.480128	0.000089	3.4
6	-0.709173	2.979981	323246.060426	0.000136	3.7
7	-0.700945	3.979981	310305.856120	0.000141	3.5
8	-0.706249	4.979981	298361.819146	0.000115	3.5
9	-0.702053	5.979981	287303.182121	0.000117	3.4
10	-0.712116	6.979981	277035.012890	0.000204	3.8
11	-0.710188	6.959962	277233.364590	0.000174	3.4
12	-0.710654	7.959962	267660.376871	0.000134	3.4
13	-0.717390	8.959962	258726.441202	0.000113	3.5
14	-0.710618	9.959962	250369.633861	0.000105	3.7
15	-0.717088	10.959962	242535.781287	0.000107	3.7
16	-0.717948	11.959962	235177.284387	0.000120	3.5
17	-0.714082	12.959962	228252.150563	0.000165	3.7
18	-0.712236	13.959962	221723.191869	0.000159	3.7
19	-0.720648	14.959962	215557.356953	0.000154	3.9
20	-0.716867	15.959962	209725.171451	0.000092	3.5
21	-0.719044	16.959962	204200.266839	0.000070	4.2
22	-0.720735	16.939944	204308.011925	0.000080	3.9
23	-0.721287	16.919925	204415.870773	0.000082	4.8
24	-0.722647	17.919925	199163.654289	0.000077	4.2
25	-0.722587	18.919925	194174.575430	0.000068	3.9
26	-0.718908	18.899906	194271.997722	0.000053	4.0
27	-0.724203	18.879887	194369.517821	0.000067	3.9
28	-0.724416	18.859868	194467.135875	0.000069	3.6
29	-0.725445	18.839850	194564.852031	0.000078	4.5
30	-0.724619	19.015128	193712.600871	0.000070	4.0
31	-0.722646	19.020992	193684.214104	0.000065	3.9
32	-0.729620	19.000974	193781.144839	0.000066	4.0
33	-0.727974	18.980955	193878.172643	0.000054	4.1
34	-0.722175	18.960936	193975.297662	0.000052	4.2
35	-0.726663	18.940917	194072.520041	0.000057	3.9
36	-0.723570	18.920898	194169.839926	0.000057	3.8
37	-0.726053	18.900880	194267.257465	0.000056	4.1
38	-0.731566	18.880861	194364.772804	0.000056	3.8
39	-0.724062	18.860842	194462.386091	0.000068	3.9
40	-0.728270	18.840823	194560.097473	0.000092	4.4
41	-0.727385	19.840823	189796.234214	0.000097	3.8
42	-0.729134	20.840823	185260.084600	0.000081	4.4
43	-0.726919	21.840823	180935.702608	0.000056	3.9
44	-0.726284	21.820805	181020.289821	0.000071	3.9
45	-0.733743	21.800786	181104.956662	0.000082	4.2
46	-0.732460	22.800786	176970.214479	0.000063	3.9
47	-0.732224	23.800780	173020.076473	0.000058	4.3
48	-0.727955	23.780762	173097.423366	0.000052	3.7
49	-0.732751	23.760743	173174.839444	0.000079	3.6
50	-0.733915	23.740724	173252.324801	0.000068	4.1
51	-0.734321	24.739971	169467.409115	0.000067	3.9
52	-0.733599	24.719953	169541.611569	0.000054	3.7
53	-0.734868	24.699934	169615.879031	0.000076	3.9
54	-0.736236	24.679915	169690.211588	0.000058	4.0
55	-0.731520	24.659896	169764.609324	0.000049	3.8
56	-0.736235	24.639877	169839.072325	0.000051	3.7
57	-0.737684	24.619859	169913.600678	0.000053	4.1
58	-0.735980	24.599840	169988.194468	0.000069	3.7
59	-0.742783	24.579821	170062.853782	0.000064	3.6
60	-0.737932	24.559802	170137.578706	0.000050	3.7
61	-0.734351	24.539784	170212.369326	0.000048	3.8
62	-0.738527	24.519765	170287.225730	0.000092	3.5
63	-0.736614	24.499746	170362.148004	0.000071	3.7
64	-0.734817	25.499746	166698.425880	0.000054	4.3
65	-0.737504	25.479727	166770.222794	0.000069	3.8
66	-0.739865	25.459708	166842.081581	0.000096	3.9
67	-0.741255	26.459708	163326.634746	0.000102	3.9
68	-0.738483	27.459708	159956.275323	0.000063	4.0
69	-0.741627	28.459708	156722.202976	0.000057	3.6
70	-0.740978	28.439690	156785.661891	0.000062	3.8
71	-0.740365	28.419671	156849.172218	0.000058	3.8
72	-0.743512	28.399652	156912.734018	0.000050	3.9
73	-0.741215	28.379633	156976.347355	0.000070	3.5
74	-0.744470	28.359614	157040.012292	0.000057	3.6
75	-0.741419	28.339596	157103.728891	0.000055	3.6
76	-0.741179	28.319577	157167.497215	0.000057	3.5
77	-0.743165	28.299558	157231.317326	0.000065	3.5
78	-0.742735	28.279539	157295.189290	0.000056	3.6
79	-0.744524	28.259520	157359.113167	0.000050	3.4
80	-0.741608	28.239502	157423.089022	0.000052	3.3
81	-0.746656	28.219483	157487.116919	0.000050	3.6
82	-0.743195	28.199464	157551.196920	0.000051	3.5
83	-0.748831	28.179445	157615.329089	0.000051	3.6
84	-0.748333	28.159427	157679.513490	0.000053	3.4
85	-0.746193	28.139408	157743.750188	0.000047	5.2
86	-0.750345	28.119389	157808.039245	0.000048	3.9
87	-0.751166	28.099370	157872.380726	0.000054	3.5
88	-0.750671	28.079351	157936.774695	0.000051	4.3
89	-0.749465	28.059333	158001.221216	0.000056	3.7
90	-0.745236	28.039314	158065.720354	0.000056	4.3
91	-0.754244	28.019295	158130.272173	0.000058	4.1
92	-0.748883	27.999276	158194.876737	0.000060	3.7
93	-0.750446	27.979257	158259.534112	0.000081	4.2
94	-0.748669	27.959239	158324.244362	0.000051	3.9
95	-0.744830	27.939220	158389.007552	0.000056	4.1
96	-0.753521	27.919201	158453.823747	0.000087	4.1
97	-0.750597	27.899182	158518.693012	0.000080	4.2
98	-0.752069	27.879163	158583.615413	0.000075	3.9
99	-0.753531	27.859145	158648.591014	0.000069	3.6
100	-0.752543	27.839126	158713.619881	0.000060	3.7
101	-0.751980	27.819107	158778.702079	0.000065	3.9
102	-0.756661	27.799088	158843.837675	0.000086	3.6
103	-0.754252	27.779069	158909.026733	0.000078	3.5
104	-0.756298	27.759088	158974.146191	0.000057	3.4
105	-0.753834	27.739070	159039.442272	0.000057	3.9
106	-0.756640	27.719051	159104.792014	0.000079	3.5
107	-0.758136	27.699032	159170.195482	0.000073	3.8
108	-0.756766	27.679013	159235.652744	0.000066	3.8
109	-0.755873	27.658994	159301.163865	0.000086	3.5
110	-0.753409	27.638976	159366.728912	0.000064	3.5
111	-0.755275	27.618957	159432.347952	0.000077	3.7
112	-0.762759	27.598938	159498.021051	0.000080	3.4
113	-0.762249	27.579065	159563.268531	0.000072	3.4
114	-0.759126	27.559047	159629.049554	0.000079	3.7
115	-0.762846	27.539028	159694.884836	0.000081	3.5
116	-0.762711	27.519011	159760.769530	0.000059	3.5
117	-0.758558	27.498992	159826.713529	0.000059	3.4
118	-0.759079	27.478973	159892.711990	0.000059	3.9
119	-0.763135	27.458954	159958.764981	0.000061	3.5
120	-0.762766	27.438935	160024.872567	0.000059	3.4
121	-0.763694	27.418917	160091.034818	0.000061	3.8
122	-0.767811	27.398898	160157.251801	0.000071	3.6
123	-0.768476	27.378879	160223.523585	0.000077	3.5
124	-0.769983	27.358860	160289.850236	0.000075	3.5
125	-0.765483	27.338841	160356.231824	0.000073	3.6
126	-0.767646	27.318823	160422.668417	0.000059	3.5
127	-0.769273	27.298804	160489.160082	0.000071	3.4
128	-0.767149	27.278785	160555.706889	0.000093	3.5
129	-0.770866	27.961701	158316.282872	0.000077	3.9
130	-0.767256	28.961701	155147.529993	0.000082	3.4
131	-0.768647	29.916256	152238.893096	0.000059	3.8
132	-0.765491	29.896237	152298.772544	0.000071	3.3
133	-0.770223	29.876218	152358.699116	0.000058	3.7
134	-0.769900	29.856200	152418.672865	0.000078	3.5
135	-0.771613	29.836181	152478.693849	0.000110	3.6
136	-0.772895	30.836181	149537.144310	0.000060	3.6
137	-0.768983	30.816162	149594.916881	0.000069	3.5
138	-0.773889	30.796143	149652.734108	0.000061	3.4
139	-0.769899	30.776124	149710.596045	0.000067	3.5
140	-0.773670	30.756106	149768.502743	0.000066	3.7
141	-0.775870	30.736087	149826.454253	0.000068	3.4
142	-0.777201	30.716068	149884.450629	0.000068	3.6
143	-0.777298	30.696049	149942.491921	0.000091	3.3
144	-0.775703	30.676031	150000.578183	0.000068	3.8
145	-0.777052	30.656012	150058.709466	0.000083	3.3
146	-0.781624	30.635993	150116.885824	0.000074	3.5
147	-0.777824	30.615974	150175.107307	0.000065	3.5
148	-0.776112	30.595955	150233.373970	0.000069	3.5
149	-0.781266	30.575937	150291.685864	0.000073	3.4
150	-0.782692	30.555918	150350.043042	0.000071	3.7
151	-0.780266	30.535899	150408.445557	0.000071	6.5
152	-0.781565	30.515880	150466.893462	0.000064	3.7
153	-0.783547	30.495861	150525.386810	0.000068	3.8
154	-0.781737	30.475843	150583.925653	0.000063	3.6
155	-0.780839	30.455824	150642.510045	0.000066	3.5
156	-0.785322	30.435805	150701.140040	0.000082	3.4
157	-0.781265	30.415786	150759.815689	0.000097	3.6
158	-0.786877	31.409419	147901.554147	0.000065	3.7
159	-0.789157	31.389400	147958.069594	0.000064	3.4
160	-0.783985	31.369381	148014.628248	0.000083	3.9
161	-0.789530	31.349362	148071.230159	0.000080	3.8
162	-0.789082	31.329343	148127.875114	0.000062	3.7
163	-0.787451	31.309325	148184.563688	0.000065	3.5
164	-0.785026	31.289306	148241.295668	0.000073	3.8
165	-0.788958	31.269287	148298.071103	0.000075	3.6
166	-0.789227	31.249268	148354.890045	0.000074	3.8
167	-0.787836	31.229250	148411.752542	0.000061	3.4
168	-0.789363	31.209231	148468.658646	0.000063	3.6
169	-0.789104	31.189212	148525.608405	0.000068	3.6
170	-0.790309	31.169193	148582.601871	0.000063	3.4
171	-0.790475	31.149174	148639.639094	0.000077	3.6
172	-0.795925	31.129156	148696.720125	0.000102	3.5
173	-0.793715	32.127011	145903.831297	0.000100	3.9
174	-0.795647	33.127011	143208.248657	0.000098	3.4
175	-0.795785	33.106993	143261.230951	0.000070	3.4
176	-0.796630	33.086974	143314.255116	0.000065	3.6
177	-0.803547	33.066956	143367.318546	0.000093	3.7
178	-0.801973	33.046937	143420.421286	0.000101	3.4
179	-0.798966	34.046937	140815.000722	0.000074	3.3
180	-0.800719	34.698008	139168.971425	0.000064	3.6
181	-0.798363	34.677989	139219.009055	0.000072	3.4
182	-0.801505	34.657970	139269.082679	0.000081	3.5
183	-0.799740	34.637951	139319.192336	0.000100	3.2
184	-0.800467	35.637951	136859.371865	0.000089	3.6
185	-0.796370	36.637951	134484.905633	0.000069	3.4
186	-0.801911	36.617933	134531.631108	0.000057	3.4
187	-0.799662	36.597914	134578.389062	0.000058	3.3
188	-0.809879	36.577895	134625.179530	0.000061	3.7
189	-0.799810	36.557876	134672.002546	0.000080	3.3
190	-0.808679	36.537857	134718.858144	0.000090	3.4
191	-0.804924	36.517839	134765.744390	0.000075	3.3
192	-0.807232	36.497821	134812.665252	0.000076	3.9
193	-0.805630	36.477802	134859.618798	0.000071	3.5
194	-0.805693	36.457783	134906.605062	0.000068	3.4
195	-0.806114	36.437764	134953.624078	0.000101	3.3
196	-0.809071	36.417746	135000.675880	0.000112	3.7
197	-0.809177	37.417746	132689.722682	0.000086	3.6
198	-0.809492	38.409428	130474.821113	0.000062	3.3
199	-0.807596	38.389409	130518.801146	0.000061	3.2
