1:ItNr	2:Metric	3a:Time	3b:StepSize	4:||Gradient||	Time[ms]
0	-0.073566	0.000000	324.830197	0.000413	71.9
1	-0.078321	0.000000	324.830197	0.001252	1.2
2	-0.071179	0.000000	324.830197	0.000390	1.2
3	-0.077559	0.000000	324.830197	0.000549	1.1
4	-0.075988	0.998951	310.079970	0.000460	1.4
5	-0.074657	1.997993	296.609973	0.000286	1.3
6	-0.074923	1.361707	305.049796	0.000814	1.4
7	-0.072909	2.361635	291.993008	0.000481	1.2
8	-0.075500	1.719991	300.239303	0.000272	1.3
9	-0.071182	2.129947	294.917850	0.000553	1.2
10	-0.073926	1.698912	300.518111	0.000466	1.4
11	-0.071660	2.696529	287.866384	0.000802	1.5
12	-0.073072	2.324048	292.463567	0.000492	1.3
13	-0.075461	3.317662	280.513564	0.000815	1.3
14	-0.070001	4.317620	269.434261	0.000193	1.4
15	-0.069757	3.791212	275.155335	0.000446	1.2
16	-0.066224	3.955414	273.344859	0.000607	1.1
17	-0.078461	3.388145	279.702868	0.000422	1.4
18	-0.070011	4.384260	268.726920	0.000174	1.1
19	-0.067711	5.169049	260.668019	0.000442	1.4
20	-0.073899	4.569604	266.779031	0.000666	1.0
21	-0.069758	3.928699	273.637791	0.000374	1.1
22	-0.078631	4.928586	263.085471	0.000695	1.0
23	-0.075487	5.928348	253.317958	0.000466	1.0
24	-0.072499	5.284064	259.527372	0.000802	1.2
25	-0.075653	6.284064	250.015323	0.000745	1.0
26	-0.070987	5.639511	256.064541	0.001152	1.0
27	-0.076439	6.639511	246.800103	0.000733	1.1
28	-0.072962	7.639511	238.182634	0.000545	1.1
29	-0.071156	8.639221	230.148901	0.000583	1.0
30	-0.072695	9.639219	222.637335	0.000126	0.9
31	-0.074241	9.237748	225.593328	0.000454	0.8
32	-0.069962	8.682916	229.810112	0.000802	1.0
33	-0.071055	8.038327	234.911401	0.000474	1.0
34	-0.071723	7.393758	240.244146	0.000342	1.0
35	-0.070890	7.015182	243.490627	0.000564	1.0
36	-0.074688	6.718539	246.096456	0.000361	0.9
37	-0.075379	6.074069	251.954520	0.000405	0.9
38	-0.075319	5.645763	256.004459	0.000530	1.1
39	-0.071501	5.005169	262.310702	0.000117	1.1
40	-0.068161	5.065426	261.704298	0.000236	1.0
41	-0.074018	4.669146	265.744493	0.000285	2.4
42	-0.072162	5.102514	261.332458	0.000621	1.0
43	-0.072584	4.563247	266.845373	0.000646	0.9
44	-0.078197	5.563247	256.799712	0.000821	1.0
45	-0.072196	6.563247	247.482969	0.000482	1.0
46	-0.074101	7.423597	239.991938	0.001117	1.0
47	-0.072943	6.779018	245.560663	0.000575	0.9
48	-0.072814	6.134521	251.393203	0.000940	1.1
49	-0.067734	5.489933	257.510438	0.000398	1.0
50	-0.077068	5.210584	260.254950	0.000325	0.9
51	-0.075222	4.573224	266.741261	0.000753	1.0
52	-0.076059	3.928646	273.638374	0.000566	0.9
53	-0.073928	3.339428	280.262713	0.000695	0.9
54	-0.066838	4.339410	269.202559	0.000541	0.9
55	-0.074815	3.852956	274.471744	0.000460	0.8
56	-0.072454	4.808220	264.312462	0.000907	1.0
57	-0.069032	5.004247	262.320002	0.000770	0.9
58	-0.072535	4.359757	268.986574	0.000760	1.0
59	-0.072206	3.862159	274.370148	0.000428	0.9
60	-0.076217	4.862158	263.761212	0.000610	1.0
61	-0.073049	4.217583	270.503093	0.000346	1.1
62	-0.072879	3.573794	277.589785	0.000580	1.0
63	-0.068705	3.926037	273.667017	0.000299	1.1
64	-0.073919	3.453034	278.960642	0.000596	1.2
65	-0.073508	3.440602	279.102546	0.000486	1.1
66	-0.073220	2.796027	286.662729	0.000280	1.0
67	-0.073053	3.214402	281.709790	0.000484	1.2
68	-0.072456	2.586185	289.213120	0.000761	0.9
69	-0.076594	3.586184	277.449889	0.000715	0.8
70	-0.075895	4.586184	266.606151	0.001387	1.0
71	-0.073870	5.584234	256.596976	0.000714	1.1
72	-0.069557	6.584234	247.294670	0.000622	0.9
73	-0.074157	7.584234	238.643234	0.000745	1.0
74	-0.073734	8.556065	230.796428	0.000283	1.0
75	-0.073571	9.555940	223.244124	0.000513	0.9
76	-0.071883	10.287762	218.022435	0.000239	0.9
77	-0.077660	9.660109	222.485643	0.000765	1.0
78	-0.069871	9.017510	227.248501	0.000533	0.9
79	-0.069748	10.013359	219.951478	0.000681	1.1
80	-0.072899	9.377232	224.557466	0.000656	1.0
81	-0.071349	9.020183	227.228267	0.000235	0.9
82	-0.073588	8.377979	232.195486	0.000753	1.0
83	-0.073697	7.733685	237.401993	0.000372	0.9
84	-0.070099	8.732670	229.425548	0.000670	1.0
85	-0.078662	8.088120	234.509282	0.000249	1.0
86	-0.073795	7.446175	239.801454	0.000601	1.0
87	-0.073960	8.281363	232.961636	0.000208	0.9
88	-0.076446	8.857501	228.466343	0.000272	1.0
89	-0.069953	9.268691	225.362710	0.000601	0.9
90	-0.070732	8.789335	228.989140	0.000893	1.0
91	-0.072826	9.789328	221.551902	0.000492	1.0
92	-0.071130	9.144747	226.289313	0.000621	1.1
93	-0.073165	9.773261	221.667576	0.000335	0.9
94	-0.071061	10.335836	217.687956	0.000409	1.0
95	-0.070644	9.692923	222.247788	0.000398	0.9
96	-0.072772	9.048927	227.010902	0.000402	0.9
97	-0.077307	8.568422	230.699973	0.000158	0.9
98	-0.072898	8.256007	233.163542	0.000176	0.9
99	-0.073740	8.131720	234.158303	0.000384	0.9
100	-0.071650	8.052862	234.793879	0.000391	0.9
101	-0.075794	9.050672	226.997721	0.000382	0.9
102	-0.073566	8.787895	229.000207	0.000448	0.9
103	-0.071910	9.150277	226.247807	0.000414	0.8
104	-0.070096	8.518719	231.088424	0.000828	1.0
105	-0.076492	8.027367	235.000097	0.000825	0.9
106	-0.074582	8.676422	229.860398	0.000716	0.9
107	-0.075131	8.031834	234.963945	0.000405	1.1
108	-0.072750	9.031817	227.140237	0.000333	0.8
109	-0.076289	9.450575	224.016598	0.000316	0.9
110	-0.073049	8.822521	228.734319	0.000627	0.9
111	-0.071788	9.821998	221.317066	0.000888	0.9
112	-0.071956	9.177410	226.044390	0.000522	0.9
113	-0.072555	8.533190	230.975185	0.000211	1.0
114	-0.067007	9.380171	224.535739	0.000283	0.8
115	-0.072053	10.103996	219.310538	0.000607	0.9
116	-0.074099	11.091141	212.564401	0.000641	0.8
117	-0.075722	10.446559	216.921481	0.000623	0.9
118	-0.070737	11.062199	212.756280	0.000417	1.1
119	-0.076092	10.418600	217.114515	0.000933	1.0
120	-0.075267	11.417850	210.422163	0.000357	1.0
121	-0.072298	12.417826	204.125611	0.000647	1.1
122	-0.074006	11.781999	208.084755	0.001042	0.9
123	-0.074863	12.781998	201.925122	0.000361	1.0
124	-0.072548	12.166553	205.672089	0.000827	1.1
125	-0.070984	11.522734	209.743564	0.000406	1.2
126	-0.073880	10.878265	213.983861	0.000261	1.0
127	-0.073616	11.394267	210.575350	0.000586	1.0
128	-0.072749	12.384606	204.328732	0.000314	1.0
129	-0.074508	11.740399	208.349148	0.000531	1.0
130	-0.073940	12.738563	202.185084	0.000945	1.0
131	-0.078577	12.100014	206.085539	0.000391	1.3
132	-0.071240	13.100013	200.041983	0.000382	1.1
133	-0.066583	12.459096	203.873833	0.000143	1.1
134	-0.073272	12.837766	201.592332	0.000301	0.9
135	-0.077463	13.255378	199.134693	0.000586	0.9
136	-0.070681	12.832603	201.623098	0.000288	0.8
137	-0.070572	13.818888	195.911890	0.000682	0.9
138	-0.074936	14.810167	190.488758	0.000673	1.0
139	-0.075415	15.810165	185.313870	0.000414	0.9
140	-0.074309	15.166551	188.611685	0.000320	0.8
141	-0.073179	14.580403	191.718857	0.000740	0.9
142	-0.077470	15.580256	186.478578	0.000462	0.9
143	-0.072914	14.935668	189.823497	0.000289	0.9
144	-0.071686	15.330515	187.760457	0.000366	1.0
145	-0.072638	15.834842	185.189720	0.000243	0.9
146	-0.070814	15.641102	186.168914	0.000463	1.0
147	-0.070216	15.229115	188.285971	0.000997	0.9
148	-0.072820	16.229115	183.228479	0.000738	1.0
149	-0.073853	15.585426	186.452225	0.000467	0.8
150	-0.077991	16.584962	181.493707	0.001244	0.9
151	-0.071027	15.940374	184.660668	0.000471	1.0
152	-0.075656	15.295786	187.940116	0.000746	0.9
153	-0.068808	16.295724	182.901242	0.000387	0.9
154	-0.076322	15.698562	185.877424	0.000800	0.9
155	-0.073753	16.566961	181.580676	0.000387	0.8
156	-0.072746	16.055869	184.085123	0.000376	0.9
157	-0.070559	15.723689	185.750243	0.000407	0.9
158	-0.072400	15.110266	188.905676	0.000590	1.0
159	-0.074022	15.525383	186.758729	0.000185	0.9
160	-0.070062	14.915921	189.927864	0.000481	1.1
161	-0.075253	14.299805	193.242829	0.000466	1.0
162	-0.073004	15.290613	187.966903	0.000644	1.1
163	-0.074821	16.042565	184.151236	0.000535	0.9
164	-0.071442	15.534210	186.713608	0.000144	0.9
165	-0.070781	16.341591	182.676580	0.000486	0.9
166	-0.066207	16.233222	183.208270	0.000608	1.0
167	-0.071373	15.606465	186.345064	0.000759	1.1
168	-0.073945	16.606462	181.389945	0.000401	1.1
169	-0.076368	17.606458	176.691531	0.000366	1.0
170	-0.077806	17.010829	179.460284	0.000452	0.8
171	-0.073129	16.370096	182.537241	0.000552	0.9
172	-0.074589	16.584203	181.497373	0.001089	0.9
173	-0.073792	15.939615	184.664464	0.000970	1.0
174	-0.077928	16.939615	179.797138	0.000430	1.1
175	-0.074880	16.386097	182.459115	0.000631	1.1
176	-0.072971	17.384288	177.714229	0.000324	0.9
177	-0.072882	17.110932	178.988910	0.000441	1.0
178	-0.073406	16.694075	180.968341	0.000641	0.9
179	-0.073282	17.693881	176.292324	0.000531	0.9
180	-0.071539	17.051251	179.269640	0.000209	1.0
181	-0.071209	16.426966	182.259873	0.000373	1.0
182	-0.076185	17.188725	178.624295	0.000321	1.0
183	-0.071576	16.560540	181.611715	0.000380	0.9
184	-0.069252	16.076630	183.982045	0.001141	0.9
185	-0.076602	17.076598	179.150306	0.000358	0.9
186	-0.069889	18.076598	174.565713	0.000409	1.0
187	-0.075115	18.510429	172.648950	0.000658	0.9
188	-0.074931	18.623129	172.157886	0.000965	1.1
189	-0.069816	19.623129	167.919958	0.000338	1.1
190	-0.074320	18.987435	170.589438	0.000409	1.0
191	-0.073958	18.681396	171.905096	0.000571	1.0
192	-0.073156	19.671793	167.719041	0.000789	1.0
193	-0.071162	20.485905	164.427754	0.000766	1.1
194	-0.072999	21.476054	160.594817	0.000589	0.9
195	-0.076449	20.831466	163.069450	0.000241	1.0
196	-0.071727	20.612790	163.926384	0.000317	0.9
197	-0.070444	20.125976	165.866804	0.000568	0.9
198	-0.077207	20.731739	163.459140	0.000471	1.0
199	-0.075511	21.726083	159.655032	0.000865	1.0
