1:ItNr	2:Metric	3a:Time	3b:StepSize	4:||Gradient||	Time[ms]
0	-1.432863	0.000000	154587.321316	0.000611	75.1
1	-1.409380	0.000000	154587.321316	0.000233	3.9
2	-1.416145	1.000000	147560.624893	0.000308	5.1
3	-1.404574	2.000000	141144.945550	0.000259	4.3
4	-1.416272	3.000000	135263.906152	0.000181	3.7
5	-1.421078	4.000000	129853.349906	0.000175	3.7
6	-1.413873	5.000000	124858.990294	0.000161	3.7
7	-1.414941	6.000000	120234.583246	0.000088	3.7
8	-1.417468	7.000000	115940.490987	0.000078	4.0
9	-1.423497	8.000000	111942.543022	0.000071	3.7
10	-1.425913	9.000000	108211.124921	0.000097	3.8
11	-1.417030	10.000000	104720.443472	0.000080	3.9
12	-1.415202	11.000000	101447.929614	0.000038	3.9
13	-1.417514	10.988903	101483.121425	0.000034	4.5
14	-1.414929	10.977542	101519.178013	0.000041	3.7
15	-1.416176	10.967424	101551.309011	0.000044	3.6
16	-1.419098	10.956744	101585.246333	0.000049	3.9
17	-1.409840	11.956658	98503.122783	0.000065	4.0
18	-1.415580	12.829981	95960.259387	0.000036	3.7
19	-1.412672	13.829348	93206.847543	0.000051	3.6
20	-1.420299	13.817987	93237.261999	0.000026	4.1
21	-1.411894	13.806625	93267.696193	0.000038	3.8
22	-1.416673	13.795268	93298.140173	0.000034	3.7
23	-1.418077	13.801608	93281.142061	0.000080	3.9
24	-1.414626	14.801463	90676.007510	0.000073	3.8
25	-1.417203	15.801463	88212.083535	0.000080	3.7
26	-1.415396	16.801463	85878.520863	0.000040	3.5
27	-1.413813	17.801463	83665.240395	0.000056	4.0
28	-1.418995	17.790360	83689.188300	0.000059	3.9
29	-1.424554	18.790360	81585.935448	0.000046	4.1
30	-1.415590	18.795519	81575.358005	0.000049	4.4
31	-1.421377	19.795335	79576.101885	0.000076	3.3
32	-1.427390	20.795335	77672.154912	0.000040	4.1
33	-1.414913	21.795310	75857.231884	0.000061	3.7
34	-1.416695	21.783948	75877.376177	0.000061	3.9
35	-1.418300	22.783948	74144.380910	0.000056	3.9
36	-1.416625	23.783948	72488.779214	0.000025	3.8
37	-1.416501	23.791769	72476.122700	0.000035	3.9
38	-1.412703	23.780408	72494.511028	0.000031	3.7
39	-1.416197	23.769046	72512.908711	0.000043	3.9
40	-1.420440	23.757685	72531.315736	0.000086	3.9
41	-1.422636	24.757685	70946.198034	0.000033	4.3
42	-1.420561	25.747991	69443.278485	0.000049	4.6
43	-1.411195	25.736629	69460.159894	0.000032	4.9
44	-1.422631	25.725268	69477.049435	0.000032	4.5
45	-1.416860	25.713993	69493.818910	0.000046	3.9
46	-1.414527	25.702631	69510.724903	0.000035	4.1
47	-1.418606	25.691273	69527.633606	0.000070	4.7
48	-1.418475	26.628889	68158.922978	0.000053	4.0
49	-1.418261	27.628887	66757.311340	0.000054	3.7
50	-1.418546	27.617525	66772.911961	0.000060	4.1
51	-1.422120	27.606164	66788.519875	0.000052	3.9
52	-1.415551	28.606164	65442.144454	0.000039	4.3
53	-1.420205	28.594802	65457.136373	0.000057	4.7
54	-1.415841	29.594802	64163.384747	0.000032	3.9
55	-1.417876	29.583447	64177.788540	0.000034	3.9
56	-1.422736	29.572085	64192.206698	0.000068	4.0
57	-1.420897	29.560724	64206.631336	0.000049	4.9
58	-1.419529	30.560690	62961.409570	0.000066	4.1
59	-1.419959	30.549329	62975.286306	0.000031	3.6
60	-1.419047	30.537967	62989.169160	0.000048	3.8
61	-1.421065	30.707620	62782.501359	0.000041	4.1
62	-1.417666	31.673142	61631.670992	0.000038	3.9
63	-1.418844	31.661781	61644.967324	0.000038	4.2
64	-1.414030	31.650419	61658.269702	0.000037	3.8
65	-1.423187	31.639059	61671.576252	0.000046	6.6
66	-1.422430	31.628670	61683.750923	0.000041	3.9
67	-1.415795	32.626898	60535.549623	0.000041	3.7
68	-1.417184	32.615537	60548.377528	0.000035	3.4
69	-1.421131	32.606388	60558.711107	0.000046	3.8
70	-1.421048	32.595027	60571.547522	0.000034	3.3
71	-1.418504	32.583680	60584.374367	0.000026	3.5
72	-1.420037	32.572651	60596.847195	0.000037	3.6
73	-1.413665	32.561290	60609.700690	0.000067	3.5
74	-1.419967	33.560974	59499.189689	0.000066	3.5
75	-1.414794	34.560974	58428.308722	0.000026	3.4
76	-1.423080	34.549613	58440.259004	0.000034	3.6
77	-1.420341	34.538267	58452.197283	0.000028	3.7
78	-1.418638	34.526972	58464.087323	0.000025	3.7
79	-1.419041	34.515611	58476.051867	0.000048	3.5
80	-1.422991	34.504303	58487.965004	0.000027	3.5
81	-1.417377	34.498171	58494.427158	0.000045	3.5
82	-1.423094	34.486821	58506.392469	0.000055	3.5
83	-1.420007	35.486821	57470.639516	0.000023	3.7
84	-1.418814	35.475460	57482.201211	0.000039	3.8
85	-1.411232	35.464110	57493.755461	0.000034	3.5
86	-1.414539	35.859606	57093.848410	0.000025	3.6
87	-1.419854	35.848400	57105.103109	0.000043	3.7
88	-1.417389	35.837039	57116.517700	0.000030	3.7
89	-1.416522	36.291449	56663.495662	0.000042	3.6
90	-1.418244	36.280088	56674.734393	0.000035	3.8
91	-1.421993	36.268726	56685.977702	0.000037	3.7
92	-1.413448	36.257365	56697.225660	0.000028	3.7
93	-1.418345	36.246023	56708.458637	0.000032	3.5
94	-1.426418	36.234674	56719.703881	0.000034	3.4
95	-1.418149	36.223312	56730.965390	0.000042	3.8
96	-1.417607	36.807119	56158.027355	0.000059	3.6
97	-1.413437	36.795757	56169.066915	0.000025	3.6
98	-1.420055	36.784396	56180.110424	0.000028	3.6
99	-1.428170	36.773074	56191.120096	0.000062	3.7
100	-1.420236	37.669325	55332.727469	0.000051	3.5
101	-1.419154	38.669325	54405.404630	0.000053	3.5
102	-1.418717	39.669325	53508.651535	0.000034	3.7
103	-1.419522	39.700931	53480.790312	0.000040	3.8
104	-1.416669	39.691745	53488.884680	0.000039	3.5
105	-1.420383	40.550128	52742.924098	0.000036	3.3
106	-1.423196	40.538767	52752.661684	0.000034	3.8
107	-1.420488	40.746147	52575.487256	0.000021	3.5
108	-1.420297	40.734844	52585.113236	0.000041	3.6
109	-1.418691	40.723567	52594.720086	0.000034	4.2
110	-1.415261	40.716715	52600.559420	0.000037	3.5
111	-1.420065	40.705357	52610.241941	0.000050	3.8
112	-1.419549	41.705230	51771.339811	0.000040	3.8
113	-1.414441	42.704554	50959.210167	0.000026	3.7
114	-1.422852	42.693192	50968.300201	0.000024	3.8
115	-1.420247	42.681832	50977.392764	0.000028	3.9
116	-1.418070	42.670472	50986.488140	0.000026	4.1
117	-1.419278	42.659433	50995.329547	0.000024	3.7
118	-1.418577	42.648146	51004.372417	0.000035	3.7
119	-1.429528	42.637837	51012.634927	0.000027	3.5
120	-1.411463	42.626476	51021.744025	0.000038	3.9
121	-1.419410	42.615937	51030.195843	0.000030	3.8
122	-1.417736	42.604576	51039.311223	0.000067	4.2
123	-1.419996	43.604539	50249.313914	0.000035	3.8
124	-1.423436	44.603065	49484.482779	0.000027	4.3
125	-1.425318	44.596915	49489.122608	0.000090	3.7
126	-1.423034	44.585578	49497.676566	0.000024	3.6
127	-1.419973	45.580977	48757.676644	0.000024	4.0
128	-1.414169	45.569659	48765.966507	0.000032	4.8
129	-1.421009	45.558354	48774.248998	0.000050	4.5
130	-1.425040	45.549414	48780.801616	0.000044	10.0
131	-1.421069	45.538052	48789.131036	0.000034	4.1
132	-1.416446	45.526691	48797.463300	0.000026	4.6
133	-1.420228	45.515329	48805.798370	0.000039	3.6
134	-1.416298	45.503968	48814.136327	0.000055	3.9
135	-1.418616	45.492606	48822.477135	0.000025	4.1
136	-1.420196	45.481353	48830.741227	0.000024	3.4
137	-1.421303	45.469993	48839.086449	0.000041	3.8
138	-1.420047	45.458634	48847.433841	0.000030	3.8
139	-1.419507	45.456122	48849.280532	0.000057	3.8
140	-1.423461	45.444785	48857.615168	0.000061	3.9
141	-1.416180	46.444785	48133.206083	0.000025	3.5
142	-1.420026	46.433424	48141.315795	0.000038	3.9
143	-1.416898	46.422161	48149.357820	0.000046	3.5
144	-1.422958	46.410799	48157.472977	0.000032	3.6
145	-1.418559	47.285421	47540.656685	0.000048	3.7
146	-1.424613	47.274059	47548.567940	0.000050	3.7
147	-1.423861	48.265901	46867.703808	0.000029	3.6
148	-1.420591	48.254540	46875.392657	0.000021	3.6
149	-1.421279	48.243227	46883.050972	0.000028	3.6
150	-1.421744	48.231874	46890.739505	0.000045	3.6
151	-1.419536	48.220512	46898.435914	0.000034	3.6
152	-1.427669	48.214008	46902.843055	0.000026	3.6
153	-1.412059	48.202646	46910.543339	0.000028	3.9
154	-1.418997	48.191285	46918.246189	0.000023	3.4
155	-1.422916	48.179925	46925.950755	0.000047	3.4
156	-1.421567	48.168592	46933.639331	0.000061	3.5
157	-1.421190	48.157230	46941.349831	0.000034	3.7
158	-1.423766	49.155407	46273.464980	0.000024	3.6
159	-1.420738	49.144045	46280.959893	0.000075	3.6
160	-1.422771	49.132870	46288.334471	0.000050	3.6
161	-1.423585	50.132259	45637.995690	0.000032	3.6
162	-1.423022	50.120898	45645.286323	0.000030	3.5
163	-1.423666	50.109536	45652.579244	0.000022	3.4
164	-1.426941	50.098178	45659.872734	0.000028	3.6
165	-1.420574	50.086851	45667.148289	0.000030	3.5
166	-1.421475	50.075489	45674.448221	0.000036	3.7
167	-1.425724	50.087748	45666.571522	0.000061	3.7
168	-1.420989	50.080055	45671.514215	0.000039	3.8
169	-1.415093	50.957616	45114.526408	0.000025	3.5
170	-1.423913	50.946254	45121.650721	0.000028	3.4
171	-1.419007	50.934893	45128.777109	0.000043	3.4
172	-1.426956	50.923531	45135.905942	0.000022	3.8
173	-1.419151	50.912171	45143.036035	0.000029	3.7
174	-1.417399	50.900811	45150.168908	0.000040	4.3
175	-1.416291	50.889604	45157.207359	0.000036	4.1
176	-1.423674	50.888296	45158.028622	0.000077	3.5
177	-1.425476	51.888296	44538.477517	0.000075	3.9
178	-1.418432	52.888296	43935.696295	0.000033	4.0
179	-1.423711	52.876935	43942.453149	0.000051	3.8
180	-1.419853	53.792235	43404.689697	0.000023	3.9
181	-1.419848	53.781247	43411.067388	0.000041	3.8
182	-1.425102	53.769886	43417.663540	0.000030	3.9
183	-1.426182	53.758524	43424.261986	0.000023	3.6
184	-1.420073	53.747163	43430.862277	0.000039	3.8
185	-1.423693	53.735829	43437.448537	0.000044	4.0
186	-1.426617	53.725022	43443.730913	0.000032	3.3
187	-1.423088	54.672301	42899.894685	0.000028	3.7
188	-1.419116	54.660940	42906.336663	0.000048	3.6
189	-1.420367	55.222300	42590.340933	0.000059	4.2
190	-1.418460	55.210939	42596.690289	0.000053	3.6
191	-1.420645	56.210939	42044.997860	0.000036	3.6
192	-1.422058	56.199577	42051.185646	0.000026	3.9
193	-1.418968	56.188216	42057.375226	0.000055	3.5
194	-1.419308	56.176854	42063.566655	0.000061	3.7
195	-1.427178	56.165493	42069.759908	0.000065	3.9
196	-1.424715	57.165493	41531.545940	0.000042	5.9
197	-1.419542	58.165493	41006.929159	0.000047	3.8
198	-1.419547	58.154131	41012.815149	0.000031	3.5
199	-1.423119	58.940097	40609.579612	0.000071	4.0
