1:ItNr	2:Metric	3a:Time	3b:StepSize	4:||Gradient||	Time[ms]
0	-0.937905	0.000000	331397.774791	0.000334	71.0
1	-1.000968	0.000000	331397.774791	0.000315	4.1
2	-0.982154	0.000000	331397.774791	0.000381	3.9
3	-1.004252	1.000000	316334.239573	0.000399	4.1
4	-0.982604	2.000000	302580.576983	0.000434	3.7
5	-1.002346	3.000000	289973.052942	0.000899	3.9
6	-0.929104	4.000000	278374.130824	0.000387	4.3
7	-0.971762	5.000000	267667.433485	0.000385	3.8
8	-0.976403	4.983387	267838.571630	0.000381	4.3
9	-0.995410	5.983387	257912.517082	0.000095	4.0
10	-1.002669	6.983387	248695.887347	0.000200	3.7
11	-1.005076	6.966774	248843.618905	0.000257	3.8
12	-0.994348	7.966774	240252.961960	0.000038	3.7
13	-0.997881	7.950161	240390.830385	0.000404	4.0
14	-0.964027	7.933548	240528.857131	0.000417	3.8
15	-0.994280	8.933548	232493.429594	0.000406	4.4
16	-0.963951	9.933548	224977.530402	0.000457	4.0
17	-0.996344	10.933548	217932.352418	0.000570	3.6
18	-0.960536	11.933548	211315.016461	0.000404	4.4
19	-0.991981	12.933548	205087.697835	0.000432	3.6
20	-0.989515	12.916935	205188.152488	0.000453	4.2
21	-0.985392	13.916935	199311.687347	0.000226	6.0
22	-0.989715	14.916935	193762.447517	0.000389	4.4
23	-0.996425	15.916935	188513.841519	0.000229	4.7
24	-0.990962	16.916935	183542.083106	0.000057	5.5
25	-0.995208	17.916935	178825.830858	0.000384	4.8
26	-0.976754	17.900322	178902.201089	0.000282	4.7
27	-0.984529	18.900322	174418.472861	0.000350	4.6
28	-0.995218	19.900322	170153.996120	0.000169	4.5
29	-0.986100	20.900322	166093.072789	0.000251	4.6
30	-0.994464	21.900322	162221.468472	0.000043	4.0
31	-0.995685	22.900322	158526.245744	0.000030	4.3
32	-0.997420	22.883709	158586.258683	0.000046	3.6
33	-0.998310	22.867096	158646.317034	0.000090	4.0
34	-0.996373	23.867096	155110.400292	0.000383	4.0
35	-0.979075	23.850483	155167.854367	0.000297	4.0
36	-0.989398	24.850483	151783.640222	0.000131	4.4
37	-0.992561	24.833870	151838.655775	0.000382	3.6
38	-0.990526	25.833870	148596.586424	0.000372	4.3
39	-0.992683	26.833870	145490.072459	0.000377	3.9
40	-0.980259	27.833870	142510.786335	0.000231	3.8
41	-0.988061	28.833870	139651.068934	0.000180	3.5
42	-0.994816	28.817257	139697.639498	0.000520	4.6
43	-0.967350	29.817257	136948.619844	0.000282	3.9
44	-0.991331	30.817257	134305.704595	0.000242	3.6
45	-0.995295	30.800644	134348.777716	0.000390	4.2
46	-0.984638	31.800644	131804.324347	0.000318	4.6
47	-0.993098	32.800644	129354.459190	0.000334	3.9
48	-0.984696	33.800644	126994.004118	0.000348	3.7
49	-0.993707	34.800644	124718.152194	0.000133	3.6
50	-0.995964	34.784032	124755.294325	0.000509	3.8
51	-0.980291	35.784032	122558.280640	0.000275	3.9
52	-0.991188	36.784032	120437.309198	0.000174	4.2
53	-0.989957	36.767419	120471.944991	0.000015	3.6
54	-0.996177	37.767088	118422.632202	0.000075	3.5
55	-0.991052	37.750480	118456.108534	0.000376	3.7
56	-0.980351	38.750480	116473.595458	0.000281	3.6
57	-0.994133	39.750480	114556.349785	0.000170	3.7
58	-0.997399	39.733867	114587.685188	0.000396	3.3
59	-0.982292	40.733867	112731.529237	0.000304	4.1
60	-0.994664	41.733867	110934.548850	0.000068	3.3
61	-0.994269	41.717254	110963.933927	0.000185	3.6
62	-0.994023	42.717254	109222.428662	0.000255	3.9
63	-0.999022	43.717254	107534.742284	0.000402	3.7
64	-0.989905	44.717254	105898.417953	0.000276	3.3
65	-0.989223	45.717254	104311.146131	0.000136	3.5
66	-0.991215	45.700641	104337.126646	0.000342	3.7
67	-0.986852	46.700641	102795.972463	0.000258	3.5
68	-0.996347	47.700641	101299.684069	0.000125	3.8
69	-0.998540	47.684028	101324.185947	0.000302	3.6
70	-0.988098	48.684028	99870.134162	0.000221	4.1
71	-0.994131	49.684028	98457.224678	0.000050	3.5
72	-0.994034	49.667415	98480.370651	0.000028	4.0
73	-0.993933	49.650803	98503.527508	0.000277	4.1
74	-0.989532	50.650803	97128.755363	0.000268	3.7
75	-0.999508	51.650803	95791.829245	0.000048	3.8
76	-0.997966	51.634190	95813.738844	0.000390	3.7
77	-0.989584	52.634190	94512.526195	0.000297	4.2
78	-0.992533	53.634190	93246.182623	0.000125	3.8
79	-0.996810	53.617577	93266.943083	0.000314	3.5
80	-0.990960	54.617577	92033.540120	0.000245	3.9
81	-0.992613	55.617577	90832.333501	0.000061	3.8
82	-1.004445	55.600964	90852.032914	0.000404	3.7
83	-0.986593	56.600964	89681.273833	0.000337	3.6
84	-0.987729	57.600964	88540.304694	0.000108	4.0
85	-0.996658	57.584351	88559.022373	0.000332	3.7
86	-0.983214	58.584351	87446.253070	0.000296	3.5
87	-0.993673	59.584351	86361.101272	0.000066	3.9
88	-0.993329	59.567738	86378.908817	0.000307	3.9
89	-0.984676	60.567738	85319.925067	0.000228	3.6
90	-0.994580	61.567738	84286.592588	0.000073	3.5
91	-0.991264	61.551125	84303.554803	0.000316	4.2
92	-0.995588	62.551125	83294.549178	0.000261	3.8
93	-0.989468	63.551125	82309.410903	0.000085	3.8
94	-0.992749	63.534512	82325.586581	0.000311	3.9
95	-0.985754	64.534512	81363.102727	0.000316	3.8
96	-0.998663	65.534512	80422.863960	0.000285	3.8
97	-0.990133	66.534512	79504.107891	0.000266	3.9
98	-0.993254	67.534512	78606.106577	0.000357	3.8
99	-0.989090	68.534512	77728.164597	0.000302	3.4
100	-0.989016	69.534512	76869.617254	0.000145	3.7
101	-0.992841	69.517899	76883.725314	0.000366	3.6
102	-0.989278	70.517899	76043.630357	0.000278	3.8
103	-0.992530	71.517899	75221.696101	0.000024	4.0
104	-0.994209	71.501286	75235.205698	0.000346	7.3
105	-0.981572	72.501286	74430.562158	0.000269	3.6
106	-0.993544	73.501286	73642.947878	0.000144	4.0
107	-0.994054	73.484673	73655.896301	0.000220	4.0
108	-0.992218	74.484673	72884.506568	0.000205	3.5
109	-0.996598	75.484673	72129.106727	0.000319	4.1
110	-0.995510	76.484673	71389.204704	0.000254	3.8
111	-0.993983	77.484673	70664.328410	0.000075	4.1
112	-0.994999	77.468060	70676.250487	0.000261	3.7
113	-0.994002	78.468060	69965.708324	0.000265	3.4
114	-0.996999	79.468060	69269.310798	0.000280	3.5
115	-0.990527	80.468060	68586.639711	0.000237	3.6
116	-0.993573	81.468060	67917.293188	0.000078	3.6
117	-0.989131	81.451447	67928.306281	0.000305	3.5
118	-0.988020	82.451447	67271.686115	0.000221	3.7
119	-0.994965	83.451447	66627.638684	0.000105	3.4
120	-0.999679	83.434834	66638.237469	0.000334	3.6
121	-0.991432	84.434834	66006.205010	0.000233	3.2
122	-0.994475	85.434834	65386.048971	0.000053	3.7
123	-0.994970	85.418221	65396.256395	0.000045	3.3
124	-1.001206	85.401608	65406.467007	0.000297	3.3
125	-0.991107	86.401608	64797.477363	0.000178	3.5
126	-0.997565	87.401608	64199.723525	0.000161	3.8
127	-0.997195	87.384995	64209.563886	0.000307	3.4
128	-0.993221	88.384995	63622.558659	0.000244	3.7
129	-0.995265	89.384995	63046.189031	0.000269	3.7
130	-0.995405	90.384995	62480.168545	0.000220	4.0
131	-0.997827	91.384995	61924.220943	0.000096	3.8
132	-0.996278	91.368382	61933.376051	0.000336	3.8
133	-0.987244	92.368382	61387.074033	0.000304	4.3
134	-0.995733	93.368382	60850.325389	0.000191	3.2
135	-0.992005	94.368382	60322.881697	0.000186	3.4
136	-0.992124	95.368382	59804.503074	0.000355	3.6
137	-0.988466	96.368382	59294.957812	0.000294	3.6
138	-0.994764	97.368382	58794.022033	0.000053	3.4
139	-0.998503	97.351769	58802.274911	0.000072	3.4
140	-0.987927	97.335156	58810.530107	0.000343	3.7
141	-0.988407	98.335156	58317.711964	0.000255	3.4
142	-0.994659	99.335156	57833.084581	0.000080	3.4
143	-0.990801	99.318543	57841.069873	0.000271	3.7
144	-0.993217	100.318543	57364.299643	0.000225	3.8
145	-0.995076	101.318543	56895.324963	0.000301	3.4
146	-0.988367	102.318543	56433.956191	0.000293	3.4
147	-0.995405	103.318543	55980.009783	0.000083	3.5
148	-0.995156	103.301930	55987.491515	0.000384	3.9
149	-0.992172	104.301930	55540.670852	0.000250	3.4
150	-0.995569	105.301930	55100.925627	0.000098	3.5
151	-0.992309	105.285317	55108.174209	0.000241	3.4
152	-0.993630	106.285317	54675.224240	0.000201	3.7
153	-0.996613	107.285317	54249.024069	0.000095	3.6
154	-0.993989	107.268704	54256.050233	0.000298	3.5
155	-0.993715	108.268704	53836.334954	0.000200	3.5
156	-0.990768	109.268704	53423.063515	0.000249	3.6
157	-0.991167	110.268704	53016.088648	0.000272	3.5
158	-0.988217	111.268704	52615.267541	0.000094	3.6
159	-0.994164	111.252091	52621.876853	0.000329	3.5
160	-0.991837	112.252091	52226.972156	0.000199	3.4
161	-0.993791	113.252091	51837.950491	0.000122	3.5
162	-0.997544	113.235479	51844.365947	0.000270	3.4
163	-0.996513	114.235479	51461.002302	0.000204	3.9
164	-0.995785	115.235479	51083.266613	0.000033	3.6
165	-0.991386	115.218866	51089.496619	0.000398	3.5
166	-0.994488	116.218866	50717.175390	0.000289	3.5
167	-0.997084	117.218866	50350.241577	0.000101	3.6
168	-0.997869	117.202253	50356.294059	0.000306	4.0
169	-0.997637	118.202253	49994.544927	0.000303	4.4
170	-0.995117	119.202253	49637.956184	0.000071	4.3
171	-0.992644	119.185640	49643.838623	0.000237	3.8
172	-0.993317	120.185640	49292.217603	0.000212	4.9
173	-0.991986	121.185640	48945.542526	0.000290	4.1
174	-0.990793	122.185640	48603.709765	0.000183	3.6
175	-0.993775	123.185640	48266.618568	0.000134	3.5
176	-0.997784	123.169027	48272.180453	0.000340	3.4
177	-0.991068	124.169027	47939.656487	0.000226	3.9
178	-0.991536	125.169027	47611.682377	0.000155	3.5
179	-0.994983	125.152414	47617.094337	0.000240	3.5
180	-0.994775	126.152414	47293.504032	0.000196	3.7
181	-0.995309	127.152414	46974.282071	0.000186	3.6
182	-0.993601	128.152414	46659.340590	0.000179	3.6
183	-0.995596	129.152414	46348.594067	0.000249	3.4
184	-0.993337	130.152414	46041.959241	0.000193	3.9
185	-0.995651	131.152414	45739.355042	0.000126	3.6
186	-0.994742	131.135801	45744.349699	0.000304	3.7
187	-0.997919	132.135801	45445.632159	0.000198	3.4
188	-0.992209	133.135801	45150.790649	0.000103	3.8
189	-0.997650	133.119188	45155.657586	0.000257	3.3
190	-0.995625	134.119188	44864.554607	0.000174	3.5
191	-0.993257	135.119188	44577.180869	0.000057	3.4
192	-0.999903	135.102575	44581.924922	0.000296	3.8
193	-0.996064	136.102575	44298.149020	0.000182	3.6
194	-0.991671	137.102575	44017.962887	0.000088	3.5
195	-0.994290	137.085962	44022.588654	0.000044	3.6
196	-0.996144	137.069349	44027.215392	0.000250	3.5
197	-0.998025	138.069349	43750.435386	0.000168	3.4
198	-0.992155	139.069349	43477.113631	0.000111	3.4
199	-0.995780	139.052736	43481.626416	0.000267	3.8
