1:ItNr	2:Metric	3a:Time	3b:StepSize	4:||Gradient||	Time[ms]
0	-0.381908	0.000000	40764.180860	0.000443	85.9
1	-0.382188	0.000000	40764.180860	0.000460	4.3
2	-0.373544	1.000000	38911.263548	0.000464	5.4
3	-0.378699	2.000000	37219.469481	0.000451	4.6
4	-0.375004	3.000000	35668.658253	0.000446	4.7
5	-0.375011	4.000000	34241.911925	0.000468	4.9
6	-0.375869	5.000000	32924.915312	0.000448	4.5
7	-0.376928	5.999991	31705.484810	0.000456	5.1
8	-0.373071	6.999980	30573.157557	0.000454	4.6
9	-0.375635	7.999980	29518.910015	0.000460	4.6
10	-0.377480	8.999979	28534.946117	0.000493	5.4
11	-0.377908	9.999979	27614.463375	0.000448	4.8
12	-0.372113	10.999979	26751.510842	0.000441	5.4
13	-0.378957	11.999979	25940.858494	0.000462	4.9
14	-0.369881	12.999978	25177.892358	0.000445	4.8
15	-0.372285	13.799896	24599.148042	0.000442	4.9
16	-0.372621	13.211385	25022.307430	0.000482	5.0
17	-0.381622	14.211385	24311.676322	0.000464	4.6
18	-0.374966	15.205907	23643.871056	0.000446	5.4
19	-0.373086	16.205907	23008.384105	0.000459	4.7
20	-0.374314	17.205897	22406.169185	0.000474	4.9
21	-0.379169	18.205897	21834.669213	0.000455	5.0
22	-0.374685	19.205897	21291.597905	0.000458	5.3
23	-0.378279	20.205897	20774.885514	0.000477	5.3
24	-0.371459	19.481754	21146.509477	0.000467	4.9
25	-0.380940	20.481753	20636.731264	0.000439	4.5
26	-0.376277	21.481753	20150.952558	0.000447	5.2
27	-0.378930	22.481753	19687.518139	0.000445	4.7
28	-0.374109	23.478957	19246.130380	0.000479	5.2
29	-0.378538	24.473711	18825.113979	0.000453	5.0
30	-0.370985	25.473711	18420.043821	0.000476	4.8
31	-0.371914	26.473710	18032.039303	0.000461	5.5
32	-0.378084	25.861953	18267.437556	0.000448	4.7
33	-0.378947	26.861953	17885.768266	0.000472	4.6
34	-0.377256	27.861953	17519.721417	0.000456	5.8
35	-0.373430	28.861953	17168.356889	0.000457	6.5
36	-0.372625	29.861951	16830.809433	0.000454	13.2
37	-0.383240	30.861947	16506.279572	0.000462	6.0
38	-0.379733	31.861947	16194.026988	0.000471	6.4
39	-0.380972	32.861947	15893.368958	0.000471	5.1
40	-0.379154	33.829607	15612.874947	0.000475	4.5
41	-0.367269	34.828684	15333.476244	0.000441	4.3
42	-0.375977	35.828684	15063.657013	0.000477	4.8
43	-0.370852	36.005252	15016.998723	0.000452	4.6
44	-0.368380	37.005252	14758.108416	0.000436	4.3
45	-0.379723	38.005124	14508.024849	0.000447	4.9
46	-0.379210	39.005123	14266.245104	0.000454	4.5
47	-0.377427	40.005114	14032.394049	0.000468	4.5
48	-0.376477	41.005067	13806.094240	0.000460	4.7
49	-0.372917	42.005067	13586.967516	0.000462	4.5
50	-0.376459	43.005045	13374.692590	0.000455	4.8
51	-0.373667	43.981835	13173.647593	0.000462	4.6
52	-0.376367	44.981835	12973.991923	0.000450	4.4
53	-0.375294	45.981835	12780.297739	0.000445	4.8
54	-0.374517	46.981835	12592.301966	0.000440	4.5
55	-0.376129	46.337276	12712.836730	0.000447	4.4
56	-0.370577	45.628958	12847.984215	0.000445	4.9
57	-0.380276	46.618243	12660.012518	0.000450	4.9
58	-0.371933	45.905764	12794.828807	0.000457	4.7
59	-0.369658	46.905764	12606.408442	0.000444	5.2
60	-0.378488	47.905764	12423.457010	0.000446	4.8
61	-0.371283	48.874438	12251.229870	0.000446	4.4
62	-0.374272	49.874437	12078.371706	0.000465	4.8
63	-0.375907	50.874102	11910.379090	0.000433	4.5
64	-0.380833	51.874102	11746.941342	0.000469	4.5
65	-0.375479	52.874093	11587.929652	0.000434	4.8
66	-0.382673	53.874047	11433.171201	0.000459	4.5
67	-0.376930	53.270141	11526.136732	0.000462	5.7
68	-0.378495	54.270077	11373.016135	0.000451	4.7
69	-0.384387	55.270077	11223.901088	0.000478	4.6
70	-0.378089	56.270076	11078.645768	0.000452	4.7
71	-0.375491	55.665432	11166.020674	0.000460	4.3
72	-0.376319	56.665432	11022.249881	0.000448	4.8
73	-0.374417	57.665432	10882.134337	0.000454	4.6
74	-0.380370	58.645457	10748.231299	0.000462	4.6
75	-0.374653	59.645457	10614.953721	0.000452	4.7
76	-0.374493	60.645457	10484.940930	0.000443	4.5
77	-0.378152	61.645040	10358.126698	0.000461	4.4
78	-0.382562	62.629966	10236.137108	0.000456	5.0
79	-0.374949	63.629758	10115.210334	0.000443	4.8
80	-0.369505	64.629757	9997.083134	0.000450	4.6
81	-0.379578	63.905484	10082.361719	0.000450	4.9
82	-0.381353	63.412360	10141.261301	0.000447	4.5
83	-0.377211	62.688105	10229.025994	0.000453	4.4
84	-0.369287	62.023487	10310.911175	0.000442	4.9
85	-0.370436	63.023487	10188.196545	0.000442	4.7
86	-0.377654	64.022868	10068.441800	0.000468	7.8
87	-0.378244	65.022776	9951.408705	0.000456	4.6
88	-0.373936	66.022776	9837.054633	0.000462	4.3
89	-0.378651	67.022776	9725.298846	0.000429	5.0
90	-0.373283	67.513213	9671.412518	0.000471	4.5
91	-0.376822	68.300032	9586.198067	0.000453	4.4
92	-0.379371	67.578701	9664.262220	0.000450	4.8
93	-0.378164	68.578694	9556.377252	0.000461	4.4
94	-0.371144	67.854422	9634.273444	0.000454	4.5
95	-0.373181	68.854417	9527.053050	0.000444	5.0
96	-0.372490	69.765781	9431.393479	0.000456	4.7
97	-0.373056	70.765781	9328.616714	0.000456	4.8
98	-0.370910	71.765723	9228.061549	0.000445	4.5
99	-0.378278	72.587009	9147.079323	0.000438	4.4
100	-0.372166	71.862735	9218.421173	0.000439	4.6
101	-0.379219	72.861966	9120.284158	0.000445	4.8
102	-0.378225	73.861966	9024.141472	0.000458	5.0
103	-0.378068	74.861966	8930.004643	0.000442	5.0
104	-0.373972	75.861965	8837.811642	0.000431	4.4
105	-0.380145	75.168249	8901.563774	0.000445	4.4
106	-0.375198	76.168248	8809.953999	0.000461	5.0
107	-0.373677	77.168248	8720.210582	0.000436	4.7
108	-0.378263	76.793714	8753.607568	0.000450	4.3
109	-0.373777	76.079928	8817.968995	0.000454	4.8
110	-0.380499	77.077113	8728.313570	0.000480	4.4
111	-0.381735	78.077113	8640.217418	0.000463	4.5
112	-0.377764	77.480176	8692.590085	0.000461	4.8
113	-0.373662	76.756468	8756.942765	0.000470	4.4
114	-0.373914	77.716150	8671.811031	0.000448	4.5
115	-0.386605	78.716149	8584.846195	0.000453	4.6
116	-0.377373	79.715290	8499.680611	0.000455	4.4
117	-0.375224	80.693024	8417.959939	0.000448	4.6
118	-0.375608	81.692965	8335.992593	0.000471	5.0
119	-0.374203	80.968769	8395.195986	0.000456	4.5
120	-0.374669	81.968014	8313.725468	0.000449	4.8
121	-0.378475	82.967871	8233.772473	0.000465	4.5
122	-0.375142	82.243597	8291.534061	0.000449	4.3
123	-0.376257	81.519340	8350.110273	0.000444	4.7
124	-0.375388	80.815622	8407.823680	0.000455	4.5
125	-0.375633	81.815622	8326.047944	0.000449	4.3
126	-0.383706	82.815618	8245.847949	0.000450	5.0
127	-0.379489	82.094365	8303.536282	0.000459	4.5
128	-0.375731	83.094365	8223.766974	0.000454	4.3
129	-0.380374	84.094365	8145.515709	0.000458	5.1
130	-0.382664	85.094365	8068.739569	0.000437	4.4
131	-0.369911	85.558882	8033.565844	0.000453	4.3
132	-0.377300	86.558882	7958.875909	0.000442	5.0
133	-0.379358	85.993226	8000.953237	0.000448	4.4
134	-0.371672	85.268951	8055.483643	0.000451	4.4
135	-0.376575	86.010686	7999.647770	0.000446	5.0
136	-0.371217	87.010684	7925.584483	0.000435	4.4
137	-0.371968	87.985458	7854.697411	0.000442	4.5
138	-0.380971	88.259035	7835.029802	0.000454	4.7
139	-0.374783	89.256364	7764.157724	0.000444	5.0
140	-0.381278	88.566517	7813.042002	0.000452	6.4
141	-0.371082	89.410428	7753.323789	0.000432	4.5
142	-0.375436	90.410427	7683.731384	0.000448	4.4
143	-0.374783	90.939300	7647.428577	0.000447	4.8
144	-0.373155	90.215029	7697.231282	0.000463	4.5
145	-0.375027	90.552083	7673.974114	0.000457	4.2
146	-0.373226	91.424752	7614.406803	0.000444	5.0
147	-0.376984	92.424752	7547.275012	0.000457	4.4
148	-0.378972	92.078287	7570.399410	0.000450	4.3
149	-0.375946	93.077548	7504.086570	0.000458	4.9
150	-0.377307	92.521135	7540.867179	0.000443	4.4
151	-0.376684	93.259319	7492.148631	0.000454	4.4
152	-0.378095	94.250356	7427.723662	0.000436	4.8
153	-0.376904	95.250331	7363.831051	0.000453	4.5
154	-0.377165	94.543012	7408.910188	0.000426	4.5
155	-0.380177	95.542760	7345.353756	0.000437	4.7
156	-0.375234	96.542760	7282.862849	0.000444	4.5
157	-0.378509	97.482120	7225.122193	0.000468	4.7
158	-0.377363	98.482120	7164.651873	0.000433	4.6
159	-0.376560	99.481885	7105.199215	0.000442	4.5
160	-0.376522	100.472518	7047.254877	0.000450	4.7
161	-0.374839	101.465381	6990.120742	0.000451	4.5
162	-0.386506	100.745867	7031.432115	0.000473	4.4
163	-0.379908	101.745867	6974.147644	0.000468	4.6
164	-0.378399	102.665461	6922.286880	0.000437	4.6
165	-0.376646	101.941201	6963.066845	0.000458	4.5
166	-0.369518	101.831085	6969.309103	0.000446	5.3
167	-0.375920	102.831084	6913.028399	0.000473	4.5
168	-0.378236	102.449607	6934.390628	0.000470	4.5
169	-0.378870	103.449607	6878.670164	0.000458	4.8
170	-0.379902	102.845667	6912.214375	0.000447	4.4
171	-0.375694	102.121852	6952.850235	0.000468	4.4
172	-0.374692	101.397864	6993.976602	0.000452	4.9
173	-0.374689	100.719807	7032.937511	0.000461	4.4
174	-0.373364	101.719803	6975.628822	0.000455	5.0
175	-0.378016	101.008045	7016.322570	0.000445	4.8
176	-0.377844	102.008045	6959.283028	0.000434	5.0
177	-0.371863	103.008045	6903.163419	0.000445	5.3
178	-0.376864	102.302536	6942.661740	0.000445	4.7
179	-0.373884	103.302536	6886.808817	0.000440	4.6
180	-0.373103	104.302126	6831.869699	0.000462	5.2
181	-0.371356	104.005895	6848.059415	0.000444	4.7
182	-0.376747	103.281966	6887.948642	0.000458	4.9
183	-0.375606	104.281834	6832.976247	0.000433	4.9
184	-0.377915	103.557644	6872.703852	0.000445	4.8
185	-0.373025	104.556729	6818.016080	0.000461	5.4
186	-0.380521	105.544161	6764.814700	0.000476	5.3
187	-0.380731	104.839566	6802.691934	0.000437	4.3
188	-0.378821	104.115833	6842.042129	0.000460	5.0
189	-0.379543	103.826548	6857.898525	0.000442	4.4
190	-0.378723	103.198386	6892.583891	0.000430	4.5
191	-0.381363	104.195244	6837.702202	0.000447	5.1
192	-0.378320	105.195158	6783.523338	0.000464	8.1
193	-0.375072	106.183491	6730.809103	0.000429	5.0
194	-0.378525	107.179728	6678.496003	0.000453	4.4
195	-0.383557	108.179085	6626.829694	0.000464	4.6
196	-0.378406	109.006510	6584.653332	0.000447	4.5
197	-0.374494	110.006510	6534.391301	0.000450	4.5
198	-0.384733	110.416448	6514.008040	0.000471	4.6
199	-0.378610	111.416448	6464.814694	0.000442	4.8
