1:ItNr	2:Metric	3a:Time	3b:StepSize	4:||Gradient||	Time[ms]
0	-0.772509	0.000000	120489.458702	0.000269	15.2
1	-0.801258	0.000000	120489.458702	0.000221	0.9
2	-0.808124	0.000000	120489.458702	0.000126	0.9
3	-0.814545	1.000000	115012.665125	0.000136	0.8
4	-0.806519	2.000000	110012.114467	0.000139	0.8
5	-0.800240	3.000000	105428.276364	0.000146	1.0
6	-0.803396	4.000000	101211.145310	0.000041	0.8
7	-0.807436	4.998660	97323.425540	0.000085	0.9
8	-0.802310	4.917424	97628.477194	0.000102	0.8
9	-0.798213	5.917424	94001.515489	0.000236	0.7
10	-0.807826	6.917424	90634.388348	0.000175	0.7
11	-0.807530	7.917424	87500.139983	0.000101	0.7
12	-0.797850	7.836425	87745.918710	0.000070	0.7
13	-0.807020	7.755189	87993.809103	0.000147	0.6
14	-0.803098	8.755189	85036.549836	0.000112	0.8
15	-0.798182	9.755189	82271.600183	0.000062	0.7
16	-0.794488	9.673953	82489.486343	0.000174	0.9
17	-0.803577	10.673953	79885.154444	0.000159	0.7
18	-0.803631	11.673953	77440.235880	0.000090	0.7
19	-0.804661	12.673953	75140.528574	0.000079	0.7
20	-0.802450	13.673953	72973.468813	0.000081	0.8
21	-0.792852	13.605238	73118.371698	0.000118	0.7
22	-0.799145	14.605238	71064.786989	0.000083	0.8
23	-0.799447	15.605238	69123.403968	0.000168	0.8
24	-0.804299	16.605238	67285.271617	0.000035	0.8
25	-0.806669	17.605205	65542.421123	0.000217	0.8
26	-0.793823	17.523969	65680.631273	0.000081	0.8
27	-0.794294	18.523969	64018.838893	0.000039	0.7
28	-0.804554	19.322746	62750.652034	0.000074	0.8
29	-0.809057	19.241515	62877.320985	0.000068	0.8
30	-0.801304	20.241510	61352.715656	0.000093	0.8
31	-0.801354	20.167865	61462.469634	0.000173	0.7
32	-0.805404	21.167865	60004.903069	0.000102	0.7
33	-0.803099	22.167865	58614.866673	0.000088	0.8
34	-0.807997	22.086629	58725.380020	0.000167	0.8
35	-0.806582	23.086629	57393.334862	0.000062	0.8
36	-0.805438	24.086629	56120.377962	0.000092	0.7
37	-0.803603	24.005392	56221.677040	0.000183	0.7
38	-0.798212	25.005392	54999.609926	0.000030	0.7
39	-0.807079	26.004314	53830.774568	0.000055	0.8
40	-0.805922	26.080643	53743.501515	0.000105	0.7
41	-0.793034	25.999413	53836.388173	0.000124	0.9
42	-0.797197	26.999413	52714.783032	0.000072	0.9
43	-0.796421	26.918177	52804.150942	0.000103	0.8
44	-0.797633	27.918177	51724.712693	0.000120	0.7
45	-0.798320	28.918177	50688.522749	0.000154	0.7
46	-0.805578	29.918177	49693.033002	0.000063	0.7
47	-0.803142	30.918177	48735.891666	0.000072	0.7
48	-0.800326	31.918037	47815.050940	0.000117	0.7
49	-0.806356	32.918004	46928.269939	0.000079	0.7
50	-0.800642	33.918004	46073.754737	0.000106	0.7
51	-0.800698	34.766491	45372.742816	0.000111	0.7
52	-0.807005	35.766491	44573.455378	0.000153	0.8
53	-0.797209	35.685254	44637.334018	0.000154	0.7
54	-0.791205	36.685254	43863.525624	0.000033	0.8
55	-0.806949	37.284266	43412.721864	0.000098	0.7
56	-0.809397	37.213923	43465.179599	0.000127	1.0
57	-0.805095	38.213923	42731.143124	0.000045	1.0
58	-0.793264	39.213012	42022.123488	0.000064	0.9
59	-0.809155	39.131786	42078.887334	0.000037	0.9
60	-0.808347	40.129266	41392.262482	0.000112	0.7
61	-0.801186	40.049341	41446.452956	0.000065	0.9
62	-0.798799	41.049340	40778.494036	0.000059	0.9
63	-0.801751	41.000528	40810.598287	0.000088	0.7
64	-0.804761	41.684065	40365.579966	0.000118	0.8
65	-0.801443	41.603175	40417.736596	0.000117	0.9
66	-0.797167	42.603175	39782.269315	0.000089	0.7
67	-0.794572	42.521939	39833.145586	0.000141	1.0
68	-0.808884	43.468043	39248.571921	0.000062	0.8
69	-0.801993	44.468043	38649.064590	0.000044	0.8
70	-0.802354	45.465309	38069.162290	0.000049	0.8
71	-0.802982	45.384279	38115.630337	0.000032	1.0
72	-0.793097	45.682480	37945.178814	0.000130	1.0
73	-0.800729	45.601269	37991.447883	0.000083	0.8
74	-0.802434	46.601269	37429.454765	0.000057	0.9
75	-0.803171	47.473157	36952.855028	0.000104	1.0
76	-0.808133	48.471663	36421.736826	0.000069	0.9
77	-0.800800	48.390427	36464.376171	0.000079	0.8
78	-0.791171	49.390015	35946.556488	0.000070	0.7
79	-0.798924	49.321672	35981.491345	0.000026	0.8
80	-0.797874	49.463746	35908.942833	0.000100	0.9
81	-0.813196	49.513304	35883.705450	0.000052	0.9
82	-0.799673	50.180868	35547.173037	0.000046	0.8
83	-0.804701	50.099678	35587.765198	0.000200	0.8
84	-0.800461	51.078849	35104.315219	0.000042	0.9
85	-0.799744	52.078849	34623.953038	0.000070	0.7
86	-0.798673	51.998039	34662.282276	0.000039	0.9
87	-0.798350	51.916835	34700.883911	0.000064	0.9
88	-0.797756	51.838446	34738.229252	0.000101	0.9
89	-0.803382	52.838446	34267.766628	0.000112	0.9
90	-0.803592	52.757215	34305.506674	0.000119	0.9
91	-0.799837	53.757215	33846.614423	0.000085	0.9
92	-0.798273	54.757215	33399.836993	0.000049	0.8
93	-0.805073	55.757092	32964.753863	0.000126	0.7
94	-0.810148	56.756918	32540.881137	0.000066	0.9
95	-0.795833	57.756918	32127.699897	0.000094	0.9
96	-0.797445	57.675682	32160.873190	0.000059	0.9
97	-0.794190	58.675552	31757.277668	0.000038	1.0
98	-0.798551	58.603640	31785.966359	0.000089	1.0
99	-0.808783	59.508475	31428.723916	0.000066	1.0
100	-0.802576	59.427239	31460.468497	0.000070	0.9
101	-0.802843	59.367446	31483.875038	0.000060	0.9
102	-0.803234	59.286274	31515.706445	0.000059	0.8
103	-0.787682	60.223003	31152.241864	0.000114	0.8
104	-0.799945	61.223003	30773.366845	0.000112	0.9
105	-0.804779	62.223003	30403.596880	0.000089	0.8
106	-0.804677	63.222866	30042.656454	0.000077	0.7
107	-0.800059	63.141634	30071.660432	0.000089	0.8
108	-0.789425	63.060397	30100.721759	0.000099	0.7
109	-0.800766	64.060397	29746.847069	0.000026	0.7
110	-0.810525	63.979886	29775.029693	0.000105	0.8
111	-0.799225	63.898681	29803.509482	0.000082	0.7
112	-0.802316	63.817713	29831.960258	0.000141	0.8
113	-0.801191	64.816573	29484.731699	0.000013	0.9
114	-0.797657	64.739983	29511.069764	0.000083	0.8
115	-0.801655	65.234946	29341.685048	0.000097	0.8
116	-0.801763	65.153710	29369.351950	0.000088	0.9
117	-0.786814	66.153710	29032.368569	0.000136	0.7
118	-0.795550	67.153710	28703.030547	0.000064	0.8
119	-0.799412	68.153710	28381.080619	0.000072	0.7
120	-0.793723	68.072481	28406.962585	0.000065	0.7
121	-0.806012	69.015818	28109.266743	0.000066	0.7
122	-0.810552	68.934597	28134.652335	0.000090	1.2
123	-0.800591	69.934420	27825.312260	0.000132	0.8
124	-0.797515	70.934420	27522.647467	0.000034	0.7
125	-0.799029	70.988392	27506.499318	0.000078	0.7
126	-0.802478	71.096626	27474.172889	0.000172	0.7
127	-0.790432	72.095649	27179.343515	0.000132	0.8
128	-0.801432	73.095649	26890.495479	0.000061	0.8
129	-0.802056	74.095649	26607.722361	0.000031	1.0
130	-0.789634	75.003561	26356.091487	0.000047	0.9
131	-0.796616	75.202257	26301.655677	0.000118	0.8
132	-0.789370	76.202257	26031.068801	0.000064	0.9
133	-0.810590	77.202257	25765.992777	0.000117	0.8
134	-0.795220	78.202252	25506.261944	0.000050	0.8
135	-0.790165	78.985964	25306.338278	0.000070	0.7
136	-0.800532	78.927452	25321.156361	0.000034	0.9
137	-0.801231	78.846727	25341.628311	0.000058	0.7
138	-0.796810	78.766386	25362.035507	0.000020	0.7
139	-0.803557	78.709753	25376.440808	0.000059	0.7
140	-0.798237	78.633053	25395.976072	0.000059	0.8
141	-0.795649	79.542947	25166.147561	0.000071	0.8
142	-0.800388	80.542623	24918.389430	0.000073	0.9
143	-0.796132	81.324876	24727.893409	0.000048	0.9
144	-0.803469	81.243662	24747.535320	0.000050	0.9
145	-0.792149	82.212059	24515.339209	0.000094	0.8
146	-0.795574	82.130889	24534.634191	0.000155	0.9
147	-0.795254	83.130589	24299.090722	0.000042	0.7
148	-0.802140	83.177209	24288.216820	0.000034	1.0
149	-0.796632	84.044061	24087.783719	0.000096	1.0
150	-0.793955	83.962828	24106.425919	0.000119	0.9
151	-0.792906	84.708284	23936.427159	0.000066	0.8
152	-0.789712	85.708284	23712.110673	0.000080	0.8
153	-0.801250	86.708222	23491.972855	0.000128	0.8
154	-0.802673	87.708222	23275.871696	0.000099	0.9
155	-0.794624	88.708222	23063.710098	0.000031	1.0
156	-0.802710	88.640095	23078.041151	0.000071	0.9
157	-0.811149	89.591834	22879.434528	0.000039	1.0
158	-0.799630	90.246723	22744.747581	0.000065	0.8
159	-0.795104	91.239108	22543.645252	0.000046	0.9
160	-0.803628	92.188847	22354.487221	0.000022	0.9
161	-0.790143	92.515846	22290.091829	0.000020	0.8
162	-0.794072	92.646216	22264.521612	0.000025	0.8
163	-0.795204	92.789350	22236.515487	0.000084	0.8
164	-0.799829	92.708444	22252.337064	0.000043	0.8
165	-0.799318	93.688733	22062.137751	0.000127	0.9
166	-0.801651	93.609564	22077.377700	0.000075	0.9
167	-0.800841	94.609564	21886.412723	0.000097	0.8
168	-0.792272	95.609564	21698.723037	0.000154	0.9
169	-0.798642	96.609564	21514.225090	0.000033	0.8
170	-0.806845	96.652683	21506.340182	0.000077	0.8
171	-0.806612	96.652864	21506.307202	0.000069	0.8
172	-0.800391	97.377336	21374.687991	0.000111	0.7
173	-0.795060	98.375751	21195.918106	0.000059	0.8
174	-0.799661	99.355809	21023.319542	0.000040	0.7
175	-0.793994	99.274943	21037.454492	0.000097	0.8
176	-0.800765	99.205009	21049.693764	0.000029	0.7
177	-0.797760	99.750998	20954.515333	0.000155	1.0
178	-0.806814	99.671536	20968.313724	0.000055	0.8
179	-0.801924	99.590300	20982.439107	0.000107	0.8
180	-0.803085	100.590300	20809.872485	0.000050	0.9
181	-0.800446	100.509085	20823.781553	0.000076	0.9
182	-0.802543	100.427849	20837.712791	0.000083	0.9
183	-0.790594	101.427849	20667.508766	0.000058	0.8
184	-0.794187	101.346619	20681.230590	0.000090	0.7
185	-0.795781	101.265453	20694.959864	0.000065	0.9
186	-0.789205	102.193294	20539.093916	0.000043	1.0
187	-0.799515	102.115789	20552.023847	0.000142	1.1
188	-0.807378	103.115789	20386.436345	0.000099	0.7
189	-0.798382	104.115789	20223.495788	0.000134	0.7
190	-0.793276	105.115789	20063.139215	0.000049	0.8
191	-0.805132	105.034595	20076.064368	0.000096	0.8
192	-0.791018	104.960587	20087.860030	0.000036	0.9
193	-0.792068	104.889972	20099.127720	0.000063	0.7
194	-0.790405	105.881347	19942.085160	0.000020	0.8
195	-0.801446	105.805256	19954.051725	0.000079	0.8
196	-0.802052	106.749045	19806.634429	0.000076	0.8
197	-0.791639	107.749034	19652.797071	0.000111	0.7
198	-0.792468	107.667813	19665.202719	0.000100	0.6
199	-0.806092	108.667813	19513.544399	0.000009	0.7
