1:ItNr	2:Metric	3a:Time	3b:StepSize	4:||Gradient||	Time[ms]
0	-0.306344	0.000000	2737.308396	0.003087	78.1
1	-0.315709	0.000000	2737.308396	0.000619	1.1
2	-0.320705	0.000000	2737.308396	0.000292	0.8
3	-0.320306	1.000000	2612.885287	0.000252	0.7
4	-0.315577	1.013178	2611.321146	0.000335	0.8
5	-0.326732	2.012399	2497.934977	0.000478	0.9
6	-0.317362	3.012399	2393.908095	0.000398	0.9
7	-0.325785	4.012399	2298.199239	0.000162	0.7
8	-0.322956	3.984059	2300.806108	0.000285	0.9
9	-0.321500	3.960996	2302.931978	0.000195	0.8
10	-0.314232	4.958112	2214.470634	0.000331	0.8
11	-0.316995	4.931687	2216.727207	0.000236	0.7
12	-0.320033	5.931671	2134.419232	0.000360	0.8
13	-0.313806	5.903393	2136.662713	0.000278	0.9
14	-0.321578	5.879322	2138.576125	0.000336	1.0
15	-0.311811	6.876902	2062.046759	0.000195	1.0
16	-0.317576	6.848650	2064.138694	0.000508	1.0
17	-0.321428	7.136416	2043.027687	0.000455	0.9
18	-0.308991	8.136416	1972.908297	0.000124	1.0
19	-0.324502	9.120279	1908.464259	0.000060	0.8
20	-0.313468	9.104042	1909.493595	0.000190	0.7
21	-0.321964	9.241285	1900.827835	0.000099	0.8
22	-0.324644	9.221902	1902.046968	0.000333	0.8
23	-0.313074	10.044038	1851.675263	0.000253	1.0
24	-0.316917	11.040412	1794.092947	0.000270	1.1
25	-0.312527	12.039916	1739.819077	0.000361	1.0
26	-0.321236	12.017631	1740.993376	0.000282	1.0
27	-0.313170	13.017592	1689.816141	0.000432	1.0
28	-0.317301	12.989252	1691.225097	0.000318	1.2
29	-0.306817	13.693514	1656.894010	0.000174	1.3
30	-0.308973	13.899540	1647.112744	0.000169	1.2
31	-0.319610	14.200049	1633.051053	0.000247	1.2
32	-0.309064	14.806739	1605.381484	0.000225	1.0
33	-0.317616	14.780840	1606.543499	0.000483	1.0
34	-0.317868	15.754021	1564.005084	0.000070	1.1
35	-0.323946	15.918902	1557.020189	0.000156	0.9
36	-0.336210	15.963997	1555.120664	0.000189	0.9
37	-0.322422	15.935919	1556.302864	0.000543	1.0
38	-0.313564	16.934856	1515.320796	0.000173	1.0
39	-0.319752	17.934854	1476.401491	0.000286	0.9
40	-0.312771	17.906541	1477.475892	0.000136	1.1
41	-0.316740	17.878302	1478.549052	0.000226	1.2
42	-0.323117	17.851370	1479.573973	0.000029	1.1
43	-0.323981	17.851015	1479.587514	0.000165	1.1
44	-0.314080	17.847790	1479.710322	0.000166	1.0
45	-0.321243	18.124063	1469.261412	0.000158	0.9
46	-0.323734	18.849126	1442.527915	0.000469	1.0
47	-0.319012	19.742261	1410.905402	0.000137	0.9
48	-0.324380	19.992933	1402.277725	0.000482	0.9
49	-0.319724	19.971308	1403.017842	0.000254	1.0
50	-0.317053	19.942968	1403.988984	0.000312	1.0
51	-0.321078	19.918228	1404.837872	0.000349	1.1
52	-0.322502	19.925761	1404.579295	0.000259	0.9
53	-0.313027	19.897433	1405.552169	0.000278	1.3
54	-0.317947	19.869094	1406.526822	0.000182	1.1
55	-0.318255	20.678754	1379.203320	0.000208	1.2
56	-0.319817	21.437302	1354.550676	0.000217	0.9
57	-0.318374	21.408986	1355.455083	0.000174	0.8
58	-0.314936	21.771776	1343.958136	0.000295	0.9
59	-0.326812	22.403604	1324.394074	0.000207	0.8
60	-0.320924	22.375273	1325.259137	0.000243	1.0
61	-0.324356	22.369955	1325.421619	0.000104	0.9
62	-0.317057	22.538910	1320.278258	0.000266	0.9
63	-0.323124	22.838736	1311.248498	0.000249	0.9
64	-0.332171	23.837120	1282.051047	0.000338	0.8
65	-0.323842	23.808782	1282.861837	0.000187	3.4
66	-0.317024	23.786755	1283.492759	0.000119	1.0
67	-0.318697	24.245369	1270.483087	0.000391	0.9
68	-0.321251	24.227083	1270.996761	0.000194	1.0
69	-0.319643	25.062290	1247.950898	0.000054	1.0
70	-0.326636	25.063516	1247.917693	0.000207	0.9
71	-0.313346	25.044467	1248.433959	0.000109	0.9
72	-0.321790	25.019741	1249.104730	0.000069	0.9
73	-0.307326	25.002845	1249.563513	0.000328	1.0
74	-0.324787	24.979962	1250.185381	0.000311	0.8
75	-0.314922	25.045380	1248.409213	0.000259	0.7
76	-0.318134	26.045363	1221.873375	0.000250	0.9
77	-0.321582	27.029070	1196.847593	0.000451	0.9
78	-0.325869	27.000782	1197.552922	0.000137	0.9
79	-0.314000	26.975586	1198.181838	0.000260	0.9
80	-0.318582	27.526810	1184.571504	0.000207	0.9
81	-0.327955	27.498473	1185.263629	0.000038	0.9
82	-0.315503	27.496456	1185.312936	0.000238	0.9
83	-0.324263	27.551054	1183.979982	0.000438	0.8
84	-0.317016	28.551047	1160.086004	0.000264	0.8
85	-0.313583	29.383810	1140.911650	0.000224	0.8
86	-0.316265	30.381020	1118.768695	0.000336	0.8
87	-0.326452	30.396333	1118.435362	0.000159	0.8
88	-0.321182	31.235716	1100.463073	0.000443	0.8
89	-0.319431	31.220002	1100.794228	0.000380	0.8
90	-0.316199	32.220002	1080.110384	0.000201	0.8
91	-0.317446	32.828585	1067.898698	0.000213	0.7
92	-0.327150	33.733744	1050.238331	0.000200	0.7
93	-0.314326	33.760751	1049.720372	0.000258	0.7
94	-0.316308	33.737302	1050.170076	0.000204	0.9
95	-0.315706	33.712889	1050.638656	0.000100	0.8
96	-0.313918	33.749043	1049.944858	0.000277	0.8
97	-0.314028	33.721776	1050.468037	0.000363	0.9
98	-0.320191	33.693436	1051.012348	0.000149	0.9
99	-0.311829	33.742733	1050.065889	0.000230	0.8
100	-0.317240	34.633135	1033.259700	0.000189	0.7
101	-0.318647	35.612726	1015.380823	0.000205	0.8
102	-0.323563	35.601630	1015.579866	0.000372	0.8
103	-0.312393	35.648352	1014.742250	0.000347	1.0
104	-0.319160	35.620041	1015.249648	0.000272	0.8
105	-0.305498	36.619977	997.631021	0.000253	0.7
106	-0.309038	36.591763	998.119758	0.000387	0.8
107	-0.314714	37.589103	981.129144	0.000370	0.8
108	-0.316376	38.589102	964.664253	0.000240	0.8
109	-0.327142	38.563765	965.074597	0.000349	0.8
110	-0.310630	39.563572	949.142772	0.000135	0.8
111	-0.302771	40.555013	933.855322	0.000182	0.9
112	-0.313421	40.828193	929.729196	0.000387	0.7
113	-0.319659	41.827655	914.939078	0.000090	0.9
114	-0.321383	41.821340	915.031044	0.000357	0.8
115	-0.318843	41.797746	915.374831	0.000301	0.8
116	-0.316239	42.340122	907.536552	0.000165	0.8
117	-0.317387	42.319858	907.826995	0.000276	0.8
118	-0.316581	42.365257	907.176562	0.000263	0.7
119	-0.315760	42.336936	907.582206	0.000293	0.8
120	-0.318810	43.323816	893.657748	0.000221	0.9
121	-0.314931	44.323396	879.982968	0.000223	0.7
122	-0.321151	45.208201	868.222904	0.000367	0.8
123	-0.313875	45.179878	868.594480	0.000340	0.8
124	-0.323620	46.179872	855.665170	0.000209	0.7
125	-0.314379	47.178048	843.137603	0.000146	0.6
126	-0.322197	47.466385	839.586845	0.000498	0.8
127	-0.315905	47.479431	839.426902	0.000279	0.8
128	-0.317104	47.451091	839.774440	0.000220	0.9
129	-0.326304	48.314053	829.319223	0.000251	1.0
130	-0.308291	48.287342	829.638925	0.000248	0.9
131	-0.310372	48.259029	829.978090	0.000261	0.8
132	-0.323666	49.258713	818.168655	0.000151	0.7
133	-0.314209	49.767102	812.290948	0.000234	0.8
134	-0.317708	49.741508	812.584827	0.000319	0.9
135	-0.317053	49.753242	812.450074	0.000441	0.7
136	-0.314266	50.753242	801.127239	0.000314	0.8
137	-0.318573	51.753242	790.115672	0.000308	0.8
138	-0.318122	51.724902	790.423570	0.000295	0.8
139	-0.309600	52.723393	779.718273	0.000093	0.7
140	-0.319448	52.855096	778.327823	0.000178	0.7
141	-0.319457	52.830102	778.591316	0.000395	0.8
142	-0.323769	52.884246	778.020748	0.000253	0.8
143	-0.313200	52.868705	778.184432	0.000313	0.9
144	-0.316356	53.868218	767.795443	0.000332	0.7
145	-0.315699	53.839878	768.086187	0.000099	0.8
146	-0.315240	53.812890	768.363267	0.000114	0.7
147	-0.316822	53.800826	768.487187	0.000091	0.8
148	-0.313982	53.835487	768.131248	0.000149	0.8
149	-0.314180	53.831817	768.168920	0.000255	0.7
150	-0.317453	53.804063	768.453933	0.000261	0.8
151	-0.326341	54.801961	758.337586	0.000168	0.8
152	-0.312906	54.774245	758.614965	0.000309	0.7
153	-0.311569	55.762978	748.843748	0.000106	0.9
154	-0.313409	56.618356	740.591264	0.000321	0.8
155	-0.316419	56.594024	740.823497	0.000274	0.8
156	-0.312383	57.592080	731.415638	0.000313	0.9
157	-0.312213	57.563740	731.679474	0.000170	0.7
158	-0.318733	57.541102	731.890367	0.000277	0.7
159	-0.308048	57.513708	732.145731	0.000659	0.7
160	-0.318884	58.513708	722.937938	0.000175	0.7
161	-0.320750	59.513708	713.958872	0.000116	0.9
162	-0.316269	59.491637	714.154640	0.000168	0.8
163	-0.314945	59.464785	714.392960	0.000194	0.9
164	-0.316968	59.440468	714.608921	0.000308	0.8
165	-0.323277	60.021012	709.488499	0.000188	0.7
166	-0.318521	59.994310	709.722406	0.000313	0.8
167	-0.315217	60.993265	701.075590	0.000324	0.7
168	-0.317923	60.964925	701.317992	0.000310	0.7
169	-0.318042	60.936585	701.560561	0.000190	0.7
170	-0.314160	60.924295	701.665804	0.000118	0.8
171	-0.327398	61.123952	699.959935	0.000156	0.7
172	-0.320706	61.122805	699.969712	0.000222	0.7
173	-0.318006	61.432386	697.340924	0.000108	0.7
174	-0.321452	61.404774	697.574589	0.000199	0.8
175	-0.313576	61.464478	697.069545	0.000236	0.8
176	-0.322701	62.144943	691.364669	0.000215	0.7
177	-0.318026	62.116754	691.599149	0.000158	0.7
178	-0.309580	62.242709	690.552682	0.000251	0.8
179	-0.320422	62.268136	690.341813	0.000508	0.7
180	-0.320168	62.239797	690.576847	0.000247	0.8
181	-0.307687	62.548710	688.023504	0.000149	0.8
182	-0.325181	62.962515	684.632616	0.000254	0.7
183	-0.327991	63.103573	683.484357	0.000168	0.8
184	-0.319905	63.186467	682.811361	0.000332	0.9
185	-0.318933	63.158129	683.041283	0.000226	0.8
186	-0.313446	63.129801	683.271271	0.000249	0.8
187	-0.335485	63.101503	683.501181	0.000170	0.8
188	-0.315648	63.438530	680.773062	0.000113	0.8
189	-0.323020	63.771001	678.103075	0.000306	0.8
190	-0.314309	63.743964	678.319419	0.000328	0.8
191	-0.314930	63.754630	678.234051	0.000300	0.7
192	-0.322052	64.754511	670.325973	0.000226	0.7
193	-0.312173	64.796788	669.995670	0.000136	0.7
194	-0.310575	65.096080	667.666591	0.000151	0.9
195	-0.311487	65.084341	667.757640	0.000107	0.9
196	-0.321844	65.320448	665.931163	0.000077	0.8
197	-0.310308	65.307975	666.027403	0.000243	0.8
198	-0.323461	65.283961	666.212764	0.000243	0.9
199	-0.306293	65.271978	666.305303	0.000131	0.8
