1:ItNr	2:Metric	3a:Time	3b:StepSize	4:||Gradient||	Time[ms]
0	-0.094503	0.000000	2083.555721	0.000832	54.1
1	-0.097412	0.000000	2083.555721	0.000535	0.9
2	-0.097938	1.000000	1988.848673	0.000511	0.9
3	-0.093867	0.228612	2061.117835	0.001148	1.0
4	-0.091701	0.000000	2083.555721	0.000658	0.9
5	-0.088230	0.000000	2083.555721	0.000848	0.9
6	-0.093608	1.000000	1988.848643	0.000763	0.9
7	-0.084939	0.227689	2061.207415	0.000339	0.9
8	-0.093281	0.000000	2083.555721	0.000571	1.3
9	-0.091217	0.000000	2083.555721	0.000318	1.0
10	-0.091955	0.992583	1989.519370	0.000608	0.9
11	-0.095306	0.231908	2060.797809	0.000736	1.0
12	-0.090245	1.231908	1968.102311	0.000721	0.9
13	-0.091724	2.231908	1883.386829	0.000663	0.9
14	-0.091724	3.231908	1805.663407	0.000340	0.9
15	-0.094185	4.231847	1734.104916	0.000666	0.9
16	-0.092745	3.459556	1788.857915	0.000576	1.1
17	-0.083373	4.459556	1718.595185	0.000145	1.1
18	-0.094031	3.692084	1772.012075	0.000710	0.9
19	-0.090022	4.678810	1703.921274	0.000569	1.0
20	-0.088657	5.678810	1640.053310	0.000211	0.9
21	-0.093639	6.677137	1580.895807	0.000181	1.0
22	-0.093742	7.532974	1533.477382	0.000576	0.9
23	-0.091319	6.760750	1576.134284	0.000437	1.0
24	-0.092337	7.744680	1522.183226	0.000636	1.0
25	-0.092315	8.744680	1471.008254	0.000181	1.1
26	-0.091177	7.972662	1510.205383	0.000311	1.0
27	-0.093776	7.807914	1518.842026	0.000575	1.2
28	-0.093228	8.734952	1471.489513	0.001036	1.0
29	-0.091026	8.254323	1495.665092	0.000900	1.0
30	-0.088572	9.254323	1446.228683	0.000937	1.2
31	-0.089022	10.254323	1399.955767	0.001040	1.1
32	-0.093371	11.254323	1356.552104	0.000413	1.0
33	-0.094083	12.254323	1315.758849	0.000333	1.1
34	-0.094162	11.497253	1346.411344	0.000654	1.0
35	-0.091589	12.448055	1308.137953	0.000663	1.0
36	-0.095567	13.448055	1270.163734	0.000336	1.0
37	-0.087831	14.447399	1234.354881	0.000442	1.0
38	-0.089256	15.447350	1200.489766	0.000250	1.0
39	-0.089118	14.675401	1226.466098	0.000530	1.1
40	-0.091606	15.675108	1193.034543	0.000481	1.2
41	-0.090216	16.675108	1161.368156	0.000526	1.1
42	-0.092736	15.903416	1185.653648	0.000437	0.9
43	-0.091566	16.903416	1154.372740	0.000323	0.9
44	-0.093161	17.903245	1124.704909	0.000238	0.8
45	-0.093500	18.896754	1096.697484	0.000280	0.9
46	-0.088987	19.839907	1071.370475	0.000345	0.8
47	-0.090351	20.464859	1055.222938	0.000571	0.9
48	-0.099759	21.084702	1039.681119	0.000354	1.0
49	-0.093058	21.982388	1017.967398	0.000615	1.0
50	-0.096385	21.210098	1036.592489	0.000642	1.0
51	-0.093976	22.210089	1012.603093	0.000162	1.1
52	-0.091133	21.844097	1021.253173	0.000445	1.1
53	-0.088775	21.081432	1039.761902	0.000622	1.3
54	-0.095336	22.029741	1016.847156	0.000739	1.2
55	-0.090106	22.994788	994.542132	0.000718	0.9
56	-0.088778	23.994788	972.438635	0.000143	1.1
57	-0.093832	24.146404	969.172874	0.000424	1.2
58	-0.093530	24.922078	952.802481	0.000574	1.0
59	-0.092607	25.922078	932.496422	0.000336	1.3
60	-0.094268	26.922025	913.038850	0.000972	0.9
61	-0.087113	26.151191	927.965328	0.000483	1.0
62	-0.090573	27.151191	908.693420	0.000152	1.0
63	-0.092212	26.383539	923.414993	0.000391	1.2
64	-0.090769	25.894139	933.052009	0.000636	1.1
65	-0.092264	26.894139	913.570460	0.000322	1.1
66	-0.094483	26.121828	928.543572	0.000596	1.1
67	-0.090474	27.121828	909.247889	0.000674	1.0
68	-0.089427	26.349517	924.078496	0.000818	1.0
69	-0.089534	27.349517	904.966030	0.000785	1.1
70	-0.093855	28.349517	886.628139	0.000353	1.0
71	-0.095029	29.295813	869.946566	0.000379	1.1
72	-0.088462	28.551462	883.014714	0.000105	3.1
73	-0.092014	28.094147	891.240052	0.000713	1.2
74	-0.089548	27.463461	902.838327	0.000710	1.2
75	-0.089410	28.463456	884.585784	0.000303	1.1
76	-0.092346	27.691167	898.616164	0.000453	1.1
77	-0.093192	28.691031	880.534562	0.000389	1.2
78	-0.095471	27.918734	894.435869	0.000642	1.2
79	-0.093113	27.146481	908.782308	0.000435	1.2
80	-0.095444	28.146481	890.291008	0.000529	1.1
81	-0.095615	29.097230	873.394995	0.000786	1.2
82	-0.096352	30.097229	856.302204	0.000308	1.1
83	-0.094013	31.097228	839.865615	0.000459	1.2
84	-0.094034	30.328072	852.451082	0.000435	1.2
85	-0.090228	29.555763	865.473441	0.000339	1.0
86	-0.090710	30.555758	848.686382	0.000491	1.2
87	-0.093265	29.783448	861.593132	0.000404	1.1
88	-0.094482	30.783448	844.954744	0.000395	0.9
89	-0.096923	30.011139	857.747373	0.000350	1.1
90	-0.093765	30.726998	845.876848	0.000186	1.2
91	-0.095117	31.717021	829.991322	0.000354	1.1
92	-0.091415	32.713278	814.596913	0.000855	1.2
93	-0.093856	33.713277	799.708456	0.000538	1.0
94	-0.096733	33.559950	801.955826	0.000670	1.1
95	-0.090015	34.559950	787.521763	0.000652	1.0
96	-0.099206	35.559950	773.598099	0.000645	1.1
97	-0.093771	36.559950	760.158232	0.000617	1.0
98	-0.091101	35.787640	770.496371	0.000833	1.1
99	-0.091654	36.787640	757.163132	0.000591	1.0
100	-0.095169	36.015338	767.419290	0.000406	1.0
101	-0.090947	35.243960	777.944343	0.000489	1.0
102	-0.093143	34.472807	788.758903	0.000577	1.1
103	-0.093924	33.700504	799.895189	0.000360	1.1
104	-0.092687	34.434153	789.308902	0.000293	1.1
105	-0.092067	35.433855	775.326617	0.000619	1.4
106	-0.088399	34.661632	786.083140	0.000424	1.2
107	-0.093327	33.889321	797.143589	0.000534	1.0
108	-0.097920	34.886278	782.923323	0.001128	0.9
109	-0.090454	35.886278	769.160367	0.000177	1.2
110	-0.094104	35.113968	779.746499	0.000234	1.2
111	-0.097160	36.056609	766.864193	0.000558	1.1
112	-0.097808	36.158633	765.495389	0.000196	1.1
113	-0.095429	37.148451	752.464935	0.000212	1.0
114	-0.092928	37.839679	743.625236	0.000357	1.2
115	-0.093465	37.403813	749.174895	0.000242	1.1
116	-0.092716	36.665471	758.767232	0.000275	1.0
117	-0.087889	36.778979	757.276627	0.000352	1.0
118	-0.095187	37.765820	744.559855	0.000447	1.0
119	-0.094176	36.993668	754.473228	0.000383	1.0
120	-0.095553	37.993666	741.684197	0.000404	0.9
121	-0.101613	37.221475	751.521153	0.000148	0.9
122	-0.091023	36.453411	761.567836	0.000552	1.0
123	-0.093189	37.449909	748.584059	0.000532	0.9
124	-0.089823	38.449890	735.992448	0.000351	0.9
125	-0.091964	39.449884	723.817273	0.000497	0.9
126	-0.089184	38.683057	733.117111	0.000683	0.8
127	-0.093879	39.571893	722.359293	0.000515	0.9
128	-0.090948	40.571893	710.627328	0.000327	1.0
129	-0.090717	41.571851	699.270829	0.000304	1.1
130	-0.091549	42.571662	688.273187	0.000279	1.1
131	-0.095770	43.559533	677.741433	0.000283	1.0
132	-0.097727	44.068093	672.444331	0.000141	1.0
133	-0.090898	44.113189	671.978607	0.000223	1.0
134	-0.092545	44.445705	668.564423	0.000356	1.0
135	-0.095312	43.725074	676.008033	0.000261	1.0
136	-0.097083	43.046639	683.168870	0.000678	0.9
137	-0.087937	42.274467	691.505945	0.000360	0.9
138	-0.096613	43.274467	680.747303	0.000790	1.0
139	-0.091345	42.502161	689.026480	0.000428	0.9
140	-0.090437	43.502109	678.344799	0.000394	0.8
141	-0.089321	44.376144	669.275784	0.000273	0.9
142	-0.094717	43.603917	677.275810	0.000591	0.9
143	-0.095717	44.603916	666.952106	0.000429	1.0
144	-0.092935	43.831638	674.896882	0.000554	1.1
145	-0.097201	44.831638	664.645019	0.000543	0.9
146	-0.092325	45.831563	654.700685	0.000242	0.8
147	-0.094702	46.828741	645.075660	0.000348	0.9
148	-0.093816	46.099834	652.083134	0.000788	1.0
149	-0.093843	47.099834	642.507735	0.000897	1.0
150	-0.086832	48.099834	633.209482	0.000198	0.9
151	-0.092460	47.448203	639.237672	0.000417	1.0
152	-0.093449	47.985612	634.257911	0.000880	1.0
153	-0.094150	47.229301	641.288557	0.000594	0.9
154	-0.098467	48.229301	632.025303	0.000545	0.9
155	-0.095439	47.456990	639.155620	0.000256	0.9
156	-0.094143	48.344409	630.976179	0.000603	1.0
157	-0.094031	49.333765	622.100499	0.000388	1.2
158	-0.091782	48.561454	629.007413	0.000293	1.0
159	-0.094130	47.789177	636.069103	0.000336	0.9
160	-0.093129	47.072040	642.770077	0.000450	0.9
161	-0.093111	47.648430	637.373214	0.000609	0.9
162	-0.095360	48.648430	628.221921	0.000443	0.9
163	-0.090345	49.639293	619.409801	0.001040	0.9
164	-0.094793	50.639293	610.763571	0.000697	1.0
165	-0.091232	49.866982	617.419694	0.000530	0.8
166	-0.098770	50.866982	608.828549	0.000353	1.0
167	-0.091072	50.094672	615.442328	0.000318	1.0
168	-0.090948	51.094638	606.906024	0.000558	0.9
169	-0.095730	52.094638	598.603011	0.000481	0.9
170	-0.091084	53.094638	590.524113	0.000580	1.1
171	-0.090004	54.094638	582.660381	0.000473	0.9
172	-0.089779	54.564320	579.038761	0.000355	1.0
173	-0.088929	53.792074	585.017477	0.000523	0.9
174	-0.091036	53.957587	583.725702	0.000862	0.9
175	-0.093961	54.957587	576.040812	0.000247	0.8
176	-0.090877	55.957558	568.555856	0.000260	1.0
177	-0.095505	56.522713	564.410976	0.000488	1.0
178	-0.096421	57.522651	557.223547	0.000526	0.9
179	-0.095028	56.791475	562.460993	0.000142	0.9
180	-0.093325	57.785609	555.363737	0.000209	0.9
181	-0.097219	57.340628	558.518247	0.000250	0.9
182	-0.094010	57.167606	559.754514	0.000706	0.9
183	-0.093188	58.167594	552.684099	0.000630	1.0
184	-0.095664	57.462147	557.653238	0.000332	0.9
185	-0.091437	58.462147	550.635391	0.000226	1.0
186	-0.100270	59.450948	543.867675	0.000360	1.0
187	-0.092109	60.448868	537.204154	0.000461	0.9
188	-0.094921	59.836930	541.270804	0.000715	1.0
189	-0.095328	60.836930	534.656788	0.000453	0.9
190	-0.091799	60.122147	539.367755	0.000169	0.9
191	-0.089948	59.398827	544.220257	0.000286	0.9
192	-0.093068	58.812110	548.220940	0.000198	0.9
193	-0.092425	59.205773	545.530188	0.000385	0.9
194	-0.092780	58.440144	550.787903	0.000724	0.9
195	-0.089968	59.440144	543.940726	0.000286	0.9
196	-0.091534	60.426759	537.350012	0.000104	1.1
197	-0.093592	59.982479	540.297986	0.000697	0.9
198	-0.097454	59.213951	545.474568	0.000436	0.9
199	-0.096126	60.213951	538.758055	0.000506	0.9
