1:ItNr	2:Metric	3a:Time	3b:StepSize	4:||Gradient||	Time[ms]
0	-0.668232	0.000000	156392.331722	0.000253	70.2
1	-0.675814	0.000000	156392.331722	0.000188	4.3
2	-0.684065	0.000000	156392.331722	0.000189	7.0
3	-0.689322	0.000000	156392.331722	0.000178	4.3
4	-0.694322	0.000000	156392.331722	0.000170	4.9
5	-0.699721	0.000000	156392.331722	0.000188	4.7
6	-0.701826	0.000000	156392.331722	0.000249	3.8
7	-0.702017	0.000000	156392.331722	0.000293	3.9
8	-0.708294	1.000000	149283.589371	0.000325	4.1
9	-0.709535	2.000000	142792.998529	0.000360	3.6
10	-0.711078	3.000000	136843.290257	0.000353	3.9
11	-0.719410	4.000000	131369.558647	0.000343	4.0
12	-0.723696	5.000000	126316.883314	0.000293	3.8
13	-0.725583	6.000000	121638.480229	0.000306	4.3
14	-0.732355	7.000000	117294.248792	0.000362	3.7
15	-0.729590	8.000000	113249.619523	0.000381	4.6
16	-0.736397	9.000000	109474.632206	0.000398	3.9
17	-0.737077	10.000000	105943.192457	0.000411	3.6
18	-0.739755	11.000000	102632.467693	0.000440	3.9
19	-0.745385	12.000000	99522.392914	0.000402	3.7
20	-0.751433	13.000000	96595.263711	0.000356	3.8
21	-0.755994	14.000000	93835.399033	0.000440	3.6
22	-0.754348	15.000000	91228.860171	0.000516	3.7
23	-0.759609	16.000000	88763.215302	0.000428	3.5
24	-0.763730	17.000000	86427.341215	0.000339	3.3
25	-0.765700	18.000000	84211.255543	0.000382	4.2
26	-0.765364	19.000000	82105.974154	0.000470	3.6
27	-0.773723	20.000000	80103.389419	0.000411	3.4
28	-0.773589	21.000000	78196.165861	0.000279	3.6
29	-0.780742	22.000000	76377.650376	0.000304	3.9
30	-0.774711	23.000000	74641.794686	0.000363	3.5
31	-0.781873	24.000000	72983.088137	0.000360	3.6
32	-0.786668	25.000000	71396.499265	0.000388	3.6
33	-0.785871	26.000000	69877.424812	0.000411	3.9
34	-0.787255	27.000000	68421.645129	0.000445	3.7
35	-0.788193	28.000000	67025.285024	0.000474	3.4
36	-0.787575	29.000000	65684.779323	0.000501	3.9
37	-0.787562	30.000000	64396.842474	0.000508	3.7
38	-0.788495	31.000000	63158.441657	0.000429	3.5
39	-0.793927	32.000000	61966.772947	0.000380	3.4
40	-0.792415	33.000000	60819.240114	0.000438	3.9
41	-0.798169	34.000000	59713.435749	0.000484	3.5
42	-0.793934	35.000000	58647.124396	0.000430	3.3
43	-0.792794	36.000000	57618.227477	0.000368	3.5
44	-0.792323	37.000000	56624.809762	0.000366	3.6
45	-0.800721	38.000000	55665.067223	0.000334	3.5
46	-0.797817	39.000000	54737.316103	0.000249	3.6
47	-0.803823	40.000000	53839.983052	0.000229	3.8
48	-0.800729	41.000000	52971.596229	0.000266	3.4
49	-0.799346	42.000000	52130.777241	0.000223	3.3
50	-0.798329	43.000000	51316.233846	0.000149	3.4
51	-0.800539	44.000000	50526.753326	0.000135	3.9
52	-0.802026	45.000000	49761.196645	0.000095	3.4
53	-0.801977	44.982683	49774.255898	0.000121	3.2
54	-0.798444	44.965367	49787.322006	0.000164	3.5
55	-0.805919	45.965367	49043.843336	0.000166	3.7
56	-0.802450	46.965367	48322.242827	0.000138	3.4
57	-0.803278	47.965367	47621.568780	0.000110	3.7
58	-0.805163	48.965367	46940.923901	0.000122	3.7
59	-0.808694	48.948051	46952.544633	0.000167	3.4
60	-0.800826	48.930734	46964.171121	0.000186	3.5
61	-0.806163	49.930734	46302.057981	0.000147	3.8
62	-0.802846	50.930734	45658.354583	0.000170	3.4
63	-0.802480	51.930733	45032.304227	0.000122	3.6
64	-0.806578	51.913417	45042.999065	0.000094	3.4
65	-0.806683	51.896100	45053.698983	0.000122	3.6
66	-0.805565	51.878784	45064.403986	0.000180	3.3
67	-0.800903	52.878784	44454.426378	0.000227	3.8
68	-0.806701	53.878784	43860.741172	0.000232	4.4
69	-0.808776	54.878784	43282.704218	0.000148	3.2
70	-0.802523	55.878784	42719.704884	0.000087	3.7
71	-0.804049	55.862263	42728.887422	0.000077	3.6
72	-0.806162	55.844946	42738.516035	0.000095	3.7
73	-0.809846	55.827630	42748.148989	0.000123	3.6
74	-0.807184	56.143484	42573.122223	0.000101	3.5
75	-0.806393	57.143484	42028.315156	0.000075	3.7
76	-0.804329	57.126167	42037.630584	0.000110	3.5
77	-0.800738	57.108851	42046.950145	0.000133	3.5
78	-0.803893	58.108851	41515.442614	0.000119	3.4
79	-0.802795	59.108851	40997.204715	0.000105	3.7
80	-0.807425	60.108851	40491.745642	0.000106	3.2
81	-0.802567	61.108851	39998.598495	0.000101	3.7
82	-0.808571	62.108851	39517.318848	0.000096	3.4
83	-0.812893	63.108603	39047.598611	0.000118	4.1
84	-0.805616	64.108603	38588.801295	0.000059	3.9
85	-0.808868	64.091287	38596.653964	0.000101	3.5
86	-0.807790	64.073971	38604.510126	0.000173	3.9
87	-0.808576	65.073971	38156.006243	0.000198	3.7
88	-0.806691	66.073971	37717.804035	0.000141	3.5
89	-0.807936	67.073971	37289.552604	0.000073	3.3
90	-0.809211	68.073971	36870.916808	0.000048	3.9
91	-0.804912	68.056654	36878.086080	0.000058	3.5
92	-0.806186	68.039338	36885.258140	0.000052	3.7
93	-0.809285	68.022022	36892.432990	0.000080	3.4
94	-0.806938	68.004958	36899.505653	0.000075	3.7
95	-0.807222	69.004958	36489.533732	0.000067	3.4
96	-0.811490	70.004958	36088.571695	0.000055	3.3
97	-0.807978	70.965725	35711.554131	0.000092	3.6
98	-0.809873	70.948409	35718.279589	0.000076	3.6
99	-0.811859	71.948409	35333.998889	0.000051	3.5
100	-0.809320	71.933693	35339.593785	0.000052	3.5
101	-0.810323	71.916377	35346.179861	0.000054	3.9
102	-0.808674	71.948180	35334.085911	0.000054	3.3
103	-0.809669	71.930863	35340.669935	0.000057	3.5
104	-0.809706	71.913547	35347.256411	0.000065	3.3
105	-0.805355	71.896390	35353.784678	0.000048	4.0
106	-0.810912	72.715108	35044.925300	0.000039	3.5
107	-0.809292	72.697792	35051.401992	0.000056	3.3
108	-0.809854	72.765596	35026.055392	0.000075	3.4
109	-0.804424	73.765596	34656.448100	0.000059	3.6
110	-0.805203	74.765594	34294.560725	0.000039	3.4
111	-0.817862	74.748277	34300.763011	0.000048	3.4
112	-0.812820	74.748632	34300.636045	0.000040	3.8
113	-0.813635	74.731315	34306.840528	0.000035	3.4
114	-0.805643	74.713999	34313.047193	0.000049	4.2
115	-0.809633	74.696686	34319.255060	0.000025	3.2
116	-0.809403	74.679483	34325.425492	0.000086	3.3
117	-0.809658	74.663329	34331.221978	0.000174	3.4
118	-0.810805	75.663329	33976.059141	0.000118	3.3
119	-0.810181	76.663329	33628.169512	0.000085	3.3
120	-0.807628	77.663329	33287.331938	0.000094	3.5
121	-0.807906	78.663329	32953.334143	0.000153	3.2
122	-0.810500	79.663329	32625.972286	0.000070	3.2
123	-0.811504	80.663329	32305.050546	0.000018	3.2
124	-0.805879	80.646429	32310.421453	0.000074	3.5
125	-0.809230	80.630809	32315.387441	0.000144	3.3
126	-0.805464	81.630809	32000.517201	0.000071	3.2
127	-0.814423	82.630809	31691.723730	0.000046	3.3
128	-0.808262	82.613493	31697.020205	0.000039	3.5
129	-0.803201	82.614913	31696.585532	0.000057	3.2
130	-0.806042	83.489701	31431.221642	0.000055	3.2
131	-0.807670	84.489701	31133.266288	0.000075	3.2
132	-0.811537	85.489701	30840.906878	0.000096	3.7
133	-0.806716	86.489701	30553.987234	0.000069	3.3
134	-0.810690	87.489701	30272.356933	0.000047	3.1
135	-0.808562	88.264142	30057.793037	0.000016	3.3
136	-0.810755	88.249911	30061.708304	0.000038	3.8
137	-0.812092	88.235432	30065.693152	0.000079	3.3
138	-0.807503	89.191860	29804.732907	0.000056	4.5
139	-0.816319	90.191476	29536.787190	0.000063	3.4
140	-0.810580	91.191476	29273.515966	0.000046	3.7
141	-0.810585	92.191476	29014.896528	0.000051	3.2
142	-0.810015	92.174200	29019.325594	0.000046	3.1
143	-0.806727	92.173516	29019.501135	0.000048	3.3
144	-0.811627	93.173443	28765.349157	0.000091	3.5
145	-0.810017	94.173443	28515.592370	0.000066	3.3
146	-0.811221	95.173443	28270.135306	0.000070	3.7
147	-0.805888	95.156127	28274.349779	0.000075	3.6
148	-0.807356	96.156127	28033.010717	0.000046	3.6
149	-0.806011	96.138811	28037.154781	0.000063	3.5
150	-0.808446	97.138811	27799.830953	0.000049	3.4
151	-0.805767	97.121494	27803.906357	0.000033	3.7
152	-0.805747	98.121491	27570.499134	0.000044	3.6
153	-0.816037	98.104175	27574.507472	0.000050	3.5
154	-0.808184	99.104175	27344.919222	0.000065	3.4
155	-0.808029	100.104175	27119.122554	0.000019	3.8
156	-0.811218	100.093970	27121.408045	0.000028	3.3
157	-0.813790	100.076699	27125.276672	0.000022	3.9
158	-0.803515	100.340615	27066.279216	0.000040	3.4
159	-0.807727	100.323303	27070.141401	0.000047	3.3
160	-0.807000	101.323303	26848.841493	0.000056	3.4
161	-0.810040	102.323303	26631.130477	0.000063	3.2
162	-0.814418	103.323303	26416.921798	0.000054	3.4
163	-0.802901	104.323303	26206.131616	0.000098	3.5
164	-0.809853	105.323303	25998.678747	0.000080	3.2
165	-0.809386	106.323303	25794.484556	0.000066	3.2
166	-0.815684	107.323303	25593.472861	0.000038	3.3
167	-0.804532	108.323303	25395.569836	0.000046	3.4
168	-0.814528	108.305986	25398.970755	0.000064	3.3
169	-0.806429	109.305986	25204.052843	0.000060	3.2
170	-0.808475	110.305986	25012.103843	0.000060	3.2
171	-0.805454	111.305986	24823.056434	0.000056	3.7
172	-0.811496	112.305986	24636.845325	0.000040	3.4
173	-0.814279	113.305986	24453.407147	0.000015	3.2
174	-0.815257	113.314485	24451.859812	0.000053	3.3
175	-0.810264	114.260425	24280.856480	0.000025	3.4
176	-0.816008	114.267592	24279.569961	0.000037	3.2
177	-0.811567	114.250883	24282.569501	0.000094	3.2
178	-0.807010	115.250883	24104.349963	0.000109	3.3
179	-0.809715	116.250883	23928.727413	0.000023	3.6
180	-0.806145	117.068958	23786.946877	0.000063	3.3
181	-0.807181	117.842457	23654.428422	0.000065	3.3
182	-0.807578	118.842457	23485.277873	0.000051	3.5
183	-0.811239	119.842457	23318.529306	0.000056	3.3
184	-0.809623	120.841453	23154.295916	0.000086	3.0
185	-0.805362	121.841453	22992.198041	0.000013	3.2
186	-0.807737	122.296337	22919.210959	0.000054	3.3
187	-0.805858	122.281233	22921.626932	0.000024	3.3
188	-0.808103	122.289058	22920.375132	0.000063	3.1
189	-0.805087	123.289058	22761.524828	0.000083	3.2
190	-0.811337	124.289058	22604.861104	0.000038	3.3
191	-0.809269	125.289058	22450.339217	0.000045	3.5
192	-0.808740	126.289006	22297.923404	0.000046	3.2
193	-0.811466	127.289006	22147.555389	0.000047	3.2
194	-0.809857	127.271689	22150.141964	0.000031	3.3
195	-0.805529	128.271688	22001.754037	0.000066	3.5
196	-0.808435	129.271688	21855.340869	0.000077	3.3
197	-0.809694	130.271688	21710.863464	0.000061	3.3
198	-0.812316	131.271688	21568.283686	0.000063	3.2
199	-0.807228	132.271688	21427.564393	0.000023	3.5
