1:ItNr	2:Metric	3a:Time	3b:StepSize	4:||Gradient||	Time[ms]
0	-0.472598	0.000000	134787.463042	0.000495	26.5
1	-0.437048	0.000000	134787.463042	0.001063	3.4
2	-0.392587	1.000000	128660.760177	0.000991	3.9
3	-0.433136	2.000000	123066.814082	0.001203	3.6
4	-0.376369	3.000000	117939.030162	0.000935	3.6
5	-0.454420	4.000000	113221.468955	0.000995	3.4
6	-0.405024	5.000000	108866.797073	0.000975	3.9
7	-0.444461	6.000000	104834.693477	0.001195	3.6
8	-0.401004	7.000000	101090.597282	0.001033	3.4
9	-0.453413	8.000000	97604.714617	0.001111	4.0
10	-0.408756	9.000000	94351.224130	0.001152	4.6
11	-0.442370	10.000000	91307.636254	0.001234	8.4
12	-0.407551	11.000000	88454.272621	0.001195	5.3
13	-0.436919	12.000000	85773.840118	0.001220	5.3
14	-0.411419	13.000000	83251.080114	0.001258	5.0
15	-0.446783	14.000000	80872.477825	0.001305	3.8
16	-0.415771	15.000000	78626.020108	0.001306	4.1
17	-0.444412	16.000000	76500.992537	0.001356	4.6
18	-0.408226	17.000000	74487.808523	0.001229	3.9
19	-0.454715	18.000000	72577.864715	0.001163	4.0
20	-0.428224	19.000000	70763.418097	0.001316	4.1
21	-0.442968	20.000000	69037.481070	0.001330	4.3
22	-0.427829	21.000000	67393.731521	0.001285	3.8
23	-0.445986	22.000000	65826.435439	0.001295	4.0
24	-0.429859	23.000000	64330.380088	0.001349	4.4
25	-0.445406	24.000000	62900.816086	0.001348	3.9
26	-0.429213	25.000000	61533.407041	0.001328	3.9
27	-0.441767	26.000000	60224.185615	0.001234	4.4
28	-0.444199	27.000000	58969.515081	0.001258	3.9
29	-0.446460	28.000000	57766.055590	0.001278	3.6
30	-0.444790	29.000000	56610.734478	0.001259	4.3
31	-0.448925	30.000000	55500.720076	0.001241	3.7
32	-0.449417	31.000000	54433.398536	0.001292	3.6
33	-0.444275	32.000000	53406.353281	0.001280	3.8
34	-0.452212	33.000000	52417.346739	0.001242	4.2
35	-0.450209	34.000000	51464.304071	0.001220	3.7
36	-0.450650	35.000000	50545.298641	0.001245	3.6
37	-0.447788	36.000000	49658.539016	0.001268	4.6
38	-0.455333	37.000000	48802.357308	0.001272	4.2
39	-0.454011	38.000000	47975.198710	0.001216	3.7
40	-0.464974	39.000000	47175.612065	0.001163	4.3
41	-0.455511	40.000000	46402.241375	0.001161	3.8
42	-0.462137	41.000000	45653.818127	0.001120	3.9
43	-0.458658	42.000000	44929.154347	0.001129	4.0
44	-0.459737	43.000000	44227.136311	0.001122	4.1
45	-0.463001	44.000000	43546.718829	0.001112	4.2
46	-0.467089	45.000000	42886.920059	0.001094	3.9
47	-0.467714	46.000000	42246.816774	0.001033	4.4
48	-0.463274	47.000000	41625.540057	0.001015	3.8
49	-0.463777	48.000000	41022.271361	0.001027	3.8
50	-0.465278	49.000000	40436.238913	0.001012	4.5
51	-0.461852	50.000000	39866.714421	0.000943	4.1
52	-0.465072	51.000000	39313.010054	0.000931	4.2
53	-0.464709	52.000000	38774.475670	0.000924	4.5
54	-0.469488	53.000000	38250.496269	0.000889	3.9
55	-0.468396	54.000000	37740.489652	0.000861	3.8
56	-0.471404	55.000000	37243.904262	0.000837	3.8
57	-0.472190	56.000000	36760.217193	0.000794	4.2
58	-0.470946	57.000000	36288.932358	0.000765	4.1
59	-0.463695	58.000000	35829.578783	0.000806	3.9
60	-0.472459	59.000000	35381.709049	0.000883	4.4
61	-0.469410	60.000000	34944.897826	0.000840	3.9
62	-0.471369	61.000000	34518.740535	0.000769	3.6
63	-0.472539	62.000000	34102.852095	0.000765	4.5
64	-0.466882	63.000000	33696.865761	0.000661	3.8
65	-0.468884	64.000000	33300.432046	0.000557	3.7
66	-0.475204	65.000000	32913.217720	0.000511	4.3
67	-0.476058	66.000000	32534.904872	0.000480	4.2
68	-0.472191	67.000000	32165.190044	0.000508	3.8
69	-0.472409	68.000000	31803.783414	0.000540	3.7
70	-0.473142	69.000000	31450.408043	0.000501	4.4
71	-0.473884	70.000000	31104.799164	0.000551	6.2
72	-0.474392	71.000000	30766.703521	0.000558	4.5
73	-0.473951	72.000000	30435.878751	0.000529	3.9
74	-0.468963	73.000000	30112.092807	0.000466	4.0
75	-0.477835	74.000000	29795.123409	0.000443	4.4
76	-0.474361	75.000000	29484.757540	0.000456	3.9
77	-0.477141	76.000000	29180.790968	0.000421	3.7
78	-0.475994	77.000000	28883.027795	0.000430	4.3
79	-0.474975	78.000000	28591.280039	0.000427	4.1
80	-0.471244	79.000000	28305.367239	0.000454	3.8
81	-0.476233	80.000000	28025.116078	0.000426	4.1
82	-0.477673	81.000000	27750.360038	0.000406	4.4
83	-0.476904	82.000000	27480.939067	0.000439	4.0
84	-0.477814	83.000000	27216.699268	0.000448	3.5
85	-0.469516	84.000000	26957.492608	0.000432	4.2
86	-0.485137	85.000000	26703.176640	0.000379	3.7
87	-0.477066	86.000000	26453.614242	0.000356	3.6
88	-0.475995	87.000000	26208.673369	0.000419	4.3
89	-0.475928	88.000000	25968.226825	0.000378	3.9
90	-0.475449	89.000000	25732.152035	0.000328	4.1
91	-0.473179	90.000000	25500.330846	0.000369	4.4
92	-0.481165	91.000000	25272.649320	0.000368	4.3
93	-0.474502	92.000000	25048.997557	0.000336	3.7
94	-0.474654	93.000000	24829.269508	0.000320	3.7
95	-0.478727	94.000000	24613.362816	0.000368	4.3
96	-0.474899	95.000000	24401.178654	0.000412	3.8
97	-0.478951	96.000000	24192.621572	0.000419	3.5
98	-0.475267	97.000000	23987.599355	0.000391	4.2
99	-0.475092	98.000000	23786.022890	0.000333	4.1
100	-0.472487	99.000000	23587.806032	0.000309	4.5
101	-0.473018	100.000000	23392.865487	0.000339	5.6
102	-0.477620	101.000000	23201.120688	0.000314	4.7
103	-0.479915	102.000000	23012.493690	0.000321	4.0
104	-0.474611	103.000000	22826.909064	0.000373	4.9
105	-0.476339	104.000000	22644.293791	0.000339	4.7
106	-0.470164	105.000000	22464.577174	0.000321	4.2
107	-0.476481	106.000000	22287.690739	0.000295	4.8
108	-0.475085	107.000000	22113.568155	0.000318	3.7
109	-0.476192	108.000000	21942.145146	0.000295	3.7
110	-0.474324	109.000000	21773.359415	0.000313	4.0
111	-0.474333	110.000000	21607.150564	0.000300	4.0
112	-0.476619	111.000000	21443.460029	0.000338	3.9
113	-0.473040	112.000000	21282.231007	0.000284	4.1
114	-0.471875	113.000000	21123.408387	0.000322	4.5
115	-0.473339	114.000000	20966.938695	0.000346	4.3
116	-0.477716	115.000000	20812.770029	0.000354	3.7
117	-0.477046	116.000000	20660.851999	0.000348	4.7
118	-0.476985	117.000000	20511.135680	0.000359	3.9
119	-0.475659	118.000000	20363.573553	0.000347	3.5
120	-0.471782	119.000000	20218.119456	0.000311	4.4
121	-0.469731	120.000000	20074.728539	0.000271	3.7
122	-0.471647	121.000000	19933.357211	0.000369	3.7
123	-0.473867	122.000000	19793.963104	0.000334	3.8
124	-0.470721	123.000000	19656.505027	0.000298	4.2
125	-0.478431	124.000000	19520.942924	0.000345	4.1
126	-0.471602	125.000000	19387.237835	0.000310	3.6
127	-0.472718	126.000000	19255.351863	0.000332	8.6
128	-0.473365	127.000000	19125.248135	0.000290	32.0
129	-0.478610	128.000000	18996.890765	0.000314	8.2
130	-0.478092	129.000000	18870.244826	0.000357	7.5
131	-0.475395	130.000000	18745.276317	0.000380	6.4
132	-0.473024	131.000000	18621.952131	0.000334	4.0
133	-0.479477	132.000000	18500.240026	0.000300	4.4
134	-0.475627	133.000000	18380.108597	0.000293	3.9
135	-0.469812	134.000000	18261.527251	0.000291	3.6
136	-0.477404	135.000000	18144.466179	0.000294	4.4
137	-0.472831	136.000000	18028.896331	0.000337	3.8
138	-0.473860	137.000000	17914.789392	0.000320	3.9
139	-0.471181	138.000000	17802.117761	0.000316	4.2
140	-0.469463	139.000000	17690.854525	0.000320	4.1
141	-0.471145	140.000000	17580.973441	0.000317	4.1
142	-0.475699	141.000000	17472.448913	0.000339	3.5
143	-0.472794	142.000000	17365.255975	0.000358	4.1
144	-0.469955	143.000000	17259.370268	0.000300	3.5
145	-0.473683	144.000000	17154.768024	0.000323	3.5
146	-0.479964	145.000000	17051.426048	0.000362	3.7
147	-0.476311	146.000000	16949.321700	0.000309	3.8
148	-0.474264	147.000000	16848.432881	0.000331	3.5
149	-0.476125	148.000000	16748.738011	0.000388	3.3
150	-0.477514	149.000000	16650.216023	0.000344	3.7
151	-0.477350	150.000000	16552.846339	0.000338	3.6
152	-0.472640	151.000000	16456.608860	0.000332	3.6
153	-0.470911	152.000000	16361.483953	0.000303	3.4
154	-0.471288	153.000000	16267.452436	0.000337	4.2
155	-0.478704	154.000000	16174.495565	0.000315	3.6
156	-0.472115	155.000000	16082.595022	0.000294	3.4
157	-0.474533	156.000000	15991.732904	0.000273	3.6
158	-0.477464	156.998933	15901.987009	0.000323	3.8
159	-0.469839	157.998933	15813.148564	0.000288	3.4
160	-0.477111	158.998933	15725.297218	0.000295	3.4
161	-0.476831	159.998933	15638.416610	0.000308	3.8
162	-0.482404	160.998933	15552.490741	0.000356	3.5
163	-0.474882	161.998933	15467.503957	0.000331	3.5
164	-0.479265	162.998933	15383.440948	0.000296	3.3
165	-0.468271	163.998933	15300.286734	0.000285	3.9
166	-0.474800	164.998933	15218.026656	0.000321	3.4
167	-0.477296	165.998933	15136.646370	0.000335	3.5
168	-0.476413	166.998933	15056.131837	0.000334	3.6
169	-0.471111	167.998933	14976.469314	0.000341	3.9
170	-0.470536	168.998933	14897.645349	0.000267	3.4
171	-0.474768	169.998933	14819.646770	0.000290	3.4
172	-0.476253	170.998933	14742.460681	0.000315	4.2
173	-0.475466	171.998933	14666.074452	0.000361	4.4
174	-0.479927	172.998933	14590.475714	0.000305	4.3
175	-0.481268	173.998933	14515.652353	0.000287	4.9
176	-0.478582	174.998933	14441.592499	0.000330	4.2
177	-0.477539	175.998933	14368.284526	0.000332	3.7
178	-0.470744	176.998933	14295.717041	0.000305	4.5
179	-0.478765	177.998933	14223.878882	0.000304	4.0
180	-0.472896	178.998933	14152.759108	0.000307	3.9
181	-0.480744	179.998933	14082.346998	0.000301	4.4
182	-0.476426	180.998933	14012.632040	0.000288	3.7
183	-0.475888	181.998933	13943.603934	0.000298	3.7
184	-0.477626	182.998933	13875.252576	0.000297	4.1
185	-0.471570	183.998933	13807.568065	0.000322	6.3
186	-0.473305	184.998933	13740.540689	0.000323	3.8
187	-0.472724	185.998933	13674.160923	0.000278	4.4
188	-0.478666	186.998933	13608.419428	0.000308	3.8
189	-0.475631	187.998933	13543.307041	0.000312	3.7
190	-0.467917	188.998933	13478.814775	0.000306	4.4
191	-0.475967	189.998933	13414.933813	0.000311	3.9
192	-0.473954	190.998933	13351.655505	0.000322	3.6
193	-0.479135	191.998933	13288.971362	0.000295	4.3
194	-0.473821	192.998933	13226.873056	0.000288	3.8
195	-0.474618	193.998933	13165.352411	0.000311	3.8
196	-0.479283	194.998784	13104.410441	0.000306	4.0
197	-0.476221	195.998784	13044.021115	0.000333	4.1
198	-0.482602	196.998784	12984.185822	0.000295	4.0
199	-0.478865	197.998784	12924.896973	0.000269	3.6
