1:ItNr	2:Metric	3a:Time	3b:StepSize	4:||Gradient||	Time[ms]
0	-0.615502	0.000000	95616.922448	0.000271	13.9
1	-0.621061	0.000000	95616.922448	0.000198	0.7
2	-0.636410	0.000000	95616.922448	0.000089	0.8
3	-0.623977	0.000000	95616.922448	0.000141	0.9
4	-0.622161	0.779658	92194.071452	0.000137	0.8
5	-0.617606	1.779658	88146.860984	0.000083	0.8
6	-0.611377	1.685106	88514.258604	0.000191	0.8
7	-0.623940	2.685106	84777.131262	0.000176	0.7
8	-0.622718	3.685106	81342.787897	0.000056	0.7
9	-0.630266	4.685106	78175.863582	0.000040	0.8
10	-0.626450	4.700588	78128.771375	0.000079	0.7
11	-0.616365	5.205336	76623.912507	0.000108	0.7
12	-0.623297	5.402627	76051.348968	0.000157	0.7
13	-0.632107	6.402627	73276.018341	0.000100	0.8
14	-0.624168	7.402627	70696.115457	0.000091	0.8
15	-0.628615	7.519572	70406.224623	0.000092	0.9
16	-0.633089	8.519571	68021.156213	0.000034	0.7
17	-0.625669	8.879719	67201.281276	0.000045	0.8
18	-0.625455	9.571592	65680.431727	0.000141	1.0
19	-0.620919	10.539490	63664.801613	0.000144	0.9
20	-0.618671	11.539490	61708.261984	0.000063	0.8
21	-0.619971	12.144333	60582.162010	0.000109	0.7
22	-0.625541	13.144311	58807.903533	0.000040	0.7
23	-0.620069	14.142728	57137.151310	0.000093	0.7
24	-0.613779	14.048466	57290.820458	0.000121	0.6
25	-0.619054	13.953914	57445.794697	0.000102	1.9
26	-0.626490	14.953914	55848.032779	0.000041	0.9
27	-0.618044	15.948010	54345.426520	0.000125	0.7
28	-0.620697	15.855205	54482.273221	0.000058	0.7
29	-0.628208	16.855202	53043.049833	0.000090	0.6
30	-0.621651	16.760651	53175.867455	0.000099	0.7
31	-0.628048	17.733119	51840.786785	0.000111	0.7
32	-0.619303	18.733119	50536.061967	0.000006	0.7
33	-0.625393	18.670773	50615.484092	0.000060	0.9
34	-0.625844	18.757892	50504.573498	0.000044	0.9
35	-0.625488	19.741028	49285.830000	0.000078	0.7
36	-0.619309	19.685897	49352.614119	0.000112	0.8
37	-0.620873	20.644494	48216.587467	0.000143	0.8
38	-0.638301	21.640748	47090.060160	0.000050	0.7
39	-0.626768	22.640747	46011.021639	0.000026	0.7
40	-0.622836	22.694081	45954.859830	0.000047	0.8
41	-0.619384	22.669702	45980.514228	0.000110	0.7
42	-0.626442	23.669687	44951.184976	0.000063	0.8
43	-0.627764	24.665621	43970.832102	0.000139	0.7
44	-0.619198	24.571084	44062.049893	0.000082	0.8
45	-0.622461	25.571084	43115.925495	0.000080	0.7
46	-0.626695	25.476537	43203.636034	0.000127	0.6
47	-0.624112	26.476537	42293.636301	0.000030	0.7
48	-0.634807	26.382018	42378.004078	0.000077	0.8
49	-0.618463	27.357349	41523.272083	0.000128	0.9
50	-0.617509	27.262797	41604.620551	0.000146	0.7
51	-0.623304	28.262797	40760.076133	0.000048	0.8
52	-0.617781	29.262797	39949.137199	0.000039	0.9
53	-0.616781	29.276174	39938.508035	0.000168	0.9
54	-0.624050	29.181629	40013.754234	0.000104	0.8
55	-0.632998	30.181629	39231.955081	0.000060	0.6
56	-0.632013	31.181623	38480.124677	0.000064	0.8
57	-0.619398	32.179453	37758.104775	0.000066	0.9
58	-0.621599	32.212028	37734.990745	0.000143	0.8
59	-0.618705	32.118619	37801.347460	0.000053	0.7
60	-0.618519	32.045665	37853.335808	0.000133	0.7
61	-0.625710	33.045664	37152.941013	0.000069	0.7
62	-0.627395	32.951112	37218.053323	0.000106	0.7
63	-0.626991	33.951112	36540.759462	0.000079	0.7
64	-0.634101	33.857050	36603.414825	0.000064	0.9
65	-0.622789	33.765234	36664.782068	0.000170	0.8
66	-0.618946	33.711907	36700.518529	0.000064	0.8
67	-0.619433	34.711907	36041.763263	0.000096	0.8
68	-0.610352	34.617355	36103.035813	0.000053	0.8
69	-0.620931	34.817862	35973.347790	0.000100	0.8
70	-0.624063	35.814746	35342.151399	0.000041	0.8
71	-0.628072	36.791886	34744.589508	0.000088	0.7
72	-0.628505	37.788337	34155.675858	0.000049	0.8
73	-0.629468	38.788076	33584.545811	0.000023	0.8
74	-0.624658	38.741137	33610.933535	0.000044	0.6
75	-0.621283	39.119014	33399.672296	0.000053	0.8
76	-0.625640	39.803177	33023.856187	0.000074	0.6
77	-0.620109	39.708628	33075.288441	0.000078	0.7
78	-0.624114	40.708621	32539.300523	0.000055	0.8
79	-0.614138	40.636235	32577.515062	0.000083	1.0
80	-0.618547	41.277841	32241.891128	0.000013	0.9
81	-0.628416	41.194412	32285.141250	0.000119	1.0
82	-0.627178	41.737553	32005.637615	0.000049	0.8
83	-0.619640	41.643001	32053.946169	0.000057	0.6
84	-0.615644	42.630512	31556.486038	0.000055	0.9
85	-0.628926	42.536338	31603.259457	0.000055	1.0
86	-0.629089	42.441918	31650.294407	0.000074	0.7
87	-0.628892	42.362417	31690.006066	0.000079	0.9
88	-0.624703	43.359558	31199.023411	0.000128	0.8
89	-0.626618	43.358685	31199.446613	0.000130	0.7
90	-0.619028	44.358685	30722.089298	0.000085	0.8
91	-0.620657	45.314312	30279.366517	0.000127	0.6
92	-0.626459	45.219761	30322.600922	0.000072	0.7
93	-0.621186	46.219760	29871.504445	0.000068	0.8
94	-0.626631	46.131802	29910.642972	0.000052	1.1
95	-0.613966	46.115593	29917.866699	0.000073	1.1
96	-0.614599	47.093231	29488.325843	0.000111	0.9
97	-0.627291	48.093157	29061.566414	0.000039	0.9
98	-0.622037	48.092329	29061.914749	0.000066	0.8
99	-0.629327	48.061557	29074.864082	0.000102	0.8
100	-0.620063	47.967060	29114.701485	0.000089	0.8
101	-0.625125	48.937299	28710.793990	0.000100	0.8
102	-0.622300	48.842747	28749.662169	0.000081	0.8
103	-0.623096	49.842743	28343.839972	0.000066	0.8
104	-0.628330	49.749359	28381.251897	0.000053	0.8
105	-0.625865	50.748480	27986.033586	0.000117	0.8
106	-0.630617	51.735254	27606.356749	0.000088	0.8
107	-0.617946	52.735254	27231.958559	0.000051	0.8
108	-0.614483	53.735053	26867.651693	0.000089	0.9
109	-0.629035	53.640811	26901.575086	0.000111	0.8
110	-0.613490	53.558279	26931.353411	0.000077	0.9
111	-0.626204	53.490840	26955.735276	0.000146	0.9
112	-0.631481	54.490840	26598.662349	0.000081	0.9
113	-0.625105	55.490840	26250.925785	0.000083	0.7
114	-0.616078	56.490689	25912.214805	0.000068	0.8
115	-0.629197	57.470979	25588.509250	0.000032	0.8
116	-0.629600	57.381339	25617.773390	0.000076	0.8
117	-0.630626	58.360748	25301.618489	0.000038	0.8
118	-0.621889	58.305968	25319.095276	0.000041	0.8
119	-0.621153	58.213134	25348.768219	0.000052	0.8
120	-0.623487	58.703978	25192.661925	0.000088	0.8
121	-0.622344	59.703294	24880.711340	0.000068	0.8
122	-0.618980	60.703260	24576.196341	0.000088	1.0
123	-0.625045	61.310156	24394.989189	0.000024	0.9
124	-0.618664	61.319146	24392.325063	0.000066	1.0
125	-0.631616	61.271533	24406.441621	0.000075	0.8
126	-0.623398	61.177007	24434.515629	0.000071	0.8
127	-0.623879	61.082456	24462.661811	0.000154	0.8
128	-0.618998	62.082456	24168.223464	0.000108	0.9
129	-0.630672	63.060024	23887.161584	0.000049	0.9
130	-0.627305	63.988312	23626.253223	0.000130	0.9
131	-0.615026	64.988309	23351.492703	0.000101	0.9
132	-0.623523	64.893757	23377.198043	0.000100	0.8
133	-0.615368	65.893757	23108.166080	0.000089	0.9
134	-0.627017	65.799206	23133.337953	0.000051	0.9
135	-0.611150	66.798377	22870.073794	0.000039	0.7
136	-0.627306	66.877238	22849.550194	0.000090	0.8
137	-0.621828	66.805272	22868.277889	0.000053	0.8
138	-0.629144	66.710722	22892.929380	0.000090	0.9
139	-0.619670	67.575364	22669.456725	0.000059	0.9
140	-0.635702	67.480820	22693.679386	0.000069	0.9
141	-0.623944	67.386332	22717.939914	0.000098	0.9
142	-0.623724	68.386331	22463.785663	0.000097	0.9
143	-0.630521	68.291779	22487.572775	0.000079	1.0
144	-0.629207	69.291779	22238.518299	0.000107	0.8
145	-0.626508	69.197227	22261.830482	0.000101	0.8
146	-0.626109	70.197227	22017.724041	0.000130	0.8
147	-0.636401	71.197227	21778.912910	0.000130	0.9
148	-0.619885	72.197227	21545.226637	0.000064	0.8
149	-0.627344	73.197222	21316.503155	0.000065	0.9
150	-0.623571	73.103339	21337.769548	0.000072	0.8
151	-0.624911	73.008800	21359.227733	0.000092	0.9
152	-0.619441	72.914248	21380.731985	0.000049	0.8
153	-0.619935	73.721479	21198.522121	0.000084	0.8
154	-0.631738	74.695510	20982.754191	0.000025	1.0
155	-0.624964	74.642354	20994.416116	0.000136	0.9
156	-0.623380	75.639434	20777.805494	0.000040	0.9
157	-0.625648	76.638156	20565.273298	0.000075	0.7
158	-0.634096	76.547569	20584.371119	0.000040	0.9
159	-0.620909	76.475851	20599.516154	0.000038	1.3
160	-0.624261	76.627749	20567.465533	0.000101	0.9
161	-0.622897	77.363608	20413.600288	0.000048	0.9
162	-0.629702	78.282573	20224.650898	0.000085	0.7
163	-0.621320	78.841789	20111.372187	0.000124	0.9
164	-0.621461	79.841789	19911.937297	0.000079	0.9
165	-0.620420	80.841786	19716.419468	0.000046	0.8
166	-0.621634	80.747278	19734.733118	0.000075	1.0
167	-0.622889	80.652745	19753.085630	0.000023	23.0
168	-0.620369	80.559640	19771.194211	0.000059	7.7
169	-0.616001	80.974002	19690.855898	0.000100	1.0
170	-0.619497	81.970575	19500.283087	0.000082	1.0
171	-0.619530	82.970478	19312.745478	0.000139	1.3
172	-0.616288	82.875926	19330.324690	0.000069	1.0
173	-0.623978	82.781374	19347.935934	0.000175	3.0
174	-0.617852	83.781374	19163.285407	0.000072	4.1
175	-0.620052	83.686822	19180.593462	0.000025	1.2
176	-0.617600	84.135922	19098.661432	0.000041	0.9
177	-0.629642	84.354496	19059.038309	0.000066	0.9
178	-0.624836	84.260515	19076.055011	0.000063	0.8
179	-0.622417	84.177543	19091.103539	0.000066	0.9
180	-0.618513	84.134697	19098.883889	0.000051	0.9
181	-0.631761	85.069180	18930.620212	0.000031	1.0
182	-0.627509	85.101555	18924.844026	0.000020	1.0
183	-0.630393	85.044088	18935.099650	0.000085	0.8
184	-0.628557	85.073921	18929.774171	0.000058	0.9
185	-0.620364	85.584807	18839.039410	0.000107	0.9
186	-0.622433	85.494930	18854.938566	0.000068	1.4
187	-0.619410	86.439432	18689.184621	0.000119	1.2
188	-0.621499	87.439431	18516.837879	0.000030	0.9
189	-0.616938	87.344987	18532.978980	0.000127	0.9
190	-0.622685	88.344531	18363.564785	0.000109	0.9
191	-0.625743	88.253426	18378.877774	0.000027	0.8
192	-0.628273	88.159185	18394.745068	0.000083	0.9
193	-0.627530	89.056975	18244.689890	0.000088	0.9
194	-0.623537	90.056969	18080.408611	0.000077	0.9
195	-0.626246	91.008300	17926.844441	0.000112	0.9
196	-0.631228	92.008300	17768.211460	0.000036	0.9
197	-0.615085	93.007764	17612.444161	0.000022	0.9
198	-0.627378	92.994349	17614.516751	0.000080	0.7
199	-0.633793	93.347962	17560.045094	0.000103	0.9
