1:ItNr	2:Metric	3a:Time	3b:StepSize	4:||Gradient||	Time[ms]
0	-0.764589	0.000000	34604.345504	0.000466	70.8
1	-0.759785	0.000000	34604.345504	0.000651	3.0
2	-0.760039	1.000000	33031.420708	0.000974	3.4
3	-0.752099	2.000000	31595.271982	0.001287	3.2
4	-0.746194	3.000000	30278.802316	0.001527	3.3
5	-0.740057	4.000000	29067.650223	0.001466	3.1
6	-0.751045	5.000000	27949.663676	0.001257	3.6
7	-0.748416	6.000000	26914.490948	0.001105	3.3
8	-0.754481	7.000000	25953.259128	0.001027	3.3
9	-0.758408	8.000000	25058.319158	0.001014	3.1
10	-0.756539	9.000000	24223.041853	0.000919	3.8
11	-0.758231	10.000000	23441.653406	0.000826	3.5
12	-0.758953	11.000000	22709.101737	0.000678	3.2
13	-0.767431	12.000000	22020.947139	0.000463	3.2
14	-0.762032	13.000000	21373.272223	0.000285	3.6
15	-0.764504	14.000000	20762.607302	0.000151	3.2
16	-0.760262	15.000000	20185.868211	0.000063	3.2
17	-0.764295	14.988949	20192.066530	0.000046	3.3
18	-0.765744	15.988523	19646.398226	0.000140	3.6
19	-0.765128	15.977686	19652.156204	0.000143	3.5
20	-0.764100	16.977686	19134.690333	0.000141	3.5
21	-0.764469	17.977686	18643.776366	0.000106	3.8
22	-0.759566	18.977686	18177.421797	0.000079	3.7
23	-0.763370	18.966650	18182.440924	0.000169	3.8
24	-0.761529	19.966650	17738.605734	0.000104	3.6
25	-0.760603	20.966650	17315.922350	0.000082	3.5
26	-0.765866	21.966643	16912.916561	0.000115	3.3
27	-0.763515	22.966643	16528.240469	0.000137	3.3
28	-0.762704	23.966643	16160.673775	0.000085	3.1
29	-0.760035	24.966643	15809.099839	0.000057	3.6
30	-0.767678	25.966643	15472.497121	0.000096	3.3
31	-0.764156	26.966642	15149.929780	0.000126	3.4
32	-0.760861	27.966642	14840.536911	0.000085	3.2
33	-0.765073	28.966642	14543.528019	0.000059	3.6
34	-0.762075	29.966640	14258.174595	0.000044	3.6
35	-0.762121	29.955589	14261.266791	0.000045	3.5
36	-0.765153	30.946371	13989.259370	0.000058	3.6
37	-0.765866	30.935321	13992.235850	0.000098	3.6
38	-0.765736	31.935321	13727.908836	0.000125	3.8
39	-0.763875	32.935321	13473.383440	0.000107	4.0
40	-0.767977	33.935321	13228.124410	0.000150	3.7
41	-0.769318	34.935321	12991.634760	0.000101	3.5
42	-0.759949	35.935321	12763.452419	0.000060	3.7
43	-0.767127	36.931479	12543.979002	0.000133	3.9
44	-0.761542	37.931479	12331.121983	0.000113	4.0
45	-0.756431	38.931479	12125.368309	0.000028	3.6
46	-0.762086	39.931144	11926.433827	0.000079	3.5
47	-0.766429	39.924746	11927.686215	0.000099	3.6
48	-0.764777	40.924746	11735.070398	0.000043	3.3
49	-0.761937	40.913695	11737.164963	0.000130	3.4
50	-0.764139	41.913695	11550.605187	0.000059	3.3
51	-0.762457	42.913695	11369.883275	0.000063	4.2
52	-0.761421	43.913695	11194.729500	0.000041	3.5
53	-0.764176	43.902644	11196.635594	0.000084	3.5
54	-0.765937	44.902427	11026.775315	0.000053	3.3
55	-0.767047	45.623353	10907.455437	0.000044	4.0
56	-0.764381	46.611844	10747.987443	0.000032	3.7
57	-0.766139	46.601010	10749.710094	0.000119	4.0
58	-0.760775	47.600983	10593.015182	0.000107	4.0
59	-0.763400	48.600983	10440.818838	0.000029	3.8
60	-0.768321	48.600037	10440.960808	0.000078	3.8
61	-0.759524	49.599660	10293.126802	0.000110	4.4
62	-0.767366	50.599660	10149.367366	0.000035	7.3
63	-0.758338	51.586494	10011.383860	0.000094	4.5
64	-0.764937	51.600746	10009.418551	0.000095	3.7
65	-0.764717	52.600746	9873.422395	0.000135	3.6
66	-0.764587	53.600746	9741.072212	0.000034	3.9
67	-0.767792	54.600746	9612.223323	0.000075	4.1
68	-0.759163	54.595742	9612.859565	0.000148	3.9
69	-0.764977	55.595742	9487.358339	0.000062	3.9
70	-0.763273	56.595742	9365.091858	0.000056	3.7
71	-0.763228	57.595742	9245.936684	0.000022	4.0
72	-0.765468	57.589910	9246.622878	0.000057	3.7
73	-0.762223	57.599746	9245.465719	0.000063	4.2
74	-0.761184	58.599723	9129.318855	0.000100	3.8
75	-0.765424	59.599723	9016.051483	0.000039	3.6
76	-0.764919	59.757506	8998.436031	0.000063	4.0
77	-0.764169	59.746456	8999.667541	0.000040	3.5
78	-0.768311	59.739626	9000.428799	0.000040	3.4
79	-0.762985	59.728599	9001.658251	0.000083	3.1
80	-0.761354	59.725354	9002.020080	0.000058	3.5
81	-0.762521	59.714303	9003.252574	0.000050	3.1
82	-0.762916	59.712605	9003.441960	0.000075	3.1
83	-0.760429	59.852404	8987.874472	0.000026	3.1
84	-0.764771	59.841355	8989.102844	0.000158	3.7
85	-0.759823	60.841350	8879.267692	0.000036	3.0
86	-0.763152	60.830313	8880.465350	0.000037	3.4
87	-0.764578	60.838675	8879.557906	0.000076	3.3
88	-0.764558	61.438934	8814.903626	0.000050	3.6
89	-0.763977	62.417803	8711.464762	0.000070	3.1
90	-0.767520	63.417794	8608.271041	0.000037	3.4
91	-0.765868	64.417722	8507.499843	0.000026	3.1
92	-0.762385	64.580187	8491.349272	0.000056	3.3
93	-0.763793	64.569553	8492.404524	0.000066	3.2
94	-0.765779	64.558503	8493.501318	0.000047	3.2
95	-0.764450	65.558101	8395.415860	0.000142	3.1
96	-0.763672	65.547050	8396.487838	0.000093	3.7
97	-0.760774	66.547050	8300.579548	0.000123	3.3
98	-0.766847	66.535999	8301.627442	0.000069	3.3
99	-0.764565	67.535999	8207.861884	0.000061	3.2
100	-0.768005	67.524949	8208.886497	0.000129	3.8
101	-0.768938	68.496034	8119.815218	0.000045	3.3
102	-0.770333	69.496034	8030.089576	0.000094	3.3
103	-0.765448	70.496034	7942.325230	0.000107	3.2
104	-0.764365	71.496034	7856.458573	0.000044	3.9
105	-0.758969	71.485135	7857.384407	0.000063	3.2
106	-0.761246	72.485131	7773.335120	0.000140	3.2
107	-0.761224	73.485131	7691.064662	0.000101	3.1
108	-0.762210	74.485131	7610.517413	0.000030	3.5
109	-0.764226	75.452319	7534.201987	0.000083	3.3
110	-0.761688	76.452063	7456.909943	0.000036	3.3
111	-0.764693	76.453351	7456.811342	0.000051	3.5
112	-0.762087	76.992933	7415.751663	0.000116	3.6
113	-0.761719	77.992933	7340.839733	0.000119	3.3
114	-0.766484	78.992933	7267.426147	0.000086	3.4
115	-0.764356	79.992933	7195.466398	0.000091	3.2
116	-0.762356	80.992933	7124.917722	0.000057	3.6
117	-0.764914	81.989572	7055.969270	0.000052	3.1
118	-0.762492	81.997575	7055.421023	0.000059	3.3
119	-0.761078	81.986542	7056.176891	0.000070	3.2
120	-0.768864	82.986532	6988.320927	0.000116	3.6
121	-0.766490	83.986532	6921.756951	0.000112	3.2
122	-0.763011	84.986532	6856.449060	0.000106	3.2
123	-0.761622	85.986532	6792.362030	0.000115	3.2
124	-0.759764	86.986532	6729.461945	0.000028	3.8
125	-0.767266	87.684598	6686.239504	0.000077	3.1
126	-0.765510	88.675538	6625.828029	0.000070	3.3
127	-0.767173	89.675536	6565.961009	0.000063	3.6
128	-0.765933	90.675536	6507.166028	0.000069	3.7
129	-0.766031	90.664485	6507.810008	0.000110	3.4
130	-0.762254	91.664485	6450.047262	0.000102	3.3
131	-0.761788	92.662273	6393.425351	0.000028	5.1
132	-0.763275	93.350364	6354.953583	0.000047	3.5
133	-0.763893	93.436596	6350.164917	0.000058	3.5
134	-0.763163	94.434651	6295.261005	0.000084	3.1
135	-0.765364	95.434651	6241.194102	0.000036	3.9
136	-0.768596	96.434615	6188.049886	0.000045	3.3
137	-0.764518	96.425897	6188.509323	0.000126	3.1
138	-0.764142	96.415294	6189.068156	0.000134	3.2
139	-0.761507	97.415294	6136.802372	0.000040	3.5
140	-0.760061	98.415291	6085.412091	0.000053	3.1
141	-0.761402	99.334981	6038.902837	0.000077	3.3
142	-0.765031	99.323932	6039.457340	0.000051	3.1
143	-0.758242	99.312881	6040.012069	0.000073	3.7
144	-0.761232	100.312869	5990.223987	0.000030	3.1
145	-0.763101	101.308018	5941.485001	0.000083	3.1
146	-0.762732	101.724249	5921.333920	0.000053	3.1
147	-0.762208	102.724248	5873.474801	0.000078	3.4
148	-0.763352	102.713198	5873.999457	0.000093	3.2
149	-0.764119	103.713198	5826.899394	0.000098	3.2
150	-0.763658	103.702147	5827.415762	0.000079	3.1
151	-0.769920	104.702147	5781.056842	0.000105	3.5
152	-0.758963	105.702147	5735.429700	0.000095	3.1
153	-0.761592	106.702147	5690.517145	0.000075	3.3
154	-0.763150	107.702147	5646.302520	0.000102	3.3
155	-0.765933	107.691377	5646.775059	0.000118	3.3
156	-0.764000	108.691377	5603.234962	0.000113	3.4
157	-0.763982	109.691377	5560.361170	0.000029	3.3
158	-0.767714	109.686664	5560.561696	0.000059	3.3
159	-0.765347	109.978838	5548.157748	0.000069	3.6
160	-0.761441	110.978731	5506.123976	0.000038	3.2
161	-0.761469	111.011231	5504.768403	0.000056	3.2
162	-0.763820	111.000182	5505.229210	0.000081	3.1
163	-0.764990	110.989299	5505.683105	0.000064	3.4
164	-0.761499	111.762353	5473.624415	0.000058	3.3
165	-0.764816	112.762352	5432.703917	0.000057	3.2
166	-0.763823	113.688836	5395.333976	0.000029	3.0
167	-0.765659	114.463165	5364.493401	0.000059	3.4
168	-0.762465	115.223523	5334.550460	0.000065	3.3
169	-0.764960	116.223522	5295.675584	0.000032	3.2
170	-0.762598	116.212899	5296.085565	0.000033	3.2
171	-0.762137	116.201945	5296.508402	0.000092	3.2
172	-0.766486	116.211132	5296.153778	0.000037	3.2
173	-0.763695	116.200081	5296.580360	0.000051	3.2
174	-0.762978	116.196734	5296.709573	0.000091	3.1
175	-0.762429	116.185683	5297.136244	0.000051	3.5
176	-0.761206	117.185664	5258.803521	0.000034	3.3
177	-0.760315	117.174661	5259.222276	0.000042	3.2
178	-0.766406	117.163860	5259.633421	0.000049	3.1
179	-0.765437	118.156009	5222.133487	0.000102	3.3
180	-0.764607	118.739068	5200.344230	0.000143	3.4
181	-0.758660	119.739068	5163.393977	0.000085	3.1
182	-0.764514	120.739068	5126.965108	0.000029	3.1
183	-0.761746	121.703581	5092.312670	0.000097	3.3
184	-0.765477	122.546186	5062.421199	0.000048	3.8
185	-0.763141	122.535135	5062.810958	0.000063	3.2
186	-0.769617	123.535133	5027.782790	0.000094	3.0
187	-0.766727	123.524082	5028.167233	0.000033	3.1
188	-0.758207	123.520650	5028.286655	0.000090	3.4
189	-0.763411	124.375840	4998.707196	0.000032	3.2
190	-0.759734	124.366462	4999.029678	0.000142	3.2
191	-0.759134	124.355530	4999.405648	0.000046	3.2
192	-0.761197	125.355530	4965.246326	0.000090	3.5
193	-0.761933	125.629914	4955.954992	0.000099	3.1
194	-0.763441	126.629914	4922.384865	0.000163	3.3
195	-0.762649	127.629914	4889.266465	0.000076	3.1
196	-0.765874	128.629914	4856.590737	0.000107	3.7
197	-0.760104	129.629914	4824.348863	0.000036	3.1
198	-0.762878	129.618930	4824.700694	0.000045	3.2
199	-0.761445	130.336840	4801.813330	0.000029	3.1
