1:ItNr	2:Metric	3a:Time	3b:StepSize	4:||Gradient||	Time[ms]
0	-0.581864	0.000000	37076.826481	0.000750	31.6
1	-0.547648	0.000000	37076.826481	0.002833	3.7
2	-0.435697	1.000000	35391.516187	0.000815	3.5
3	-0.470650	2.000000	33852.754613	0.001439	4.6
4	-0.559577	1.985027	33874.807667	0.002052	3.7
5	-0.501612	1.970053	33896.889472	0.001814	3.3
6	-0.555920	2.970053	32482.754546	0.002679	4.2
7	-0.443828	3.970053	31181.886093	0.001060	3.7
8	-0.500475	4.970053	29981.199833	0.002312	3.4
9	-0.502021	4.955080	29998.495861	0.002674	3.4
10	-0.477327	5.955080	28885.588906	0.001845	4.0
11	-0.574147	6.955080	27852.303040	0.001605	3.5
12	-0.512076	7.955080	26890.388821	0.002677	3.1
13	-0.493578	8.955080	25992.698381	0.002304	3.3
14	-0.545623	9.955080	25153.007497	0.003260	3.9
15	-0.461386	10.955080	24365.871067	0.001263	3.5
16	-0.514075	11.955080	23626.504901	0.002626	3.1
17	-0.510224	11.940106	23637.244652	0.002900	3.3
18	-0.491971	12.940106	22940.804744	0.002344	3.9
19	-0.558066	13.940106	22284.229620	0.002997	3.8
20	-0.473100	14.940106	21664.191679	0.001703	3.6
21	-0.564327	15.940106	21077.723644	0.002734	4.0
22	-0.480293	15.925133	21086.270795	0.002076	3.3
23	-0.582691	16.925133	20530.273516	0.000480	3.3
24	-0.588601	17.925133	20002.843759	0.001037	3.4
25	-0.563344	18.925133	19501.834941	0.002807	4.1
26	-0.494061	19.925133	19025.310286	0.002332	3.2
27	-0.577723	20.925133	18571.517802	0.001470	3.4
28	-0.548251	21.925133	18138.868758	0.003209	3.3
29	-0.495519	22.925133	17725.919099	0.002428	3.9
30	-0.581186	23.925133	17331.353343	0.001619	3.2
31	-0.546176	24.925133	16953.970587	0.003004	3.3
32	-0.518848	25.925133	16592.672292	0.002987	4.1
33	-0.541645	26.925133	16246.451609	0.002964	3.8
34	-0.520286	27.925133	15914.384008	0.002974	3.6
35	-0.544536	28.925133	15595.619029	0.003137	3.1
36	-0.516627	29.925133	15289.373015	0.002935	3.3
37	-0.561336	30.925133	14994.922677	0.002910	3.2
38	-0.517267	31.925133	14711.599390	0.002965	3.1
39	-0.551990	32.925133	14438.784126	0.002840	3.0
40	-0.531901	33.925133	14175.902941	0.003154	3.2
41	-0.547840	34.925133	13922.422937	0.003060	3.5
42	-0.536794	35.925133	13677.848666	0.003143	3.2
43	-0.548877	36.925133	13441.718891	0.003086	3.0
44	-0.538245	37.925133	13213.603685	0.003087	3.3
45	-0.550458	38.925133	12993.101818	0.003108	3.3
46	-0.543560	39.925133	12779.838405	0.003075	3.2
47	-0.548451	40.925133	12573.462775	0.003106	3.5
48	-0.545512	41.925133	12373.646546	0.003285	3.3
49	-0.547710	42.925133	12180.081888	0.003066	3.5
50	-0.552600	43.925133	11992.479933	0.003121	3.2
51	-0.552820	44.925133	11810.569342	0.003095	3.0
52	-0.550475	45.925133	11634.094993	0.003098	3.4
53	-0.548737	46.925133	11462.816786	0.003104	3.5
54	-0.558246	47.925133	11296.508557	0.003052	3.1
55	-0.557876	48.925133	11134.957080	0.003026	3.0
56	-0.556359	49.925133	10977.961152	0.003101	3.2
57	-0.549078	50.925133	10825.330762	0.003027	3.5
58	-0.560089	51.925133	10676.886319	0.002797	3.2
59	-0.561661	52.925133	10532.457951	0.002891	2.9
60	-0.557601	53.925133	10391.884855	0.002935	3.2
61	-0.559065	54.925133	10255.014698	0.002965	3.7
62	-0.562963	55.925133	10121.703071	0.002861	3.0
63	-0.566909	56.925133	9991.812974	0.002937	3.0
64	-0.558972	57.925133	9865.214353	0.003013	3.0
65	-0.556465	58.925133	9741.783663	0.002710	3.5
66	-0.566337	59.925133	9621.403464	0.002590	3.0
67	-0.566368	60.925133	9503.962050	0.002685	3.1
68	-0.568287	61.925133	9389.353105	0.002756	3.0
69	-0.565703	62.925133	9277.475378	0.002806	7.9
70	-0.566798	63.925133	9168.232389	0.002657	4.7
71	-0.570566	64.925133	9061.532148	0.002616	5.6
72	-0.573182	65.925133	8957.286899	0.002612	3.2
73	-0.575032	66.925133	8855.412878	0.002658	3.1
74	-0.565891	67.925133	8755.830087	0.002607	3.1
75	-0.572733	68.925133	8658.462091	0.002396	3.5
76	-0.575764	69.925133	8563.235812	0.002381	3.2
77	-0.575246	70.925133	8470.081355	0.002420	3.1
78	-0.576144	71.925133	8378.931834	0.002407	3.0
79	-0.579511	72.925133	8289.723211	0.002288	4.2
80	-0.583051	73.925133	8202.394145	0.002323	3.1
81	-0.573157	74.925133	8116.885854	0.002417	3.1
82	-0.579091	75.925133	8033.141983	0.002250	3.2
83	-0.585079	76.925133	7951.108477	0.002220	3.5
84	-0.586553	77.925133	7870.733468	0.002241	3.0
85	-0.572556	78.925133	7791.967164	0.002154	3.2
86	-0.581498	79.925133	7714.761745	0.002156	2.8
87	-0.580817	80.925133	7639.071270	0.002140	3.5
88	-0.580627	81.925133	7564.851582	0.001976	3.0
89	-0.584822	82.925133	7492.060224	0.001750	3.2
90	-0.582241	83.925133	7420.656357	0.001595	3.1
91	-0.583193	84.925133	7350.600685	0.001453	3.5
92	-0.588037	85.925133	7281.855382	0.001247	3.1
93	-0.582735	86.925133	7214.384023	0.001269	3.2
94	-0.590054	87.925133	7148.151522	0.001245	3.1
95	-0.582367	88.925133	7083.124068	0.001172	3.2
96	-0.584209	89.925133	7019.269071	0.001297	3.2
97	-0.586948	90.925133	6956.555104	0.001250	3.5
98	-0.587492	91.925133	6894.951855	0.001040	3.2
99	-0.584103	92.925133	6834.430075	0.000973	3.5
100	-0.588494	93.925133	6774.961533	0.001087	3.2
101	-0.589378	94.925133	6716.518974	0.001167	3.1
102	-0.590492	95.925133	6659.076071	0.001129	3.4
103	-0.588020	96.925133	6602.607396	0.001063	3.4
104	-0.588833	97.925133	6547.088371	0.000859	3.2
105	-0.588767	98.925133	6492.495241	0.000591	3.1
106	-0.589794	99.925133	6438.805036	0.000458	3.0
107	-0.587507	100.925133	6385.995538	0.000454	3.6
108	-0.589110	101.925133	6334.045255	0.000444	3.8
109	-0.585493	102.925133	6282.933385	0.000504	3.1
110	-0.593657	103.925133	6232.639795	0.000403	3.0
111	-0.590153	104.925133	6183.144991	0.000271	3.9
112	-0.584618	105.925133	6134.430093	0.000254	3.3
113	-0.589117	106.925133	6086.476810	0.000121	3.1
114	-0.591898	107.925133	6039.267420	0.000199	3.1
115	-0.589089	107.911177	6039.921251	0.000210	3.3
116	-0.586805	108.911177	5993.428552	0.000363	3.3
117	-0.590155	109.911177	5947.646147	0.000459	3.2
118	-0.590405	110.911177	5902.557881	0.000415	3.1
119	-0.589991	111.911177	5858.148088	0.000287	4.0
120	-0.583715	112.911177	5814.401567	0.000242	3.3
121	-0.590878	113.911177	5771.303570	0.000354	3.2
122	-0.589455	114.911177	5728.839780	0.000241	3.0
123	-0.591474	115.911177	5686.996302	0.000289	3.8
124	-0.590276	116.911177	5645.759643	0.000237	3.2
125	-0.584006	117.911177	5605.116695	0.000269	3.1
126	-0.587872	118.911177	5565.054730	0.000223	3.1
127	-0.588755	119.911177	5525.561378	0.000292	3.8
128	-0.586896	119.904556	5525.820996	0.000400	3.3
129	-0.589213	120.904556	5486.880590	0.000329	3.1
130	-0.586176	121.904556	5448.485169	0.000376	3.0
131	-0.591064	122.904556	5410.623372	0.000359	3.4
132	-0.589887	123.904556	5373.284150	0.000365	3.4
133	-0.583798	124.904556	5336.456759	0.000363	3.2
134	-0.588410	125.904556	5300.130747	0.000266	3.0
135	-0.586432	126.904556	5264.295943	0.000306	3.2
136	-0.585965	127.904556	5228.942452	0.000365	3.3
137	-0.588614	128.904556	5194.060640	0.000254	3.1
138	-0.590308	129.904556	5159.641132	0.000206	3.0
139	-0.585907	130.904556	5125.674796	0.000204	3.2
140	-0.593189	131.904556	5092.152742	0.000165	3.4
141	-0.591066	132.904501	5059.068132	0.000129	3.1
142	-0.590735	133.904486	5026.409351	0.000268	3.0
143	-0.588876	134.786846	4997.940286	0.000297	4.5
144	-0.588799	135.786846	4966.062993	0.000258	3.5
145	-0.584869	136.786846	4934.589754	0.000148	3.1
146	-0.591999	136.835087	4933.081538	0.000194	2.9
147	-0.586237	137.633411	4908.255779	0.000211	3.2
148	-0.583910	138.633411	4877.508734	0.000180	3.4
149	-0.585319	139.633411	4847.144511	0.000193	3.1
150	-0.583657	140.633411	4817.156005	0.000200	3.0
151	-0.588826	141.633398	4787.536671	0.000172	3.0
152	-0.587000	142.633398	4758.278972	0.000267	3.5
153	-0.587319	143.633398	4729.376702	0.000240	3.0
154	-0.595165	144.633398	4700.823422	0.000322	3.0
155	-0.589155	145.633398	4672.612850	0.000439	2.9
156	-0.590995	146.633398	4644.738853	0.000312	3.4
157	-0.593059	147.633398	4617.195443	0.000248	3.1
158	-0.591747	148.633398	4589.976773	0.000139	3.1
159	-0.588975	149.633398	4563.077134	0.000183	3.1
160	-0.590824	149.619132	4563.458656	0.000192	3.5
161	-0.594842	150.619132	4536.868039	0.000170	3.1
162	-0.588906	151.619132	4510.585506	0.000269	3.1
163	-0.588489	152.618877	4484.612328	0.000330	3.0
164	-0.584075	153.618877	4458.930040	0.000197	3.3
165	-0.586431	154.618877	4433.540229	0.000201	3.2
166	-0.589791	155.618877	4408.437928	0.000238	3.0
167	-0.587342	156.618877	4383.618280	0.000204	2.9
168	-0.584997	157.618877	4359.076539	0.000243	3.2
169	-0.589925	158.618877	4334.808062	0.000198	3.5
170	-0.589563	159.618877	4310.808311	0.000206	3.2
171	-0.587500	160.618877	4287.072847	0.000223	3.0
172	-0.587034	161.618877	4263.597329	0.000162	3.1
173	-0.591101	162.618877	4240.377509	0.000189	3.4
174	-0.587072	162.603904	4240.723322	0.000271	3.1
175	-0.588141	163.603904	4217.751309	0.000383	3.0
176	-0.589000	164.603904	4195.026834	0.000379	3.0
177	-0.591966	165.603904	4172.545917	0.000189	3.6
178	-0.586474	166.603904	4150.304664	0.000255	3.0
179	-0.588127	166.588930	4150.635942	0.000237	3.1
180	-0.584564	167.588930	4128.627036	0.000299	3.0
181	-0.586644	168.588930	4106.850306	0.000211	3.5
182	-0.593053	169.588930	4085.302096	0.000209	3.0
183	-0.589825	170.588930	4063.978829	0.000264	3.0
184	-0.591907	171.588930	4042.876999	0.000198	3.0
185	-0.590545	172.588930	4021.993176	0.000234	3.4
186	-0.583552	173.588930	4001.323998	0.000230	3.3
187	-0.586190	174.588930	3980.866174	0.000172	3.2
188	-0.586733	175.588930	3960.616477	0.000139	3.1
189	-0.589492	175.969013	3952.973849	0.000257	3.3
190	-0.583896	176.969013	3933.006210	0.000242	3.7
191	-0.585614	177.969013	3913.239281	0.000243	3.1
192	-0.590960	177.954039	3913.533794	0.000224	2.9
193	-0.585056	178.954039	3893.961627	0.000180	3.2
194	-0.588420	179.954039	3874.584253	0.000262	3.5
195	-0.588956	180.954039	3855.398777	0.000218	3.1
196	-0.589792	181.954039	3836.402364	0.000232	3.0
197	-0.593245	182.954039	3817.592232	0.000202	3.1
198	-0.585704	183.954039	3798.965655	0.000226	3.5
199	-0.592451	184.951323	3780.569817	0.000169	3.0
