1:ItNr	2:Metric	3a:Time	3b:StepSize	4:||Gradient||	Time[ms]
0	-0.113653	0.000000	4558.061316	0.001953	51.0
1	-0.117614	0.000000	4558.061316	0.000634	1.0
2	-0.110670	1.000000	4350.876710	0.000523	0.9
3	-0.111171	1.945750	4171.547555	0.000980	0.9
4	-0.116111	2.945750	3997.339305	0.000890	1.0
5	-0.116694	3.945750	3837.098009	0.001411	1.0
6	-0.116319	3.435666	3917.195778	0.000813	0.9
7	-0.121762	4.435666	3763.191720	0.000499	0.9
8	-0.115898	3.930579	3839.432968	0.000200	1.0
9	-0.116163	3.467366	3912.120651	0.000383	1.0
10	-0.108628	3.106051	3970.757631	0.000673	1.0
11	-0.118204	4.106031	3812.601374	0.000530	1.0
12	-0.115517	3.628221	3886.569269	0.000112	1.0
13	-0.119713	3.205285	3954.478819	0.001214	1.0
14	-0.118626	4.185880	3800.513883	0.000651	1.0
15	-0.115022	3.675796	3879.075942	0.000808	1.0
16	-0.119093	4.675796	3727.996851	0.001371	0.9
17	-0.117207	5.675796	3588.244815	0.001215	0.9
18	-0.114544	5.165712	3658.195377	0.000821	1.0
19	-0.113520	6.165712	3523.533148	0.000776	0.8
20	-0.116630	5.655628	3590.959730	0.000228	1.1
21	-0.116794	5.686291	3586.833658	0.000301	1.1
22	-0.117206	6.327257	3502.703768	0.000266	0.9
23	-0.113722	6.097090	3532.456403	0.000495	1.0
24	-0.117162	5.608923	3597.262786	0.000495	0.8
25	-0.116853	5.098922	3667.557148	0.000706	1.1
26	-0.110629	5.478661	3614.959577	0.000638	0.9
27	-0.117773	6.031893	3540.976151	0.000811	0.9
28	-0.114765	7.031892	3414.656685	0.000964	0.8
29	-0.110888	8.031892	3297.039250	0.000511	0.9
30	-0.113397	9.031892	3187.254650	0.000672	1.1
31	-0.118362	10.031871	3084.547766	0.000811	1.0
32	-0.116766	11.031871	2988.251555	0.000965	1.1
33	-0.116847	12.031871	2897.785848	0.000879	1.1
34	-0.117030	13.031871	2812.636669	0.000553	0.9
35	-0.119714	14.031871	2732.348731	0.000956	1.0
36	-0.112845	15.031871	2656.517289	0.000961	0.9
37	-0.117026	16.031871	2584.781316	0.000540	0.9
38	-0.117913	17.031871	2516.817756	0.000551	1.1
39	-0.118262	18.031871	2452.336663	0.000756	1.1
40	-0.116661	19.031871	2391.077056	0.000402	0.9
41	-0.117785	18.522279	2421.907088	0.000562	1.1
42	-0.115801	19.522279	2362.139819	0.000422	1.0
43	-0.120359	19.012195	2392.252879	0.000908	1.0
44	-0.113632	20.012194	2333.922601	0.000907	1.0
45	-0.120477	21.012194	2278.369145	0.000480	1.1
46	-0.116910	22.012194	2225.398838	0.000351	0.9
47	-0.116596	23.012163	2174.837174	0.000276	1.0
48	-0.113200	23.312382	2160.102521	0.000548	1.0
49	-0.119285	23.158555	2167.627244	0.000561	1.0
50	-0.117739	24.158555	2119.626877	0.000278	0.9
51	-0.117213	25.158186	2073.722917	0.000405	1.0
52	-0.116165	25.518396	2057.665278	0.000296	1.0
53	-0.114848	26.508898	2014.765475	0.000331	0.9
54	-0.113059	27.506503	1973.328990	0.000724	0.9
55	-0.113821	28.506503	1933.468994	0.000621	0.9
56	-0.115820	29.506503	1895.187409	0.000424	0.9
57	-0.121252	30.506503	1858.392299	0.000490	0.9
58	-0.112710	29.996422	1876.980458	0.000537	1.0
59	-0.120049	30.996422	1840.882196	0.000318	0.9
60	-0.123511	30.487460	1859.079628	0.000341	0.9
61	-0.122105	31.469299	1824.291331	0.000486	1.0
62	-0.114152	32.469296	1790.172963	0.000622	0.8
63	-0.118397	33.469295	1757.307247	0.000590	1.1
64	-0.110347	34.469295	1725.626526	0.000531	0.9
65	-0.114157	35.469082	1695.074263	0.000923	1.0
66	-0.115587	36.469082	1665.578850	0.000601	1.0
67	-0.113763	37.469082	1637.092362	0.000339	0.9
68	-0.112136	36.958998	1651.500040	0.000330	1.1
69	-0.116629	37.944740	1623.881751	0.000654	1.2
70	-0.117597	37.434656	1638.056824	0.000631	1.1
71	-0.114629	38.434656	1610.496190	0.000422	1.0
72	-0.119227	39.434656	1583.847636	0.000442	0.9
73	-0.116962	39.855122	1572.904385	0.000763	1.1
74	-0.110370	40.849389	1547.618960	0.000737	1.1
75	-0.114864	41.849389	1522.994712	0.000532	4.4
76	-0.110825	42.849387	1499.141852	0.000554	1.2
77	-0.115031	43.849385	1476.024607	0.000493	0.9
78	-0.114410	44.846916	1453.663946	0.000173	1.0
79	-0.117643	44.341909	1464.898850	0.000173	1.0
80	-0.118044	43.900496	1474.862185	0.000281	1.2
81	-0.114973	44.562571	1459.968479	0.000859	0.9
82	-0.116190	45.562521	1438.035783	0.000205	1.0
83	-0.119282	46.559354	1416.817693	0.000270	1.1
84	-0.115035	46.067534	1427.207494	0.000326	1.0
85	-0.113547	45.562138	1438.044061	0.000380	1.0
86	-0.119778	45.057023	1449.040296	0.000266	1.0
87	-0.111595	46.022187	1428.173138	0.000147	1.2
88	-0.119525	45.647677	1436.198408	0.000305	1.2
89	-0.120247	45.179034	1446.368773	0.000752	1.2
90	-0.116292	46.177929	1424.862137	0.000462	1.2
91	-0.114596	47.177929	1403.962967	0.000268	1.0
92	-0.115118	48.063441	1385.961753	0.000298	1.0
93	-0.110741	47.745034	1392.381130	0.000086	1.0
94	-0.120136	47.963139	1387.977542	0.000346	1.1
95	-0.116211	48.175388	1383.718837	0.000423	1.0
96	-0.113540	48.801190	1371.313113	0.000331	1.0
97	-0.111959	48.291253	1381.405068	0.000533	1.0
98	-0.116128	49.291251	1361.752508	0.000425	1.0
99	-0.109729	50.291246	1342.651355	0.000312	1.0
100	-0.114982	51.204843	1325.662985	0.000338	1.0
101	-0.115722	52.194547	1307.737961	0.000199	1.1
102	-0.117345	52.460084	1303.010863	0.000509	1.2
103	-0.112782	52.167918	1308.213909	0.000280	1.0
104	-0.114714	53.167883	1290.575977	0.000636	0.9
105	-0.112935	54.167881	1273.406757	0.000387	0.7
106	-0.114430	55.167881	1256.688343	0.000444	0.7
107	-0.118091	54.657830	1265.160357	0.000324	0.8
108	-0.116876	55.446086	1252.114958	0.000358	1.0
109	-0.117656	56.418149	1236.393388	0.000439	0.8
110	-0.120973	57.237648	1223.442804	0.000776	0.8
111	-0.117632	58.237648	1208.002633	0.000694	0.8
112	-0.115279	59.237580	1192.948333	0.000241	0.8
113	-0.112217	58.736681	1200.442335	0.000445	0.8
114	-0.111859	59.732914	1185.629046	0.000507	0.7
115	-0.114243	59.531005	1188.601679	0.000908	0.8
116	-0.115641	60.531005	1174.023155	0.000646	0.9
117	-0.113823	61.531005	1159.797922	0.000301	0.9
118	-0.110545	62.499764	1146.342014	0.000374	1.0
119	-0.117408	62.393476	1147.803071	0.000465	0.9
120	-0.110750	63.393472	1134.202503	0.000469	0.9
121	-0.118038	62.883418	1141.099034	0.000479	1.0
122	-0.110755	63.882981	1127.661717	0.000309	0.9
123	-0.113480	63.393295	1134.204890	0.000463	0.8
124	-0.117187	64.378216	1121.120732	0.000690	0.9
125	-0.107866	65.378216	1108.141525	0.000253	0.8
126	-0.117176	66.377138	1095.472913	0.000590	0.8
127	-0.112191	66.731550	1091.047493	0.000459	0.8
128	-0.115460	66.362960	1095.650691	0.000443	0.8
129	-0.111168	67.362944	1083.251449	0.000219	0.8
130	-0.111407	66.853389	1089.534381	0.000215	0.8
131	-0.113513	67.149546	1085.873863	0.000235	0.9
132	-0.114184	66.920589	1088.701615	0.000452	0.8
133	-0.117753	67.913766	1076.540695	0.000591	0.9
134	-0.121572	68.800884	1065.905855	0.000760	0.8
135	-0.118025	69.800884	1054.166918	0.000445	0.8
136	-0.116905	69.290800	1060.122272	0.000202	0.8
137	-0.109563	68.793361	1065.995159	0.000233	0.8
138	-0.114619	69.374232	1059.143585	0.000321	0.8
139	-0.115295	70.256915	1048.899006	0.000115	0.8
140	-0.116795	70.475151	1046.396608	0.000673	0.9
141	-0.115127	70.018173	1051.650289	0.000605	0.8
142	-0.115379	71.018172	1040.221570	0.000397	0.9
143	-0.114921	70.508089	1046.019965	0.000374	0.9
144	-0.120462	71.507291	1034.721551	0.000386	0.8
145	-0.116248	71.288858	1037.170577	0.000401	0.8
146	-0.119338	72.243758	1026.549016	0.000289	0.9
147	-0.116402	72.534122	1023.362233	0.000379	0.8
148	-0.112896	73.484120	1013.072751	0.000394	0.9
149	-0.116438	74.482094	1002.484173	0.000308	0.7
150	-0.112337	74.853872	998.595945	0.000345	0.7
151	-0.119182	75.815803	988.674212	0.000223	0.8
152	-0.113239	75.345643	993.498869	0.000125	0.9
153	-0.118259	75.947281	987.333389	0.000242	0.8
154	-0.121686	76.739046	979.335197	0.000499	0.9
155	-0.117507	76.489989	981.837100	0.000383	0.7
156	-0.120177	77.489987	971.868210	0.000237	0.9
157	-0.115123	78.487354	962.125169	0.000587	0.8
158	-0.117943	79.473579	952.681174	0.000134	0.7
159	-0.120226	80.345277	944.486913	0.000451	0.8
160	-0.111532	80.732085	940.895761	0.000426	0.9
161	-0.118400	81.732040	931.737437	0.000267	0.8
162	-0.122702	82.730843	922.765930	0.000356	0.7
163	-0.116299	83.397787	916.870845	0.000518	0.9
164	-0.122806	84.397694	908.172505	0.000402	0.8
165	-0.114956	83.887611	912.589075	0.000455	0.8
166	-0.119501	84.887608	903.970625	0.000429	0.9
167	-0.118166	85.887596	895.513527	0.000248	0.8
168	-0.119651	86.884555	887.238104	0.000078	0.9
169	-0.116524	86.521598	890.233124	0.000398	0.7
170	-0.114019	86.811933	887.835745	0.000518	0.8
171	-0.113750	87.811924	879.676454	0.000248	0.9
172	-0.117885	87.302568	883.813648	0.000332	0.9
173	-0.116757	86.816449	887.798552	0.000322	0.8
174	-0.109352	86.424139	891.040771	0.000338	0.8
175	-0.115592	85.936092	895.107405	0.000382	0.8
176	-0.120553	85.470705	899.019945	0.000339	0.9
177	-0.117944	84.960678	903.347258	0.000288	0.8
178	-0.111545	85.957227	894.930530	0.000083	0.8
179	-0.112575	85.567895	898.200038	0.000259	0.8
180	-0.117690	85.425386	899.402775	0.000525	0.9
181	-0.115000	86.425358	891.030662	0.000487	0.9
182	-0.115397	87.423297	882.829521	0.000125	1.0
183	-0.112906	87.415707	882.891328	0.000324	1.0
184	-0.119762	86.964339	886.582442	0.000686	0.9
185	-0.118573	86.454261	890.790992	0.000373	0.9
186	-0.117525	87.453971	882.579837	0.000194	0.8
187	-0.116359	86.979816	886.455369	0.000383	0.8
188	-0.121888	87.890421	879.042313	0.000455	0.9
189	-0.115351	87.380359	883.179285	0.000370	0.9
190	-0.115031	88.380347	875.104992	0.000537	0.8
191	-0.115767	87.903433	878.937281	0.000369	0.8
192	-0.114314	88.902437	870.947813	0.000374	0.8
193	-0.120049	89.898526	863.124975	0.000658	0.8
194	-0.113483	89.563491	865.740464	0.000376	0.9
195	-0.115318	90.563490	857.980398	0.000226	0.9
196	-0.115855	90.178686	860.949984	0.000451	0.8
197	-0.115770	91.113168	853.773821	0.000435	0.8
198	-0.118341	90.603086	857.675993	0.000404	0.8
199	-0.119130	91.602836	850.061076	0.000261	0.8
