1:ItNr	2:Metric	3a:Time	3b:StepSize	4:||Gradient||	Time[ms]
0	-0.418591	0.000000	11645.478017	0.001425	27.9
1	-0.425004	0.000000	11645.478017	0.000151	0.9
2	-0.440340	1.000000	11116.138107	0.000080	0.8
3	-0.430986	1.235399	10998.455076	0.000196	0.8
4	-0.442532	2.156161	10561.121783	0.000267	0.8
5	-0.448040	3.152647	10125.392730	0.000329	0.9
6	-0.435047	3.109094	10143.684192	0.000460	0.9
7	-0.434965	4.109094	9739.699719	0.000208	0.7
8	-0.437849	5.109094	9366.661129	0.000229	0.7
9	-0.448060	6.109023	9021.167655	0.000201	0.7
10	-0.435297	7.109023	8700.232713	0.000061	0.8
11	-0.433054	7.066899	8713.290406	0.000037	0.7
12	-0.428705	7.075131	8710.735290	0.000196	0.8
13	-0.442615	7.111392	8699.499402	0.000131	0.7
14	-0.433773	8.111390	8400.665116	0.000221	0.6
15	-0.437264	8.067837	8413.251999	0.000316	0.8
16	-0.433678	9.067837	8133.442979	0.000093	0.7
17	-0.425071	9.723444	7959.883501	0.000017	1.0
18	-0.436572	9.697577	7966.590980	0.000172	0.9
19	-0.436798	9.825507	7933.528417	0.000215	0.9
20	-0.435928	10.825507	7684.246345	0.000237	0.9
21	-0.437576	10.781954	7694.776574	0.000246	0.8
22	-0.427827	11.781954	7460.050613	0.000124	0.7
23	-0.431936	11.738846	7469.873569	0.000054	0.7
24	-0.426699	11.979261	7415.418889	0.000271	0.8
25	-0.431277	11.935751	7425.215086	0.000264	0.7
26	-0.443007	12.935751	7206.412944	0.000106	0.7
27	-0.435070	13.935719	7000.143288	0.000150	0.7
28	-0.432653	14.930253	6806.382315	0.000280	0.8
29	-0.438252	15.930253	6622.078613	0.000259	0.8
30	-0.435384	16.930253	6447.492944	0.000192	0.7
31	-0.436728	17.930253	6281.876426	0.000160	0.8
32	-0.438061	17.916960	6284.022206	0.000107	0.9
33	-0.443750	18.400187	6206.951214	0.000212	1.0
34	-0.433103	18.362218	6212.938435	0.000322	1.0
35	-0.432502	19.362186	6059.013752	0.000180	0.9
36	-0.427552	20.362186	5912.526963	0.000096	1.0
37	-0.443798	21.104870	5808.236371	0.000143	0.8
38	-0.431160	22.080395	5676.712946	0.000191	0.8
39	-0.433885	22.036842	5682.457733	0.000243	0.7
40	-0.441182	23.036842	5553.419014	0.000127	1.0
41	-0.430180	22.993290	5558.916846	0.000104	0.8
42	-0.447433	23.914066	5444.954348	0.000195	0.8
43	-0.435884	24.040843	5429.628308	0.000224	0.8
44	-0.436156	23.997290	5434.883652	0.000139	0.8
45	-0.442322	24.996890	5316.773345	0.000273	0.7
46	-0.435928	24.953704	5321.769900	0.000045	0.8
47	-0.444639	24.921090	5325.549520	0.000170	0.8
48	-0.433547	25.546619	5253.980721	0.000154	0.8
49	-0.432372	26.534334	5144.808381	0.000146	0.9
50	-0.439236	26.490827	5149.521583	0.000198	1.0
51	-0.429683	27.490803	5043.328241	0.000121	0.8
52	-0.439912	28.490682	4941.436014	0.000228	0.9
53	-0.436401	28.447129	4945.788419	0.000151	0.7
54	-0.436457	29.447129	4847.749374	0.000199	0.7
55	-0.440824	29.403610	4851.934935	0.000253	0.8
56	-0.431204	30.403610	4757.545944	0.000096	0.7
57	-0.438415	30.360058	4761.580305	0.000162	0.7
58	-0.438343	31.316795	4674.503451	0.000071	0.7
59	-0.440819	31.273276	4678.395066	0.000090	0.7
60	-0.438589	31.520760	4656.349997	0.000060	1.3
61	-0.432838	31.506786	4657.589182	0.000053	1.3
62	-0.428407	31.584225	4650.730093	0.000257	0.9
63	-0.440774	31.541681	4654.495852	0.000164	0.9
64	-0.437044	32.541674	4567.564278	0.000197	0.9
65	-0.430057	32.498121	4571.282741	0.000159	0.8
66	-0.437641	32.454568	4575.007262	0.000195	0.7
67	-0.441731	33.417280	4494.069465	0.000162	1.0
68	-0.433490	33.373728	4497.669179	0.000212	1.0
69	-0.435302	34.373727	4416.445298	0.000193	1.1
70	-0.438757	35.373727	4338.103037	0.000124	0.9
71	-0.435696	35.330228	4341.453034	0.000210	0.7
72	-0.445603	35.353843	4339.633704	0.000229	0.6
73	-0.432830	36.353843	4263.969487	0.000284	0.9
74	-0.443332	36.310291	4267.209857	0.000080	0.9
75	-0.440385	36.266759	4270.453589	0.000084	1.0
76	-0.445782	36.376869	4262.258317	0.000062	2.3
77	-0.438345	36.347178	4264.465119	0.000096	1.1
78	-0.440157	36.739444	4235.493465	0.000146	1.0
79	-0.446244	37.721674	4164.646908	0.000062	0.8
80	-0.444547	38.253820	4127.245069	0.000124	0.8
81	-0.444861	38.225980	4129.185180	0.000086	0.8
82	-0.428150	39.164362	4064.782376	0.000100	0.8
83	-0.436939	39.145313	4066.069744	0.000040	0.9
84	-0.434361	39.350954	4052.214936	0.000170	0.9
85	-0.445176	39.310777	4054.914398	0.000211	0.7
86	-0.432525	39.267342	4057.836795	0.000148	0.8
87	-0.440661	39.224430	4060.728128	0.000202	0.7
88	-0.435589	40.224429	3994.402930	0.000046	1.2
89	-0.431092	40.246729	3992.948580	0.000243	1.1
90	-0.445414	40.211378	3995.254554	0.000248	1.0
91	-0.435252	41.211378	3931.033913	0.000022	0.8
92	-0.437226	41.170933	3933.591230	0.000200	0.9
93	-0.436283	41.359762	3921.680140	0.000194	0.9
94	-0.428469	42.359761	3859.784756	0.000241	0.7
95	-0.433577	42.991020	3821.708695	0.000108	0.7
96	-0.434913	43.991019	3762.905131	0.000062	0.7
97	-0.427886	44.135844	3754.538572	0.000115	0.7
98	-0.433567	44.122813	3755.289819	0.000139	0.9
99	-0.435513	44.424940	3737.948225	0.000106	0.8
100	-0.432272	45.410844	3682.456430	0.000156	0.7
101	-0.435301	45.367292	3684.872965	0.000020	0.8
102	-0.441934	45.351653	3685.741438	0.000116	0.8
103	-0.438183	45.334514	3686.693746	0.000169	0.7
104	-0.434330	46.333684	3631.986586	0.000165	1.1
105	-0.442402	46.290554	3634.314537	0.000089	0.8
106	-0.437692	47.277533	3581.779056	0.000079	1.0
107	-0.432782	47.236664	3583.924300	0.000212	0.9
108	-0.425457	48.236216	3532.183743	0.000109	0.9
109	-0.440491	48.192727	3534.403820	0.000151	0.9
110	-0.440711	48.986087	3494.337910	0.000200	0.8
111	-0.433905	49.986087	3445.112245	0.000112	0.9
112	-0.427960	50.985947	3397.260825	0.000048	0.9
113	-0.429970	50.972122	3397.913404	0.000132	0.8
114	-0.428988	50.929447	3399.929355	0.000140	0.8
115	-0.435362	51.788297	3359.812622	0.000077	0.8
116	-0.426815	52.736298	3316.616710	0.000134	0.8
117	-0.438309	52.692850	3318.572147	0.000130	0.9
118	-0.437491	52.937095	3307.609513	0.000054	0.8
119	-0.439815	52.894193	3309.529845	0.000136	0.9
120	-0.435738	52.870542	3310.589471	0.000166	1.1
121	-0.438621	53.870294	3266.382776	0.000164	1.0
122	-0.430670	53.840688	3267.674902	0.000199	0.8
123	-0.438461	54.840586	3224.593218	0.000198	0.9
124	-0.431737	55.840582	3182.628643	0.000126	0.9
125	-0.435001	56.840516	3141.744819	0.000182	0.9
126	-0.440469	56.814985	3142.775621	0.000102	1.0
127	-0.430538	57.716306	3106.790064	0.000228	1.0
128	-0.443388	58.716270	3067.818380	0.000166	0.8
129	-0.436417	58.672717	3069.495387	0.000251	1.0
130	-0.436405	59.672717	3031.446646	0.000041	0.9
131	-0.439441	59.629224	3033.081877	0.000185	0.8
132	-0.436034	59.586156	3034.702875	0.000248	0.8
133	-0.437626	60.586155	2997.506600	0.000186	1.2
134	-0.441432	60.542602	2999.107606	0.000153	1.0
135	-0.432575	60.499049	3000.710323	0.000202	0.9
136	-0.442835	61.499049	2964.337659	0.000225	1.0
137	-0.433983	61.455496	2965.903420	0.000127	0.9
138	-0.432565	61.412156	2967.463171	0.000257	0.8
139	-0.431459	61.368877	2969.022354	0.000420	1.0
140	-0.435558	61.325324	2970.593069	0.000175	1.0
141	-0.430912	62.325324	2934.942526	0.000057	0.9
142	-0.435423	63.191048	2904.762977	0.000215	0.8
143	-0.431071	63.153216	2906.068827	0.000307	1.0
144	-0.433966	63.906716	2880.279093	0.000212	0.8
145	-0.435090	64.906706	2846.751439	0.000147	0.9
146	-0.440407	64.863153	2848.195416	0.000143	0.9
147	-0.429834	64.838818	2849.002859	0.000138	1.0
148	-0.434970	65.781834	2818.044122	0.000219	1.0
149	-0.434547	65.738282	2819.459109	0.000248	1.0
150	-0.430892	65.694729	2820.875523	0.000084	1.0
151	-0.435904	66.392212	2798.361918	0.000198	0.8
152	-0.433621	66.360118	2799.389983	0.000176	0.7
153	-0.433952	67.360118	2767.708383	0.000238	0.7
154	-0.436744	68.360042	2736.738164	0.000166	0.7
155	-0.425570	69.360042	2706.451124	0.000209	0.8
156	-0.454947	69.316489	2707.756245	0.000120	0.7
157	-0.433736	69.277432	2708.927711	0.000181	0.8
158	-0.432420	69.574484	2700.043421	0.000146	0.7
159	-0.438811	70.574445	2670.559862	0.000113	0.8
160	-0.439471	70.530897	2671.830468	0.000200	0.6
161	-0.438007	70.487346	2673.102348	0.000148	0.8
162	-0.441110	70.443793	2674.375491	0.000115	0.8
163	-0.439794	70.597616	2669.884329	0.000250	0.8
164	-0.435438	70.813546	2663.605196	0.000101	0.9
165	-0.436218	71.535068	2642.836309	0.000090	0.8
166	-0.437675	71.491642	2644.077171	0.000208	0.7
167	-0.442552	72.491208	2615.807877	0.000075	0.8
168	-0.431927	73.488198	2588.207243	0.000100	0.8
169	-0.439165	73.491821	2588.107998	0.000134	0.7
170	-0.446725	74.479726	2561.329486	0.000120	0.8
171	-0.434249	74.436250	2562.496304	0.000052	0.8
172	-0.424344	74.594727	2558.248214	0.000172	0.8
173	-0.439768	74.555553	2559.296991	0.000073	0.7
174	-0.437063	75.546439	2533.030125	0.000129	0.7
175	-0.429673	75.857281	2524.900928	0.000135	0.8
176	-0.427791	76.845472	2499.400671	0.000223	0.7
177	-0.427346	76.802277	2500.504551	0.000085	0.7
178	-0.440762	77.791987	2475.454182	0.000056	0.7
179	-0.442529	78.140933	2466.741337	0.000246	0.6
180	-0.444273	78.323537	2462.206288	0.000289	0.8
181	-0.437082	79.323537	2437.663629	0.000185	0.8
182	-0.433481	79.279984	2438.722339	0.000020	1.0
183	-0.432368	79.299010	2438.259738	0.000103	0.9
184	-0.444125	79.317800	2437.803042	0.000143	0.8
185	-0.444141	79.274251	2438.861779	0.000091	0.8
186	-0.440504	79.230767	2439.919850	0.000079	0.8
187	-0.437875	79.188089	2440.959199	0.000173	0.8
188	-0.433845	79.153654	2441.798460	0.000164	0.9
189	-0.439892	80.153614	2417.659930	0.000031	0.9
190	-0.434040	80.556576	2408.066987	0.000102	0.9
191	-0.434731	80.562486	2407.926867	0.000119	0.8
192	-0.428088	80.520738	2408.917056	0.000148	0.9
193	-0.439776	81.405352	2388.107972	0.000251	0.7
194	-0.438311	82.405342	2365.013575	0.000135	0.8
195	-0.441463	82.362746	2365.988218	0.000112	0.8
196	-0.443525	82.319197	2366.985463	0.000151	1.0
197	-0.436746	83.318620	2344.308594	0.000234	1.0
198	-0.434515	83.299488	2344.738620	0.000152	0.9
199	-0.438920	84.299488	2322.471295	0.000124	0.9
