1:ItNr	2:Metric	3a:Time	3b:StepSize	4:||Gradient||	Time[ms]
0	-0.189516	0.000000	4041.578350	0.002403	75.8
1	-0.190001	0.000000	4041.578350	0.001143	1.1
2	-0.180643	1.000000	3857.870244	0.001403	1.0
3	-0.191874	2.000000	3690.136755	0.001438	1.1
4	-0.194792	3.000000	3536.381057	0.001147	0.9
5	-0.195978	4.000000	3394.925814	0.000544	0.8
6	-0.191461	5.000000	3264.351745	0.000253	0.9
7	-0.199690	5.999981	3143.452057	0.000326	0.9
8	-0.193078	6.997507	3031.453642	0.000470	0.9
9	-0.184290	7.997179	2926.944886	0.000824	0.9
10	-0.188042	8.997179	2829.370882	0.000627	1.0
11	-0.185077	9.997179	2738.092548	0.000456	1.1
12	-0.193290	10.995922	2652.623823	0.000391	1.0
13	-0.187935	11.560089	2606.661944	0.000084	1.1
14	-0.194503	11.438600	2616.424450	0.000791	1.2
15	-0.182516	11.271970	2629.933785	0.000700	1.4
16	-0.187305	12.271970	2550.890262	0.000659	1.7
17	-0.194365	12.093295	2564.662876	0.000966	1.2
18	-0.194391	13.093295	2489.438030	0.000656	1.1
19	-0.195024	14.093295	2418.500319	0.000440	1.0
20	-0.186003	15.093295	2351.493405	0.000392	0.8
21	-0.190934	16.093295	2288.099397	0.000418	0.9
22	-0.188089	17.093143	2228.042584	0.000593	0.9
23	-0.188369	18.093143	2171.049404	0.000559	1.0
24	-0.185580	19.093143	2116.899261	0.000431	1.0
25	-0.192121	20.093143	2065.384602	0.000407	0.8
26	-0.192521	21.091219	2016.409775	0.000081	0.8
27	-0.195538	20.925896	2024.360908	0.000514	1.0
28	-0.193725	21.864817	1980.018841	0.000378	1.4
29	-0.194036	22.864721	1934.883949	0.000137	1.2
30	-0.193451	23.847139	1892.498556	0.000407	1.1
31	-0.193952	23.669862	1900.009133	0.000447	1.1
32	-0.181773	23.528874	1906.024963	0.000236	1.0
33	-0.185380	24.528844	1864.162109	0.000387	1.0
34	-0.192151	25.475230	1826.201726	0.000391	1.1
35	-0.193306	25.297523	1833.211369	0.000476	1.1
36	-0.192660	26.297446	1794.455140	0.000275	1.2
37	-0.188072	27.297420	1757.301845	0.000649	2.2
38	-0.197411	28.296670	1721.681100	0.000305	1.4
39	-0.191411	29.296666	1687.450707	0.000143	1.5
40	-0.192488	29.119625	1693.411418	0.000319	1.7
41	-0.192034	30.033272	1663.094345	0.000271	1.1
42	-0.191975	29.880961	1668.072766	0.000421	1.2
43	-0.180354	30.878632	1635.994276	0.000427	1.0
44	-0.188013	31.878632	1605.055613	0.000242	1.0
45	-0.193072	32.845099	1576.246445	0.000339	0.9
46	-0.187800	33.690978	1551.867400	0.000245	1.2
47	-0.190950	33.537096	1556.246150	0.000099	1.4
48	-0.193566	34.193821	1537.729104	0.000490	1.1
49	-0.195564	34.016225	1542.692999	0.000627	1.3
50	-0.190672	35.016225	1515.152892	0.000366	1.0
51	-0.192671	35.723903	1496.250090	0.000225	1.3
52	-0.186414	36.680031	1471.447649	0.000292	1.0
53	-0.190582	37.214242	1457.944693	0.000754	1.0
54	-0.194631	38.214235	1433.323333	0.000678	0.9
55	-0.193262	39.214235	1409.519604	0.000396	2.9
56	-0.201256	39.220885	1409.363978	0.000606	1.1
57	-0.182810	40.200144	1386.812831	0.000566	1.1
58	-0.193863	41.200144	1364.516857	0.000200	1.1
59	-0.191810	42.139169	1344.223352	0.000419	0.9
60	-0.184352	42.342161	1339.915528	0.000408	1.1
61	-0.198029	43.341695	1319.100250	0.000348	0.9
62	-0.187167	43.163879	1322.755840	0.000469	1.0
63	-0.193509	44.126280	1303.208861	0.000357	0.8
64	-0.193444	45.126280	1283.500984	0.000300	0.9
65	-0.197691	46.126099	1264.383702	0.000500	0.9
66	-0.195447	47.126097	1245.824275	0.000267	0.9
67	-0.187966	48.126091	1227.801894	0.000300	0.9
68	-0.191068	47.948698	1230.960812	0.000250	1.0
69	-0.190130	48.946798	1213.395729	0.000440	0.9
70	-0.188792	49.832103	1198.229922	0.000340	1.0
71	-0.193104	49.653441	1201.259896	0.000637	1.1
72	-0.193518	50.652834	1184.505073	0.000206	0.9
73	-0.194509	51.437257	1171.678068	0.000515	1.1
74	-0.192960	52.356904	1156.989196	0.000146	0.9
75	-0.189401	53.223388	1143.482508	0.000388	1.1
76	-0.189856	53.670200	1136.640121	0.000238	1.1
77	-0.202098	54.597072	1122.704134	0.000348	1.0
78	-0.193425	54.495500	1124.214634	0.000553	1.0
79	-0.184709	55.495499	1109.518154	0.000320	0.8
80	-0.183316	56.495499	1095.200965	0.000229	0.9
81	-0.190782	56.319935	1097.687755	0.000444	0.8
82	-0.186994	56.141262	1100.230185	0.000279	0.8
83	-0.189213	57.140940	1086.154650	0.000463	0.8
84	-0.194049	58.140919	1072.430632	0.000165	0.9
85	-0.188656	57.962987	1074.847193	0.000430	0.8
86	-0.193903	58.763356	1064.061864	0.000217	0.9
87	-0.187929	58.585055	1066.445775	0.000161	0.9
88	-0.189131	58.415922	1068.716989	0.000135	0.8
89	-0.189057	58.267665	1070.715856	0.000338	0.8
90	-0.186747	58.761329	1064.088911	0.000368	0.9
91	-0.192007	58.582670	1066.477726	0.000757	0.8
92	-0.189149	59.582670	1053.243150	0.000596	0.9
93	-0.189718	60.582670	1040.333017	0.000391	0.8
94	-0.191074	61.582670	1027.735543	0.000312	0.8
95	-0.184451	62.582656	1015.439677	0.000197	0.7
96	-0.192641	62.405288	1017.599091	0.000323	0.8
97	-0.192399	63.401635	1005.586507	0.000053	0.7
98	-0.191222	63.339755	1006.324301	0.000239	0.6
99	-0.191648	63.208214	1007.896277	0.000507	0.8
100	-0.195974	64.011337	998.374432	0.000067	0.8
101	-0.184949	64.620232	991.274416	0.000570	0.8
102	-0.184705	64.827989	988.874915	0.000378	0.9
103	-0.194210	65.827989	977.486024	0.000223	0.9
104	-0.188007	65.664076	979.334799	0.000278	0.9
105	-0.187968	65.487755	981.331351	0.000291	0.8
106	-0.191850	66.410324	970.973929	0.000209	0.7
107	-0.191656	66.258764	972.660409	0.000160	0.8
108	-0.190763	67.107524	963.290556	0.000472	0.8
109	-0.188986	66.929518	965.240655	0.000292	0.7
110	-0.187486	67.872684	954.996984	0.000137	0.7
111	-0.190802	67.960360	954.055781	0.000280	0.7
112	-0.185417	67.880774	954.910060	0.000303	0.7
113	-0.186420	67.890866	954.801647	0.000190	0.8
114	-0.187646	68.805380	945.078627	0.000161	0.8
115	-0.187839	68.662190	946.587914	0.000431	0.8
116	-0.199248	68.508545	948.212769	0.000204	0.7
117	-0.187949	69.459411	938.245607	0.000176	0.7
118	-0.191282	69.413042	938.726795	0.000122	0.8
119	-0.190475	69.252698	940.394549	0.000694	0.8
120	-0.184119	69.691939	935.840014	0.000201	0.7
121	-0.195521	70.359767	928.999146	0.000186	0.7
122	-0.193308	70.506580	927.508664	0.000498	0.8
123	-0.187537	71.491224	917.634582	0.000431	0.8
124	-0.192544	72.491096	907.820622	0.000153	0.7
125	-0.187936	73.197631	901.011463	0.000377	0.7
126	-0.191208	73.022130	902.693284	0.000483	0.8
127	-0.186099	74.022127	893.193487	0.000401	0.8
128	-0.190016	75.022127	883.891532	0.000192	0.9
129	-0.190495	74.843773	885.536353	0.000563	0.7
130	-0.193468	75.838108	876.443653	0.000486	0.7
131	-0.187442	76.837872	867.487649	0.000312	0.7
132	-0.188671	77.837872	858.710775	0.000210	0.8
133	-0.196005	78.358390	854.212164	0.000083	0.8
134	-0.192732	78.279909	854.887421	0.000376	0.8
135	-0.191622	78.760820	850.766314	0.000287	0.8
136	-0.185528	78.582146	852.292797	0.000379	0.8
137	-0.193651	79.581877	843.821451	0.000149	0.9
138	-0.187948	80.551980	835.760617	0.000391	0.8
139	-0.192136	80.375075	837.219060	0.000436	0.7
140	-0.182137	81.286647	829.757824	0.000525	0.7
141	-0.190529	81.107971	831.209789	0.000283	0.7
142	-0.189070	82.107959	823.148337	0.000268	0.7
143	-0.186090	83.002019	816.072093	0.000161	0.7
144	-0.193464	82.825872	817.456606	0.000315	0.9
145	-0.187926	82.649713	818.845925	0.000330	0.7
146	-0.187582	83.624932	811.213388	0.000308	0.7
147	-0.190409	83.446261	812.601088	0.000257	0.7
148	-0.201234	84.445504	804.900561	0.000149	0.7
149	-0.194100	85.365320	797.940017	0.000407	0.8
150	-0.191456	85.190655	799.252493	0.000417	0.7
151	-0.189300	86.189826	791.802250	0.000213	0.8
152	-0.189843	86.036926	792.933326	0.000126	0.8
153	-0.190295	85.904031	793.919036	0.000373	0.7
154	-0.187964	86.340509	790.690731	0.000187	0.8
155	-0.194435	86.161940	792.008297	0.000474	0.7
156	-0.198071	86.015682	793.090731	0.000274	0.7
157	-0.181070	86.082636	792.594843	0.000320	0.6
158	-0.185949	85.903969	793.919497	0.000224	0.7
159	-0.185782	86.179823	791.876151	0.000308	0.8
160	-0.189959	86.926124	786.400387	0.000497	0.8
161	-0.194655	87.925405	779.185950	0.000222	0.7
162	-0.197774	88.259339	776.804492	0.000580	0.7
163	-0.191359	89.259317	769.759399	0.000310	0.8
164	-0.196976	89.080642	771.008815	0.000270	0.7
165	-0.194429	90.053639	764.253617	0.000572	0.6
166	-0.193355	89.875033	765.484739	0.000588	0.8
167	-0.195347	90.875033	758.642419	0.000365	0.7
168	-0.196793	91.875031	751.921348	0.000285	0.8
169	-0.192343	92.634538	746.895676	0.000484	0.8
170	-0.187616	92.491693	747.835751	0.000284	0.7
171	-0.191368	92.313018	749.014959	0.000690	0.7
172	-0.190214	93.313018	742.462644	0.000293	0.9
173	-0.186929	94.313016	736.023982	0.000336	0.9
174	-0.188267	94.134354	737.166125	0.000225	0.9
175	-0.182644	95.061422	731.277836	0.000185	0.9
176	-0.194288	95.764464	726.874791	0.000239	0.9
177	-0.191863	96.566150	721.918216	0.000173	0.9
178	-0.189457	96.476896	722.466698	0.000283	0.8
179	-0.189095	96.748876	720.797926	0.000521	0.8
180	-0.186927	96.858287	720.128789	0.000395	0.7
181	-0.191445	97.858287	714.070071	0.000162	0.7
182	-0.191865	98.853470	708.140909	0.000343	0.8
183	-0.188341	99.842848	702.343143	0.000131	0.8
184	-0.193033	100.446387	698.852783	0.000361	0.7
185	-0.199773	101.415848	693.318280	0.000554	0.8
186	-0.191938	101.237173	694.331711	0.000496	0.7
187	-0.190481	102.237173	688.697602	0.000181	0.8
188	-0.183900	102.058601	689.696979	0.000287	0.6
189	-0.188374	101.899004	690.592620	0.000623	0.7
190	-0.198507	102.899004	685.018785	0.000421	0.7
191	-0.198019	103.394930	682.287818	0.000573	0.7
192	-0.198429	103.224698	683.222792	0.000178	0.8
193	-0.194700	103.048012	684.195933	0.000431	0.8
194	-0.195535	103.989060	679.044591	0.000336	0.7
195	-0.192768	104.987723	673.662030	0.000262	0.9
196	-0.192904	104.900024	674.131286	0.000276	0.7
197	-0.187360	105.832311	669.176052	0.000141	0.8
198	-0.190884	106.028314	668.143523	0.000186	0.7
199	-0.191706	105.871720	668.968193	0.000214	0.9
