1:ItNr	2:Metric	3a:Time	3b:StepSize	4:||Gradient||	Time[ms]
0	-0.423062	0.000000	25099.739881	0.000410	40.8
1	-0.417412	0.000000	25099.739881	0.000396	4.5
2	-0.421830	1.000000	23958.842614	0.000380	4.2
3	-0.422149	2.000000	22917.153805	0.000395	4.5
4	-0.422517	3.000000	21962.272396	0.000387	4.5
5	-0.424855	4.000000	21083.781500	0.000407	3.9
6	-0.424839	5.000000	20272.866827	0.000372	4.2
7	-0.425154	6.000000	19522.019908	0.000384	4.3
8	-0.421449	7.000000	18824.804911	0.000412	4.2
9	-0.420271	7.999997	18175.675448	0.000392	3.9
10	-0.424493	8.999997	17569.819544	0.000362	4.4
11	-0.418180	9.999997	17003.051121	0.000399	4.1
12	-0.414736	10.999997	16471.705729	0.000380	4.1
13	-0.421223	11.999997	15972.563138	0.000389	4.3
14	-0.421152	12.999877	15502.836523	0.000366	4.2
15	-0.417977	13.999812	15059.924860	0.000390	3.8
16	-0.417254	14.999812	14641.591428	0.000381	4.4
17	-0.417158	15.999812	14245.870729	0.000367	4.2
18	-0.420714	16.999812	13870.977543	0.000341	4.1
19	-0.429083	17.998592	13515.732649	0.000389	5.1
20	-0.422904	18.998592	13177.827435	0.000374	4.2
21	-0.423433	19.998592	12856.405969	0.000376	4.5
22	-0.421269	20.996414	12550.941420	0.000362	4.7
23	-0.425583	20.546201	12686.949197	0.000379	4.2
24	-0.421740	20.797108	12610.789728	0.000376	4.0
25	-0.423211	21.797108	12316.125252	0.000372	5.0
26	-0.420035	22.797108	12034.916608	0.000375	4.2
27	-0.423434	22.584741	12093.556591	0.000386	4.2
28	-0.420453	23.584741	11822.307815	0.000373	4.7
29	-0.422233	24.584741	11562.959897	0.000380	4.9
30	-0.427378	25.584741	11314.746448	0.000379	6.4
31	-0.420280	26.584741	11076.965573	0.000362	6.1
32	-0.419472	25.931466	11231.154264	0.000348	7.9
33	-0.424062	26.931113	10996.918358	0.000368	5.0
34	-0.427312	27.931113	10772.175497	0.000381	5.5
35	-0.420155	28.649090	10616.398724	0.000398	4.3
36	-0.416775	29.649088	10406.792345	0.000392	4.1
37	-0.420168	30.649088	10205.302021	0.000358	4.6
38	-0.426498	31.594328	10021.889423	0.000374	4.3
39	-0.415724	32.271722	9894.452726	0.000394	4.4
40	-0.428114	33.271722	9712.139501	0.000388	4.8
41	-0.418770	34.271678	9536.430954	0.000383	4.3
42	-0.425261	35.271677	9366.959759	0.000357	4.4
43	-0.423306	36.271677	9203.406670	0.000370	5.2
44	-0.424730	37.271556	9045.485841	0.000392	4.5
45	-0.422117	37.933082	8943.950055	0.000396	4.0
46	-0.424744	38.932928	8794.740279	0.000391	4.8
47	-0.416598	38.959865	8790.789229	0.000356	4.4
48	-0.419941	39.959782	8646.594874	0.000368	3.9
49	-0.419550	40.959782	8507.043158	0.000359	5.2
50	-0.422637	40.305903	8597.777939	0.000377	4.3
51	-0.419024	41.305903	8459.784947	0.000349	4.2
52	-0.422760	42.305710	8326.176917	0.000370	5.2
53	-0.420795	43.166222	8214.517298	0.000383	4.2
54	-0.419941	42.518074	8298.339395	0.000357	4.0
55	-0.418465	43.518074	8169.719013	0.000374	4.7
56	-0.417158	44.517756	8045.064013	0.000378	4.2
57	-0.423025	45.517665	7924.128675	0.000359	3.9
58	-0.422320	44.862061	8003.006975	0.000375	4.7
59	-0.418701	45.860967	7883.441699	0.000377	4.0
60	-0.422281	46.860967	7767.271211	0.000375	4.0
61	-0.425896	47.826611	7658.295661	0.000361	4.4
62	-0.419104	48.826443	7548.637942	0.000356	4.2
63	-0.416988	49.758391	7449.216020	0.000374	4.3
64	-0.427382	50.758391	7345.406338	0.000378	4.6
65	-0.425473	51.758121	7244.477016	0.000375	4.4
66	-0.418564	51.104274	7310.170488	0.000330	4.0
67	-0.416007	52.104274	7210.174003	0.000352	4.3
68	-0.423903	53.104274	7112.876324	0.000359	4.3
69	-0.420617	54.104274	7018.169670	0.000386	4.4
70	-0.421544	55.074389	6928.672603	0.000375	4.2
71	-0.419141	55.661257	6875.631302	0.000378	4.4
72	-0.417525	55.418311	6897.490026	0.000358	4.2
73	-0.415958	56.418304	6808.396831	0.000343	4.1
74	-0.420465	57.418025	6721.599243	0.000371	4.5
75	-0.422289	58.417264	6637.027180	0.000367	4.2
76	-0.421397	59.417264	6554.494812	0.000370	4.1
77	-0.419880	60.417110	6474.002059	0.000348	4.5
78	-0.423223	61.399960	6396.781508	0.000341	4.4
79	-0.419013	62.399952	6320.082044	0.000371	4.0
80	-0.422442	61.815311	6364.699087	0.000367	4.9
81	-0.424964	61.190780	6413.061632	0.000381	4.3
82	-0.423474	62.190762	6335.974401	0.000362	4.3
83	-0.421624	63.190762	6260.717043	0.000391	4.4
84	-0.421442	62.535157	6309.852719	0.000367	4.2
85	-0.420728	63.272270	6254.661663	0.000365	4.1
86	-0.419401	64.272078	6181.326312	0.000366	4.2
87	-0.420505	65.272066	6109.677962	0.000409	4.7
88	-0.423980	66.090363	6052.271703	0.000357	5.1
89	-0.417746	67.087523	5983.759350	0.000334	4.4
90	-0.419941	68.077322	5917.269714	0.000373	4.3
91	-0.421090	69.077322	5851.578710	0.000385	4.1
92	-0.419666	70.077322	5787.330239	0.000355	4.1
93	-0.421121	71.069929	5724.936937	0.000378	4.2
94	-0.423805	72.068639	5663.503203	0.000389	4.2
95	-0.423738	73.068630	5603.297692	0.000361	4.4
96	-0.423132	72.991470	5607.897573	0.000368	4.1
97	-0.423522	73.991470	5548.861776	0.000385	4.0
98	-0.419789	74.990801	5491.094300	0.000393	4.5
99	-0.423161	75.990800	5434.479743	0.000374	4.0
100	-0.425631	76.990794	5379.021001	0.000376	3.8
101	-0.421736	76.373976	5413.094537	0.000354	4.6
102	-0.422521	75.781935	5446.207897	0.000360	4.2
103	-0.424131	76.781830	5390.516213	0.000352	3.8
104	-0.421174	77.756076	5337.337780	0.000362	4.4
105	-0.421098	78.700924	5286.756795	0.000360	4.3
106	-0.416638	78.053145	5321.330645	0.000364	4.5
107	-0.417222	79.050193	5268.301066	0.000365	4.4
108	-0.416141	80.048442	5216.255967	0.000354	4.1
109	-0.422300	81.048442	5165.140479	0.000360	4.0
110	-0.423290	82.048441	5115.017092	0.000382	4.3
111	-0.420578	83.048441	5065.857133	0.000366	4.4
112	-0.421229	82.392840	5097.979122	0.000364	4.2
113	-0.422748	83.391204	5049.223670	0.000381	4.6
114	-0.420167	84.391204	5001.314326	0.000371	4.1
115	-0.419774	85.312066	4957.993543	0.000367	4.0
116	-0.419464	86.266512	4913.877830	0.000348	4.7
117	-0.422815	85.611135	4944.085217	0.000374	4.2
118	-0.423679	86.606795	4898.338781	0.000347	3.9
119	-0.422612	87.588036	4854.075614	0.000390	4.6
120	-0.422811	88.588034	4809.781856	0.000386	4.1
121	-0.425592	89.587625	4766.306694	0.000378	4.0
122	-0.423228	90.587623	4723.593202	0.000381	4.5
123	-0.422109	90.194065	4740.311788	0.000351	4.7
124	-0.422522	89.572938	4766.939784	0.000394	4.2
125	-0.416945	90.572745	4724.223094	0.000364	4.7
126	-0.421975	91.563817	4682.628485	0.000375	4.5
127	-0.416586	90.908234	4710.060348	0.000354	4.0
128	-0.419631	91.600271	4681.112511	0.000389	4.5
129	-0.424247	92.599452	4639.939095	0.000360	4.1
130	-0.426104	92.091010	4660.799633	0.000390	4.0
131	-0.418194	93.090240	4619.979211	0.000373	4.8
132	-0.420064	92.448243	4646.123421	0.000379	4.5
133	-0.422480	93.448242	4605.527596	0.000366	3.9
134	-0.415054	92.801657	4631.694757	0.000353	4.6
135	-0.423486	93.801652	4591.349781	0.000393	4.2
136	-0.427512	94.793428	4552.024654	0.000369	3.8
137	-0.417559	95.793428	4513.049647	0.000378	4.6
138	-0.421108	96.708257	4477.974206	0.000352	4.1
139	-0.421148	97.708257	4440.251689	0.000386	3.9
140	-0.417181	97.093231	4463.376379	0.000353	4.5
141	-0.418328	96.438393	4488.264222	0.000372	4.1
142	-0.418892	96.024730	4504.129489	0.000377	3.8
143	-0.425040	95.426833	4527.259960	0.000375	4.3
144	-0.420051	96.347015	4491.759229	0.000386	4.3
145	-0.418471	97.347015	4453.805090	0.000370	6.6
146	-0.424521	98.338975	4416.784521	0.000374	4.8
147	-0.421473	99.338975	4380.081663	0.000360	4.5
148	-0.423512	98.688541	4403.884721	0.000377	4.1
149	-0.417122	99.687784	4367.422458	0.000362	4.8
150	-0.420963	100.687780	4331.532216	0.000365	4.3
151	-0.425182	101.687768	4296.227305	0.000364	4.1
152	-0.423627	101.032180	4319.307736	0.000367	5.0
153	-0.420918	102.018377	4284.681287	0.000372	4.5
154	-0.418877	101.367683	4307.465223	0.000356	4.1
155	-0.416855	100.743477	4329.550546	0.000361	4.7
156	-0.416627	101.742767	4294.302226	0.000370	4.2
157	-0.423565	102.647494	4262.880882	0.000365	3.9
158	-0.423492	102.187119	4278.812125	0.000375	4.7
159	-0.423309	101.539612	4301.421615	0.000363	4.3
160	-0.415725	100.884007	4324.558672	0.000339	4.4
161	-0.419229	101.876075	4289.643349	0.000365	4.5
162	-0.419120	102.876060	4255.015361	0.000392	4.1
163	-0.423242	102.270375	4275.922234	0.000378	3.8
164	-0.419582	102.848255	4255.970642	0.000377	4.4
165	-0.428451	102.193959	4278.574557	0.000361	3.9
166	-0.419601	103.193956	4244.123914	0.000348	3.9
167	-0.415025	103.449605	4235.405473	0.000361	4.3
168	-0.417184	104.446706	4201.740759	0.000348	4.0
169	-0.419156	105.437649	4168.810005	0.000351	4.1
170	-0.420883	106.412315	4136.919884	0.000372	4.1
171	-0.425991	105.756719	4158.316345	0.000374	4.4
172	-0.417037	106.694911	4127.764625	0.000355	4.0
173	-0.429773	107.633512	4097.645547	0.000349	3.8
174	-0.422430	108.548794	4068.695043	0.000371	4.5
175	-0.426261	109.548713	4037.531465	0.000383	4.0
176	-0.421215	110.547224	4006.884549	0.000348	3.9
177	-0.420443	109.892220	4026.935568	0.000369	4.5
178	-0.422150	110.653297	4003.656201	0.000348	3.9
179	-0.421918	110.034104	4022.575214	0.000348	4.0
180	-0.426923	111.030481	3992.218564	0.000354	4.3
181	-0.424374	111.114201	3989.688717	0.000378	4.1
182	-0.421718	110.462561	4009.465007	0.000346	3.9
183	-0.418339	111.462561	3979.196341	0.000368	4.0
184	-0.419144	112.462561	3949.381266	0.000359	4.1
185	-0.419660	112.609159	3945.047948	0.000363	4.1
186	-0.426632	113.450987	3920.347092	0.000387	3.9
187	-0.423864	112.796661	3939.519357	0.000366	4.4
188	-0.421019	113.796661	3910.293722	0.000353	4.0
189	-0.418568	114.516871	3889.512316	0.000372	3.8
190	-0.421637	115.495841	3861.616094	0.000382	4.5
191	-0.416151	116.440638	3835.070521	0.000355	4.1
192	-0.416842	117.440638	3807.368608	0.000357	3.8
193	-0.418332	118.440487	3780.068114	0.000354	4.4
194	-0.412976	117.796075	3797.618458	0.000352	4.1
195	-0.418930	118.785397	3770.741060	0.000355	4.1
196	-0.426356	119.726957	3745.512227	0.000339	4.5
197	-0.422609	120.726950	3719.084753	0.000363	4.2
198	-0.423305	121.726603	3693.036392	0.000375	3.9
199	-0.422559	122.726601	3667.341566	0.000352	3.8
