1:ItNr	2:Metric	3a:Time	3b:StepSize	4:||Gradient||	Time[ms]
0	-0.503871	0.000000	54192.230115	0.000375	17.2
1	-0.515009	0.000000	54192.230115	0.000285	0.9
2	-0.519895	0.000000	54192.230115	0.000230	0.8
3	-0.517872	0.000000	54192.230115	0.000093	0.9
4	-0.514518	0.000000	54192.230115	0.000048	0.8
5	-0.519486	0.000000	54192.230115	0.000148	0.7
6	-0.508064	0.997991	51733.671983	0.000184	0.8
7	-0.508152	1.997991	49484.185374	0.000073	0.9
8	-0.514747	1.899990	49695.953819	0.000122	0.7
9	-0.517675	2.884763	47646.981222	0.000126	0.7
10	-0.514444	2.783358	47850.131948	0.000148	0.9
11	-0.524406	3.783358	45919.395755	0.000079	1.0
12	-0.520318	3.681954	46108.053007	0.000097	1.2
13	-0.517983	4.680845	44314.617847	0.000081	1.0
14	-0.515585	4.583810	44482.694903	0.000039	0.9
15	-0.517622	5.299542	43272.116617	0.000103	0.9
16	-0.521795	5.246855	43358.978853	0.000077	0.8
17	-0.524709	5.148525	43522.027845	0.000187	0.8
18	-0.527523	6.148524	41918.921121	0.000193	0.8
19	-0.513621	7.148524	40429.716172	0.000138	1.0
20	-0.523376	8.148524	39042.691694	0.000095	0.9
21	-0.516197	9.148479	37747.736279	0.000075	0.8
22	-0.521908	10.146409	36538.300306	0.000143	0.7
23	-0.518518	11.141454	35407.136043	0.000165	0.8
24	-0.510322	12.141454	34338.772051	0.000040	0.8
25	-0.523343	12.040197	34444.008280	0.000123	0.9
26	-0.525637	12.968155	33503.050992	0.000139	1.0
27	-0.516978	13.966904	32546.114038	0.000114	0.8
28	-0.516616	14.966904	31641.223479	0.000143	0.8
29	-0.516788	15.966903	30785.289687	0.000122	0.9
30	-0.521558	16.918885	30012.402558	0.000098	0.8
31	-0.518306	17.918577	29241.480701	0.000056	0.9
32	-0.524637	17.817273	29317.794844	0.000064	0.8
33	-0.524611	18.654568	28698.757492	0.000066	0.9
34	-0.525193	18.560733	28766.828701	0.000081	0.9
35	-0.528372	19.535479	28075.080179	0.000132	0.9
36	-0.517933	20.501883	27421.329986	0.000037	0.8
37	-0.525164	21.464752	26799.563889	0.000080	0.8
38	-0.525204	21.369555	26859.778101	0.000053	0.8
39	-0.521754	21.272287	26921.581837	0.000077	0.8
40	-0.519464	22.231001	26324.554318	0.000076	1.2
41	-0.527412	22.459588	26186.093161	0.000082	5.8
42	-0.524246	22.364174	26243.710566	0.000046	1.1
43	-0.522393	22.272512	26299.301576	0.000130	1.2
44	-0.522949	22.171398	26360.898448	0.000081	4.3
45	-0.527096	23.171089	25764.292218	0.000204	1.1
46	-0.518857	23.069745	25823.540500	0.000106	0.9
47	-0.521118	24.069744	25250.572095	0.000074	0.8
48	-0.520054	23.968443	25307.454938	0.000102	0.8
49	-0.515811	24.948719	24767.541909	0.000093	0.8
50	-0.520659	24.997860	24741.082317	0.000038	0.7
51	-0.519283	25.561734	24441.461426	0.000095	0.8
52	-0.521090	26.488689	23964.376784	0.000094	0.9
53	-0.509072	27.488624	23470.181863	0.000035	0.9
54	-0.523806	27.719948	23358.744569	0.000151	0.7
55	-0.514889	28.674271	22909.985755	0.000111	0.9
56	-0.512025	29.674270	22457.883058	0.000064	0.8
57	-0.512177	29.573064	22502.825255	0.000193	0.9
58	-0.516987	30.560716	22071.780855	0.000040	0.9
59	-0.518679	31.157512	21819.231761	0.000198	1.1
60	-0.519667	31.335974	21744.829591	0.000058	1.1
61	-0.519255	31.247236	21781.761656	0.000100	1.0
62	-0.520436	32.219970	21383.643063	0.000086	0.8
63	-0.517515	32.129227	21420.165465	0.000061	0.7
64	-0.521270	32.028460	21460.869027	0.000216	0.7
65	-0.528482	33.008717	21071.354602	0.000129	0.8
66	-0.522335	34.008717	20688.299776	0.000133	0.8
67	-0.512646	33.907330	20726.501219	0.000105	0.9
68	-0.524093	34.864893	20371.234277	0.000138	0.9
69	-0.523966	35.864893	20012.995156	0.000088	0.9
70	-0.517118	36.864869	19667.145960	0.000054	0.8
71	-0.520767	37.846032	19339.228010	0.000052	1.0
72	-0.515853	38.456716	19140.593475	0.000136	0.9
73	-0.517934	39.455200	18824.465492	0.000068	0.9
74	-0.520504	39.353801	18856.092032	0.000054	1.0
75	-0.520881	40.069210	18635.198123	0.000063	0.9
76	-0.521749	40.441237	18522.362008	0.000158	1.0
77	-0.521489	40.881854	18390.477243	0.000132	0.9
78	-0.514226	40.876602	18392.038272	0.000087	0.9
79	-0.515818	41.876599	18099.529050	0.000093	1.0
80	-0.521592	41.775196	18128.765959	0.000086	0.9
81	-0.528023	42.767895	17846.548631	0.000099	1.0
82	-0.510790	42.703366	17864.626369	0.000127	0.9
83	-0.509192	43.703047	17588.612552	0.000038	1.0
84	-0.521518	43.601866	17616.160317	0.000062	0.9
85	-0.520873	43.708224	17587.205570	0.000149	0.9
86	-0.527886	44.708068	17319.590635	0.000022	0.8
87	-0.525679	44.622160	17342.264103	0.000026	1.1
88	-0.520134	44.627858	17340.758543	0.000097	1.0
89	-0.519325	44.618875	17343.132428	0.000123	1.0
90	-0.515884	45.618816	17082.813971	0.000056	0.9
91	-0.519671	45.518994	17108.449235	0.000174	0.9
92	-0.519727	45.417590	17134.569893	0.000130	0.8
93	-0.519357	46.417590	16880.414116	0.000126	0.8
94	-0.522300	46.316184	16905.842886	0.000113	0.9
95	-0.520649	47.316183	16658.378404	0.000140	1.1
96	-0.523937	48.316183	16418.053905	0.000096	1.0
97	-0.508206	49.316171	16184.567640	0.000067	1.0
98	-0.530828	50.290732	15963.321007	0.000075	0.8
99	-0.521162	50.920240	15823.596168	0.000226	0.7
100	-0.513858	50.841113	15841.024427	0.000030	0.8
101	-0.517721	51.752611	15642.556508	0.000117	0.7
102	-0.521810	51.686915	15656.694714	0.000102	0.7
103	-0.532257	52.629943	15456.168844	0.000134	0.9
104	-0.515915	52.834084	15413.434700	0.000051	0.9
105	-0.526396	53.827756	15208.752729	0.000070	0.8
106	-0.518131	53.768134	15220.880415	0.000060	0.7
107	-0.527816	54.708103	15031.902547	0.000051	0.9
108	-0.520059	54.643650	15044.710705	0.000098	0.8
109	-0.518363	54.542391	15064.876959	0.000127	0.7
110	-0.515877	54.455382	15082.248687	0.000162	0.9
111	-0.523124	55.455382	14884.980053	0.000133	1.1
112	-0.514452	56.455382	14692.805156	0.000111	0.9
113	-0.526706	56.353976	14712.066372	0.000115	1.1
114	-0.515906	57.353972	14524.302970	0.000081	1.2
115	-0.526798	58.353893	14341.285545	0.000067	1.0
116	-0.520619	59.332615	14166.560351	0.000100	1.0
117	-0.518664	60.317797	13994.929477	0.000043	0.9
118	-0.523873	60.218675	14012.009343	0.000104	1.1
119	-0.514370	60.322637	13994.096522	0.000061	0.9
120	-0.529603	61.101550	13861.331897	0.000162	0.9
121	-0.520560	61.003879	13877.841512	0.000195	0.8
122	-0.520842	62.003879	13710.646416	0.000085	0.9
123	-0.530025	61.902474	13727.417069	0.000100	0.9
124	-0.527626	62.902244	13563.842614	0.000206	1.1
125	-0.514035	62.800839	13580.255881	0.000095	1.1
126	-0.517995	63.800839	13420.112941	0.000101	1.2
127	-0.518551	63.699435	13436.179738	0.000166	1.0
128	-0.523151	63.598029	13452.285353	0.000066	0.9
129	-0.528926	63.496626	13468.429216	0.000091	0.9
130	-0.521868	63.792840	13421.378929	0.000054	1.0
131	-0.522435	64.519719	13307.303167	0.000069	0.9
132	-0.513629	64.475387	13314.205113	0.000210	1.0
133	-0.521016	64.595079	13295.587089	0.000098	1.0
134	-0.515676	64.493703	13311.352635	0.000108	0.8
135	-0.507720	65.493692	13157.454649	0.000112	0.7
136	-0.522102	65.392463	13172.871750	0.000040	0.8
137	-0.520888	65.292065	13188.197918	0.000074	0.9
138	-0.521707	65.265681	13192.231439	0.000082	1.0
139	-0.520934	65.639281	13135.344908	0.000084	1.0
140	-0.523258	65.787915	13112.849066	0.000031	0.9
141	-0.519249	65.939487	13089.987905	0.000054	0.9
142	-0.522842	66.285270	13038.131554	0.000069	0.7
143	-0.522637	66.185080	13053.114539	0.000113	0.8
144	-0.525811	66.145127	13059.098854	0.000054	0.8
145	-0.516727	66.046877	13073.838706	0.000105	0.7
146	-0.517604	66.601461	12991.071391	0.000090	0.8
147	-0.513877	66.500056	13006.126964	0.000165	0.8
148	-0.519354	67.500056	12859.165173	0.000054	0.7
149	-0.517058	68.433948	12724.886483	0.000039	0.8
150	-0.533514	68.383738	12732.034431	0.000054	0.8
151	-0.523881	68.339597	12738.325110	0.000085	0.8
152	-0.520068	69.049332	12637.926476	0.000149	0.8
153	-0.518035	70.049323	12499.124529	0.000151	0.8
154	-0.519939	71.049323	12363.337279	0.000092	1.4
155	-0.524430	71.019196	12367.385082	0.000092	1.4
156	-0.524679	71.932746	12245.810895	0.000120	1.1
157	-0.529151	71.831347	12259.186937	0.000116	0.8
158	-0.516824	72.831311	12128.540239	0.000071	0.9
159	-0.520529	72.730918	12141.530890	0.000092	0.8
160	-0.520591	72.638585	12153.503046	0.000169	0.7
161	-0.523649	73.629802	12026.198990	0.000059	0.8
162	-0.514147	73.966749	11983.529501	0.000170	0.8
163	-0.521342	73.934447	11987.606863	0.000110	0.7
164	-0.523790	73.833042	12000.425285	0.000084	0.8
165	-0.520495	73.820011	12002.074441	0.000177	0.8
166	-0.528692	73.741971	12011.960669	0.000063	0.8
167	-0.517914	73.678371	12020.029698	0.000183	0.8
168	-0.525458	73.691385	12018.377788	0.000038	0.7
169	-0.515426	74.682749	11893.855961	0.000086	0.8
170	-0.514984	74.590433	11905.342330	0.000057	0.8
171	-0.535154	75.578033	11783.599207	0.000075	0.9
172	-0.514540	76.541033	11667.262434	0.000086	0.8
173	-0.522499	77.523364	11550.933509	0.000094	0.8
174	-0.512447	78.391844	11450.002206	0.000062	0.8
175	-0.520456	79.249422	11352.053766	0.000172	0.7
176	-0.522590	80.249411	11239.935280	0.000084	0.8
177	-0.522447	81.243885	11130.610268	0.000053	0.8
178	-0.514501	81.145524	11141.328396	0.000013	0.7
179	-0.519482	81.222274	11132.963372	0.000089	0.8
180	-0.510545	81.158109	11139.955962	0.000051	0.8
181	-0.524859	81.059811	11150.685270	0.000055	0.6
182	-0.521182	81.055556	11151.150203	0.000085	0.8
183	-0.521884	80.955855	11162.054749	0.000052	0.9
184	-0.534964	80.967237	11160.808769	0.000034	0.8
185	-0.509727	80.906978	11167.408356	0.000105	0.9
186	-0.517018	81.300061	11124.498125	0.000102	0.9
187	-0.515290	81.198689	11135.532554	0.000138	0.9
188	-0.517101	81.658783	11085.625575	0.000072	0.8
189	-0.524840	81.575839	11094.589550	0.000100	0.7
190	-0.532242	81.532779	11099.248878	0.000146	0.7
191	-0.527628	81.431373	11110.236972	0.000125	0.8
192	-0.524512	82.431320	11002.826113	0.000080	0.7
193	-0.525350	82.340737	11012.470594	0.000090	0.8
194	-0.532267	82.552700	10989.929069	0.000058	0.7
195	-0.525999	83.252145	10916.195828	0.000030	0.7
196	-0.515442	83.614651	10878.369548	0.000060	0.7
197	-0.528323	83.826141	10856.422128	0.000073	0.7
198	-0.509403	84.246316	10813.080007	0.000091	0.8
199	-0.527255	85.118429	10724.214834	0.000116	0.6
