(BSplineTransformSplineOrder 3)
(Direction 1 0 0 1)
(FixedImageDimension 2)
(FixedInternalImagePixelType "float")
(GridDirection 1 0 0 1)
(GridIndex 0 0)
(GridOrigin -1726.9902026877658 -1826.1029245581944)
(GridSize 7 7)
(GridSpacing 1600.020739739864 1600.0236780165262)
(HowToCombineTransforms "Compose")
(Index 0 0)
(InitialTransformParameterFileName "results/lungTMA6/my_reg_project-modality_fluo_to_modality_brightfield_reg_output/TransformParameters.0.txt")
(MovingImageDimension 2)
(MovingInternalImagePixelType "float")
(NumberOfParameters 98)
(Origin 0 0)
(Size 6366 5958)
(Spacing 1 1)
(Transform "BSplineTransform")
(TransformParameters -96.82215671196742 -26.869937491465038 -0.9004218311323436 26.305830311127995 51.43189571180447 73.87472306892337 135.14901423193652 -93.19936932164843 -22.08090108999096 7.711001280319913 40.30381546375399 73.52430933283905 97.98798636916699 164.301156395511 -90.40316111276861 -20.859693034630347 8.939907357627252 39.69718717836125 72.20778635897399 100.28451824353736 167.96909870903656 -87.75205225329066 -18.221259178131266 9.04328067966812 39.847370543851234 72.10800824985857 100.94802758432418 168.82668190592312 -86.69739810169297 -19.803475143710504 8.791960626054802 39.735742761557695 71.42359457028948 101.77052849032671 168.79009624210792 -83.86146127695692 -16.885436468613328 9.967459054235745 39.548046499101694 73.4396410868356 103.38558673124803 168.02658746548107 -58.488897219897765 2.8950501313273507 25.434716612232354 49.908536960981664 75.52789484579121 99.20307489018309 158.47783809949658 -555.902837087438 -621.8815548389612 -625.9283252079096 -626.6887349853744 -624.5069516396946 -616.26032050699 -523.2821410618318 -298.9129177323975 -338.4880414385863 -331.559244770257 -338.00673732222793 -337.4727434730132 -341.11236013274987 -276.0040435002417 -190.0841129527239 -219.80571415794037 -219.38111893652257 -217.83691224926287 -216.58156216576816 -222.13972982494883 -169.52258592286415 -65.91898932625067 -56.33579721270683 -60.27225557316777 -58.57179671281471 -60.18927003288523 -58.88387907932782 -47.84632005167297 54.3600611886145 73.53095417235248 73.3141025709275 72.46930214952002 74.6575221659535 76.06924095846698 72.56732737859969 162.61203958252025 213.3447304017069 240.15515593033953 233.2645045185036 234.92924959488803 216.1446118239244 180.71052814232652 433.850608459436 511.15038758387016 518.9315088753594 519.9624045580123 518.287736384524 511.9136817996818 447.8651212868354)
(UseCyclicTransform "false")
(UseDirectionCosines "true")

// ResampleInterpolator specific
(ResampleInterpolator "FinalNearestNeighborInterpolator")

// Resampler specific
(CompressResultImage "true")
(DefaultPixelValue 0)
(Resampler "DefaultResampler")
(ResultImageFormat "mha")
(ResultImagePixelType "float")
