(BSplineTransformSplineOrder 3)
(Direction 1 0 0 1)
(FixedImageDimension 2)
(FixedInternalImagePixelType "float")
(GridDirection 1 0 0 1)
(GridIndex 0 0)
(GridOrigin -326.9720554153847 -226.07924654166817)
(GridSize 35 33)
(GridSpacing 200.002592467483 200.00295975206578)
(HowToCombineTransforms "Compose")
(Index 0 0)
(InitialTransformParameterFileName "results/lungTMA6/my_reg_project-modality_fluo_to_modality_brightfield_reg_output/TransformParameters.0.txt")
(MovingImageDimension 2)
(MovingInternalImagePixelType "float")
(NumberOfParameters 2310)
(Origin 0 0)
(Size 6366 5958)
(Spacing 1 1)
(Transform "BSplineTransform")
(TransformParameters -43.97930411648577 -28.21003644923952 -23.628327322479766 -18.795568230112803 -14.126051361290274 -9.399033780435087 -5.244772533753922 -1.3943130185790595 2.3602003180296216 6.078495474850208 9.815913736257464 13.577251248245519 17.366989204887687 21.17820374275548 25.00394838592893 28.922335151423727 33.011474433294275 37.205519602687666 41.43862392178223 45.523886429386636 49.27440626170731 52.86003135733341 56.45061112739492 60.03140519559696 63.58769370381885 67.07422878274674 70.4460483449673 73.79129979588274 77.20211096933191 80.87061966619949 85.04440390358141 89.16524031867944 93.44708814721638 97.53664263274703 111.83571518190894 -43.03331946568083 -27.21029405084078 -22.59627720047803 -17.719412568115807 -12.999281754991642 -8.221379467554854 -4.024983881577327 -0.08524546620596873 3.8614053190942115 7.85107161762878 11.915621174648402 15.815709883418904 19.311700454922043 22.764641136954914 26.535983948614543 30.642046804979223 35.0983154243779 39.742619922582136 44.43408011177065 48.846015718351225 52.67036935395112 56.15760100031586 59.547530678521014 62.914095246636485 66.3305984194188 69.82743580533726 73.43579258706058 77.0641173208949 80.6249133660545 84.38428145087566 88.66476665743572 92.89199090581688 97.27778020432986 101.45793718921807 116.01780154728584 -42.773807164154626 -26.952693021996662 -22.335446473851295 -17.45366605152849 -12.728383288658204 -7.956305173316641 -3.789232200237837 0.21004925873492483 4.421155513168435 8.812594977143211 13.362935792706283 17.461889144481155 20.484404333908007 23.33747420201642 26.9879524752348 30.9977959507583 35.5857972927982 39.614861820126436 44.42548966134274 48.90553529287026 52.783101292618866 56.36011299192082 59.71435348433753 62.94284642221189 66.15094790576578 69.58346166441939 73.5724472676804 77.64251499453994 81.33986817439128 85.09691968323192 89.40527668116933 93.66867943379016 98.09007838616414 102.2989695889512 116.93447835427692 -42.50170839023582 -26.69223346900797 -22.07509627074289 -17.187291311629377 -12.443798060246248 -7.710418683675123 -3.7084377559437742 0.21147251905084014 4.680945292368005 9.46497252320249 14.344786225280588 18.490001479785334 21.413304373495567 23.73496973374548 27.409139123939024 30.645073838707678 36.482658871793994 39.528308379452255 43.73922957321866 47.85962189316865 53.273554769500564 56.083448539213116 60.2491344469459 63.14836472196308 66.10319572969888 69.38125178099955 73.7232596974883 78.18689851771794 81.95692345008123 85.66492244720138 90.0068452845908 94.32451712113136 98.79510230319846 103.03390768658883 117.7475853804024 -42.23072807743218 -26.43895982188418 -21.823225096852084 -16.919918531635023 -12.12788643567543 -7.485294534615428 -3.884935033182763 -0.32302193060726325 4.204185589772698 9.217772487534797 13.924706598340354 17.936345516338907 20.563619368663883 23.74343299206968 29.628904210780984 31.906256925028735 36.23305619643864 39.451098613787806 43.807048200819196 46.11146172753815 51.99733955743329 55.97173852167547 61.53818205859144 63.468232480358544 66.05593565976588 70.08772449091934 74.44618416856963 78.85566575301382 82.48172233336257 86.06652238422588 90.43150665800545 94.83369776165463 99.35789081169101 103.64239052294562 118.44200243357345 -41.949001030073426 -26.17718504091331 -21.558050855288336 -16.592777075124513 -11.623033615428739 -6.941033451172764 -3.704259545774245 -0.682103726028176 3.3101617719758427 8.68169916988772 12.056544213065404 16.584680594358883 20.27911839278555 22.870707437690086 28.80124514233285 31.08742288753311 36.53140107231734 38.90879279862503 44.052171066283776 48.09977613569872 51.07615597553479 55.181868923076 60.606734279546274 63.12996891762778 66.31335511598505 71.18076349011854 75.44942327186432 79.44565518685211 82.78200510190291 86.26012456787187 90.72303372364487 95.28554499576208 99.8792925272984 104.19300416087384 119.0730838714388 -41.695836187711066 -25.946167268156636 -21.319636380364205 -16.207147288612646 -10.82617355508713 -5.8090414772582015 -2.5368461353029765 0.42447015554048867 3.5195832667626603 8.622145907961846 11.151943991232452 15.781996449671 20.138113385717595 24.590136968935607 28.516311608991536 31.201846145642257 35.36288973477114 39.95119436219785 44.543780671313684 47.8548936989452 51.77581116207155 55.91032421974555 60.15370400659439 63.36433922919763 68.16452306476931 71.86928463933418 74.68541878113817 79.97054302526267 82.57584014362219 85.99803666023583 90.69057210918896 95.52090853063821 100.2135514494935 104.5285115042141 119.46801425472314 -41.449562928231536 -25.727147108778965 -21.091538133743544 -15.878547638930256 -10.205264496841435 -4.969293678207944 -1.2736744480082647 2.800874179227903 4.00552303928624 10.11808632824285 12.857742581661917 16.14091528593762 20.372008213222145 23.706105653810745 28.645719331277782 31.183909609391304 36.12066906844553 39.05374253460542 43.20023343695532 48.20358440870861 51.148167993299126 55.332205154938165 60.418131497460905 63.81643938845157 66.9449981186514 69.12010303334493 74.92130297862218 79.08285760613754 81.78543545604826 86.0119098231982 90.84724154258063 95.90779113149432 100.57670568359687 104.80779194862075 119.73431234099614 -41.192180750928856 -25.507383535711742 -20.878494398045568 -15.727661463414607 -10.239403361212203 -5.4552511281949805 -2.645977283797244 0.805900309698106 3.1573923832204147 9.231977294576753 11.30990820260369 15.389425626044227 21.545413323123835 24.119779460745406 27.962909363792107 31.23949522870722 36.98563031702398 39.76277725610324 44.99659042981712 47.12102174128986 52.905787920620114 56.10354175556837 59.00535723135771 63.18755835853251 67.73000102482067 71.23820417682217 76.3986656667748 78.22874714007989 83.31549116712662 87.23526730701575 91.70682832091288 96.83704550555854 101.23977386243406 105.19350261901101 119.96252851162205 -40.91265472644051 -25.238113194547214 -20.62271294742992 -15.616128940269247 -10.56083860704026 -5.636294666895249 -2.7486868950712022 1.401457255104949 5.081837447983215 9.00533443649435 12.496501296444025 17.070179269707875 20.137581134740152 24.265560352630935 28.602958945636942 32.46588405824389 36.000916968512236 38.67319620941807 43.46653788280241 47.70860114346725 51.69921573381819 55.00089680216302 59.80574687729431 64.99437632143253 66.2848628309458 70.780083385734 75.4707005785665 79.2419900076449 83.04642520322177 86.16076268545393 92.5264875825442 97.7298056006292 101.94881286141057 105.6271112361397 120.18665827662946 -40.60022452942839 -24.863351083010823 -20.22107613368198 -15.381696455028832 -10.738618595206813 -6.257860570715844 -2.1298618759535164 -0.12824501829349283 4.888704792282606 9.120561349208483 14.572335178459184 15.285775357939261 21.109058528677526 25.057682335767574 27.6979420773622 32.27418189280819 36.411161944490125 40.42943420879686 43.851445698437615 47.94141618672776 51.96102330148614 56.799540415375716 59.25352065541488 65.15362831470814 67.87137585598761 71.13470771447317 73.80292433201294 79.05401339431366 82.56128154392009 86.00293666049258 92.76372987084062 97.90328136058089 102.21739189915772 105.97403154671099 120.43577720501803 -40.276763361815526 -24.465284203107256 -19.816506996669297 -15.138608791652851 -11.152905981150063 -7.142197122032992 -1.1788263174921203 1.9175294469717046 5.074967942408647 9.78120860511852 10.969088945074294 17.302387570968005 23.965169038237153 25.67258490003366 27.582977240599526 32.01965193461771 36.23693279668416 39.94074398664926 44.06029128793482 47.49388913041515 51.51312249084471 55.23610361500336 59.530829566293605 63.838283772323926 66.49324440759943 70.44123076410482 75.50503237815532 78.1303530360693 83.20462483937857 86.25055116774712 91.11922940749578 97.55226205027562 102.0234984591074 106.30276890439153 120.77654329175765 -39.964193539947416 -24.12621969492965 -19.535536774232597 -14.255940513618803 -10.474092457177086 -6.828498743684689 -2.6775283872242293 1.1583720356446887 5.7281976756679045 8.659898174808957 12.407864460830146 16.313010827919612 20.54482218600719 24.368163490683816 29.27001556263676 33.05646859309254 36.57462323405488 39.88300256751441 43.410560170055724 46.82966812676222 51.9271795552758 56.125685795874006 59.47745233122313 63.54638235876279 68.00770145723314 70.6853591062421 76.3023082929049 78.35085803824106 83.95782643414417 85.90122861831607 92.22908405831485 97.11055696398668 101.44135245378571 106.68108792738549 121.276167292266 -39.65792482891609 -23.743559389484535 -19.185409563328978 -14.132228694557224 -10.134127300828636 -6.075430704133618 -1.7529808556922 0.9017378266963305 5.858313727215369 8.304988345233813 12.455406637788078 17.29274512165898 22.05954601114278 25.9280815573479 26.84853710764978 32.67714491803467 34.316607020072595 39.78274457231318 44.059912525708775 48.684099437020606 52.449066135359615 54.818341191774884 59.70111321771941 64.03695550604688 67.3827909696707 71.79022548745336 74.12556211485973 79.32340040317663 82.90304217649748 85.61213482205125 89.61973759991888 94.79837730876655 100.99944986058935 107.18768430397544 121.77124043931197 -39.35338312897892 -23.217115641023682 -18.483185859633927 -14.749443961347447 -11.88286542085049 -6.088657327004563 -1.8820732209636786 1.414668331397693 4.607252948604145 9.61642530950202 13.078284166433559 15.615066238480518 20.557952112163843 25.304521674258226 28.262411476887245 32.657774299986514 37.480938963245045 39.62614936386705 44.18356785797116 46.40045794000911 51.786280423590725 56.36568815549693 60.79140619163187 64.09803226703306 66.58965368253806 71.26109952727606 74.12795448313712 79.26396159953678 83.88028023800945 87.20969146762494 90.03580443660555 95.55534678106775 101.88827935787633 107.93333951792115 122.09845417630554 -39.04761631032495 -22.76048023405404 -18.17328872839275 -12.612172015593769 -8.372862131635099 -6.207784756929999 -2.073697702537071 2.252584554436042 5.0846676955599195 9.679067451857216 13.132961401014398 16.616325282559302 21.350895642786874 25.361164088245886 27.861351466749102 32.344410194523846 35.8971721040777 39.849484966659595 44.61983456944287 46.59598913284702 53.04686361931518 54.41847178633054 59.92303919691305 62.13097497034934 68.17798134062171 70.63937864680767 77.03998534243328 79.31178230098676 82.96856618508772 86.4797076610979 90.07619909600474 97.80041447552318 102.65013176005081 108.20277359063478 122.17212857111787 -38.73771365320455 -22.600303346951403 -18.841436413941732 -14.341092274458884 -11.863830130745834 -6.389072391189541 -2.6241080842663145 0.006437671477418691 6.155618691700631 8.873098234799908 12.779930430155543 15.661106635494212 20.777099953042697 23.988736410619865 27.820634620879986 32.58806084613817 35.70278136308262 39.746327752555786 43.81240391739032 47.64556737319576 52.14234659249834 55.61559334904046 60.485872195691194 63.074927316930236 67.08733369195087 71.1090851048094 75.12318841101428 78.65771587456226 83.94406595251904 86.53829241927079 90.48025713037303 93.86869495420497 101.69082250141771 107.3614598373315 121.90301595405501 -38.561667833379225 -22.530984436706486 -18.840906898993453 -13.073592882845483 -12.343751114684698 -6.425232655683878 -2.267997696424408 0.5865702452067999 5.002822431743682 8.314567156380077 12.991927462797154 16.102956105197663 21.615914283150374 24.469786324451082 29.090614887728513 32.9756404957772 34.976918254057956 40.51130191879619 43.41277913770796 46.82763596543301 51.05032025425542 56.63983793733539 59.63722577827087 63.38205238713955 67.9943379268956 71.5003856369137 75.08941464048202 79.77158448718693 82.5125197632526 85.20250135375042 90.78372192072173 92.64563223640232 100.40482188679337 106.36760127490929 121.59475130861097 -38.65747539794688 -22.347365302805606 -17.81141767404478 -13.865471616510186 -11.271960622535524 -5.727444905607628 -1.2558406682192749 1.4554592825318602 4.832557901302164 9.214204764784714 12.206822808204045 16.784853516052447 20.578573299236833 22.981130585362987 27.403633886190413 32.304193699904424 36.3530405175267 39.7828315599908 42.31508553395176 47.821418411929834 52.542625640908874 54.63933532890546 59.468500310662584 63.70693985730174 67.5065239070062 71.26237526463055 74.86575496158527 80.22126803973374 83.00504884520765 87.32319436263299 91.27471364265854 94.55220532186429 100.44217025230095 106.22836071006446 121.54440162055144 -38.84027902077312 -22.534606711416703 -17.420594899647703 -13.264654127534891 -9.60301062154027 -7.089996202047962 -3.5762762520253157 1.9193429618568754 4.234179033163042 9.150366789281469 12.500609859201642 17.066877051619894 20.181642138905804 25.073170379277563 28.719950434596964 31.996696142094013 35.55748472238719 40.77887581414821 43.23244094674024 48.33244158608856 51.692424331160176 56.24610836183498 60.41763537876759 62.71364003806809 67.60993108544336 71.6474354577469 76.63965887524945 78.92816250408337 82.85479523342222 86.6136514548682 90.23558934194567 95.32169083242624 101.39092056284854 106.6161013419946 121.58428168780169 -38.92524207182578 -23.578487983017705 -19.59039121868717 -14.758360980536148 -9.048372253695895 -5.4140834555713795 -2.47541623254933 1.6771053433750875 5.4793334901216655 9.308489541117462 12.590262150857232 17.067049673663032 20.977363444943794 24.77046901525338 28.603640427484397 31.759073784577048 36.68867908072414 39.94675613063799 43.757646537559545 46.87453411095841 50.646469072410596 56.74061189527493 60.18590285588658 63.37745585886603 67.80579177524858 71.09458086797281 75.45797743216356 79.21984176821978 82.64321059141035 86.50610382979103 90.81242164487364 97.94231157703298 103.10109733065471 107.15909227091375 121.53439329490982 -38.96112270157767 -24.590600377442595 -21.878200521566328 -18.677415601818367 -13.363084604775336 -5.0241696494713945 -2.4594820760832605 0.3726502486666123 4.887167484369231 10.015780465696986 12.929576435287313 16.58305485966448 21.204718866568808 24.458299561081308 29.586094426127328 32.320670256082984 35.711842643298375 39.81047997366706 44.84143624554683 48.62275856525376 51.776549412854656 55.82413203262517 60.002126330609165 63.934035518761235 68.02961835902718 72.1910402176439 74.88492660459289 80.25075071536314 83.43041249539142 85.04236163908534 95.2560551876728 100.20066325597736 104.26344058954523 107.42269242139326 121.4605776899974 -38.99667654698877 -24.69753987488245 -21.844749384559858 -18.22944705674903 -11.808447527728902 -4.140669721368912 -1.355824912656814 2.046910319079292 4.585254579619854 9.598240699407818 12.877211224481147 15.98179814248665 21.490868494591385 24.76357986297307 27.624310377795013 32.50258577177257 35.563713679206735 39.132938374153994 43.34402920812168 47.15858164217452 51.862158733846506 55.05664051522408 60.219269327022474 62.39761174599994 66.62773357394572 72.24218099412231 74.7938508441575 79.47301544135307 82.29482676270992 84.46972397926793 93.51097850814456 99.1391947278858 103.53841885308621 107.03772347981581 121.43556373845671 -38.992497062244595 -24.35580734741289 -20.77783564005683 -16.601419427476355 -10.922142989878752 -5.083733284973467 -3.7782105588215864 1.8121033339966444 6.1127927242780835 9.997840920905047 11.699320524544431 17.193996990690984 20.990340736735604 23.527424663617335 29.807544623771342 32.41704840749454 36.426781578490335 39.45099857454655 43.75239964008649 47.69911919469291 51.486633154789374 55.476141364932296 59.65589897803574 62.925401903396526 67.00512865823917 71.36847961855479 76.56522221583376 80.21573223283127 84.72191248324194 86.0881685860536 92.21637802697377 97.56172115088037 102.33350410467304 106.53316099353738 121.44969663676899 -38.90922153984049 -24.038992540578814 -19.9909893526749 -15.546865868522744 -10.696841103451984 -6.222782984941027 -1.5053490856848604 2.8368323119719183 3.426006817464671 8.992614548217833 13.127403835006684 16.642324838728193 20.787583594727117 24.579305638546415 27.93436855064326 32.203256056771856 36.04390169012779 40.596338907710496 43.795972090275264 47.74563886315882 52.60111670452372 54.69150245764806 59.62896479468134 62.934957950717056 68.21393940283315 72.64150031162195 74.0530353768491 78.28674095980568 83.75831679575367 87.86750834690315 92.5950856912347 97.17341882795476 101.94006630324867 106.40003275040536 121.50208595187503 -38.75535761336361 -23.76404083642014 -19.468455035037266 -14.869532705783108 -10.259888404388978 -5.627030353469223 -1.5467765122292387 1.61525932632644 5.878398559826917 8.967948670604104 13.799009103655829 17.024198814688507 21.273610538204196 25.789776886771712 28.559023639911388 34.1281896818478 36.595268507389925 39.891112699506756 43.785101121701985 46.243652475581115 52.11242387184174 56.26188629038308 61.07726661741669 62.31446696575537 68.54697949768082 76.2156265336307 74.95683575801434 78.59518552173905 82.18144062071379 88.07598199606755 93.0195898695696 97.24965747787216 101.9236722630466 106.452112275883 121.57489287983805 -38.538385102964625 -23.542335466210414 -19.178389920360505 -14.54536473555968 -10.011414187278007 -5.531560166507407 -1.8642539393947781 1.0741822628476707 4.6896380021080875 7.60971869550207 13.573131255631857 15.550864876299773 21.157262912857455 24.105296336847594 27.97837043234134 31.297885633128818 36.27133216245298 39.31711249079578 43.61931408289205 48.894474470243836 51.75892953375211 55.632889305572206 60.01214974326679 63.592438636804346 66.85942254770238 69.8124937251556 74.80441387888493 78.84747946896297 82.84335013572526 88.05428083140326 92.82720992196501 97.22879673192364 101.99564442789715 106.53561427222287 121.64944615960124 -38.18760961728769 -23.24314457496958 -18.926107865887563 -14.317512352402007 -9.793518907484719 -5.456951206757425 -2.1336604112336612 0.8257148426504479 4.385537271148625 8.331807437687413 13.555949580285613 15.513833858274442 21.923333845397426 25.57045458531649 30.01092834468653 32.19961660277605 36.80299629945714 40.06437518246157 44.39556943325607 47.035612409120056 51.62624664520256 55.13356437958395 59.616651658202 63.550924133239285 68.8427213896657 71.15317771953333 75.03628863192996 79.72225459429738 83.8836000309667 87.95652169881657 92.60914580350921 97.20929619499417 102.0678690526554 106.61609239586451 121.69996570305837 -37.61831856266763 -22.716207947417615 -18.41853773147125 -13.839957389206829 -9.364105588482428 -5.062294658307966 -1.7178110655988834 1.4067091560174547 5.216974155171127 9.409912814308385 13.708674779757372 17.082952844169657 21.09001256705494 23.25276422190468 28.99274159720418 33.686496588876125 35.5709135412277 39.45666973807639 43.98547576015823 47.84613355867433 52.486386042793924 55.621360046190865 59.61853716895739 64.08374159390574 67.94242455126091 71.36997962630241 75.70713606649916 80.20669444111627 84.10508360074661 88.01369692379363 92.67163543947869 97.34095711801854 102.17866774414036 106.67945383705718 121.69986502538089 -36.98606840347927 -22.115456492253415 -17.800745854272638 -13.250105620908096 -8.853461202429688 -4.526260629762674 -0.9853197547424108 2.379522178363104 6.192700914578834 10.270951456265072 14.46589539333101 18.453398865673005 21.830401986645708 24.68691540310235 28.53353506532805 32.605962714144724 35.91043786163046 40.2610089068852 44.79025872631272 48.99654473711701 51.84992316447304 54.79879586235279 59.52588692424934 64.6505545371792 68.83724339874163 72.54427261646387 76.34465912648729 80.17456791742732 84.03399859398229 88.15438876764823 92.8488301909708 97.48879630450132 102.25498418633926 106.7220733344201 121.67788773384122 -36.251283658810394 -21.41613984205929 -17.111997288011395 -12.58003712568228 -8.213099990134742 -3.8536845825855557 -0.15077806401712412 3.35503285068517 7.063473634581422 10.914658154878616 14.87798111499127 18.64803223386501 21.918830562457376 25.260173688205494 29.20099468086561 33.12779059588277 36.4949971039275 40.04242214546747 44.409058166346036 48.71032531865859 52.09932008868798 55.56942972409915 60.09019372660953 64.83687173787281 69.00199672191013 72.82088169993665 76.53287829029243 80.25646140026636 84.13463164198278 88.31418502867695 93.0039924244843 97.60886386004452 102.32941762463409 106.75372653592078 121.6265544569174 -35.43927597201109 -20.64752470834786 -16.358207715010334 -11.843623897871929 -7.495171078578303 -3.1182341152179447 0.6826762497969033 4.24234740915488 7.83786961947434 11.47054358998754 15.141764493520254 18.74996820974387 22.19330611945247 25.671048505407587 29.376985405138022 33.18006252728423 36.95581385477313 40.84918137140557 45.003685783655605 49.11219744159188 52.868060599929365 56.61649304358221 60.70196019268986 64.86507831618846 68.84788330616435 72.7159555349715 76.53556890963412 80.36578144316219 84.27147062754968 88.43629443950681 93.10140764961935 97.67353174962344 102.35611594891738 106.74257730092532 121.5290866244999 -31.857565290613035 -17.305908802806368 -13.10081401885616 -8.680983107124577 -4.425365716316383 -0.1247981247070481 3.644408960352947 7.141597226031733 10.569713832788768 13.97066034589324 17.382289385766832 20.823221027871355 24.311784646510656 27.834278941400296 31.376981740891054 35.004250195468416 38.7804399576694 42.62568436134749 46.460116640442195 50.29944054185412 54.159359911632855 58.00650593378001 61.80751128029917 65.5917350615151 69.38855712063548 73.17795160066431 76.94018141696418 80.70694956380966 84.51398111561765 88.55806580071236 93.0920136970441 97.53638343464007 102.09199645814368 106.36660759712119 120.83563073614447 -379.8015085192556 -387.3632526429296 -388.9367489339936 -390.21661044309536 -391.14384420284716 -391.87255854265163 -392.14377146554915 -392.1764712418306 -392.15998759074984 -392.1797516914042 -392.3190653347302 -392.55393458216645 -392.8602126119567 -393.2134791041034 -393.5893027620531 -393.9321905052166 -394.1866484644467 -394.4155728849073 -394.6818599485335 -394.9193134368886 -395.06173703488366 -395.0770231499096 -394.9330628994494 -394.73390105543007 -394.58356442773845 -394.48287420852347 -394.43240141129814 -394.3151346472269 -394.0105779886622 -393.25254303816706 -391.7263080335936 -389.8861517630589 -387.51037044753417 -384.7530030889772 -372.35286611406343 -321.92855189983385 -328.4592368725287 -329.7757328113249 -330.81287337929314 -331.53163626096466 -332.07888344005215 -332.24441674704394 -332.179136366297 -332.00836842245866 -331.9604545835712 -332.2618933594508 -332.6554814425494 -332.88377567928103 -333.1142710648418 -333.513996505281 -333.9492597726239 -334.28667590995985 -334.5388639091112 -334.71327347947255 -334.95682653406465 -335.40959746831004 -335.784389667241 -335.7905842263407 -335.49472840946066 -334.96370928177515 -334.52358108793595 -334.5000366729706 -334.59157349517346 -334.4936273999978 -333.979843922835 -332.7803060995716 -331.28598649044403 -329.28143193103 -326.88611701956205 -315.7744320677266 -305.6578438684336 -311.9341165886263 -313.19815895286894 -314.1932124047785 -314.8821652803739 -315.4235398439191 -315.63509350692175 -315.5572881930399 -315.2053416837372 -315.05659017367265 -315.5759507370556 -316.17779702122397 -316.27294523425695 -316.2836588720265 -316.73480442970737 -317.3870571685373 -318.11881037480964 -318.4151644139385 -318.04657825796573 -317.8896316179037 -318.4805412781996 -319.172992383016 -319.58039473255354 -319.44738743424534 -318.52258124985156 -317.6226232560636 -317.5714741500741 -317.80476833715414 -317.74886375741204 -317.2529359935649 -316.1222972691718 -314.7199305003612 -312.81515071019277 -310.51212847535703 -299.75868819506644 -288.3988344058985 -294.4129698327035 -295.6304139654732 -296.59032571347296 -297.2498537046657 -297.7978640127949 -298.0977033240012 -298.0853874036129 -297.66150931543456 -297.42984486030576 -298.0238092509085 -298.9833855518902 -299.4445741059299 -299.16352484067556 -299.06837378021555 -298.4222439244471 -300.36846937015537 -300.889155129491 -299.97783007977546 -299.57859611763377 -300.80488666825585 -301.2716099341937 -302.33444373523884 -301.81296487700104 -300.83638056345734 -299.7967663146977 -299.9799725391231 -300.4504982876596 -300.2505084229607 -299.52802517396776 -298.38762464692707 -297.09096363904456 -295.2860172455375 -293.0739084679182 -282.70898314304054 -271.12188006435014 -276.8618582108699 -278.03460265344467 -278.9561191005274 -279.5716771498727 -280.1195773242904 -280.5258473737063 -280.6945515194075 -280.5235789390012 -280.31799048750383 -279.8284538709422 -280.68109738766566 -281.5593850167785 -280.78115958225584 -280.8265549617675 -281.184956547773 -280.33925474884416 -281.02392293067396 -279.97270623878796 -281.74644192632985 -281.19743789712874 -279.2000576843659 -282.8750846293086 -281.47688753872177 -283.25720138406416 -282.7336175349661 -283.19386198449035 -283.9788173906723 -283.2675525845092 -281.868451281447 -280.57201401532166 -279.38171725848156 -277.6776098559305 -275.5589351381945 -265.60293954889704 -253.09409709165976 -258.523439942407 -259.64587416848804 -260.5116473367984 -261.04250816855205 -261.48415597906006 -261.79387858549705 -262.0979619746131 -262.8188406853794 -262.51005212499234 -262.122839544526 -263.3012640011811 -262.40322233031173 -262.7455334179971 -262.14308571067824 -262.4309999496791 -262.85232212074044 -262.09897611587286 -261.1468948248963 -262.0914567032072 -261.6987744503047 -262.1639056803394 -261.94130738008124 -261.5616096872272 -261.3513287257845 -263.47178489865325 -264.7157938707994 -265.7332094716944 -264.5424386230021 -262.8039382849942 -261.67602982703437 -260.8058678818498 -259.2822185191963 -257.26162007010845 -247.7351378866172 -236.71013411383535 -241.8237245453408 -242.89605800074688 -243.69132759546343 -244.08206078241707 -244.23379363409572 -244.0685172028238 -243.62266357448308 -243.4046061272699 -244.1568780987176 -244.7761717746961 -243.96102076393882 -244.63801873315342 -244.3181775832646 -244.58056632915597 -244.40918186645592 -243.13440659285925 -242.8458678831075 -244.89504537741675 -243.46552804086411 -243.35445707480474 -243.704830091229 -243.49408171696462 -244.6836745102338 -244.94840181076344 -244.15717819362078 -244.94371938352162 -246.29265974772895 -245.12925384019928 -244.07293355631222 -243.88247574283344 -243.78139822202692 -242.54323452610126 -240.59128478173002 -231.45638759492846 -220.79302644518467 -225.57128407316023 -226.6302519871656 -227.3834636564743 -227.6105347894229 -227.52358888031137 -226.86822028356954 -226.41054752200134 -227.3125468870954 -227.21483584570032 -227.90074552291657 -226.16543668116398 -226.5828907655361 -226.55415807529377 -227.2663205699655 -227.29653990448523 -227.18728916166924 -228.38168160532857 -227.34056075154692 -226.92706497444053 -226.51541015778483 -225.96311261232546 -226.2541788018525 -226.05714956109435 -226.51501061010904 -227.97079199314092 -227.26882042542366 -226.77998911708028 -226.88204534576084 -226.29635215144134 -226.8168463905288 -227.32331740565704 -226.28191646997405 -224.35135787677353 -215.61514178359448 -204.39035795484128 -208.80313080833474 -209.92631488500655 -210.71456410861296 -210.7687471928204 -210.5671999407576 -210.23918284904744 -209.9367185310435 -210.91990285985884 -209.8838298599492 -211.55736489832555 -210.2687365530206 -210.84379849348056 -211.21969530136406 -210.61903963698649 -210.29624823219012 -210.0363621267989 -210.48572025018677 -209.27188469874332 -210.44940840623153 -209.68618740198443 -209.64731751954346 -210.2530977484406 -209.8751056762964 -210.26159017588898 -210.51433595337258 -209.8989796620572 -209.46438100858205 -210.9010404275742 -210.16421171906038 -210.40015848675722 -210.7541517093912 -209.5632817729318 -207.57184890918973 -199.2797681109127 -187.51312096223324 -191.5493969760078 -192.80763859066093 -193.74459337434416 -193.88097145498847 -193.4554093611557 -193.37658052017252 -193.75263997108468 -194.61452356555543 -193.62467779263386 -193.96684626153024 -193.4831345526704 -194.0787470920513 -193.75137054075896 -194.31007323887255 -193.93065371722417 -193.6482372217205 -194.17338724545533 -193.6055068172683 -193.88520200714217 -193.6961274242778 -193.8461968154274 -192.44717432430707 -192.38023444240082 -194.53725598096426 -194.62121149841096 -193.3150831828752 -194.74217735701467 -191.893284734364 -193.03407752883683 -193.9843961941542 -193.78598762604423 -192.28425137060404 -190.28492717504133 -182.4829750061715 -170.18841399743948 -173.85916329631033 -175.35024427705525 -176.6089784343416 -177.22535617116796 -177.2888468592001 -175.95685172259837 -175.68771393065057 -176.64302545724334 -176.4428008383756 -176.77267487423916 -176.37114480718057 -177.96595184869258 -176.5589205216934 -177.32460553941416 -176.88670777377524 -175.925194177749 -175.55509698644022 -175.87477335862687 -176.73938335082164 -176.9553233611838 -175.63161022645107 -176.2692988276188 -176.92314183216547 -176.34525341891157 -176.1827926413069 -177.25946026953247 -176.33041894389973 -176.98943223887457 -177.3577767752814 -177.62824164360296 -176.4322158852717 -174.7184910406716 -172.59081572818815 -165.26993124992705 -152.5330645288258 -155.69471147029145 -157.26416338731838 -158.53371084268454 -157.5234690171292 -158.40426031216663 -159.18282921048188 -158.7433834102255 -158.47090041446515 -157.93872234748775 -158.478357584835 -158.2439121957257 -158.40060612727066 -158.59918270341714 -157.3041836727578 -158.24719852496534 -158.3866826770535 -158.31782115965927 -158.26156268690778 -157.67443372890747 -158.39416969218794 -158.07583089439152 -157.54402240244687 -157.48502854928975 -157.7600856217116 -157.63218619552586 -157.9024059713354 -157.23395251468943 -158.48835833254947 -157.42387023990003 -157.8023677816869 -158.6824468828804 -156.78626832393726 -154.5803440011876 -147.73974811846682 -134.6650447490878 -137.02026223450352 -138.2679484245514 -139.55068457448112 -139.83146526641562 -139.45804945609973 -138.75241153855777 -139.45140431288243 -139.10722009926505 -140.76920328176928 -139.757141693639 -139.72539519656212 -139.42822140475192 -139.49491697032417 -141.338461616729 -138.34379374172627 -138.6792395438245 -139.08256085210922 -138.60866873151596 -139.01355181366463 -138.94518201408104 -139.3486300074944 -139.3810512357225 -138.62527097447284 -140.05157758592827 -139.36683631950353 -139.78219142403498 -140.10797542895133 -138.46686458210283 -138.77638579954805 -139.4515124794735 -140.2365918594589 -138.4645727905139 -136.22249161392668 -129.9856278309232 -116.69699540475645 -118.0957470488378 -118.79619227734344 -119.54367000906701 -120.30090654441207 -119.48282333731943 -120.70006246608231 -119.70656270099083 -120.30455786889102 -120.47559365271692 -118.84184835364775 -120.6960509061551 -120.06867083790588 -119.2925368810791 -119.88729440967998 -119.74860120903597 -119.84359000893558 -121.19168829663738 -119.12595927159455 -120.4464942648178 -119.53589084850375 -119.91311975351789 -119.72475580038046 -119.53293082097589 -119.35906401085501 -119.39916277730867 -119.41523879094899 -120.2370353332572 -118.5618065121892 -119.22974427322336 -119.93380024151318 -120.45305030634586 -119.56858232152835 -117.54539159681168 -112.08653383674203 -98.741642017053 -99.17864137662737 -99.33974001824156 -99.64661327294463 -100.91893270713453 -100.39069414509642 -101.8693936554987 -100.8369508205897 -100.78786086075303 -100.79559091961347 -101.2355962374051 -100.5375326629115 -101.34661848356298 -101.57301576564144 -101.1190623193905 -102.02601312850872 -100.02626626853993 -100.50078270145714 -99.8210647109189 -101.56971575157232 -99.9054136208914 -101.0419742242882 -100.48117855571502 -100.68086729776223 -100.10183390929143 -100.98804666965076 -101.13098770886724 -100.30154971040781 -100.55037847502317 -100.58111758922895 -100.03896197132141 -100.2643112936971 -100.1046099714429 -98.62804319062496 -94.1160706352603 -80.93565642147064 -80.54622539046237 -80.43205634215002 -81.19328696564546 -80.86225639427347 -81.66554629803827 -81.2871329593166 -81.39926411888067 -83.2308773412185 -80.50750313013533 -81.83262114592084 -81.53130726384481 -82.31423275313949 -82.45620308033945 -82.01216952364932 -79.82754216958246 -82.48300056698928 -81.38521541914731 -80.91218575538625 -81.69256288056057 -81.17971319417671 -81.4851423251285 -80.59738519491425 -81.23728094250124 -81.07532878951183 -80.75728264312714 -82.3811190682671 -81.22860496454481 -81.77745457684527 -81.46625352297336 -81.75062602003992 -81.75341188877081 -80.52018541538074 -79.7513609909202 -76.2474207075114 -63.41572731320385 -62.47044633406565 -62.144907991876835 -61.71713182454756 -62.955947472854206 -62.67327234105287 -63.84795382367577 -62.55376535918116 -63.194497786757594 -63.43853695939481 -63.4235704295425 -61.67254078115184 -61.56369520019194 -62.81697226915702 -63.99922064966451 -62.48832210862115 -62.182617985362654 -61.2474333209674 -63.301847115498404 -63.18090160097579 -62.79704480670188 -62.472591912638435 -62.49496439691291 -62.72289993794741 -62.68140411405677 -63.00850491582396 -62.329639773563265 -62.64075512677631 -62.92279612693032 -62.45297312654551 -61.48066733389858 -62.44405146127179 -61.66571931620944 -61.409017834414186 -58.665780019486164 -46.23273980038021 -44.812172757945476 -44.333910063831354 -44.71062000822973 -45.631287538895194 -43.5460078115071 -43.89959195647451 -43.99888343679847 -44.45992396263153 -43.60076314106951 -43.25321841013312 -44.768100565354274 -43.0780885806194 -44.34629994697245 -44.12126988021169 -45.04402010728205 -44.716740591951755 -44.787021761751745 -44.74142567478475 -44.87575271870532 -43.3837544517236 -44.86696277808661 -44.30909590929624 -43.56774989547526 -44.026460672781354 -44.93912337086805 -44.75136676170389 -44.343986923770274 -45.23513869960366 -43.6317884357618 -44.69110084337149 -44.030760787492824 -43.55287657190258 -43.54173722187412 -41.3451827238112 -29.437593168723616 -27.438535869563864 -26.484531547665828 -25.671395529595785 -24.733815118711906 -26.153569989364907 -27.068756241446373 -26.640812216757784 -26.141482805750865 -27.85442446728961 -27.5126031088479 -26.625811809675014 -26.62082772246588 -27.1258159323744 -26.220217793358437 -27.254018442419735 -25.840504752289068 -26.7175844313167 -24.704516093788218 -26.240051449935294 -26.72969637585178 -27.235680321516437 -25.749704043688407 -25.76343595901007 -27.30675155899199 -26.22608970625045 -25.978823717337026 -25.385665616797382 -27.563519217858783 -25.210738480201787 -26.649351013499693 -26.840348321273183 -26.443637333812912 -26.094458963919287 -24.25134966328845 -12.908808840344454 -10.399680934157233 -9.125814578123126 -8.199742907467853 -8.766184311275872 -10.424810343984705 -10.53741033131823 -9.986912591086774 -10.618630608345956 -9.892519060820698 -9.631211640217106 -10.618457298652844 -9.988680748392804 -11.221168330577468 -10.835107584551501 -9.979562588484391 -9.19071987826126 -9.90805430664079 -10.62516640513893 -10.798931178677929 -9.206511802297591 -9.452061711755077 -10.033743452761902 -9.494786944240502 -9.72446032803401 -9.668811238641151 -10.257702443018625 -9.946351512065123 -9.464302359973836 -10.086680289103601 -10.02024696625337 -9.550927559374895 -9.146695107133906 -8.703910092424836 -7.350030158739643 3.475143921233728 6.271605570886085 7.405240233966421 7.212621787470241 5.578979159298868 4.1803518400728565 5.824163737424025 6.260997944008252 5.797257114959215 6.179435238457551 5.633973256535626 6.299982352782832 7.113777474199475 6.208374335605478 6.181783699565278 4.436040846973857 5.980447291217487 6.754259779343784 6.252090879554913 6.692917531012059 6.392387303260636 6.2317878340661075 5.523861984017166 6.050559882797615 5.404106751837599 6.93556294314973 6.408185083123908 5.962443820858729 6.630763368922384 5.9053904883330155 7.5063156528827575 8.710609403560328 8.898622473119465 8.849870348776554 9.392294176765809 19.736782429054045 22.746656878748933 23.60226541520885 24.496081149794676 24.669427101541096 23.31372112223848 23.477898902941398 23.407333126435283 22.23704546105993 22.04134979017354 22.793922390895496 22.63798236379826 22.81340583624324 23.330891924701948 22.179707748529037 23.36664957974635 22.924685483179253 22.214718247842356 23.32856922356847 23.416605756074002 23.42794055522207 23.823926408458938 23.296979688207028 24.657487262684963 23.912610611802336 22.566793540607275 23.260580567524457 23.57556301924084 23.671296641877536 22.223155653185376 25.62041622758483 26.97075663168066 26.889997595750938 26.271544994799157 25.98023110336159 35.89869384190804 39.18304052845049 39.808351928997425 40.24373468865397 38.419958137069735 40.7581419480696 40.47353658924267 39.901307317726406 40.3825912309978 41.1754321880089 41.388028022764644 41.48434156650734 41.04551004817766 41.13275877734068 41.59826003973732 39.64515077738664 39.819059382302555 40.2840887804509 40.81507777963032 40.09243145146554 40.99637220067301 40.99487955117964 40.470375980439485 39.90873521180272 39.887175516639886 42.35706846787059 40.8721580754709 40.61694226661464 42.2518603781928 40.09429412012438 42.83599222979501 43.91604793709212 43.770660323085984 43.13011917490084 42.40590850290072 52.016434399329135 55.71737935276662 56.2914606302575 57.04279367709408 57.846692125416816 58.9437111927476 58.703791471218835 59.48834399678486 59.66904718902853 58.68190588919856 59.28393214190317 58.120815086337856 58.967387379422874 58.22925447192061 59.414830800953546 59.66041668237187 59.795021956482884 60.3410424714324 59.56402017533954 59.026714180972114 59.161771785619 59.20109196052898 61.101399398099936 59.0209864132417 60.176247314240555 59.60980661185115 60.076334536450815 59.35996006024303 60.35701615871314 58.91116638735677 60.04047405216303 60.50311834443639 60.2646047919812 59.79147176330705 58.74268059749821 68.14691460281468 72.50620694004516 73.38013812498208 74.68612035240247 76.89267135524987 78.56285685709666 79.19446291431477 78.13359425279967 78.16726643033365 78.25218239948086 78.40515313106454 78.91699524719687 79.6688389773599 78.2768804624659 78.67326879650514 77.420088093901 78.11034473718288 77.34264162372577 78.24549766731666 78.80962495463035 78.29990552130215 78.8585040142033 77.67377010287382 76.88381971431738 78.93500520647592 77.2585581354887 79.89533249902146 77.78187118585421 77.89857059754974 77.14239042210531 77.10001770522558 77.38173619629563 77.07715001057579 76.5800204452986 75.06578872779477 84.33661989870478 89.51942942349453 90.8385160395097 92.55487057898952 94.98838545079686 97.07908427533212 97.45045063616746 97.71892927161741 97.97794130353527 98.36292100290302 97.52797598388828 97.57188030015381 97.315255518658 97.46535985457281 98.22087001593454 97.30017808807737 98.07305009188364 97.30363071895242 98.61132841263691 97.4883467745663 97.24228080815247 98.0031999219099 96.31649386184976 99.21173893416923 98.26410180229952 98.14439408386924 99.29733641926697 97.97575846590318 95.78409677622462 94.5606489503239 94.4002189658421 94.55777247417596 94.13892700494516 93.51012837838027 91.39811470614204 100.64930725184655 106.74194599241459 108.441096277931 110.35416562176738 112.50054247845188 114.32587885681353 114.98596606741579 115.59182070487564 115.82153072762489 116.85447379448092 117.20522998007624 118.62758186199315 117.44398690558103 117.57973366102901 117.37013342224371 117.1088077832065 116.63476602532305 116.84375360643368 116.37288633075597 116.51655685340734 117.19056232488246 116.93301425652083 117.80638250345815 116.87717331862852 116.97095478102787 116.12915878101721 118.54766947550631 118.3339883290159 115.80499727219545 113.58261516824896 112.63308716799229 112.21648196009527 111.47316501647494 110.62099192423646 107.78058003690245 117.92033042835625 124.94923088642867 127.0722196602701 129.11806589956223 130.8273417736249 132.3439382186509 133.1830970151181 133.9976693703094 135.37482292583027 137.75778241605872 135.5721649139761 136.3116480401971 136.04092587333506 135.0208108668627 135.60956707067024 136.02538628741823 136.80482574710896 136.35102940854125 136.22972202614457 137.80764643644648 136.511806122414 135.485791426681 135.0081452724294 134.4670673941319 138.5491180453457 139.52207487547864 139.02587815867432 138.52666005057873 136.2870440828589 133.6392985626724 132.00080227524876 131.01182231578667 129.89400531490654 128.74870423442025 125.07847669565935 137.22579208733796 145.14828128731833 147.57252574780307 149.85860070965515 151.64974879881888 153.3234645378139 154.49364782122817 155.5370132218253 156.89844774520296 157.8437757922278 156.88742936372813 157.22317039079493 155.56953520114115 155.3488772131461 155.120595980022 154.34469855246675 155.90954711698848 153.1306505013108 154.12346614868918 154.0106743839519 153.99358247039194 155.86354427726732 155.66634676934265 157.27141274355483 158.48895415911264 159.4971139904804 159.53709661788292 158.71410693941013 156.87162683219168 154.72193659075896 153.0629749140699 151.733114139584 150.30641145567066 148.92692367508963 144.3956214838049 155.9250918848777 164.64829505466943 167.20219576023354 169.76729887375103 171.98282329043792 174.02998531899794 175.57646372318456 176.76208451521956 177.82395702322825 178.3368125353936 177.97215440766246 177.35226850332157 176.93503629099752 176.91678666056683 176.10343220662836 172.7485532619518 170.36998421742686 170.05048423363192 170.95264880417363 170.15692660836353 171.64414016170375 174.91633899165177 176.6950153320998 178.1115780060397 178.91892378313327 179.12123657121504 178.58549639217878 177.54198523024496 176.2348088466999 174.76090395410677 173.19483058314526 171.67731344745386 170.02745789543684 168.43489043022052 163.0917774824211 174.73097333319063 184.21185486990615 186.97601801518823 189.80385813991072 192.3500629764862 194.7499363643293 196.61215109671068 198.0787873352196 199.2557873245555 199.93714227264374 199.97381600087172 199.7658386847514 199.7191474513839 199.29855569959705 197.97132672602586 196.32874030034333 195.0524036839794 194.16005227139004 193.64119474783757 193.8813818678385 195.3180697792651 197.15893012603112 198.6159105504634 199.54768907932004 199.82541728696953 199.5233800806016 198.72174639207225 197.63453506805124 196.4486256301981 195.07535957810944 193.3923875307638 191.65590471850552 189.78035600927015 187.97763091044473 181.86105994698903 192.4310102957177 202.54122578049018 205.47895268829225 208.5122940452979 211.31007444228186 213.97838395756642 216.07568671704772 217.76051664590128 219.1508643686093 220.16596427447473 220.73144695271318 221.02352314601697 221.21826136065422 221.0059268544466 220.07769518992473 218.90052607418824 217.94226150396335 217.32859378557964 217.19526850833694 217.49284849474145 218.16160285454083 218.88906369891612 219.3609929528517 219.520677444568 219.31305459684094 218.77161236129422 217.92893550857798 216.8493287502287 215.5930983515767 214.084644516221 212.22183645011015 210.29734356037983 208.23814217065512 206.26014675464955 199.49616217917526 254.51884312404252 266.2462382235458 269.5796895750298 273.0003141610239 276.1661045727297 279.19168854976954 281.5582220015911 283.4457338173848 284.98877165522225 286.1795978470956 287.0072093195198 287.52436842568125 287.78360307320025 287.7600288799551 287.4287446313685 286.9537718366017 286.49913079598156 286.1810456036797 286.11574026260985 286.14548629200686 286.1125551422884 285.99503700671187 285.77102120633407 285.41132925267 284.88677051519176 284.17392050305074 283.249185608965 282.09774025539895 280.7024033768002 278.9736458786678 276.78913095067674 274.5151836650846 272.06117656062094 269.6673345922384 261.2093549613462)
(UseCyclicTransform "false")
(UseDirectionCosines "true")

// ResampleInterpolator specific
(ResampleInterpolator "FinalNearestNeighborInterpolator")

// Resampler specific
(CompressResultImage "true")
(DefaultPixelValue 0)
(Resampler "DefaultResampler")
(ResultImageFormat "mha")
(ResultImagePixelType "float")
