(BSplineTransformSplineOrder 3)
(Direction 1 0 0 1)
(FixedImageDimension 2)
(FixedInternalImagePixelType "float")
(GridDirection 1 0 0 1)
(GridIndex 0 0)
(GridOrigin -526.9746478828677 -426.0822062937339)
(GridSize 19 18)
(GridSpacing 400.005184934966 400.00591950413155)
(HowToCombineTransforms "Compose")
(Index 0 0)
(InitialTransformParameterFileName "results/lungTMA6/my_reg_project-modality_fluo_to_modality_brightfield_reg_output/TransformParameters.0.txt")
(MovingImageDimension 2)
(MovingInternalImagePixelType "float")
(NumberOfParameters 684)
(Origin 0 0)
(Size 6366 5958)
(Spacing 1 1)
(Transform "BSplineTransform")
(TransformParameters -51.68631889409828 -28.002368030149924 -19.578103387742917 -9.70813189694765 -1.9906916544440976 5.416350275027278 12.897340445594338 20.497288666820737 28.15661650004374 35.84464491688499 43.52334375811203 51.08461312047 58.43889664505975 65.46352785789502 72.13168008535132 78.90581612669723 87.567965238072 94.97526771801981 116.36487917883626 -50.28495879094531 -26.479003698963083 -17.928260144258704 -7.87456938782048 0.040547784095588665 7.699927395723934 15.546108989597977 22.68176805400082 30.44817848492984 40.04706162716119 49.99859192707095 56.631953633457414 63.372428297903056 70.44172220276693 77.35160436603472 84.44308457422348 93.44047842013534 101.1120582485187 123.0752892537724 -49.809369271336195 -26.041344293380202 -17.485311484796913 -7.43598320742137 0.22364201806789483 9.842905349731208 20.556226888304845 23.35968695143179 31.888982660371994 40.09292593948641 47.26702498781665 56.628259483858 62.59310345391417 68.30075226418744 78.45132490809438 85.39735046705695 94.54217729815986 102.35133977249885 124.51281695385231 -49.20283359793819 -25.498908974539045 -16.94497009730637 -6.541465903355275 -1.7735274068658118 8.572286261614815 16.235732525668578 23.823678234549913 32.47124561758723 39.67108617229302 47.627181376359594 55.533909939975494 63.1658249002096 70.91093089901608 80.08249288511976 86.02216509930754 95.69557405350172 103.65207996758679 126.05775213728731 -48.68681951666763 -25.082577926002156 -16.44165273784178 -3.297280817874635 1.0675039003533955 9.034661486677232 14.868220671376841 25.272256867592763 31.08774968383514 39.88815045057581 47.90010006735663 56.62027805469676 63.16765658256805 70.51183690351655 79.37641165305601 84.79000999571252 96.18002886063513 104.09403968490639 126.68734269701271 -48.12705016798817 -24.64020091188451 -16.105727627092453 -4.978883476689222 -1.2822951306277404 9.046358690870434 17.6196765678933 23.476171704943205 32.636345534832664 39.772379839581355 48.65307354258335 55.88161795240109 65.23108836536812 71.66425065868835 79.84659289328611 86.92642372778853 98.81986935752121 104.683204542572 127.13713069805968 -47.54594832715391 -23.794049011045594 -15.037982312768193 -6.996461959926332 2.6728065268903842 9.24547101072964 15.912607515882073 26.452619657625288 31.747857599829118 41.23128469448138 47.50266703313333 55.5726601901572 62.79316319461978 71.30025690046043 77.68899820748513 85.57820053035435 98.72186689486142 105.50756194793044 127.47025160978588 -47.01176809433423 -23.079030689727016 -14.940319572201043 -6.271150590527213 1.5529185516294841 7.643696596120488 17.597488640974493 24.655608830126813 32.07890265195319 38.84241009422937 48.09189756152241 55.11882085971686 64.82903766643052 71.29690021098442 79.9157556094578 87.19116636664454 92.29535514924392 107.47637229288917 127.80656672755491 -46.575878744635006 -21.977333308436314 -12.69441654829518 -5.576199988354647 0.35972958314360376 11.195054436564893 14.655496778159597 26.006812043777213 31.41013165564949 41.8666622340612 47.50769280815087 56.42574233154325 62.630789467105146 70.42260142889675 80.35562701275246 86.28443782768551 96.37601693788842 108.8474616142893 128.02375182398907 -46.31400692686872 -21.188683813201028 -17.27474060317919 -6.837874903262998 1.2679816236357255 8.15850378608143 16.078122913328908 24.606263232795726 31.63861885486757 38.6906488988334 46.772717398464664 56.05511280738918 64.11014388713215 71.3114412118445 79.05629270701523 86.70810920647986 93.17695046288569 105.97561934426409 128.0606922766394 -46.205509870451316 -21.91309018911831 -9.524702883856728 -7.090441833272047 1.7161475728301105 8.345821074246878 17.58054655507954 24.349193159565576 31.593160856550774 41.83614753978548 46.798711541627895 55.55178767636925 62.60064760825072 71.60567754190072 79.49588015911232 87.24276806108378 94.70237795325804 106.34510824756892 128.18580102336108 -46.13722238114123 -23.519935765508745 -22.07539757981102 -2.7269815160468656 -0.27896105782648234 11.146999250247715 16.11890320984848 26.8118050903398 32.09124495407177 39.37702634788276 48.22003880697439 56.8814700584209 64.29516141540657 70.85318492177176 80.09191064981223 83.92511720055558 103.32119674473054 106.44833482842648 128.31786589418996 -46.01470212918206 -23.45732342103927 -17.18993346421482 -5.496888205877934 0.9351917392083731 8.598570071828068 17.160021228827144 23.495304006047398 33.21082680739434 39.53559603155199 48.492088520396955 54.24350633842605 62.28734890301671 72.11298381448567 81.71722930104175 86.08519193391659 97.5812364011834 105.71051210260319 128.3828468874548 -45.72668332985869 -23.093808432683137 -14.980131684664162 -5.2781654942308345 2.9573420972207214 7.822438002074247 17.68724700258623 23.38591625581611 32.717216550191324 40.98484504781633 46.248011338125444 58.77610696489324 62.040784713050634 75.90450202266649 73.28300364917924 89.33441474772043 97.34193334480985 105.84068574452021 128.51226853318659 -45.18509961938143 -22.70659893796054 -14.681204824856076 -5.064226192555296 0.12362580100937992 8.436230724822877 16.095175147667636 25.900323912592658 31.848006919401467 39.87903743144358 47.8402111653747 54.11323108364298 63.59467920884499 68.64602862036473 81.07121673069801 87.38894690294474 97.49209644207659 106.05262583338667 128.6333016538333 -43.817937650388274 -21.44794185287078 -13.48208492632426 -4.171863107158603 2.284032306237546 10.322385024161397 19.252008032684355 24.345924795189767 34.01946266398399 38.24111847445717 49.10985724493612 53.1918727977295 65.4886926131719 73.10999803123762 80.01985056266629 87.90910181744475 97.77956340597324 106.12938868636046 128.5359676521147 -42.53521819877467 -20.24238430790159 -12.310522507553808 -3.0574652672902385 4.1410710873031435 11.281777425647164 18.45868908406627 25.436202981895 32.780303289222466 40.888180491351235 49.17144524869011 56.8123087016707 64.76293555414513 72.60339583348755 80.33335994235709 88.2464236923818 98.00226820550533 106.20624741367232 128.4039782613819 -36.79100170773366 -15.054960852670968 -7.396429860753755 1.5496020631501304 8.500678869051216 15.17465887119831 21.940842622419424 28.887927355370167 36.00506770348821 43.30931385893405 50.81083272355752 58.4092985472657 66.01024607447026 73.49481074009867 80.83865370064392 88.36071826335926 97.69953077465406 105.56972781674742 127.0619452799243 -402.7540526175573 -415.3960495146382 -417.8631246990867 -419.9547021330741 -420.19512267287496 -420.12990651154445 -420.49501803975295 -421.13581451705477 -421.83913564249104 -422.40613901869966 -422.640083599651 -422.63902798023474 -422.4985293956113 -422.3397094231085 -422.1902481051218 -421.160833650518 -417.0737871766974 -412.5595064854619 -392.3045825806692 -315.99345956030555 -326.1995831208724 -327.9782764025355 -329.3642393675717 -329.2498147055246 -328.97843254757163 -329.6795788880612 -330.2313975802325 -331.1851236765708 -331.4977532460792 -332.3437897155696 -333.2093950293995 -332.4255847879929 -331.56496665518324 -331.83571829713514 -331.5338580736485 -328.5604808552188 -325.0512496722717 -307.7426644161691 -286.7202276939844 -296.25040382380735 -297.94517431851915 -299.2949740084608 -299.6198118252879 -297.93962517981123 -300.69675073619806 -299.2639600033041 -300.4709777828464 -302.5911730288645 -299.54685496848634 -302.79833198588835 -304.81567566015184 -300.31691916370806 -301.56195961811716 -301.091409596565 -298.44289183883023 -295.22210417339465 -278.9068643062985 -249.69081521142277 -258.2394878201973 -259.83249887830476 -260.8909573359644 -261.9277507662228 -262.0809463885944 -262.58977116049385 -262.7266051801113 -262.2726763361175 -260.05349666289635 -261.6921044406818 -260.95790845372375 -261.12201543131926 -262.7279488108759 -267.7415852486743 -262.3346191864283 -260.1302117244175 -257.29420964120845 -242.36180899256115 -218.69494351372776 -226.21009363202728 -227.71011732313443 -227.91322224857558 -225.32746743786532 -227.74692774899182 -225.25784176801068 -226.20881595953236 -225.00380313165718 -227.99328714828778 -225.4441573458462 -226.0153295878024 -226.48045617303092 -226.66070143208253 -225.13709040484986 -224.99808430823745 -228.0893677090846 -225.30651123741487 -211.58398965434537 -185.89321853665388 -191.92201235237954 -194.2101183091652 -193.3143672049606 -194.97554486857587 -195.06792666868336 -195.1596441838967 -195.1093573672953 -194.11111195933623 -194.0363978059567 -194.77982695199807 -193.3830905619225 -192.4180587244272 -195.44226832716697 -194.26735213234286 -193.91444209550576 -194.34670058165378 -190.92042387614453 -179.0023546831016 -151.40829237797132 -155.725512293466 -159.84222607072923 -159.68153838719672 -159.07306810499094 -158.7623349403226 -158.5304113394149 -158.15923131212858 -157.83944873440234 -158.25330811270655 -159.21007152295223 -158.16174762332813 -159.35118688993953 -157.58754863667028 -159.27010696232813 -158.49006471377282 -159.27239675474152 -154.9120009288044 -144.76432947055474 -116.16006417933414 -118.0091413359711 -119.68110368408306 -118.40033981162983 -120.50635428283388 -120.9202919087467 -119.80089292808832 -120.58719229416397 -119.66081223453008 -120.2046133882128 -118.17252712986047 -121.08091392608729 -118.36375779827988 -121.01570503714368 -121.10564801375335 -117.1885042994596 -121.63729735615631 -117.72602320018683 -109.69701045960684 -80.94713397697825 -80.35602530438244 -79.40190594458421 -82.52990613320671 -82.34589137825124 -81.48336926368248 -81.59084155665877 -82.39609611504105 -81.54560289312579 -81.37623933313046 -83.28977621511271 -79.95527259469657 -81.97369808790569 -81.25665908415678 -81.7735246944589 -83.31540655453807 -80.83015431462644 -79.7155522420658 -74.45986895317067 -46.741276601173716 -44.52345486045793 -44.34873393536063 -43.28553483436063 -43.52007640810092 -44.84620266047491 -42.55078032645881 -43.14568938803489 -44.38816690605085 -44.06659446768215 -43.41967535255615 -44.95485344647038 -42.800468223873416 -44.85390967089275 -43.88551814827558 -42.86655518221005 -43.34473824245525 -43.777710402875876 -40.01314150531881 -13.78647151318793 -10.41834666390144 -6.918837524403377 -11.149312570428876 -9.276597201037184 -9.78919448545378 -8.925822566410247 -11.434120375725325 -9.544217461534087 -7.644563291103718 -10.105288193440375 -8.922741665515993 -9.473548333550946 -10.088005125529548 -8.289493911408274 -10.699963651064676 -10.016898893448385 -8.799762345573788 -6.627057871805234 18.405720894225635 22.907212121195183 24.50193079132334 21.480062732635158 21.84367515716535 22.280470540728437 22.705380896708945 23.68703845508386 21.462254991358744 20.29549502350378 22.83491842094525 22.31057975178451 22.56661123049426 23.43549273417439 21.66664231287008 22.203141826052367 28.38918336840776 26.190214215871556 26.11265525857675 50.12262511234445 56.03653528915479 56.09202857509741 60.31882980310012 57.74770305419649 59.52643509837609 58.538043571355814 57.892143705555384 59.46971856805899 60.18942877034476 58.342535218326745 59.82009767055027 58.176143927313426 59.92053462098599 60.03246926353058 60.01211056474462 60.575372416940866 59.721297212015656 58.339493312240855 81.8584071212441 89.70702096765342 92.04489194976065 98.57610074780946 97.97124195537667 97.76601052671282 97.7760451080705 99.41844687654327 97.20007754858632 95.53659848683753 98.51320318624678 96.88950474133824 99.34477256494061 97.48269270942347 97.14405715802522 93.12275085197184 94.65653152076905 93.51608310640226 90.43765525956086 113.75134946835745 124.35331854573944 128.13775303980202 131.2131222967915 132.240839788468 136.33416007920093 136.13524867191921 134.0442935236344 138.33373630513833 138.0650248842608 137.8168386701557 137.13873953385033 133.3334724531409 138.84651179830124 139.9159100454455 132.52474647709263 130.02538854720416 127.93401272386122 122.510028137086 153.21476452101155 166.41669264560392 171.16862441832328 175.69957224566525 178.4571244394089 179.7669344076355 177.47570045045967 177.2036882454443 172.3222994150111 169.69437918564225 167.5069304481108 174.87304998479627 179.78609073505692 180.68203585167026 178.37607914401755 176.19783266487545 173.0514837970647 170.05337252626802 161.95815450584595 184.94177259903404 200.14893388272404 205.60343805800784 211.56981535187413 215.33613836256376 217.99069258880326 219.13176826794634 219.53306516719428 217.1470209704043 215.5004542984035 216.16964325147813 217.11147368803358 217.20069029109953 216.1738674671033 214.25841250888672 211.53051695660275 207.43812447911097 203.74978284289784 193.5933860092337 277.5222596170969 296.29274955169853 302.6300695018623 309.5063705332783 313.73055477510235 316.44597233784515 317.6271513690829 317.7859030136528 317.34824349559943 316.76308418448565 316.476836887628 316.18626552108094 315.58520500399004 314.38531301876765 312.2351219359368 309.09122009310425 304.04991314159577 299.4176427597514 285.51925201246104)
(UseCyclicTransform "false")
(UseDirectionCosines "true")

// ResampleInterpolator specific
(ResampleInterpolator "FinalNearestNeighborInterpolator")

// Resampler specific
(CompressResultImage "true")
(DefaultPixelValue 0)
(Resampler "DefaultResampler")
(ResultImageFormat "mha")
(ResultImagePixelType "float")
