1:ItNr	2:Metric	3a:Time	3b:StepSize	4:||Gradient||	Time[ms]
0	-0.656698	0.000000	47809.706265	0.000347	114.1
1	-0.665613	0.000000	47809.706265	0.000344	6.2
2	-0.665398	1.000000	45636.537799	0.000272	5.7
3	-0.663029	2.000000	43652.340503	0.000237	5.4
4	-0.663092	3.000000	41833.492982	0.000268	7.5
5	-0.664430	4.000000	40160.153263	0.000324	6.3
6	-0.664142	5.000000	38615.531984	0.000303	6.7
7	-0.662218	6.000000	37185.327095	0.000159	5.8
8	-0.666261	7.000000	35857.279699	0.000095	5.7
9	-0.668643	6.988044	35872.596811	0.000145	6.9
10	-0.668530	7.988044	34635.100564	0.000179	5.3
11	-0.672332	8.988044	33480.136934	0.000160	8.7
12	-0.666480	9.988044	32399.715836	0.000045	5.9
13	-0.668045	9.976695	32411.586338	0.000086	5.4
14	-0.668543	9.964740	32424.100452	0.000115	6.1
15	-0.665870	10.962735	31411.699467	0.000128	5.8
16	-0.665742	11.962735	30458.753684	0.000102	5.7
17	-0.668772	12.962735	29561.925042	0.000063	6.8
18	-0.665917	13.962735	28716.398374	0.000068	6.3
19	-0.666172	14.959338	27920.531340	0.000126	5.2
20	-0.669315	15.959338	27165.092184	0.000114	7.2
21	-0.669834	16.959338	26449.455573	0.000030	6.4
22	-0.666917	16.955631	26452.038738	0.000036	7.1
23	-0.669024	16.943705	26460.353037	0.000047	5.9
24	-0.669248	16.932511	26468.161628	0.000109	6.1
25	-0.669616	17.932473	25788.339235	0.000043	7.0
26	-0.669746	18.932463	25142.547217	0.000095	6.9
27	-0.665362	18.920507	25150.077049	0.000106	6.6
28	-0.668925	19.920507	24535.468903	0.000069	6.5
29	-0.671658	20.920507	23950.183310	0.000038	5.3
30	-0.670827	20.908970	23956.776414	0.000075	5.3
31	-0.666413	21.746801	23487.227268	0.000116	5.7
32	-0.666040	22.746801	22950.337102	0.000107	5.9
33	-0.672002	23.746801	22437.443743	0.000056	6.7
34	-0.667873	24.746670	21947.036246	0.000089	6.2
35	-0.664801	24.735871	21952.218500	0.000067	6.6
36	-0.668681	25.735871	21482.510370	0.000060	7.5
37	-0.671474	25.723934	21487.998761	0.000100	7.4
38	-0.666045	26.723934	21037.742525	0.000045	6.5
39	-0.665498	27.723934	20605.968263	0.000084	5.7
40	-0.665566	27.711978	20611.025687	0.000061	5.7
41	-0.664935	28.711978	20196.416845	0.000064	6.1
42	-0.663573	28.700022	20201.275206	0.000125	6.1
43	-0.667577	29.700022	19802.828140	0.000073	7.2
44	-0.666763	30.700022	19419.794880	0.000042	5.9
45	-0.667834	30.688072	19424.284800	0.000060	5.7
46	-0.663689	31.686432	19056.212399	0.000089	6.5
47	-0.670846	31.674476	19060.537621	0.000047	6.4
48	-0.669118	32.674476	18705.424083	0.000043	7.9
49	-0.668291	32.662520	18709.591498	0.000025	6.4
50	-0.665221	32.659742	18710.560088	0.000067	5.5
51	-0.668510	32.647904	18714.689024	0.000098	6.6
52	-0.670744	33.647902	18372.230130	0.000094	5.9
53	-0.666707	33.635946	18376.250402	0.000094	5.7
54	-0.664060	34.635946	18045.955843	0.000063	5.9
55	-0.667687	34.623991	18049.834575	0.000100	6.5
56	-0.673500	35.623991	17731.068018	0.000089	6.7
57	-0.666727	36.623991	17423.365137	0.000098	5.8
58	-0.669185	37.623991	17126.159762	0.000026	5.8
59	-0.667157	38.619832	16840.098322	0.000052	8.0
60	-0.670049	38.607884	16843.473667	0.000056	8.6
61	-0.666212	39.605785	16566.138466	0.000074	7.5
62	-0.669471	39.593851	16569.401219	0.000094	7.0
63	-0.671448	40.593851	16300.390580	0.000122	5.7
64	-0.668830	40.581922	16303.548246	0.000141	5.5
65	-0.667372	41.581922	16043.032944	0.000099	5.6
66	-0.670331	42.581922	15790.712276	0.000125	5.9
67	-0.666809	43.581922	15546.205580	0.000113	5.3
68	-0.669827	44.581922	15309.155412	0.000051	5.8
69	-0.670983	45.581922	15079.225800	0.000093	5.8
70	-0.665966	46.581914	14856.102442	0.000080	5.4
71	-0.665792	47.581579	14639.555593	0.000115	4.9
72	-0.668990	48.581579	14429.161465	0.000047	5.8
73	-0.669459	49.581578	14224.729082	0.000040	5.4
74	-0.666434	50.546096	14032.964658	0.000051	5.3
75	-0.669522	51.273395	13891.748621	0.000039	5.3
76	-0.664571	51.298540	13886.917191	0.000071	5.2
77	-0.666956	51.299161	13886.797764	0.000050	5.3
78	-0.669918	52.299161	13697.344074	0.000055	6.2
79	-0.669670	52.290442	13698.973549	0.000030	4.7
80	-0.665957	52.291779	13698.723777	0.000088	6.1
81	-0.671691	52.279911	13700.942212	0.000037	5.7
82	-0.671780	53.279909	13516.492561	0.000148	5.3
83	-0.666484	53.267953	13518.668440	0.000043	5.0
84	-0.671661	54.267948	13339.062000	0.000055	5.8
85	-0.669813	54.255994	13341.180851	0.000057	5.5
86	-0.664486	54.245810	13342.986484	0.000032	5.5
87	-0.670136	54.236982	13344.552097	0.000045	6.4
88	-0.669596	54.813352	13243.100412	0.000059	5.2
89	-0.671039	55.613680	13104.759231	0.000122	6.2
90	-0.665849	55.601837	13106.785237	0.000100	6.2
91	-0.668163	56.601837	12937.887365	0.000039	5.2
92	-0.668849	57.595367	12774.338614	0.000098	5.3
93	-0.670763	57.583411	12776.282092	0.000058	4.8
94	-0.669760	57.571456	12778.226160	0.000019	5.3
95	-0.667808	57.560259	12780.047416	0.000089	5.3
96	-0.663953	57.565700	12779.162277	0.000047	5.7
97	-0.670565	57.553745	12781.107103	0.000039	5.2
98	-0.666217	57.570776	12778.336754	0.000104	5.7
99	-0.668201	57.559258	12780.210185	0.000118	5.5
100	-0.665686	58.559258	12619.572561	0.000090	5.6
101	-0.663096	59.559258	12462.922998	0.000104	5.4
102	-0.666688	60.559258	12310.114804	0.000150	5.0
103	-0.674150	61.559258	12161.008391	0.000162	5.6
104	-0.666476	62.559258	12015.470857	0.000089	5.6
105	-0.674040	63.559258	11873.375584	0.000075	5.2
106	-0.669533	63.547303	11875.054568	0.000036	5.7
107	-0.669894	64.547215	11736.253888	0.000045	5.3
108	-0.665409	64.536211	11737.763648	0.000069	5.0
109	-0.665923	64.524256	11739.404494	0.000135	6.1
110	-0.668941	65.524256	11603.726880	0.000091	5.9
111	-0.665222	66.522420	11471.390196	0.000055	5.3
112	-0.668142	67.522420	11341.802796	0.000024	5.8
113	-0.664308	67.511383	11343.217112	0.000045	5.1
114	-0.670146	67.840489	11301.196608	0.000085	5.1
115	-0.672248	68.840488	11175.404887	0.000083	5.7
116	-0.666589	69.840488	11052.382597	0.000042	5.9
117	-0.669257	69.828769	11053.808583	0.000054	5.0
118	-0.669239	69.816840	11055.260566	0.000123	5.7
119	-0.671022	70.809443	10935.736011	0.000084	4.5
120	-0.669697	71.809443	10817.906018	0.000025	4.9
121	-0.665626	72.783121	10705.591964	0.000047	6.2
122	-0.663105	72.923913	10689.544377	0.000095	5.0
123	-0.663923	73.923913	10576.932664	0.000108	5.3
124	-0.666932	74.923913	10466.668890	0.000058	6.0
125	-0.665972	75.923913	10358.680380	0.000092	5.3
126	-0.670012	76.923913	10252.897429	0.000033	5.1
127	-0.666666	77.923055	10149.341144	0.000053	5.3
128	-0.670656	77.911207	10150.556867	0.000046	4.5
129	-0.664471	78.906655	10049.418930	0.000065	5.0
130	-0.666296	78.894700	10050.621667	0.000069	5.2
131	-0.665822	79.894700	9951.006705	0.000049	5.5
132	-0.665730	80.772737	9865.155090	0.000070	5.2
133	-0.669767	81.745472	9771.757491	0.000069	5.0
134	-0.669591	82.745472	9677.567766	0.000053	5.3
135	-0.665962	83.733411	9586.280225	0.000095	5.6
136	-0.666588	83.721456	9587.374652	0.000126	4.9
137	-0.669202	84.721456	9496.689421	0.000085	5.6
138	-0.670738	85.721456	9407.703665	0.000074	5.1
139	-0.671879	85.889684	9392.897401	0.000070	5.2
140	-0.670354	86.889529	9305.850565	0.000089	6.3
141	-0.668613	87.889529	9220.389175	0.000059	4.8
142	-0.665446	88.889529	9136.483189	0.000034	5.2
143	-0.673344	89.123005	9117.112578	0.000055	6.1
144	-0.669376	89.114721	9117.798448	0.000035	4.7
145	-0.664190	89.104647	9118.632707	0.000047	5.1
146	-0.665357	89.096935	9119.271429	0.000063	5.4
147	-0.669075	90.004252	9044.733076	0.000083	5.2
148	-0.663907	89.992590	9045.683402	0.000040	5.1
149	-0.669099	90.992590	8964.913041	0.000039	5.7
150	-0.667474	90.988617	8965.231117	0.000033	4.8
151	-0.662692	91.259570	8943.592352	0.000031	4.8
152	-0.671299	91.257470	8943.759619	0.000047	4.9
153	-0.665495	91.963410	8887.867637	0.000037	5.8
154	-0.669590	92.762347	8825.449377	0.000035	6.4
155	-0.665172	92.751835	8826.264906	0.000054	4.5
156	-0.665992	93.421180	8774.632703	0.000049	5.6
157	-0.665507	93.409242	8775.548332	0.000076	4.2
158	-0.667223	94.409242	8699.509809	0.000072	5.1
159	-0.673989	94.397286	8700.411113	0.000030	5.9
160	-0.667800	94.385432	8701.304954	0.000107	4.7
161	-0.664634	94.373496	8702.205137	0.000073	4.9
162	-0.666573	95.373496	8627.426898	0.000078	4.6
163	-0.670662	95.361541	8628.313327	0.000074	5.2
164	-0.664658	96.337912	8556.516928	0.000089	4.9
165	-0.666314	97.337912	8484.211132	0.000061	5.6
166	-0.669054	98.337912	8413.117148	0.000060	5.6
167	-0.667631	98.326045	8413.953799	0.000036	4.7
168	-0.666969	98.314486	8414.768964	0.000057	5.0
169	-0.668843	98.302554	8415.610576	0.000064	5.9
170	-0.670127	99.302554	8345.656864	0.000064	5.5
171	-0.670904	100.263537	8279.519568	0.000080	5.5
172	-0.672215	101.263537	8211.800936	0.000067	5.2
173	-0.664808	102.263531	8145.181477	0.000054	6.0
174	-0.664852	102.251599	8145.969997	0.000050	6.3
175	-0.670920	103.251454	8080.419173	0.000077	5.6
176	-0.670085	103.239498	8081.196755	0.000046	5.0
177	-0.667821	104.239498	8016.670819	0.000034	5.6
178	-0.672928	105.143140	7959.242417	0.000058	5.7
179	-0.665568	105.152004	7958.683175	0.000052	5.4
180	-0.668387	106.150482	7896.185817	0.000035	5.3
181	-0.668141	106.988246	7844.500272	0.000037	5.2
182	-0.670604	106.976315	7845.231635	0.000072	5.3
183	-0.666813	106.967976	7845.742847	0.000090	4.8
184	-0.670944	106.956028	7846.475441	0.000064	6.0
185	-0.669249	107.954955	7785.694113	0.000052	4.2
186	-0.667701	107.942999	7786.416004	0.000086	5.4
187	-0.666712	107.931043	7787.138029	0.000053	6.5
188	-0.671742	108.924681	7727.583610	0.000042	5.4
189	-0.662568	108.912943	7728.281780	0.000043	5.0
190	-0.666496	109.005158	7722.799973	0.000037	6.1
191	-0.669086	109.082076	7718.233490	0.000038	4.7
192	-0.664106	109.755362	7678.490688	0.000080	5.3
193	-0.666908	110.755331	7620.214111	0.000032	6.1
194	-0.665944	111.069377	7602.094124	0.000021	5.1
195	-0.665988	111.064676	7602.364702	0.000085	5.0
196	-0.671576	111.055764	7602.877785	0.000083	6.2
197	-0.667919	112.055764	7545.737248	0.000055	4.9
198	-0.672157	113.045932	7489.998494	0.000028	5.6
199	-0.666953	113.033997	7490.665445	0.000027	6.1
