1:ItNr	2:Metric	3a:Time	3b:StepSize	4:||Gradient||	Time[ms]
0	-0.281582	0.000000	11707.419544	0.000656	46.6
1	-0.298263	0.000000	11707.419544	0.000392	1.2
2	-0.292866	0.000000	11707.419544	0.000192	1.2
3	-0.294114	0.000000	11707.419544	0.000267	1.1
4	-0.300004	0.000000	11707.419544	0.000113	1.2
5	-0.302988	0.939805	11205.925086	0.000118	1.1
6	-0.293373	1.936944	10718.769352	0.000161	1.2
7	-0.292120	1.902107	10735.073664	0.000284	1.5
8	-0.288108	2.902107	10285.947006	0.000258	1.2
9	-0.289519	3.902107	9872.891724	0.000193	1.2
10	-0.288073	4.902107	9491.730008	0.000153	1.2
11	-0.299526	4.867271	9504.512889	0.000139	1.0
12	-0.298764	5.867190	9150.782304	0.000101	1.4
13	-0.295106	5.859449	9153.419758	0.000109	1.2
14	-0.296439	5.824617	9165.305590	0.000163	1.1
15	-0.296106	6.824613	8835.911143	0.000150	1.3
16	-0.297026	7.696944	8567.316679	0.000179	1.2
17	-0.296116	8.696928	8278.829645	0.000059	1.1
18	-0.289042	8.707304	8275.938061	0.000130	1.1
19	-0.295717	8.672502	8285.644722	0.000227	1.0
20	-0.295449	9.671989	8015.646124	0.000075	1.2
21	-0.288942	9.762863	7991.967693	0.000147	1.1
22	-0.293729	9.781195	7987.208029	0.000081	1.1
23	-0.299945	10.727283	7749.034516	0.000125	1.1
24	-0.287380	11.609431	7539.408121	0.000189	1.2
25	-0.300523	12.609428	7315.084711	0.000097	1.6
26	-0.293683	12.580187	7321.454461	0.000212	1.5
27	-0.292197	12.545351	7329.057706	0.000104	1.3
28	-0.299591	13.545324	7116.905651	0.000173	2.3
29	-0.293517	13.510542	7124.078463	0.000142	1.3
30	-0.293549	14.506858	6924.178155	0.000273	1.4
31	-0.302604	14.472028	6930.976928	0.000255	1.2
32	-0.289005	15.472028	6740.941516	0.000122	1.1
33	-0.305733	15.437788	6747.275952	0.000223	1.4
34	-0.292143	15.402952	6753.732871	0.000067	1.3
35	-0.292606	16.402902	6573.174783	0.000194	1.0
36	-0.296629	16.368138	6579.289819	0.000107	1.1
37	-0.300614	16.333305	6585.428544	0.000100	1.1
38	-0.303186	17.325183	6414.993742	0.000298	1.2
39	-0.297972	18.325047	6251.888481	0.000143	1.1
40	-0.301941	19.325047	6096.851131	0.000118	1.2
41	-0.294670	20.138277	5976.327388	0.000083	1.3
42	-0.294474	20.103484	5981.386205	0.000100	1.3
43	-0.296187	20.960739	5859.186921	0.000116	1.2
44	-0.294819	20.983672	5855.986304	0.000091	1.2
45	-0.297880	20.948839	5860.848985	0.000100	1.2
46	-0.298119	21.190956	5827.215880	0.000066	1.3
47	-0.303517	21.156331	5832.002083	0.000177	1.6
48	-0.307582	22.153549	5697.232722	0.000116	1.2
49	-0.297234	22.118814	5701.822204	0.000076	1.1
50	-0.293570	22.084053	5706.422503	0.000129	1.3
51	-0.293726	22.714063	5624.181228	0.000201	1.2
52	-0.303488	22.736657	5621.275765	0.000142	1.1
53	-0.288760	23.736657	5495.623199	0.000155	1.2
54	-0.292893	23.701824	5499.905586	0.000043	1.4
55	-0.298713	23.667846	5504.089282	0.000069	1.2
56	-0.297466	23.638823	5507.667892	0.000169	1.4
57	-0.297257	23.654085	5505.785438	0.000110	1.2
58	-0.302797	24.497922	5403.671216	0.000251	1.4
59	-0.296319	25.497917	5287.458627	0.000147	1.1
60	-0.288611	26.497231	5176.213510	0.000079	1.2
61	-0.297685	26.462398	5180.012460	0.000216	1.3
62	-0.293997	26.427561	5183.817274	0.000125	1.2
63	-0.286439	27.427561	5076.774567	0.000136	1.4
64	-0.299664	27.393810	5080.315279	0.000099	1.5
65	-0.296597	27.359684	5083.900235	0.000114	1.5
66	-0.294019	28.006018	5016.849337	0.000058	1.2
67	-0.296523	27.971705	5020.364489	0.000147	1.3
68	-0.297188	27.937931	5023.829234	0.000286	1.2
69	-0.296932	27.903095	5027.407993	0.000046	1.4
70	-0.294790	28.808699	4936.001463	0.000149	1.0
71	-0.303824	28.782660	4938.583285	0.000111	1.1
72	-0.289422	28.747838	4942.040141	0.000137	1.5
73	-0.293005	28.713001	4945.503267	0.000165	1.4
74	-0.303622	28.679812	4948.807138	0.000179	1.3
75	-0.292521	29.590885	4859.685904	0.000174	1.3
76	-0.298609	30.590885	4765.489305	0.000214	1.5
77	-0.290366	31.590885	4674.874961	0.000088	1.4
78	-0.296162	32.396856	4604.312500	0.000119	1.1
79	-0.296717	32.363465	4607.193496	0.000252	2.2
80	-0.297843	33.363465	4522.445523	0.000233	1.3
81	-0.290436	33.328629	4525.345393	0.000157	1.6
82	-0.298332	33.293793	4528.248971	0.000116	1.3
83	-0.292487	33.258958	4531.156106	0.000143	1.0
84	-0.286090	34.220325	4452.270234	0.000132	1.0
85	-0.297480	34.185489	4455.080779	0.000060	1.1
86	-0.287190	34.150984	4457.868054	0.000094	1.1
87	-0.296882	34.130657	4459.511720	0.000161	1.3
88	-0.298857	34.095902	4462.324835	0.000131	1.4
89	-0.298006	35.070531	4384.759803	0.000179	1.1
90	-0.301568	35.517629	4350.072976	0.000247	1.4
91	-0.300488	36.517629	4274.442721	0.000126	1.3
92	-0.294569	36.487497	4276.683155	0.000127	1.2
93	-0.294978	37.487375	4203.570628	0.000188	1.3
94	-0.297829	37.452539	4206.075838	0.000159	1.5
95	-0.295335	37.665890	4190.779495	0.000235	1.0
96	-0.294280	38.665890	4120.542109	0.000125	1.2
97	-0.294270	39.665867	4052.621722	0.000047	1.0
98	-0.296469	39.631811	4054.898015	0.000137	1.1
99	-0.307622	39.599048	4057.090322	0.000208	1.4
100	-0.298016	40.599048	3991.227449	0.000067	1.1
101	-0.300248	40.564212	3993.485890	0.000115	1.4
102	-0.293800	40.560231	3993.744128	0.000145	1.0
103	-0.293619	41.556319	3930.151502	0.000111	1.0
104	-0.302423	41.521505	3932.339947	0.000206	1.0
105	-0.297617	41.486668	3934.532235	0.000159	1.2
106	-0.291858	42.486668	3872.558087	0.000068	1.0
107	-0.298121	42.451912	3874.679305	0.000168	1.0
108	-0.291748	42.419268	3876.673725	0.000144	0.9
109	-0.295200	42.384693	3878.788398	0.000109	1.8
110	-0.299825	43.384652	3818.546877	0.000205	1.4
111	-0.299731	43.364805	3819.724335	0.000186	1.3
112	-0.298428	43.329968	3821.792821	0.000103	1.0
113	-0.294401	43.295155	3823.862133	0.000280	1.3
114	-0.290429	44.295153	3765.299536	0.000140	1.1
115	-0.306732	45.295153	3708.503536	0.000118	1.4
116	-0.298227	45.260320	3710.453108	0.000104	1.4
117	-0.286236	45.231675	3712.057872	0.000236	1.3
118	-0.301170	45.197079	3713.997863	0.000089	1.3
119	-0.294380	45.287943	3708.906928	0.000208	1.2
120	-0.290992	45.253489	3710.835680	0.000062	1.3
121	-0.299413	45.218653	3712.787858	0.000270	1.7
122	-0.295926	45.188800	3714.462449	0.000083	1.5
123	-0.296066	45.992718	3669.888587	0.000119	1.3
124	-0.299529	45.957938	3671.794826	0.000063	1.3
125	-0.298672	46.594163	3637.234318	0.000221	1.3
126	-0.314848	46.559328	3639.109794	0.000134	1.2
127	-0.292003	47.559328	3586.030075	0.000253	1.5
128	-0.302526	47.530298	3587.549103	0.000120	1.4
129	-0.297737	47.533591	3587.376724	0.000179	1.2
130	-0.302413	47.501418	3589.061600	0.000037	1.0
131	-0.304135	48.205521	3552.546189	0.000141	1.6
132	-0.290932	48.187723	3553.460063	0.000264	1.3
133	-0.290917	48.152887	3555.250154	0.000099	1.2
134	-0.306815	49.152885	3504.571645	0.000082	1.7
135	-0.296109	49.118076	3506.311409	0.000165	1.2
136	-0.305844	49.083248	3508.053878	0.000038	1.3
137	-0.299753	49.088807	3507.775661	0.000269	1.4
138	-0.291388	49.993311	3463.084146	0.000160	1.5
139	-0.307503	49.958475	3464.784318	0.000157	1.5
140	-0.305724	49.923640	3466.486072	0.000114	1.6
141	-0.297013	50.923585	3418.291925	0.000251	1.4
142	-0.294770	50.888775	3419.947157	0.000040	1.5
143	-0.300401	50.855423	3421.534524	0.000140	1.3
144	-0.297099	51.610008	3385.976887	0.000124	1.4
145	-0.296941	52.609919	3339.982072	0.000212	1.5
146	-0.293997	52.575083	3341.563489	0.000116	1.4
147	-0.304117	52.556150	3342.423576	0.000068	1.5
148	-0.293541	52.549431	3342.728922	0.000131	1.5
149	-0.291607	52.517574	3344.177394	0.000129	1.1
150	-0.295632	53.505858	3299.818539	0.000092	1.4
151	-0.294411	54.383004	3261.422302	0.000088	1.4
152	-0.297103	54.523653	3255.348513	0.000152	1.5
153	-0.295136	54.532588	3254.963413	0.000054	1.2
154	-0.294300	54.502843	3256.245728	0.000123	1.4
155	-0.289349	54.468734	3257.717441	0.000068	1.3
156	-0.298229	54.434697	3259.187348	0.000173	1.2
157	-0.297759	54.462791	3257.974000	0.000099	1.1
158	-0.303653	54.855278	3241.116724	0.000178	1.3
159	-0.305081	54.820464	3242.604912	0.000192	1.3
160	-0.294853	55.808594	3200.889340	0.000095	1.3
161	-0.300659	55.773758	3202.341758	0.000127	1.2
162	-0.303131	56.219057	3183.874819	0.000152	1.3
163	-0.292967	56.184639	3185.294569	0.000126	1.5
164	-0.301658	56.149802	3186.732866	0.000153	1.5
165	-0.292328	57.149257	3145.977575	0.000131	1.2
166	-0.301738	58.148765	3106.249501	0.000205	1.2
167	-0.301951	59.148765	3067.493452	0.000104	1.2
168	-0.295635	59.113928	3068.827308	0.000177	1.3
169	-0.290130	59.691571	3046.858629	0.000161	1.5
170	-0.301557	59.656735	3048.174598	0.000151	2.1
171	-0.294930	59.621898	3049.491703	0.000208	1.5
172	-0.302402	60.618851	3012.242959	0.000158	1.3
173	-0.297380	60.584015	3013.529189	0.000099	1.4
174	-0.295088	61.559141	2977.935656	0.000109	1.5
175	-0.294669	61.524333	2979.191730	0.000077	1.9
176	-0.299249	61.489547	2980.448048	0.000082	1.2
177	-0.292921	62.025209	2961.218813	0.000097	1.3
178	-0.301084	62.347312	2949.774930	0.000100	1.4
179	-0.297992	62.803590	2933.714550	0.000206	1.1
180	-0.293779	63.727124	2901.736750	0.000119	1.3
181	-0.300789	63.692623	2902.918842	0.000113	1.9
182	-0.292124	63.657842	2904.111467	0.000234	1.4
183	-0.293129	63.764907	2900.443344	0.000074	1.2
184	-0.293367	64.764887	2866.625470	0.000141	1.5
185	-0.311270	64.912551	2861.698415	0.000103	1.4
186	-0.293920	64.877723	2862.858976	0.000179	1.8
187	-0.298826	65.877701	2829.906968	0.000145	1.2
188	-0.297061	65.842865	2831.042148	0.000080	1.5
189	-0.303520	65.808135	2832.174792	0.000118	1.4
190	-0.285121	66.801957	2800.117648	0.000247	1.5
191	-0.282138	67.404703	2781.026382	0.000155	1.3
192	-0.296939	68.404703	2749.920340	0.000134	1.9
193	-0.294016	68.369868	2750.992204	0.000250	1.3
194	-0.289641	68.335032	2752.064962	0.000243	1.3
195	-0.298290	69.331239	2721.714153	0.000178	1.4
196	-0.301440	70.331239	2691.913679	0.000293	1.7
197	-0.291132	70.296402	2692.940847	0.000294	1.4
198	-0.308204	70.261566	2693.968799	0.000077	1.3
199	-0.299422	71.261565	2664.769554	0.000135	1.1
