1:ItNr	2:Metric	3a:Time	3b:StepSize	4:||Gradient||	Time[ms]
0	-0.408828	0.000000	32721.972967	0.000788	25.9
1	-0.430896	0.000000	32721.972967	0.000192	1.1
2	-0.424834	0.000000	32721.972967	0.000146	1.0
3	-0.434294	0.000000	32721.972967	0.000159	1.1
4	-0.426249	1.000000	31234.610559	0.000193	0.9
5	-0.433557	2.000000	29876.584013	0.000169	1.2
6	-0.426775	3.000000	28631.726347	0.000145	1.4
7	-0.430213	4.000000	27486.457293	0.000086	1.2
8	-0.429504	5.000000	26429.285874	0.000104	1.3
9	-0.433269	6.000000	25450.423484	0.000107	1.2
10	-0.437094	7.000000	24541.479787	0.000107	1.2
11	-0.422357	8.000000	23695.221882	0.000123	1.2
12	-0.423216	9.000000	22905.381150	0.000144	1.2
13	-0.430191	8.974978	22924.501352	0.000134	1.4
14	-0.428348	9.974978	22184.403939	0.000061	1.4
15	-0.427071	10.014416	22156.194514	0.000045	1.2
16	-0.437282	9.989824	22173.776763	0.000131	1.3
17	-0.426608	10.989765	21480.665327	0.000107	1.3
18	-0.431436	11.989765	20829.534122	0.000067	1.1
19	-0.429039	12.061879	20784.100899	0.000153	1.4
20	-0.443727	12.033175	20802.161534	0.000048	1.2
21	-0.434293	12.004470	20820.253583	0.000043	1.3
22	-0.418244	12.053056	20789.648843	0.000096	1.2
23	-0.438572	13.039591	20187.123835	0.000123	1.3
24	-0.423814	14.013612	19625.551173	0.000116	1.4
25	-0.436284	13.985054	19641.571545	0.000150	1.4
26	-0.425996	14.985054	19095.745733	0.000111	1.3
27	-0.423712	15.985054	18579.435937	0.000107	1.2
28	-0.433038	16.966411	18099.193883	0.000151	1.1
29	-0.423602	17.966411	17634.711950	0.000140	1.1
30	-0.430086	18.966411	17193.473631	0.000073	1.1
31	-0.432979	19.961659	16775.722703	0.000105	1.2
32	-0.426998	20.958528	16377.157830	0.000097	1.0
33	-0.431467	20.929823	16388.369429	0.000114	1.4
34	-0.436752	21.929822	16006.621935	0.000047	1.3
35	-0.425417	21.901123	16017.329862	0.000057	1.4
36	-0.431706	22.767832	15700.147956	0.000079	1.4
37	-0.428759	22.739142	15710.446075	0.000093	1.2
38	-0.425024	22.879341	15660.249612	0.000050	1.6
39	-0.424183	23.422238	15468.861283	0.000060	1.5
40	-0.432259	24.347429	15153.261148	0.000101	1.4
41	-0.426045	24.327460	15159.936787	0.000063	1.4
42	-0.430806	25.326726	14832.937542	0.000046	1.6
43	-0.428891	25.878217	14658.437916	0.000097	1.2
44	-0.431508	26.861308	14357.347577	0.000073	1.1
45	-0.417757	26.832618	14365.959192	0.000047	1.2
46	-0.428788	26.858240	14358.267951	0.000105	1.0
47	-0.418637	26.960305	14327.711773	0.000061	1.1
48	-0.426158	26.937040	14334.665414	0.000071	1.3
49	-0.427224	27.849115	14067.019143	0.000065	1.4
50	-0.433334	28.809867	13795.689048	0.000083	1.4
51	-0.421921	28.873270	13778.150819	0.000056	1.1
52	-0.431850	28.966468	13752.451493	0.000093	1.4
53	-0.425416	29.966180	13482.694428	0.000132	1.4
54	-0.430397	30.966176	13223.244106	0.000048	1.3
55	-0.423526	31.550120	13076.305764	0.000054	1.2
56	-0.430846	32.416841	12864.134570	0.000066	1.2
57	-0.431501	32.448018	12856.630804	0.000141	1.4
58	-0.414972	33.448014	12620.505052	0.000076	1.3
59	-0.423727	34.448014	12392.895366	0.000108	1.0
60	-0.429261	34.419314	12399.313101	0.000082	1.3
61	-0.425711	35.416506	12180.148606	0.000123	1.7
62	-0.435571	36.416499	11968.013379	0.000146	1.3
63	-0.426109	37.416499	11763.139527	0.000141	1.3
64	-0.432989	37.387795	11768.922528	0.000061	1.2
65	-0.436352	38.387708	11570.768694	0.000118	1.4
66	-0.425491	38.359003	11576.364050	0.000093	1.2
67	-0.426140	38.330299	11581.964820	0.000055	1.2
68	-0.426277	38.301597	11587.570413	0.000100	1.4
69	-0.422722	38.398384	11568.688959	0.000074	1.5
70	-0.431939	38.369685	11574.281254	0.000070	1.3
71	-0.424014	38.343868	11579.316505	0.000078	1.3
72	-0.429430	39.235680	11407.880306	0.000004	1.2
73	-0.437429	39.227308	11409.466137	0.000092	1.3
74	-0.422479	39.219649	11410.917320	0.000188	1.2
75	-0.430836	40.219649	11224.524269	0.000090	1.3
76	-0.422236	41.219649	11044.122667	0.000106	1.3
77	-0.431861	42.219647	10869.428574	0.000085	1.2
78	-0.435943	42.191438	10874.280626	0.000050	1.5
79	-0.427893	42.403017	10837.992651	0.000107	1.2
80	-0.437203	42.638071	10797.961287	0.000096	1.1
81	-0.428425	42.733147	10781.853229	0.000061	1.2
82	-0.433471	43.519281	10650.481804	0.000164	1.3
83	-0.429217	44.519281	10487.926881	0.000050	1.3
84	-0.429868	44.490577	10492.523758	0.000101	1.1
85	-0.431959	45.487947	10335.127852	0.000083	1.5
86	-0.434157	46.371964	10199.516056	0.000069	1.2
87	-0.428869	46.343260	10203.863477	0.000079	1.2
88	-0.425976	46.315206	10208.116048	0.000036	1.2
89	-0.432776	47.276365	10064.411540	0.000104	1.3
90	-0.429352	47.360290	10052.055578	0.000029	1.3
91	-0.431339	47.331654	10056.268079	0.000068	1.3
92	-0.441108	47.512475	10029.727229	0.000083	1.2
93	-0.428034	48.509132	9885.915920	0.000089	1.1
94	-0.419765	48.480427	9890.000086	0.000109	1.2
95	-0.419526	49.040592	9810.902647	0.000070	1.2
96	-0.426168	49.011898	9814.923597	0.000147	1.1
97	-0.424095	50.011897	9676.708536	0.000123	1.1
98	-0.427435	49.983218	9680.618175	0.000063	1.1
99	-0.435641	50.979242	9546.661192	0.000208	1.2
100	-0.425551	50.950540	9550.469476	0.000034	1.0
101	-0.429792	51.444221	9485.386422	0.000088	1.0
102	-0.436374	51.522494	9475.148985	0.000193	1.0
103	-0.426420	52.411235	9360.439650	0.000196	1.0
104	-0.430828	52.382530	9364.101122	0.000122	1.1
105	-0.426748	53.063913	9277.952032	0.000074	1.0
106	-0.429045	53.867902	9178.318315	0.000102	1.4
107	-0.440957	53.839197	9181.838663	0.000117	1.2
108	-0.433963	53.812555	9185.108455	0.000195	1.0
109	-0.434749	54.812163	9063.999837	0.000089	1.0
110	-0.423753	55.812163	8945.997694	0.000047	1.1
111	-0.434263	56.112937	8911.104443	0.000076	1.1
112	-0.410135	56.093586	8913.341163	0.000265	1.1
113	-0.425484	57.093586	8799.204501	0.000096	1.2
114	-0.426418	58.093586	8687.953957	0.000025	1.3
115	-0.436057	58.066156	8690.968014	0.000069	1.0
116	-0.422660	58.044060	8693.397521	0.000114	1.2
117	-0.422672	58.015355	8696.555652	0.000152	1.1
118	-0.421419	57.986650	8699.716079	0.000073	1.0
119	-0.431705	58.986650	8590.951480	0.000088	1.0
120	-0.429174	58.957946	8594.035562	0.000062	1.3
121	-0.431946	59.944285	8489.313724	0.000134	1.1
122	-0.436192	60.944285	8385.715145	0.000079	1.0
123	-0.429813	60.915580	8388.653642	0.000066	1.0
124	-0.432955	60.886913	8391.590427	0.000032	1.0
125	-0.422603	60.952175	8384.907806	0.000128	1.0
126	-0.420119	61.799757	8299.075504	0.000109	1.0
127	-0.433030	61.771052	8301.953587	0.000062	1.1
128	-0.430000	62.771048	8202.851086	0.000092	1.2
129	-0.440569	63.754134	8107.704014	0.000120	1.2
130	-0.430029	64.754134	8013.158090	0.000136	1.3
131	-0.433953	64.736056	8014.847742	0.000108	1.2
132	-0.414320	64.707358	8017.531341	0.000093	1.2
133	-0.422503	64.678654	8020.217428	0.000106	1.7
134	-0.428720	65.677316	7927.811610	0.000053	1.1
135	-0.427526	66.677233	7837.398692	0.000068	1.2
136	-0.435070	66.656297	7839.270565	0.000048	1.4
137	-0.430414	67.021449	7806.749874	0.000083	1.3
138	-0.425516	67.682024	7748.598927	0.000060	1.2
139	-0.431409	68.678655	7662.485942	0.000033	1.1
140	-0.419389	68.998789	7635.229796	0.000108	1.2
141	-0.435649	69.900336	7559.503750	0.000159	1.1
142	-0.430824	70.900336	7477.246121	0.000120	1.3
143	-0.416319	71.900336	7396.759371	0.000089	1.4
144	-0.437478	71.871632	7399.045504	0.000043	0.9
145	-0.426969	71.914740	7395.612689	0.000081	0.9
146	-0.428770	71.886995	7397.821751	0.000087	1.0
147	-0.440110	72.886557	7319.060945	0.000050	0.9
148	-0.425086	72.858107	7321.279483	0.000102	1.1
149	-0.420967	72.830109	7323.464071	0.000174	1.5
150	-0.427624	72.801404	7325.705161	0.000066	1.2
151	-0.426756	73.801403	7248.431061	0.000135	1.1
152	-0.421103	73.772698	7250.626457	0.000049	1.1
153	-0.429894	74.485788	7196.478656	0.000078	1.1
154	-0.415969	74.458808	7198.512586	0.000052	1.0
155	-0.432543	74.438712	7200.028381	0.000119	1.0
156	-0.425456	74.530079	7193.142075	0.000077	1.5
157	-0.443961	75.530079	7118.625019	0.000099	1.1
158	-0.431004	76.530069	7045.636701	0.000061	1.0
159	-0.427461	76.501365	7047.710896	0.000030	1.1
160	-0.437732	76.628503	7038.532891	0.000197	1.1
161	-0.432484	77.627287	6967.254743	0.000178	1.1
162	-0.428272	78.627287	6897.321546	0.000082	1.4
163	-0.431192	79.627287	6828.778295	0.000013	1.4
164	-0.429068	79.605054	6830.287369	0.000081	1.2
165	-0.425924	79.588734	6831.395557	0.000019	1.1
166	-0.431868	79.576310	6832.239422	0.000155	1.2
167	-0.438096	80.090911	6797.460070	0.000110	1.2
168	-0.427151	81.090911	6730.877648	0.000049	1.2
169	-0.427389	82.060894	6667.528320	0.000107	1.5
170	-0.425817	82.850184	6616.853308	0.000074	1.4
171	-0.425592	83.850163	6553.746898	0.000077	1.2
172	-0.437650	83.852287	6553.614138	0.000149	1.1
173	-0.432613	84.852283	6491.701566	0.000094	1.3
174	-0.427094	84.823579	6493.462439	0.000126	1.0
175	-0.434749	85.823579	6432.675649	0.000080	1.2
176	-0.438062	86.823579	6373.016382	0.000105	1.4
177	-0.412325	86.794876	6374.713353	0.000121	1.5
178	-0.430572	87.609860	6326.878925	0.000100	1.2
179	-0.426688	87.581155	6328.551506	0.000060	1.1
180	-0.430913	87.871538	6311.671921	0.000069	0.9
181	-0.437506	87.852916	6312.751710	0.000041	0.9
182	-0.423831	88.337216	6284.789925	0.000130	1.1
183	-0.428241	88.323844	6285.558648	0.000053	1.2
184	-0.432170	89.318725	6228.873929	0.000057	1.3
185	-0.436565	89.474589	6220.085904	0.000089	1.1
186	-0.439694	89.473562	6220.143707	0.000042	1.4
187	-0.430110	89.444888	6221.758622	0.000049	1.1
188	-0.432273	89.589863	6213.602324	0.000079	1.2
189	-0.425772	90.482706	6163.838805	0.000085	1.2
190	-0.422038	90.454002	6165.426282	0.000052	1.4
191	-0.431709	90.425300	6167.014412	0.000094	1.5
192	-0.427689	90.396596	6168.603505	0.000039	1.5
193	-0.425845	90.369498	6170.104419	0.000127	1.2
194	-0.429607	91.079979	6130.991790	0.000067	0.9
195	-0.428759	91.051275	6132.562391	0.000028	1.0
196	-0.426612	91.024670	6134.018812	0.000054	1.0
197	-0.427040	91.059853	6132.092915	0.000088	1.0
198	-0.436408	91.948660	6083.838721	0.000066	1.1
199	-0.424563	92.832793	6036.585870	0.000078	1.4
