1:ItNr	2:Metric	3a:Time	3b:StepSize	4:||Gradient||	Time[ms]
0	-0.992335	0.000000	62540.506456	0.001093	18.2
1	-1.059454	0.000000	62540.506456	0.000617	1.0
2	-1.094904	0.000000	62540.506456	0.000235	1.0
3	-1.083189	1.000000	59697.756163	0.000193	1.0
4	-1.105986	2.000000	57102.201547	0.000081	1.0
5	-1.096261	1.988085	57131.798407	0.000086	1.0
6	-1.109020	1.976170	57161.425964	0.000040	1.0
7	-1.105237	1.964255	57191.084266	0.000058	1.1
8	-1.097181	1.952340	57220.773360	0.000067	1.2
9	-1.103065	2.268373	56443.595199	0.000047	1.0
10	-1.100556	2.256458	56472.513094	0.000086	1.2
11	-1.106846	3.256458	54144.369688	0.000019	1.1
12	-1.105689	3.244543	54170.979076	0.000016	1.0
13	-1.094763	3.585971	53418.700006	0.000044	1.1
14	-1.111443	3.574494	53443.649895	0.000032	1.3
15	-1.105275	3.562579	53469.574681	0.000015	1.2
16	-1.109707	4.363119	51781.905296	0.000070	1.2
17	-1.100747	5.363005	49817.941409	0.000086	1.0
18	-1.100431	6.363005	47997.310177	0.000059	1.0
19	-1.094913	6.351090	48018.219397	0.000085	1.3
20	-1.104691	7.351090	46324.520158	0.000080	1.1
21	-1.103228	8.351090	44746.230550	0.000013	0.9
22	-1.096383	9.351038	43272.017401	0.000034	1.1
23	-1.106116	9.339147	43288.976818	0.000053	1.2
24	-1.106858	10.339147	41907.670024	0.000066	1.5
25	-1.112699	11.339147	40611.789527	0.000027	1.1
26	-1.102964	11.327232	40626.758058	0.000040	1.1
27	-1.109392	11.315317	40641.737627	0.000044	1.1
28	-1.100917	11.307283	40651.844539	0.000028	1.1
29	-1.113277	11.295368	40666.842617	0.000044	1.1
30	-1.109814	11.283453	40681.851765	0.000054	1.1
31	-1.101218	12.283433	39459.590339	0.000053	1.0
32	-1.104644	12.271518	39473.721425	0.000061	1.2
33	-1.107590	12.259603	39487.862635	0.000079	1.2
34	-1.104839	12.247688	39502.013865	0.000083	1.2
35	-1.100415	12.235773	39516.175358	0.000064	1.0
36	-1.107699	13.196256	38406.269881	0.000067	1.1
37	-1.116292	13.184341	38419.656488	0.000098	1.1
38	-1.101724	13.172426	38433.052429	0.000053	1.0
39	-1.111656	13.160511	38446.457716	0.000059	1.1
40	-1.116191	13.148596	38459.872357	0.000884	1.2
41	-1.106245	14.148596	37365.664424	0.000515	1.3
42	-1.109748	15.148596	36331.995935	0.000065	1.1
43	-1.101444	16.148596	35353.977919	0.000071	1.3
44	-1.107859	17.130640	34443.446247	0.000063	1.2
45	-1.108250	17.311519	34280.828743	0.000057	1.1
46	-1.105277	18.310763	33409.441261	0.000092	1.1
47	-1.103974	18.298848	33419.570690	0.000078	1.1
48	-1.104298	18.286933	33429.706264	0.000047	1.1
49	-1.107907	18.275018	33439.847987	0.000058	1.1
50	-1.109220	18.263103	33449.995865	0.000064	1.1
51	-1.105856	18.251188	33460.149904	0.000102	1.1
52	-1.097903	19.251188	32628.866369	0.000025	1.1
53	-1.098953	20.250620	31838.324394	0.000060	1.1
54	-1.105027	20.380475	31738.413535	0.000078	1.2
55	-1.101206	21.380475	30989.521189	0.000069	1.2
56	-1.107164	22.380475	30275.155543	0.000031	1.0
57	-1.109539	22.368578	30283.460971	0.000043	1.1
58	-1.116579	23.367731	29601.483128	0.000041	1.0
59	-1.107612	24.367731	28949.004470	0.000042	1.1
60	-1.106987	24.355816	28956.609418	0.000024	1.2
61	-1.100421	24.343909	28964.212658	0.000047	1.2
62	-1.111901	24.331996	28971.824289	0.000049	0.9
63	-1.110623	24.320081	28979.441232	0.000050	1.2
64	-1.107059	24.308166	28987.062182	0.000030	0.7
65	-1.112887	24.296786	28994.344841	0.000035	1.1
66	-1.113675	24.284927	29001.938097	0.000026	1.1
67	-1.112456	24.273012	29009.570857	0.000058	0.9
68	-1.110613	24.264890	29014.776114	0.000085	1.1
69	-1.107375	25.264890	28387.631504	0.000042	1.0
70	-1.110708	26.216827	27815.309285	0.000035	1.3
71	-1.114753	27.200527	27247.640680	0.000088	1.0
72	-1.110478	28.200478	26693.859501	0.000028	1.1
73	-1.109586	28.188563	26700.325607	0.000091	1.2
74	-1.111297	28.176648	26706.794837	0.000055	1.3
75	-1.111023	28.164732	26713.267212	0.000067	0.9
76	-1.114823	28.152817	26719.742725	0.000100	1.2
77	-1.101990	28.140902	26726.221378	0.000988	1.1
78	-1.102473	29.140902	26193.199033	0.000284	1.6
79	-1.107386	30.140902	25681.021933	0.000133	1.3
80	-1.106261	30.128987	25687.006610	0.000072	1.0
81	-1.103323	30.117072	25692.994077	0.000033	1.0
82	-1.099986	30.105223	25698.951162	0.000027	1.2
83	-1.107922	30.791240	25358.547691	0.000059	0.9
84	-1.107172	30.779325	25364.382996	0.000015	1.1
85	-1.099275	30.767411	25370.220365	0.000029	1.0
86	-1.104057	30.757453	25375.101705	0.000075	1.1
87	-1.105182	30.745538	25380.944632	0.000026	1.0
88	-1.100644	31.745538	24899.748580	0.000065	1.0
89	-1.104255	31.733623	24905.374622	0.000026	1.0
90	-1.098840	31.721708	24911.003206	0.000026	0.9
91	-1.104082	31.709798	24916.631954	0.000058	1.1
92	-1.105524	32.709694	24452.766887	0.000055	1.2
93	-1.101121	33.709694	24005.811970	0.000044	1.2
94	-1.106129	34.709694	23574.903064	0.000050	1.1
95	-1.100680	34.697779	23579.946281	0.000028	1.2
96	-1.105172	34.685865	23584.991064	0.000028	1.1
97	-1.109430	34.805158	23534.574376	0.000050	1.1
98	-1.098548	34.793666	23539.421865	0.000078	1.1
99	-1.103389	34.781751	23544.449911	0.000016	1.1
100	-1.107352	35.780897	23130.149464	0.000046	1.1
101	-1.101303	35.769067	23134.969430	0.000063	1.0
102	-1.106214	35.757152	23139.826159	0.000044	1.2
103	-1.111460	35.745237	23144.684928	0.000028	1.1
104	-1.109034	35.733323	23149.545581	0.000047	1.1
105	-1.114954	35.721407	23154.408433	0.000056	1.2
106	-1.104468	35.709492	23159.273329	0.000031	1.1
107	-1.104686	35.700246	23163.049987	0.000055	1.1
108	-1.108740	35.688392	23167.893444	0.000028	1.3
109	-1.107190	35.676477	23172.764008	0.000070	1.6
110	-1.107255	35.664931	23177.485986	0.000050	1.7
111	-1.118258	36.633292	22788.055086	0.000039	1.2
112	-1.111745	37.627120	22401.759544	0.000027	1.0
113	-1.109087	37.618319	22405.122927	0.000030	1.0
114	-1.109228	37.606404	22409.678018	0.000051	0.9
115	-1.110125	37.594489	22414.234970	0.000065	1.0
116	-1.106940	37.582574	22418.793775	0.000075	1.3
117	-1.103704	37.570659	22423.354436	0.000122	1.0
118	-1.103341	37.558743	22427.916952	0.000096	1.1
119	-1.112265	37.546828	22432.481325	0.000787	1.0
120	-1.099718	38.546828	22055.761323	0.000152	1.0
121	-1.105036	39.546828	21691.485243	0.000124	1.0
122	-1.114475	39.534913	21695.754762	0.000101	1.0
123	-1.108895	39.522998	21700.025962	0.000040	1.2
124	-1.108990	39.511083	21704.298844	0.000042	1.2
125	-1.096700	39.499168	21708.573409	0.000042	0.9
126	-1.107123	39.498151	21708.938578	0.000112	1.3
127	-1.101844	39.486236	21713.214971	0.000102	1.0
128	-1.112486	40.486236	21360.075528	0.000063	1.1
129	-1.104628	40.474321	21364.215569	0.000063	1.1
130	-1.104344	40.462405	21368.357215	0.000058	1.1
131	-1.096625	40.450493	21372.499437	0.000045	1.1
132	-1.111552	40.438578	21376.644295	0.000069	1.2
133	-1.099466	40.427671	21380.439866	0.000101	1.2
134	-1.105318	40.415757	21384.587736	0.000039	1.3
135	-1.103880	40.625602	21311.769782	0.000027	1.1
136	-1.105817	40.613711	21315.882726	0.000061	1.0
137	-1.119037	40.601796	21320.005652	0.000048	1.0
138	-1.104849	40.589881	21324.130173	0.000126	1.1
139	-1.104249	40.636333	21308.059158	0.000083	1.3
140	-1.100204	40.624418	21312.179058	0.000868	1.1
141	-1.108172	41.624418	20971.861660	0.000127	1.2
142	-1.107816	42.624418	20642.241960	0.000193	1.0
143	-1.108349	42.612503	20646.108388	0.000079	1.2
144	-1.102472	42.600588	20649.976265	0.000088	1.0
145	-1.107018	43.600588	20330.320100	0.000051	1.0
146	-1.109444	43.588673	20334.070551	0.000035	1.1
147	-1.100587	43.576775	20337.817061	0.000058	1.0
148	-1.102991	44.576363	20027.805249	0.000031	1.1
149	-1.108030	45.576363	19726.980689	0.000102	1.0
150	-1.109871	46.343799	19502.176261	0.000048	1.0
151	-1.113891	47.343799	19216.822263	0.000031	1.2
152	-1.119043	47.661108	19128.014058	0.000024	1.1
153	-1.103134	47.649377	19131.282596	0.000045	1.3
154	-1.107017	48.153419	18991.839407	0.000038	1.2
155	-1.106799	49.153419	18721.120797	0.000067	1.2
156	-1.107573	49.141504	18724.300982	0.000042	0.8
157	-1.111332	49.129589	18727.482247	0.000057	1.1
158	-1.113875	49.117674	18730.664594	0.000060	1.1
159	-1.108663	49.105759	18733.848022	0.000052	1.0
160	-1.096626	49.093844	18737.032533	0.000067	1.0
161	-1.119822	49.081954	18740.211488	0.000074	1.0
162	-1.108466	50.081954	18476.569164	0.000071	1.1
163	-1.106245	50.070039	18479.666800	0.000036	1.0
164	-1.108808	51.069333	18223.432603	0.000060	1.0
165	-1.117329	51.057418	18226.445936	0.000125	1.1
166	-1.108814	51.045503	18229.460265	0.000031	1.3
167	-1.103598	51.033588	18232.475592	0.000053	1.3
168	-1.110510	51.021673	18235.491895	0.000049	1.1
169	-1.104614	51.009758	18238.509194	0.000038	1.2
170	-1.103149	50.997843	18241.527514	0.000065	1.1
171	-1.110975	50.986046	18244.516822	0.000052	1.2
172	-1.104875	50.974131	18247.537132	0.000064	1.1
173	-1.101542	50.962216	18250.558442	0.000084	1.2
174	-1.106374	50.950301	18253.580753	0.000065	1.3
175	-1.109094	50.938386	18256.604065	0.000070	1.5
176	-1.110512	50.926471	18259.628379	0.000090	1.2
177	-1.103057	50.914556	18262.653694	0.000746	1.3
178	-1.101828	51.914556	18012.187194	0.000130	1.5
179	-1.100784	52.914556	17768.497885	0.000126	1.2
180	-1.105721	52.902641	17771.362632	0.000048	1.3
181	-1.105003	52.890726	17774.228303	0.000063	1.3
182	-1.109156	52.878811	17777.094898	0.000048	1.4
183	-1.111800	52.866896	17779.962419	0.000055	1.2
184	-1.102314	52.854981	17782.830864	0.000052	1.3
185	-1.103181	52.843066	17785.700236	0.000092	1.3
186	-1.109774	52.831151	17788.570533	0.000041	1.3
187	-1.112670	52.819236	17791.441757	0.000081	1.1
188	-1.111406	53.733507	17573.785658	0.000082	1.1
189	-1.108490	53.721592	17576.587959	0.000047	1.2
190	-1.104766	53.709677	17579.391154	0.000056	1.2
191	-1.104533	53.697762	17582.195243	0.000053	1.4
192	-1.106622	53.685847	17585.000227	0.000107	1.3
193	-1.114164	53.673932	17587.806106	0.000067	1.1
194	-1.116536	53.673597	17587.884940	0.000759	1.2
195	-1.118726	54.673597	17355.467220	0.000151	1.1
196	-1.104350	55.673597	17129.112022	0.000105	1.1
197	-1.107846	55.661682	17131.774292	0.000037	1.1
198	-1.109615	55.649767	17134.437390	0.000068	1.0
199	-1.105820	55.637871	17137.096975	0.000046	1.2
