1:ItNr	2:Metric	3a:Time	3b:StepSize	4:||Gradient||	Time[ms]
0	-0.103610	0.000000	3347.665793	0.000274	144.8
1	-0.110283	0.000000	3347.665793	0.000441	1.4
2	-0.113900	0.000000	3347.665793	0.000585	1.7
3	-0.107341	1.000000	3195.499166	0.000148	1.4
4	-0.112146	0.079674	3335.012697	0.000255	1.4
5	-0.109512	0.000000	3347.665793	0.000217	1.3
6	-0.106731	0.918243	3207.418642	0.000282	1.4
7	-0.108001	0.229357	3311.498364	0.000235	1.9
8	-0.109595	0.000000	3347.665793	0.000095	1.4
9	-0.107065	0.226526	3311.940101	0.000209	1.4
10	-0.109258	1.160331	3172.379565	0.000274	1.7
11	-0.111061	2.160227	3035.418498	0.000436	1.7
12	-0.107600	1.239830	3161.039551	0.000348	2.0
13	-0.108440	2.239829	3025.021510	0.000202	1.3
14	-0.102758	3.183528	2906.977901	0.000303	1.3
15	-0.105262	3.848603	2829.172427	0.000101	1.3
16	-0.107066	2.970680	2932.790430	0.000291	1.5
17	-0.110293	2.087819	3044.938168	0.000205	1.3
18	-0.102927	2.797662	2954.112933	0.000257	1.8
19	-0.105423	3.735777	2842.076920	0.000415	1.1
20	-0.104193	4.735759	2731.645911	0.000148	1.3
21	-0.111184	3.816083	2832.879863	0.000403	1.3
22	-0.107771	2.895942	2941.963218	0.000406	1.7
23	-0.108145	1.975544	3059.817874	0.000428	1.5
24	-0.107547	2.975544	2932.195418	0.000317	1.4
25	-0.108928	2.513859	2989.767886	0.000291	1.4
26	-0.109364	3.416537	2879.236396	0.000377	1.4
27	-0.108307	2.496416	2991.987431	0.000219	1.2
28	-0.108344	1.576021	3113.966929	0.000291	1.3
29	-0.109013	0.656746	3246.147020	0.000371	1.2
30	-0.108874	0.000000	3347.665793	0.000128	1.6
31	-0.107004	0.000000	3347.665793	0.000138	1.6
32	-0.108915	0.000000	3347.665793	0.000500	1.3
33	-0.105353	0.000000	3347.665793	0.000697	1.5
34	-0.111492	0.000000	3347.665793	0.000498	1.3
35	-0.110813	0.000000	3347.665793	0.000439	1.5
36	-0.118263	0.985117	3197.662410	0.000189	1.1
37	-0.104049	0.065125	3337.316166	0.000249	1.1
38	-0.107133	1.029003	3191.292029	0.000333	1.3
39	-0.111682	1.362325	3143.724238	0.000191	1.2
40	-0.106951	0.441955	3278.664725	0.000126	1.4
41	-0.108907	1.409255	3137.140478	0.000268	1.4
42	-0.106755	1.105326	3180.273428	0.000256	1.9
43	-0.113842	0.246663	3308.801039	0.000139	1.3
44	-0.108825	0.000000	3347.665793	0.000147	1.4
45	-0.112226	0.000000	3347.665793	0.000288	1.6
46	-0.110036	0.994184	3196.344169	0.000375	1.3
47	-0.107701	0.074387	3335.849392	0.000288	1.5
48	-0.111308	1.072992	3184.932194	0.000222	1.6
49	-0.108439	2.060309	3048.570618	0.000489	1.9
50	-0.107330	3.027114	2925.901983	0.000382	1.5
51	-0.109835	2.612199	2977.316207	0.000221	1.4
52	-0.111707	3.612194	2856.347606	0.000166	1.5
53	-0.108201	2.698444	2966.480876	0.000285	2.2
54	-0.101213	3.581509	2859.913229	0.000339	1.3
55	-0.107272	2.661275	2971.140951	0.000244	1.8
56	-0.104886	1.740891	3091.390774	0.000238	1.4
57	-0.108747	2.700650	2966.204791	0.000268	1.5
58	-0.103990	1.787562	3085.059416	0.000562	1.4
59	-0.106550	2.786734	2955.470149	0.000397	1.2
60	-0.107561	1.866564	3074.400693	0.000428	1.4
61	-0.114725	0.946225	3203.329155	0.000158	1.2
62	-0.112462	0.026365	3343.468118	0.000157	1.3
63	-0.105637	0.304134	3299.875106	0.000351	1.1
64	-0.107588	0.744288	3233.078077	0.000229	1.5
65	-0.105438	0.000000	3347.665793	0.000489	1.2
66	-0.107129	0.000000	3347.665793	0.000245	1.1
67	-0.112500	0.999909	3195.512453	0.000207	1.3
68	-0.107950	0.127563	3327.453398	0.000240	1.4
69	-0.107713	0.000000	3347.665793	0.000217	1.2
70	-0.104881	0.703242	3239.192706	0.000377	1.0
71	-0.105258	1.703227	3096.519382	0.000299	1.2
72	-0.107184	2.701889	2966.049679	0.000262	1.2
73	-0.110183	3.701874	2845.977641	0.000281	1.0
74	-0.110129	2.782792	2955.959985	0.000226	1.1
75	-0.110987	1.869862	3073.957361	0.000215	1.0
76	-0.105990	1.016505	3193.103634	0.000324	1.1
77	-0.112225	0.096118	3332.413212	0.000377	0.9
78	-0.109428	1.096118	3181.598791	0.000160	1.1
79	-0.104328	1.609395	3109.370380	0.000165	1.2
80	-0.107300	1.428120	3134.501824	0.000249	1.0
81	-0.105263	0.533167	3264.776679	0.000164	1.1
82	-0.108670	0.346533	3293.320877	0.000188	1.1
83	-0.110795	1.321425	3149.484524	0.000281	1.0
84	-0.110889	0.401382	3284.880440	0.000671	1.3
85	-0.112225	1.272603	3156.388268	0.000306	1.5
86	-0.104126	2.174017	3033.612185	0.000370	1.4
87	-0.112819	3.173158	2908.224936	0.000544	1.1
88	-0.108780	2.481200	2993.926219	0.000144	1.1
89	-0.111246	1.566274	3115.311830	0.000364	1.2
90	-0.109156	2.565849	2983.172036	0.000336	1.3
91	-0.107532	1.645452	3104.419490	0.000104	1.2
92	-0.108802	0.837245	3219.315500	0.000424	1.4
93	-0.112294	1.449220	3131.555659	0.000175	1.2
94	-0.116251	0.535580	3264.410892	0.000192	1.2
95	-0.105005	1.521622	3121.488435	0.000152	1.4
96	-0.108867	2.463841	2996.141287	0.000196	1.4
97	-0.107577	3.398796	2881.329907	0.000266	1.1
98	-0.113097	4.148849	2795.395634	0.000441	1.3
99	-0.111217	3.228451	2901.587912	0.000198	1.3
100	-0.108263	2.308055	3016.166841	0.000374	1.2
101	-0.110193	3.308042	2892.087346	0.000164	1.0
102	-0.107465	2.530259	2987.684176	0.000251	1.0
103	-0.106069	3.517243	2867.409738	0.000103	1.1
104	-0.107393	2.752167	2959.771287	0.000239	1.2
105	-0.110145	1.856790	3075.715485	0.000187	1.3
106	-0.104104	0.943293	3203.757144	0.000102	1.5
107	-0.106639	0.389335	3286.730626	0.000089	1.2
108	-0.109813	0.586151	3256.763133	0.000393	1.5
109	-0.112603	0.000000	3347.665793	0.000640	1.3
110	-0.108699	0.000000	3347.665793	0.000520	1.2
111	-0.104099	1.000000	3195.499166	0.000151	1.4
112	-0.105184	0.857606	3216.316563	0.000461	1.2
113	-0.107711	0.000000	3347.665793	0.000184	1.3
114	-0.104935	0.000000	3347.665793	0.000082	1.3
115	-0.109749	0.000000	3347.665793	0.000285	1.0
116	-0.111155	0.940282	3204.196865	0.000199	1.1
117	-0.108302	0.873942	3213.914562	0.000233	1.3
118	-0.105825	1.867868	3074.225463	0.000072	1.1
119	-0.106326	1.081099	3183.762779	0.000289	1.6
120	-0.109468	2.032113	3052.302720	0.000353	1.1
121	-0.106235	3.031044	2925.423547	0.000206	1.2
122	-0.113440	2.640972	2973.692526	0.000362	1.1
123	-0.108913	3.635202	2853.679943	0.000216	1.3
124	-0.107650	2.718951	2963.916110	0.000185	1.4
125	-0.103554	3.661392	2850.649364	0.000257	1.5
126	-0.106695	4.656154	2740.121557	0.000401	1.3
127	-0.111435	3.736615	2841.980706	0.000190	1.4
128	-0.106452	2.821537	2951.152202	0.000166	1.2
129	-0.106389	1.923151	3066.811483	0.000306	1.3
130	-0.111832	2.922823	2938.657397	0.000250	1.2
131	-0.110135	3.316233	2891.113188	0.000212	1.3
132	-0.105930	4.304579	2778.192087	0.000054	1.5
133	-0.114131	5.029597	2700.809491	0.000234	1.4
134	-0.111718	4.515673	2755.207848	0.000206	1.5
135	-0.101114	5.515200	2651.346454	0.000173	1.3
136	-0.107876	6.333869	2571.936742	0.000125	1.3
137	-0.111301	7.184241	2494.336556	0.000281	1.3
138	-0.107616	7.502083	2466.520876	0.000380	1.4
139	-0.109103	6.581685	2548.828340	0.000131	1.3
140	-0.106415	5.662374	2636.711232	0.000119	1.3
141	-0.106373	6.414863	2564.338271	0.000365	1.1
142	-0.106699	5.552717	2647.600296	0.000149	1.2
143	-0.106784	4.700718	2735.370359	0.000433	1.1
144	-0.107537	3.782272	2836.744835	0.000165	1.4
145	-0.104009	2.861922	2946.157597	0.000260	1.1
146	-0.107289	3.832057	2831.057519	0.000263	1.2
147	-0.114790	2.925641	2938.311368	0.000174	1.1
148	-0.108253	2.033929	3052.062089	0.000227	1.2
149	-0.107801	2.450841	2997.802215	0.000131	1.4
150	-0.106540	1.546116	3118.097269	0.000224	1.4
151	-0.107506	0.649294	3247.264407	0.000137	1.4
152	-0.111212	0.000000	3347.665793	0.000369	1.3
153	-0.110738	0.000000	3347.665793	0.000257	1.1
154	-0.107782	0.000000	3347.665793	0.000217	1.0
155	-0.106430	0.724287	3236.054698	0.000236	1.0
156	-0.105788	0.000000	3347.665793	0.000323	1.0
157	-0.110652	0.000000	3347.665793	0.000166	1.0
158	-0.108909	0.000000	3347.665793	0.000391	1.6
159	-0.107529	0.897732	3210.422931	0.000469	1.2
160	-0.106897	0.000000	3347.665793	0.000474	1.3
161	-0.104482	0.999557	3195.563468	0.000279	1.3
162	-0.101422	1.999557	3056.623254	0.000356	1.1
163	-0.111438	2.999508	2929.267609	0.000203	1.2
164	-0.107898	2.079252	3046.068508	0.000138	1.2
165	-0.107654	2.125332	3039.998848	0.000225	1.6
166	-0.104299	1.218753	3164.038148	0.000224	1.3
167	-0.105484	0.574774	3258.480613	0.000159	1.0
168	-0.108181	0.564492	3260.034272	0.000241	2.5
169	-0.105493	1.148475	3174.077676	0.000144	1.5
170	-0.109484	0.233985	3310.776611	0.000337	1.7
171	-0.099765	0.000000	3347.665793	0.000240	1.4
172	-0.106111	0.000000	3347.665793	0.000201	1.4
173	-0.110204	0.970367	3199.809163	0.000306	1.3
174	-0.105170	0.050721	3339.599632	0.000159	1.2
175	-0.111984	1.036275	3190.238879	0.000181	1.2
176	-0.105663	0.231057	3311.233238	0.000280	1.3
177	-0.105944	0.000000	3347.665793	0.000218	1.3
178	-0.106415	0.826283	3220.932435	0.000385	1.1
179	-0.105923	0.051335	3339.502308	0.000236	1.0
180	-0.106720	0.000000	3347.665793	0.000199	1.1
181	-0.105989	0.994390	3196.314178	0.000337	1.1
182	-0.108413	0.074864	3335.773916	0.000128	1.1
183	-0.108689	0.000000	3347.665793	0.000294	1.6
184	-0.107138	0.000000	3347.665793	0.000251	1.1
185	-0.109100	0.999981	3195.501876	0.000462	1.0
186	-0.110934	0.083825	3334.356189	0.000283	1.2
187	-0.114232	0.000000	3347.665793	0.000170	1.2
188	-0.106164	0.000000	3347.665793	0.000283	1.4
189	-0.109020	0.000000	3347.665793	0.000216	1.1
190	-0.109936	0.993818	3196.397339	0.000274	1.3
191	-0.107639	1.993541	3057.423030	0.000241	1.6
192	-0.109099	2.993177	2930.040505	0.000352	1.2
193	-0.109140	2.074004	3046.761229	0.000258	1.2
194	-0.107752	3.074004	2920.203182	0.000216	1.0
195	-0.102454	4.036598	2807.928703	0.000178	1.0
196	-0.102745	4.405403	2767.166529	0.000248	1.8
197	-0.107757	3.489892	2870.612203	0.000403	1.2
198	-0.110381	4.489874	2757.996447	0.000240	1.3
199	-0.107943	5.327003	2670.299463	0.000354	1.3
