1:ItNr	2:Metric	3a:Time	3b:StepSize	4:||Gradient||	Time[ms]
0	-0.177185	0.000000	13441.274555	0.000222	133.1
1	-0.190861	0.000000	13441.274555	0.000457	1.4
2	-0.181469	1.000000	12830.307530	0.000047	1.3
3	-0.182166	0.282333	13262.961660	0.000335	1.4
4	-0.187499	0.057075	13404.842026	0.000291	1.5
5	-0.187074	0.000000	13441.274555	0.000241	1.4
6	-0.184991	0.000000	13441.274555	0.000193	1.6
7	-0.186342	0.000000	13441.274555	0.000225	1.1
8	-0.175534	0.000000	13441.274555	0.000194	1.2
9	-0.186307	0.000000	13441.274555	0.000286	1.3
10	-0.185343	0.000000	13441.274555	0.000167	1.5
11	-0.188338	0.999998	12830.308787	0.000176	1.3
12	-0.180543	1.322123	12645.157489	0.000253	1.3
13	-0.180255	1.541939	12521.849559	0.000135	1.2
14	-0.187584	2.536194	11992.880535	0.000143	1.3
15	-0.187605	1.841524	12357.615000	0.000097	1.2
16	-0.186679	2.826391	11846.811721	0.000273	1.1
17	-0.183687	2.106426	12215.942039	0.000138	2.1
18	-0.187599	3.100922	11711.865861	0.000382	1.2
19	-0.183446	2.380897	12072.538084	0.000182	1.4
20	-0.183081	3.380896	11577.374657	0.000087	1.3
21	-0.184605	2.677942	11921.085511	0.000211	1.4
22	-0.189147	3.563730	11491.201071	0.000301	0.9
23	-0.179967	2.843705	11838.209044	0.000356	1.0
24	-0.181170	3.843705	11361.701656	0.000279	1.1
25	-0.185267	4.843705	10922.070377	0.000038	1.5
26	-0.182051	4.160471	11218.659715	0.000207	1.3
27	-0.183432	4.493397	11072.152109	0.000276	1.2
28	-0.188309	3.773375	11393.957034	0.000116	1.4
29	-0.190528	3.767532	11396.644981	0.000312	1.9
30	-0.184508	4.767521	10954.362600	0.000154	1.4
31	-0.185971	5.767518	10545.123027	0.000198	1.4
32	-0.187353	6.767375	10165.410418	0.000299	1.2
33	-0.186297	6.047358	10436.019859	0.000234	1.1
34	-0.187569	5.327333	10721.434209	0.000252	1.3
35	-0.185465	6.327311	10329.108664	0.000098	1.2
36	-0.181167	6.637900	10213.032228	0.000210	1.4
37	-0.183254	5.920036	10485.378649	0.000399	1.2
38	-0.179625	5.200015	10773.534416	0.000183	1.4
39	-0.179243	4.479992	11077.977208	0.000278	1.3
40	-0.183456	3.759970	11400.125368	0.000385	1.4
41	-0.190363	3.039972	11741.559878	0.000168	1.2
42	-0.192067	2.638635	11940.908178	0.000275	1.4
43	-0.187650	3.638593	11456.285970	0.000359	1.0
44	-0.181680	2.918568	11801.156791	0.000492	1.1
45	-0.182772	2.198542	12167.435485	0.000311	1.1
46	-0.185251	3.131558	11696.997032	0.000122	1.5
47	-0.183559	2.858222	11831.005961	0.000449	1.4
48	-0.183753	3.144685	11690.637860	0.000303	1.2
49	-0.181362	4.144685	11225.703104	0.000309	1.2
50	-0.185751	5.144685	10796.334641	0.000190	1.2
51	-0.187564	4.453914	11089.326633	0.000329	1.0
52	-0.182476	5.453826	10670.167817	0.000056	1.3
53	-0.188341	5.104968	10812.760253	0.000200	1.8
54	-0.185576	4.536466	11053.478056	0.000201	1.5
55	-0.189259	4.503921	11067.582910	0.000170	1.3
56	-0.188608	5.502698	10650.491666	0.000237	1.1
57	-0.177557	6.502698	10263.239252	0.000236	1.1
58	-0.190649	5.790505	10536.074713	0.000268	1.1
59	-0.190646	6.790505	10156.949956	0.000271	1.3
60	-0.184399	7.787551	9805.167731	0.000194	1.1
61	-0.190732	7.067526	10056.702584	0.000324	1.3
62	-0.186742	6.347501	10321.482918	0.000330	1.2
63	-0.182655	7.347501	9957.377353	0.000127	1.3
64	-0.186931	6.630371	10215.815138	0.000158	1.5
65	-0.185978	5.946721	10474.994966	0.000187	1.2
66	-0.182060	6.946697	10100.183321	0.000157	1.1
67	-0.188132	6.228285	10366.674311	0.000224	1.2
68	-0.184167	5.567003	10624.712363	0.000217	1.1
69	-0.191521	6.567003	10239.298240	0.000093	1.4
70	-0.188588	7.565495	9881.388963	0.000114	1.3
71	-0.180771	8.534261	9557.265278	0.000239	1.5
72	-0.183969	9.411226	9281.663620	0.000253	1.2
73	-0.185969	8.691203	9506.747358	0.000462	0.9
74	-0.187420	9.691203	9196.992560	0.000093	1.2
75	-0.183600	8.971178	9417.940398	0.000217	1.3
76	-0.186714	8.398255	9601.480273	0.000226	1.2
77	-0.188728	9.397667	9285.803470	0.000254	0.9
78	-0.184601	9.805339	9162.917112	0.000108	1.0
79	-0.180165	10.805239	8874.851334	0.000200	1.6
80	-0.185052	11.635812	8648.988476	0.000151	1.2
81	-0.193734	12.635792	8391.857152	0.000193	1.2
82	-0.183176	13.635195	8149.709172	0.000192	1.4
83	-0.174349	12.918683	8321.866934	0.000258	1.3
84	-0.186592	12.198663	8502.353415	0.000037	1.5
85	-0.191214	12.690904	8378.129678	0.000128	2.0
86	-0.183291	13.388814	8208.098360	0.000331	1.4
87	-0.187760	14.373811	7979.540817	0.000346	1.6
88	-0.187009	15.366317	7761.763880	0.000333	1.2
89	-0.183118	16.366314	7554.043639	0.000152	1.5
90	-0.181224	15.646289	7702.465105	0.000202	1.6
91	-0.186351	16.646263	7497.869395	0.000295	1.6
92	-0.182730	17.646263	7303.856659	0.000301	1.5
93	-0.182111	16.926238	7442.519550	0.000308	1.5
94	-0.183052	16.206708	7586.448306	0.000167	1.5
95	-0.187629	17.206707	7387.885163	0.000316	1.3
96	-0.181851	18.206707	7199.450961	0.000228	2.0
97	-0.180951	19.206707	7020.390016	0.000158	1.4
98	-0.182888	18.711177	7107.993000	0.000211	1.1
99	-0.186251	19.707050	6934.100240	0.000123	1.0
100	-0.188298	20.706810	6767.881932	0.000160	1.2
101	-0.185696	20.052623	6875.730329	0.000183	1.3
102	-0.185532	21.046340	6713.230282	0.000154	1.1
103	-0.184358	22.045688	6557.376159	0.000224	1.2
104	-0.181689	21.325674	6668.925413	0.000127	1.0
105	-0.185965	20.605676	6784.333137	0.000210	1.0
106	-0.182408	21.145107	6697.497939	0.000144	1.0
107	-0.189809	22.144463	6542.363630	0.000251	1.2
108	-0.191849	21.424486	6653.392662	0.000367	1.0
109	-0.182743	20.704461	6768.263096	0.000282	1.0
110	-0.183966	21.704461	6609.772323	0.000175	1.2
111	-0.188537	22.630973	6469.412589	0.000193	0.9
112	-0.184339	21.910959	6577.964509	0.000261	1.1
113	-0.174600	21.190934	6690.223243	0.000109	1.2
114	-0.187576	20.470952	6806.372939	0.000231	1.4
115	-0.182992	21.092349	6705.892445	0.000346	1.3
116	-0.181913	22.092349	6550.275671	0.000316	1.3
117	-0.180087	22.955596	6421.634356	0.000304	1.3
118	-0.185417	23.955596	6278.790419	0.000303	1.2
119	-0.187632	24.918671	6147.102201	0.000232	1.1
120	-0.188101	24.198646	6245.027021	0.000255	1.1
121	-0.193762	23.887315	6288.341451	0.000213	1.0
122	-0.190419	24.887027	6151.341352	0.000217	1.4
123	-0.183961	25.885288	6020.369681	0.000100	1.3
124	-0.188138	26.884273	5894.769829	0.000110	1.2
125	-0.178191	26.260703	5972.546904	0.000227	1.4
126	-0.185160	27.260452	5848.821411	0.000213	1.1
127	-0.181560	28.202134	5736.880502	0.000176	1.1
128	-0.179675	27.482115	5822.080282	0.000106	1.1
129	-0.182202	27.094309	5869.026270	0.000198	1.3
130	-0.187734	26.376370	5957.965196	0.000480	1.4
131	-0.178737	27.376370	5834.806614	0.000239	1.8
132	-0.191873	26.656345	5922.962945	0.000024	1.5
133	-0.188442	26.167025	5984.408925	0.000257	1.3
134	-0.185854	25.574454	6060.549114	0.000206	1.6
135	-0.189843	24.854429	6155.714379	0.000093	1.7
136	-0.183274	24.243391	6238.850775	0.000174	1.5
137	-0.184890	23.915599	6284.381703	0.000090	1.4
138	-0.176530	24.877780	6152.581161	0.000185	1.3
139	-0.185031	24.167758	6249.297718	0.000152	1.5
140	-0.190248	23.672551	6318.572755	0.000218	1.5
141	-0.187063	24.672548	6180.228112	0.000225	0.9
142	-0.186337	25.672528	6047.813896	0.000086	1.3
143	-0.186330	26.510604	5941.131870	0.000141	1.0
144	-0.194466	27.468550	5823.709726	0.000410	1.0
145	-0.182974	28.468550	5705.984227	0.000147	0.9
146	-0.185641	27.754189	5789.590064	0.000227	1.1
147	-0.185586	28.754126	5673.233281	0.000190	1.1
148	-0.189244	28.034101	5756.540018	0.000407	1.1
149	-0.182250	29.034101	5641.487687	0.000273	1.3
150	-0.188765	30.034101	5530.944196	0.000236	1.0
151	-0.188755	31.034101	5424.649592	0.000207	1.0
152	-0.185625	30.315860	5500.575569	0.000136	1.1
153	-0.190094	29.680424	5569.542336	0.000277	1.0
154	-0.191515	28.960808	5649.763818	0.000303	1.0
155	-0.179384	29.960808	5538.898999	0.000241	1.2
156	-0.181112	29.240782	5618.279681	0.000111	1.2
157	-0.190145	30.223934	5510.446873	0.000208	1.0
158	-0.183056	31.219213	5405.419754	0.000264	1.0
159	-0.185999	32.217875	5303.984144	0.000188	0.9
160	-0.182112	33.213525	5206.574690	0.000337	1.1
161	-0.183919	34.213523	5112.275965	0.000350	0.9
162	-0.183232	33.493498	5179.824674	0.000473	1.3
163	-0.186032	34.493498	5086.483564	0.000168	1.3
164	-0.181626	35.491940	4996.584731	0.000144	1.4
165	-0.188490	34.774499	5060.857044	0.000191	1.6
166	-0.186763	35.774459	4971.720910	0.000227	1.0
167	-0.189136	36.774427	4885.669678	0.000222	1.2
168	-0.185152	37.774424	4802.544122	0.000040	1.2
169	-0.187028	37.289724	4842.479033	0.000178	1.3
170	-0.185162	37.219036	4848.358601	0.000416	1.3
171	-0.187533	36.772216	4885.856661	0.000340	1.2
172	-0.191449	36.052191	4947.518457	0.000241	1.0
173	-0.185299	37.052189	4862.293198	0.000261	0.9
174	-0.185942	37.745616	4804.899201	0.000260	0.9
175	-0.184777	38.745616	4724.476578	0.000112	1.6
176	-0.187664	38.025611	4782.106657	0.000238	1.4
177	-0.187194	39.025402	4702.455240	0.000130	1.3
178	-0.186328	38.305381	4759.547276	0.000077	1.4
179	-0.184255	38.965891	4707.122012	0.000229	1.2
180	-0.188115	39.814638	4641.428053	0.000132	1.0
181	-0.178303	40.699977	4574.827701	0.000189	1.1
182	-0.185530	40.076432	4621.533345	0.000117	1.2
183	-0.184495	41.013753	4551.680089	0.000298	1.4
184	-0.188296	41.972194	4482.403232	0.000160	1.3
185	-0.197064	41.255037	4534.038993	0.000262	1.5
186	-0.179639	42.254069	4462.428612	0.000144	1.2
187	-0.192075	41.534046	4513.809400	0.000131	1.1
188	-0.183681	42.529701	4443.067746	0.000333	1.2
189	-0.188599	43.469954	4378.268484	0.000408	1.2
190	-0.188805	44.469954	4311.394013	0.000299	1.1
191	-0.178147	45.469954	4246.531714	0.000245	1.8
192	-0.186839	46.469943	4183.592750	0.000274	1.1
193	-0.182481	45.749937	4228.719561	0.000225	1.3
194	-0.189040	46.749937	4166.302979	0.000063	1.3
195	-0.185513	47.657818	4111.210865	0.000111	1.3
196	-0.187556	47.912115	4096.039774	0.000262	1.5
197	-0.188976	47.192193	4139.282733	0.000265	1.4
198	-0.188477	48.192137	4079.463063	0.000168	1.1
199	-0.186422	49.153221	4023.575293	0.000107	1.1
