1:ItNr	2:Metric	3a:Time	3b:StepSize	4:||Gradient||	Time[ms]
0	-0.275806	0.000000	204498.491527	0.000239	42.9
1	-0.267149	0.000000	204498.491527	0.000437	6.8
2	-0.251606	1.000000	195203.105549	0.000602	6.1
3	-0.244410	2.000000	186716.014003	0.000622	5.8
4	-0.252833	3.000000	178936.180086	0.000635	6.9
5	-0.245435	4.000000	171778.732883	0.000616	6.6
6	-0.250808	5.000000	165171.858541	0.000615	5.9
7	-0.252103	6.000000	159054.382299	0.000648	6.0
8	-0.251726	7.000000	153373.868645	0.000684	6.6
9	-0.252291	8.000000	148085.114554	0.000614	7.5
10	-0.262281	9.000000	143148.944069	0.000646	5.5
11	-0.255910	10.000000	138531.236196	0.000606	6.6
12	-0.260435	11.000000	134202.135065	0.000622	7.0
13	-0.259971	12.000000	130135.403699	0.000593	6.0
14	-0.264395	13.000000	126307.891826	0.000581	8.2
15	-0.258318	14.000000	122699.094916	0.000570	7.4
16	-0.262393	15.000000	119290.786724	0.000568	7.8
17	-0.258364	16.000000	116066.711407	0.000630	7.1
18	-0.260841	17.000000	113012.324265	0.000576	8.6
19	-0.261581	18.000000	110114.572361	0.000540	7.1
20	-0.264647	19.000000	107361.708052	0.000545	8.3
21	-0.268541	20.000000	104743.129807	0.000575	7.4
22	-0.261721	21.000000	102249.245764	0.000627	10.9
23	-0.259632	22.000000	99871.356327	0.000604	10.8
24	-0.262674	23.000000	97601.552774	0.000533	8.4
25	-0.266023	24.000000	95432.629379	0.000523	7.5
26	-0.267501	25.000000	93358.007002	0.000524	7.5
27	-0.270519	26.000000	91371.666427	0.000511	7.3
28	-0.267706	27.000000	89468.090043	0.000486	7.6
29	-0.271264	28.000000	87642.210655	0.000470	6.8
30	-0.270600	29.000000	85889.366441	0.000452	7.3
31	-0.271298	30.000000	84205.261217	0.000450	6.8
32	-0.271980	31.000000	82585.929271	0.000429	6.4
33	-0.270725	32.000000	81027.704190	0.000436	7.7
34	-0.274355	33.000000	79527.191149	0.000428	6.9
35	-0.271721	34.000000	78081.242219	0.000432	7.7
36	-0.269913	35.000000	76686.934323	0.000400	7.2
37	-0.271743	36.000000	75341.549510	0.000334	7.0
38	-0.275247	37.000000	74042.557277	0.000283	7.9
39	-0.272169	38.000000	72787.598679	0.000245	10.2
40	-0.278545	39.000000	71574.472035	0.000291	11.4
41	-0.272928	40.000000	70401.120034	0.000287	9.5
42	-0.276223	41.000000	69265.618098	0.000238	7.5
43	-0.270069	42.000000	68166.163842	0.000238	7.2
44	-0.279898	43.000000	67101.067532	0.000291	5.6
45	-0.273070	44.000000	66068.743416	0.000287	7.0
46	-0.274807	45.000000	65067.701850	0.000310	7.0
47	-0.271787	46.000000	64096.542120	0.000284	6.9
48	-0.279282	47.000000	63153.945913	0.000272	9.8
49	-0.278349	48.000000	62238.671334	0.000270	6.9
50	-0.273280	49.000000	61349.547458	0.000251	8.5
51	-0.278148	50.000000	60485.469325	0.000249	7.6
52	-0.279490	51.000000	59645.393362	0.000224	8.2
53	-0.274372	52.000000	58828.333179	0.000217	13.0
54	-0.275886	53.000000	58033.355704	0.000268	9.7
55	-0.273611	54.000000	57259.577628	0.000290	7.2
56	-0.272010	55.000000	56506.162133	0.000286	6.4
57	-0.279112	56.000000	55772.315871	0.000253	8.3
58	-0.277952	57.000000	55057.286180	0.000265	7.4
59	-0.271107	58.000000	54360.358507	0.000260	7.1
60	-0.273914	59.000000	53680.854026	0.000239	20.3
61	-0.277689	60.000000	53018.127433	0.000247	25.6
62	-0.279581	61.000000	52371.564903	0.000245	13.0
63	-0.276868	62.000000	51740.582194	0.000241	10.7
64	-0.274170	63.000000	51124.622882	0.000241	10.6
65	-0.273042	64.000000	50523.156730	0.000271	12.3
66	-0.280387	65.000000	49935.678164	0.000250	13.2
67	-0.276279	66.000000	49361.704851	0.000214	16.0
68	-0.276607	67.000000	48800.776387	0.000217	9.8
69	-0.274178	68.000000	48252.453057	0.000246	17.2
70	-0.279646	69.000000	47716.314690	0.000205	12.1
71	-0.275927	70.000000	47191.959583	0.000203	11.1
72	-0.279677	71.000000	46679.003501	0.000197	11.0
73	-0.277271	72.000000	46177.078732	0.000222	12.1
74	-0.273869	72.999999	45685.833589	0.000217	15.8
75	-0.277653	73.999999	45204.930073	0.000217	7.0
76	-0.274096	74.999999	44734.045381	0.000189	7.4
77	-0.274978	75.999999	44272.869652	0.000228	6.2
78	-0.278077	76.999999	43821.105672	0.000238	7.2
79	-0.277013	77.999999	43378.468238	0.000220	7.0
80	-0.273864	78.999999	42944.683552	0.000229	6.4
81	-0.276179	79.999999	42519.488662	0.000243	6.1
82	-0.273681	80.999999	42102.630927	0.000248	5.9
83	-0.273425	81.999999	41693.867517	0.000238	7.2
84	-0.270242	82.999999	41292.964942	0.000207	5.5
85	-0.273768	83.999999	40899.698606	0.000230	5.3
86	-0.275404	84.999999	40513.852390	0.000240	6.0
87	-0.272382	85.999999	40135.218253	0.000263	5.9
88	-0.278837	86.999999	39763.595859	0.000222	6.5
89	-0.272279	87.999999	39398.792225	0.000225	6.0
90	-0.269591	88.999999	39040.621384	0.000230	6.3
91	-0.276731	89.999999	38688.904072	0.000208	7.4
92	-0.273583	90.999974	38343.476103	0.000213	6.1
93	-0.274331	91.999974	38004.153227	0.000239	6.6
94	-0.275230	92.999974	37670.783386	0.000205	6.2
95	-0.276393	93.999974	37343.211282	0.000225	19.9
96	-0.280861	94.999974	37021.286974	0.000216	9.9
97	-0.279515	95.999974	36704.865647	0.000201	9.5
98	-0.273117	96.999967	36393.809398	0.000207	9.2
99	-0.275404	97.999967	36087.978983	0.000228	6.2
100	-0.272005	98.999967	35787.245743	0.000217	6.2
101	-0.277480	99.999967	35491.483302	0.000205	8.1
102	-0.273034	100.999915	35200.584579	0.000235	8.2
103	-0.278366	101.999915	34914.400766	0.000215	9.5
104	-0.271257	102.999915	34632.832825	0.000219	9.0
105	-0.274720	103.999915	34355.769973	0.000203	8.9
106	-0.274218	104.999915	34083.104948	0.000201	15.0
107	-0.269515	105.999915	33814.733863	0.000204	10.7
108	-0.272864	106.999915	33550.556079	0.000203	9.7
109	-0.275924	107.999915	33290.474077	0.000244	7.3
110	-0.272744	108.999915	33034.393340	0.000222	6.6
111	-0.275433	109.999915	32782.222255	0.000222	8.7
112	-0.272237	110.999915	32533.871927	0.000217	6.6
113	-0.271111	111.999915	32289.256191	0.000199	7.6
114	-0.273560	112.999915	32048.291440	0.000194	8.1
115	-0.273969	113.999915	31810.896539	0.000214	8.6
116	-0.278448	114.999915	31576.992741	0.000222	10.0
117	-0.270078	115.999915	31346.503600	0.000229	8.4
118	-0.277471	116.999915	31119.354893	0.000232	7.8
119	-0.276120	117.999915	30895.474504	0.000181	7.4
120	-0.274637	118.999915	30674.792409	0.000210	9.0
121	-0.274660	119.999914	30457.240746	0.000223	7.4
122	-0.276507	120.999914	30242.753005	0.000192	8.9
123	-0.277554	121.999914	30031.265094	0.000213	6.7
124	-0.276937	122.999914	29822.714518	0.000242	6.1
125	-0.274104	123.999914	29617.040502	0.000207	8.4
126	-0.277554	124.999914	29414.183941	0.000206	9.3
127	-0.281074	125.999914	29214.087334	0.000236	9.6
128	-0.272762	126.999763	29016.724272	0.000208	9.8
129	-0.275084	127.999763	28821.980846	0.000226	6.8
130	-0.276843	128.999763	28629.834004	0.000179	7.9
131	-0.278570	129.999497	28440.282277	0.000206	8.9
132	-0.272747	130.999497	28253.174537	0.000205	6.2
133	-0.279987	131.999497	28068.512659	0.000233	8.4
134	-0.279273	132.999497	27886.248995	0.000211	9.1
135	-0.275107	133.999497	27706.337127	0.000209	22.9
136	-0.277856	134.999497	27528.731901	0.000226	14.7
137	-0.275881	135.999497	27353.389097	0.000193	7.9
138	-0.269927	135.966169	27359.196899	0.000238	10.7
139	-0.276475	136.966169	27186.000340	0.000190	8.6
140	-0.277130	137.966169	27014.982818	0.000207	9.1
141	-0.279382	138.966169	26846.103467	0.000218	8.6
142	-0.279319	139.966169	26679.322465	0.000216	10.2
143	-0.278447	140.966169	26514.600890	0.000207	11.4
144	-0.278417	141.966169	26351.900858	0.000193	8.4
145	-0.273441	142.966169	26191.185387	0.000213	9.9
146	-0.269406	143.966166	26032.418815	0.000225	9.8
147	-0.276844	144.966166	25875.565045	0.000195	9.5
148	-0.274160	145.966032	25720.610801	0.000220	9.5
149	-0.275683	146.966032	25567.480966	0.000237	7.2
150	-0.275655	147.966032	25416.163682	0.000223	11.1
151	-0.276753	148.966032	25266.626958	0.000217	9.1
152	-0.272320	149.966031	25118.839624	0.000203	5.4
153	-0.274471	150.966031	24972.771012	0.000205	5.8
154	-0.275947	151.966031	24828.391385	0.000227	7.0
155	-0.279150	152.966031	24685.671619	0.000233	6.1
156	-0.278741	153.966031	24544.583252	0.000229	7.1
157	-0.273174	154.960847	24405.817487	0.000208	5.9
158	-0.273486	155.960611	24267.933460	0.000211	6.0
159	-0.270953	156.960611	24131.566578	0.000199	6.8
160	-0.275974	157.960601	23996.724907	0.000228	6.2
161	-0.275599	158.960601	23863.380582	0.000223	6.5
162	-0.274086	159.960601	23731.509996	0.000230	5.8
163	-0.274260	160.960601	23601.088851	0.000198	7.4
164	-0.276822	161.960601	23472.093380	0.000225	10.1
165	-0.277146	162.960601	23344.500335	0.000244	8.9
166	-0.276341	163.960601	23218.286967	0.000207	7.4
167	-0.275580	164.960601	23093.431021	0.000224	5.9
168	-0.273755	165.960601	22969.910713	0.000200	6.9
169	-0.273534	166.960601	22847.704727	0.000208	6.1
170	-0.274562	167.960601	22726.792195	0.000203	6.0
171	-0.268882	168.960599	22607.153015	0.000226	7.0
172	-0.273983	169.960599	22488.766538	0.000213	6.7
173	-0.275951	170.960599	22371.613504	0.000187	6.9
174	-0.277285	171.960587	22255.676068	0.000205	5.9
175	-0.275638	172.960567	22140.935129	0.000207	5.8
176	-0.276422	173.960565	22027.369073	0.000191	6.7
177	-0.274151	174.960562	21914.962248	0.000203	5.9
178	-0.278355	175.960370	21803.717782	0.000208	6.4
179	-0.277757	176.960370	21693.575950	0.000203	6.4
180	-0.278390	177.960370	21584.541292	0.000189	7.1
181	-0.277675	178.960247	21476.610366	0.000197	7.7
182	-0.274809	178.827093	21490.921215	0.000203	7.6
183	-0.276753	179.827093	21383.909159	0.000194	8.8
184	-0.271470	180.827093	21277.957531	0.000200	6.5
185	-0.276601	181.827093	21173.050651	0.000214	6.1
186	-0.278365	182.827093	21069.173200	0.000218	6.4
187	-0.276478	183.827093	20966.309986	0.000221	5.9
188	-0.277921	184.816865	20865.483109	0.000201	6.6
189	-0.277428	185.816865	20764.594416	0.000211	6.4
190	-0.274912	186.816865	20664.676662	0.000223	6.0
191	-0.275053	187.816865	20565.715898	0.000222	6.8
192	-0.276342	188.816860	20467.698962	0.000194	6.4
193	-0.273948	189.794370	20372.784735	0.000173	6.8
194	-0.271781	190.792901	20276.734035	0.000186	6.1
195	-0.274648	191.792900	20181.445536	0.000197	6.7
196	-0.282164	191.614376	20198.391118	0.000229	5.7
197	-0.278991	192.614376	20103.835726	0.000208	5.8
198	-0.278409	193.613928	20010.203308	0.000188	6.1
199	-0.274536	194.613928	19917.397600	0.000196	6.5
