1:ItNr	2:Metric	3a:Time	3b:StepSize	4:||Gradient||	Time[ms]
0	-0.779490	0.000000	201504.826211	0.000194	131.8
1	-0.781100	0.000000	201504.826211	0.000120	6.3
2	-0.787286	0.000000	201504.826211	0.000079	6.4
3	-0.790221	0.000000	201504.826211	0.000077	6.1
4	-0.790252	0.000000	201504.826211	0.000079	6.0
5	-0.789620	0.000000	201504.826211	0.000076	5.4
6	-0.784434	0.000000	201504.826211	0.000083	7.6
7	-0.786244	0.000000	201504.826211	0.000076	6.8
8	-0.789734	0.000000	201504.826211	0.000086	6.3
9	-0.794665	0.000000	201504.826211	0.000088	7.0
10	-0.796195	0.000000	201504.826211	0.000077	5.8
11	-0.792324	0.000000	201504.826211	0.000077	7.7
12	-0.798591	0.000000	201504.826211	0.000085	5.6
13	-0.802651	0.000000	201504.826211	0.000079	5.4
14	-0.798291	0.000000	201504.826211	0.000083	5.8
15	-0.805698	0.000000	201504.826211	0.000081	5.3
16	-0.801119	0.000000	201504.826211	0.000084	6.3
17	-0.801369	0.000000	201504.826211	0.000081	6.4
18	-0.807825	0.000000	201504.826211	0.000080	6.2
19	-0.807108	0.000000	201504.826211	0.000079	7.3
20	-0.809351	0.000000	201504.826211	0.000081	6.2
21	-0.807576	0.000000	201504.826211	0.000087	5.7
22	-0.814220	0.000000	201504.826211	0.000086	6.1
23	-0.813173	0.000000	201504.826211	0.000082	5.4
24	-0.811913	0.000000	201504.826211	0.000081	6.1
25	-0.814011	0.000000	201504.826211	0.000081	5.6
26	-0.817640	0.000000	201504.826211	0.000088	6.0
27	-0.815212	0.000000	201504.826211	0.000079	5.8
28	-0.816770	0.000000	201504.826211	0.000077	5.1
29	-0.821024	0.000000	201504.826211	0.000084	5.0
30	-0.821354	0.000000	201504.826211	0.000095	5.3
31	-0.823900	0.000000	201504.826211	0.000104	6.0
32	-0.822293	0.000000	201504.826211	0.000082	6.5
33	-0.824686	0.000000	201504.826211	0.000092	6.8
34	-0.827613	0.000000	201504.826211	0.000093	6.1
35	-0.823973	0.000000	201504.826211	0.000113	5.9
36	-0.822837	0.000000	201504.826211	0.000149	6.8
37	-0.829632	1.000000	192345.515929	0.000089	5.9
38	-0.835004	0.987567	192454.277755	0.000097	5.8
39	-0.820101	0.975134	192563.162649	0.000090	6.6
40	-0.833337	0.962701	192672.170821	0.000106	7.8
41	-0.828986	0.950268	192781.302480	0.000116	6.2
42	-0.834548	1.950268	184381.344025	0.000119	6.5
43	-0.827551	2.950268	176682.835589	0.000103	5.8
44	-0.840204	2.938048	176773.035061	0.000105	6.6
45	-0.832657	2.925615	176864.894654	0.000091	6.0
46	-0.838563	2.913182	176956.849765	0.000080	6.1
47	-0.840678	2.900749	177048.900544	0.000079	6.1
48	-0.842453	2.888316	177141.047140	0.000087	5.4
49	-0.838189	2.875883	177233.289703	0.000084	6.6
50	-0.845982	2.863450	177325.628383	0.000081	6.3
51	-0.849043	2.851018	177418.063330	0.000091	5.6
52	-0.843210	2.838585	177510.594695	0.000111	7.2
53	-0.849733	2.826152	177603.222629	0.000159	5.0
54	-0.843299	3.826152	170449.346195	0.000121	5.9
55	-0.847307	4.826152	163849.472268	0.000079	6.9
56	-0.840309	4.813719	163928.388451	0.000078	6.4
57	-0.851946	4.801286	164007.380689	0.000088	5.5
58	-0.847719	4.788853	164086.449092	0.000094	5.6
59	-0.849294	4.776420	164165.593769	0.000083	4.5
60	-0.852405	4.763987	164244.814832	0.000086	6.0
61	-0.842469	4.751555	164324.112391	0.000106	6.0
62	-0.851741	4.739122	164403.486557	0.000088	6.1
63	-0.856872	4.726689	164482.937441	0.000078	5.8
64	-0.859319	4.714256	164562.465154	0.000076	5.4
65	-0.854651	4.701823	164642.069807	0.000078	5.1
66	-0.854318	4.689390	164721.751513	0.000081	6.3
67	-0.859616	4.676957	164801.510384	0.000093	5.8
68	-0.860334	4.664524	164881.346531	0.000079	5.7
69	-0.858647	4.652092	164961.260067	0.000085	5.4
70	-0.861229	4.639659	165041.251104	0.000115	5.3
71	-0.858069	4.627226	165121.319755	0.000159	5.2
72	-0.864444	5.627226	158920.098463	0.000194	4.9
73	-0.858578	6.627226	153167.798198	0.000238	5.4
74	-0.866300	7.627226	147817.374125	0.000315	5.6
75	-0.859991	8.627226	142828.132980	0.000282	5.9
76	-0.863814	9.627226	138164.696148	0.000251	5.1
77	-0.861935	10.627226	133796.159467	0.000235	4.8
78	-0.864851	11.627226	129695.407532	0.000174	6.1
79	-0.867335	12.627226	125838.550347	0.000183	5.4
80	-0.864934	13.627226	122204.457597	0.000171	5.5
81	-0.865751	14.627226	118774.371343	0.000153	5.4
82	-0.866389	15.627226	115531.582170	0.000138	5.9
83	-0.868374	16.627226	112461.156976	0.000106	5.2
84	-0.872627	17.627226	109549.709038	0.000085	5.8
85	-0.875848	18.627226	106785.202900	0.000072	5.6
86	-0.868415	18.614793	106818.716825	0.000091	6.1
87	-0.869667	18.602360	106852.251792	0.000136	4.7
88	-0.866661	19.602360	104220.575909	0.000174	5.7
89	-0.872908	20.602360	101715.415728	0.000196	5.6
90	-0.875696	21.602360	99327.862186	0.000188	6.2
91	-0.872729	22.602360	97049.823519	0.000190	6.2
92	-0.874436	23.602360	94873.933648	0.000200	7.0
93	-0.868205	24.602360	92793.472604	0.000143	5.3
94	-0.870843	25.602360	90802.297212	0.000061	5.7
95	-0.875024	25.589927	90826.528495	0.000074	5.0
96	-0.877240	25.577494	90850.772714	0.000059	4.6
97	-0.872828	25.565061	90875.029879	0.000058	5.7
98	-0.874510	25.552629	90899.300001	0.000065	5.8
99	-0.873086	25.540196	90923.583091	0.000063	5.3
100	-0.872596	25.527763	90947.879157	0.000056	5.3
101	-0.870779	25.515330	90972.188212	0.000076	5.2
102	-0.873310	25.502897	90996.510265	0.000084	4.9
103	-0.874115	26.502897	89080.911094	0.000053	5.7
104	-0.876093	26.490464	89104.232237	0.000067	5.0
105	-0.870198	26.478031	89127.565595	0.000062	6.4
106	-0.878749	26.465598	89150.911176	0.000066	5.5
107	-0.874986	26.453166	89174.268990	0.000086	5.4
108	-0.875737	26.440733	89197.639047	0.000065	4.8
109	-0.874052	26.465013	89152.010752	0.000067	5.5
110	-0.875390	26.452580	89175.369142	0.000074	5.9
111	-0.874431	26.440147	89198.739775	0.000061	5.1
112	-0.878126	26.427714	89222.122662	0.000054	5.7
113	-0.877227	26.415282	89245.517811	0.000074	5.6
114	-0.880921	26.402849	89268.925233	0.000058	5.8
115	-0.878436	26.390416	89292.344936	0.000052	6.0
116	-0.878683	26.377983	89315.776931	0.000057	5.0
117	-0.878711	26.365550	89339.221227	0.000068	5.6
118	-0.877843	26.353117	89362.677834	0.000059	5.4
119	-0.882529	26.340686	89386.143499	0.000063	5.6
120	-0.881319	26.328253	89409.624755	0.000065	6.0
121	-0.875649	26.315820	89433.118351	0.000061	5.4
122	-0.876376	26.303387	89456.624297	0.000066	5.3
123	-0.872407	26.290954	89480.142603	0.000059	5.2
124	-0.880265	26.278522	89503.673278	0.000067	5.5
125	-0.877792	26.266089	89527.216330	0.000062	4.9
126	-0.881120	26.253656	89550.771772	0.000061	5.3
127	-0.879049	26.241223	89574.339614	0.000065	5.3
128	-0.878343	26.229005	89597.511605	0.000059	5.9
129	-0.883912	26.216573	89621.103879	0.000054	6.7
130	-0.880568	26.204140	89644.708759	0.000050	5.0
131	-0.879054	26.191707	89668.326077	0.000076	5.7
132	-0.882994	26.179274	89691.955842	0.000072	7.0
133	-0.889635	27.179274	87830.326378	0.000057	7.5
134	-0.881911	27.166844	87852.992644	0.000060	7.3
135	-0.879751	27.154411	87875.675205	0.000050	6.8
136	-0.881163	27.141978	87898.369482	0.000048	5.4
137	-0.882157	27.129545	87921.075484	0.000063	5.6
138	-0.887279	27.117112	87943.793220	0.000050	5.4
139	-0.879805	27.104679	87966.522698	0.000060	5.8
140	-0.884032	27.092246	87989.263929	0.000052	6.4
141	-0.883437	27.079813	88012.016921	0.000076	6.4
142	-0.880362	27.067381	88034.781683	0.000083	5.4
143	-0.875482	28.067381	86240.620659	0.000047	6.0
144	-0.883505	28.054948	86262.478168	0.000052	4.9
145	-0.884509	28.042515	86284.346759	0.000056	5.9
146	-0.885504	28.030082	86306.226441	0.000050	5.9
147	-0.883755	28.017649	86328.117222	0.000049	4.9
148	-0.885039	28.005216	86350.019110	0.000059	5.6
149	-0.885841	27.992783	86371.932115	0.000056	5.8
150	-0.888655	27.980393	86393.781145	0.000058	5.8
151	-0.882404	27.967960	86415.716369	0.000049	5.2
152	-0.885448	27.955527	86437.662734	0.000045	5.8
153	-0.884629	27.943094	86459.620249	0.000048	5.0
154	-0.889592	27.930661	86481.588923	0.000053	4.8
155	-0.886931	27.918229	86503.568764	0.000049	5.4
156	-0.884396	27.905796	86525.559780	0.000055	5.3
157	-0.886733	27.893363	86547.561980	0.000046	4.8
158	-0.887370	27.880930	86569.575373	0.000045	5.4
159	-0.881730	27.868497	86591.599967	0.000055	5.6
160	-0.889635	27.856064	86613.635770	0.000048	6.0
161	-0.887954	27.843631	86635.682792	0.000051	8.4
162	-0.883396	27.831198	86657.741040	0.000041	5.5
163	-0.887474	27.818766	86679.810524	0.000061	5.1
164	-0.886620	27.806333	86701.891251	0.000060	5.5
165	-0.888787	28.806333	84961.110947	0.000046	4.3
166	-0.885927	28.793900	84982.324609	0.000040	5.0
167	-0.887373	28.781467	85003.548867	0.000080	6.2
168	-0.884487	28.769034	85024.783729	0.000059	5.1
169	-0.883984	29.229009	84246.164882	0.000071	5.4
170	-0.885209	29.216576	84267.022977	0.000059	6.4
171	-0.883720	30.216576	82621.715397	0.000044	5.4
172	-0.889858	30.204346	82641.449153	0.000044	5.2
173	-0.883265	30.191913	82661.520114	0.000036	6.2
174	-0.883761	30.179480	82681.600826	0.000060	4.8
175	-0.885373	30.167047	82701.691298	0.000042	5.3
176	-0.883724	30.154614	82721.791535	0.000042	6.5
177	-0.887987	30.142182	82741.901544	0.000058	5.5
178	-0.887128	30.129749	82762.021334	0.000042	4.9
179	-0.891078	30.117316	82782.150911	0.000072	6.2
180	-0.883813	30.104883	82802.290283	0.000038	5.1
181	-0.890352	30.092450	82822.439456	0.000041	5.6
182	-0.884310	30.080017	82842.598437	0.000051	5.5
183	-0.889223	30.067584	82862.767235	0.000068	5.4
184	-0.891347	31.067584	81271.320880	0.000074	5.3
185	-0.887324	32.067584	79739.852622	0.000039	5.9
186	-0.890361	32.055151	79758.538756	0.000039	5.0
187	-0.891608	32.042719	79777.233650	0.000049	5.4
188	-0.891017	32.030286	79795.937311	0.000059	5.5
189	-0.893298	33.029818	78319.740307	0.000036	4.4
190	-0.893613	33.017386	78337.766719	0.000046	5.0
191	-0.889570	33.004953	78355.801430	0.000067	5.1
192	-0.888778	33.015366	78340.696145	0.000049	4.9
193	-0.894016	34.015364	76916.719908	0.000038	4.8
194	-0.890426	34.002931	76934.106182	0.000045	5.6
195	-0.889988	33.990498	76951.500318	0.000054	5.3
196	-0.891081	33.978067	76968.900395	0.000051	4.6
197	-0.887570	34.218014	76634.435837	0.000063	5.0
198	-0.887585	34.205581	76651.694716	0.000103	6.0
199	-0.891691	35.205581	75287.920991	0.000077	5.4
