1:ItNr	2:Metric	3a:Time	3b:StepSize	4:||Gradient||	Time[ms]
0	-0.588473	0.000000	60820.996953	0.000235	59.1
1	-0.572819	0.000000	60820.996953	0.000283	1.4
2	-0.598818	0.000000	60820.996953	0.000108	3.1
3	-0.597214	0.000000	60820.996953	0.000101	2.2
4	-0.592684	0.057666	60654.438793	0.000101	1.3
5	-0.592380	1.057666	57904.626651	0.000054	1.4
6	-0.592001	1.027550	57983.794835	0.000078	1.9
7	-0.603597	1.012527	58023.366881	0.000050	1.9
8	-0.599102	1.999974	55532.276758	0.000074	1.7
9	-0.594815	1.969858	55605.085540	0.000054	2.4
10	-0.600881	2.901716	53437.206559	0.000056	2.2
11	-0.594132	3.231490	52709.963122	0.000094	2.6
12	-0.593150	3.201373	52775.555921	0.000131	3.4
13	-0.597573	4.201373	50681.401961	0.000060	2.5
14	-0.600537	4.171257	50742.040304	0.000068	2.2
15	-0.600550	4.146658	50791.677086	0.000077	2.1
16	-0.597155	5.146252	48849.867010	0.000003	1.3
17	-0.597101	5.128062	48883.875285	0.000070	1.5
18	-0.606945	5.124061	48891.363010	0.000070	3.1
19	-0.593560	6.124058	47088.858689	0.000093	1.5
20	-0.594427	7.124058	45414.532082	0.000064	2.0
21	-0.594946	8.124058	43855.184411	0.000071	1.6
22	-0.590592	8.093942	43900.580814	0.000081	1.7
23	-0.585981	8.959233	42632.631066	0.000066	1.4
24	-0.593230	8.929117	42675.530528	0.000164	1.2
25	-0.594195	9.929117	41295.745555	0.000142	1.4
26	-0.596395	10.929117	40002.388590	0.000099	1.6
27	-0.594411	11.929117	38787.585627	0.000019	1.3
28	-0.603349	12.906254	37669.774254	0.000040	1.4
29	-0.587525	12.917396	37657.400023	0.000117	1.3
30	-0.594970	13.917393	36578.931856	0.000074	1.5
31	-0.611852	14.917393	35560.513516	0.000078	1.5
32	-0.600918	14.887277	35590.355214	0.000023	1.2
33	-0.595815	14.857233	35620.175942	0.000090	1.3
34	-0.590225	15.845717	34664.570024	0.000033	1.3
35	-0.594871	15.818474	34690.219379	0.000064	1.3
36	-0.599809	15.789571	34717.473106	0.000072	1.0
37	-0.589468	16.789569	33798.769483	0.000032	1.0
38	-0.591219	16.770191	33816.109858	0.000022	1.4
39	-0.600656	16.743778	33839.774355	0.000022	2.0
40	-0.594911	16.786631	33801.397769	0.000099	1.5
41	-0.604417	17.726841	32980.767173	0.000042	1.4
42	-0.596298	18.726840	32150.579774	0.000117	1.5
43	-0.604810	19.726838	31361.161026	0.000031	1.4
44	-0.596995	20.274855	30944.770653	0.000079	1.3
45	-0.596090	20.244742	30967.363646	0.000097	1.4
46	-0.602581	20.214626	30989.992183	0.000135	1.1
47	-0.587325	20.184510	31012.653815	0.000048	1.6
48	-0.594054	20.154393	31035.348495	0.000147	1.3
49	-0.586128	21.152138	30300.739027	0.000104	1.5
50	-0.596652	22.152138	29598.555071	0.000089	1.3
51	-0.601377	23.152138	28928.178588	0.000083	1.8
52	-0.599915	23.122035	28947.915470	0.000103	1.3
53	-0.601329	24.122035	28306.368262	0.000044	1.1
54	-0.596156	25.104915	27702.923747	0.000092	22.3
55	-0.598445	25.074798	27721.031493	0.000184	2.5
56	-0.598940	26.074798	27132.159475	0.000061	5.3
57	-0.602142	27.074798	26567.785616	0.000071	1.3
58	-0.600634	28.074757	26026.434380	0.000124	1.5
59	-0.580989	29.074756	25506.683237	0.000050	1.0
60	-0.609211	30.074756	25007.284216	0.000067	1.1
61	-0.599290	30.044867	25021.926931	0.000044	1.3
62	-0.602547	30.998291	24563.132735	0.000132	1.4
63	-0.602086	30.968177	24577.366371	0.000100	1.3
64	-0.592182	31.968177	24113.363878	0.000095	1.3
65	-0.599119	32.968177	23666.556796	0.000057	1.2
66	-0.594121	33.968177	23236.006657	0.000039	1.0
67	-0.599075	33.938079	23248.736726	0.000039	1.0
68	-0.594284	33.908058	23261.448057	0.000031	1.2
69	-0.596231	34.353825	23074.122252	0.000044	1.5
70	-0.594546	34.325860	23085.785668	0.000094	1.1
71	-0.592705	35.309203	22682.632000	0.000050	1.2
72	-0.597314	36.308901	22286.955747	0.000063	1.5
73	-0.597633	37.234202	21932.831438	0.000020	1.3
74	-0.592409	37.204250	21944.118172	0.000081	1.1
75	-0.595870	37.174963	21955.165412	0.000077	1.7
76	-0.608621	38.174963	21584.144218	0.000124	1.5
77	-0.589889	39.174963	21225.454469	0.000054	1.5
78	-0.591016	39.144847	21236.082728	0.000135	1.2
79	-0.597771	40.144847	20888.774918	0.000090	1.6
80	-0.606000	40.114776	20899.053031	0.000139	1.8
81	-0.591091	40.084659	20909.356846	0.000070	1.1
82	-0.598208	41.084659	20572.569028	0.000088	1.0
83	-0.600524	41.054543	20582.553350	0.000031	1.1
84	-0.585164	42.002755	20272.779074	0.000037	1.3
85	-0.594966	42.385165	20150.470984	0.000043	1.3
86	-0.598764	42.355138	20160.021257	0.000111	1.4
87	-0.604242	43.355138	19846.759264	0.000032	1.4
88	-0.602012	44.354973	19543.132951	0.000047	1.6
89	-0.591718	44.336058	19548.790966	0.000066	1.3
90	-0.604796	44.310847	19556.336918	0.000052	1.6
91	-0.597243	44.281640	19565.086452	0.000084	1.1
92	-0.601118	45.277879	19270.998826	0.000045	1.1
93	-0.585605	46.145303	19022.044319	0.000057	1.1
94	-0.602175	46.689156	18869.210530	0.000049	1.1
95	-0.598688	46.659059	18877.604247	0.000133	1.0
96	-0.589244	46.628942	18886.010798	0.000148	1.0
97	-0.599690	47.628942	18610.820621	0.000059	1.4
98	-0.600567	47.599251	18618.875776	0.000063	1.1
99	-0.597938	48.599145	18351.388298	0.000140	1.1
100	-0.598878	49.599145	18091.450472	0.000141	1.2
101	-0.591610	49.569029	18099.171282	0.000047	1.3
102	-0.595248	49.545155	18105.296393	0.000076	1.4
103	-0.595147	50.532567	17855.376871	0.000114	1.8
104	-0.599475	50.502450	17862.897457	0.000056	1.3
105	-0.595017	50.518123	17858.982806	0.000023	1.1
106	-0.592971	50.515367	17859.671162	0.000183	1.2
107	-0.590389	51.515031	17613.464592	0.000038	1.1
108	-0.601205	51.504829	17615.943101	0.000071	1.2
109	-0.602939	51.474874	17623.224000	0.000035	2.3
110	-0.602506	52.300902	17424.627766	0.000030	1.5
111	-0.602601	52.288723	17427.523398	0.000109	1.2
112	-0.590893	52.258607	17434.687799	0.000063	1.2
113	-0.597035	52.228493	17441.857358	0.000057	1.2
114	-0.600971	52.198402	17449.027635	0.000140	1.2
115	-0.595230	52.168287	17456.209423	0.000040	1.5
116	-0.608770	53.168287	17220.849944	0.000049	1.1
117	-0.595612	53.214586	17210.106645	0.000101	1.0
118	-0.595832	53.184470	17217.093288	0.000094	1.1
119	-0.592920	54.184470	16988.095287	0.000072	1.1
120	-0.599770	54.154353	16994.902889	0.000075	1.1
121	-0.593959	54.132144	16999.926580	0.000031	1.4
122	-0.602688	54.339928	16953.041665	0.000046	1.1
123	-0.610122	54.310005	16959.777490	0.000093	1.1
124	-0.602676	55.301788	16739.331674	0.000034	1.3
125	-0.597132	56.287513	16525.838267	0.000117	1.0
126	-0.596255	57.287503	16314.748780	0.000084	1.0
127	-0.599194	57.285726	16315.118906	0.000081	1.0
128	-0.592466	58.285726	16109.342663	0.000057	1.0
129	-0.589442	58.395481	16087.073439	0.000035	1.2
130	-0.603140	59.194898	15926.710643	0.000095	1.2
131	-0.599721	59.438199	15878.537258	0.000077	1.1
132	-0.593799	59.408082	15884.484483	0.000082	1.0
133	-0.612381	60.408082	15689.362770	0.000132	1.2
134	-0.600170	60.377966	15695.169105	0.000062	1.1
135	-0.599031	61.377966	15504.642804	0.000064	1.1
136	-0.611161	62.377963	15318.687213	0.000043	1.1
137	-0.596330	62.348601	15324.083655	0.000100	1.3
138	-0.597746	63.348259	15142.469476	0.000062	1.2
139	-0.596762	63.318142	15147.878006	0.000044	1.2
140	-0.595759	64.312417	14971.336842	0.000125	1.1
141	-0.580018	64.282301	14976.623793	0.000097	1.2
142	-0.602567	65.282301	14803.046783	0.000082	1.1
143	-0.610329	66.282301	14633.447144	0.000097	1.1
144	-0.594616	66.252184	14638.498099	0.000035	1.4
145	-0.592477	66.222073	14643.551774	0.000088	1.5
146	-0.600378	66.374537	14617.999459	0.000070	1.2
147	-0.592932	67.374537	14452.589831	0.000089	1.5
148	-0.594075	68.051792	14342.675334	0.000094	1.1
149	-0.593502	68.021675	14347.527527	0.000099	1.4
150	-0.598473	67.991559	14352.383003	0.000053	1.1
151	-0.594150	68.991559	14192.897162	0.000035	1.3
152	-0.585257	68.962242	14197.522353	0.000081	1.2
153	-0.596387	68.932339	14202.243049	0.000085	1.3
154	-0.595839	68.902223	14207.000613	0.000119	1.0
155	-0.588502	69.902223	14050.711799	0.000093	1.1
156	-0.602920	70.902223	13897.824183	0.000101	1.0
157	-0.592387	71.902223	13748.227932	0.000067	1.0
158	-0.596288	71.872106	13752.686189	0.000054	1.2
159	-0.600521	72.871894	13606.212455	0.000157	1.4
160	-0.601616	73.871046	13462.916068	0.000056	1.1
161	-0.594036	74.871046	13322.488728	0.000080	1.0
162	-0.607913	74.840930	13326.675102	0.000088	1.0
163	-0.600401	74.810814	13330.864052	0.000024	1.0
164	-0.599285	75.762466	13199.755947	0.000025	1.0
165	-0.597260	75.741282	13202.646336	0.000022	1.1
166	-0.585576	75.951690	13173.993517	0.000067	1.2
167	-0.599014	76.897386	13046.731737	0.000093	1.2
168	-0.607608	77.625046	12950.472448	0.000026	1.0
169	-0.587030	77.594956	12954.424740	0.000084	1.0
170	-0.597991	77.565363	12958.314156	0.000046	1.1
171	-0.588243	77.535282	12962.270126	0.000066	1.0
172	-0.589591	78.535140	12832.060486	0.000062	1.8
173	-0.607800	79.528886	12705.213255	0.000056	1.3
174	-0.590241	79.498771	12709.020410	0.000041	1.0
175	-0.598294	79.468661	12712.829233	0.000138	1.0
176	-0.600132	79.439240	12716.553205	0.000041	1.0
177	-0.604691	79.409123	12720.367373	0.000105	1.3
178	-0.607874	80.116929	12631.326369	0.000062	1.4
179	-0.590195	80.086813	12635.089576	0.000119	1.1
180	-0.595091	81.086813	12511.321488	0.000052	1.2
181	-0.596255	81.056696	12515.013518	0.000147	1.1
182	-0.602597	81.026580	12518.707728	0.000052	1.0
183	-0.600726	80.996465	12522.403961	0.000082	1.0
184	-0.599740	81.897748	12412.720074	0.000075	1.2
185	-0.602531	82.897747	12293.249549	0.000063	1.0
186	-0.596790	83.051826	12275.045874	0.000080	1.0
187	-0.594197	83.021709	12278.599754	0.000097	1.1
188	-0.587427	84.021709	12161.684881	0.000080	1.2
189	-0.602819	85.021709	12046.975498	0.000033	1.2
190	-0.602815	84.991607	12050.396954	0.000029	1.1
191	-0.599552	84.963111	12053.637570	0.000077	1.1
192	-0.599774	85.857148	11952.788973	0.000035	1.2
193	-0.606846	86.344245	11898.550684	0.000063	1.1
194	-0.589598	86.323447	11900.856413	0.000071	0.9
195	-0.595722	86.293331	11904.196891	0.000036	1.1
196	-0.607639	87.011644	11825.030092	0.000073	1.0
197	-0.593069	87.971889	11720.829587	0.000101	1.1
198	-0.596363	88.971804	11614.258328	0.000054	1.2
199	-0.590621	89.887218	11518.378435	0.000097	1.0
