1:ItNr	2:Metric	3a:Time	3b:StepSize	4:||Gradient||	Time[ms]
0	-0.038003	0.000000	629.326759	0.000663	109.2
1	-0.037249	0.000000	629.326759	0.000286	1.3
2	-0.036812	0.000000	629.326759	0.000189	1.4
3	-0.037157	0.000000	629.326759	0.000220	1.4
4	-0.037882	0.000000	629.326759	0.000245	1.5
5	-0.037247	0.000000	629.326759	0.000167	1.4
6	-0.038790	0.000000	629.326759	0.000392	1.4
7	-0.037068	0.853625	604.744615	0.000529	1.9
8	-0.040295	0.645371	610.562974	0.000246	1.9
9	-0.039850	0.000000	629.326759	0.000372	1.7
10	-0.040172	0.626860	611.085568	0.000407	1.8
11	-0.038636	1.578362	585.333071	0.000457	2.0
12	-0.038361	2.577033	560.539661	0.000339	1.6
13	-0.040081	2.355362	565.859865	0.000581	1.7
14	-0.039727	1.392681	590.186687	0.000329	2.0
15	-0.035985	2.392624	564.958512	0.000334	1.5
16	-0.040210	3.380651	542.063527	0.000547	1.4
17	-0.040654	2.419006	564.322061	0.000382	1.5
18	-0.035639	3.418960	541.213136	0.000271	1.5
19	-0.038672	4.399454	520.320716	0.000604	1.5
20	-0.038869	3.439682	540.754259	0.000370	2.2
21	-0.037287	2.476986	562.928381	0.000205	1.8
22	-0.038571	1.590105	585.028803	0.000260	1.5
23	-0.038343	2.119214	571.639748	0.000399	1.4
24	-0.038658	1.185245	595.705014	0.000359	2.0
25	-0.037339	0.223055	622.712500	0.000514	1.4
26	-0.038892	0.000000	629.326759	0.000480	1.6
27	-0.039054	0.999625	600.731230	0.000192	1.6
28	-0.040246	1.206563	595.133163	0.000455	1.6
29	-0.042556	1.253371	593.881336	0.000127	1.5
30	-0.039669	0.931320	602.602211	0.000520	2.2
31	-0.039761	0.393863	617.740781	0.000302	1.9
32	-0.039159	0.000000	629.326759	0.000228	2.0
33	-0.036611	0.142591	625.082423	0.000226	1.5
34	-0.039904	0.270647	621.319226	0.000255	1.6
35	-0.037138	1.015911	600.286848	0.000509	1.4
36	-0.039491	0.671774	609.819113	0.000373	1.4
37	-0.039615	1.671738	582.922308	0.000215	1.4
38	-0.039114	0.932471	602.570600	0.000405	1.6
39	-0.040368	1.908791	576.890424	0.000294	1.4
40	-0.038906	2.898134	553.008106	0.000517	1.9
41	-0.039825	3.884679	531.084275	0.000346	1.5
42	-0.038444	4.845378	511.343337	0.000161	1.5
43	-0.038041	5.104656	506.264547	0.000155	1.6
44	-0.035995	5.427870	500.072917	0.000689	1.6
45	-0.039390	6.177497	486.279592	0.000514	1.8
46	-0.038763	5.355104	501.453613	0.000342	1.8
47	-0.037207	6.255444	484.888895	0.000411	1.4
48	-0.038855	5.298677	502.529532	0.000488	1.4
49	-0.035957	6.298569	484.122892	0.000324	1.8
50	-0.037995	7.297267	467.036693	0.000479	1.7
51	-0.039600	8.295400	451.124140	0.000199	1.5
52	-0.039268	8.024054	455.341697	0.000591	2.0
53	-0.040804	7.622730	461.726123	0.000904	1.6
54	-0.038930	6.660030	477.796371	0.000451	1.6
55	-0.038798	7.660030	461.125196	0.000221	1.7
56	-0.037983	8.338388	450.463121	0.000472	1.9
57	-0.038395	9.328272	435.760466	0.000537	1.7
58	-0.037294	8.374462	449.909921	0.000501	1.7
59	-0.039037	7.411764	465.154573	0.000229	2.2
60	-0.039409	8.223081	452.240543	0.000518	2.0
61	-0.036269	7.335252	466.410604	0.000329	2.1
62	-0.038119	8.335156	450.512757	0.000273	2.2
63	-0.035311	9.215744	437.383302	0.000550	2.2
64	-0.037230	10.092099	425.055314	0.000203	1.8
65	-0.038621	11.076763	412.007348	0.000205	2.9
66	-0.041345	11.880432	401.936997	0.000320	1.7
67	-0.042352	10.959042	413.524972	0.000164	2.1
68	-0.038411	10.750966	416.234960	0.000203	1.9
69	-0.034606	11.098173	411.732527	0.000400	1.8
70	-0.040805	10.538704	419.036302	0.000361	1.6
71	-0.038940	11.270837	409.529573	0.000566	1.8
72	-0.037869	10.824998	415.266699	0.000165	2.0
73	-0.039464	9.935740	427.203683	0.000632	2.0
74	-0.037958	10.436224	420.402338	0.000504	1.5
75	-0.039432	9.473525	433.683406	0.000322	2.0
76	-0.036996	8.783050	443.737700	0.000347	2.0
77	-0.039388	9.496502	433.356647	0.000065	1.7
78	-0.037776	9.302539	436.130519	0.000398	1.3
79	-0.037846	9.012508	440.345132	0.000287	1.4
80	-0.041653	10.005930	426.236586	0.000456	1.5
81	-0.039247	10.912837	414.123698	0.000343	1.5
82	-0.039817	9.953081	426.964344	0.000586	1.3
83	-0.038562	8.990465	440.668789	0.000292	1.2
84	-0.039290	8.027846	455.282214	0.000139	1.3
85	-0.037362	7.914548	457.066180	0.000385	1.3
86	-0.039588	8.453654	448.700243	0.000136	1.2
87	-0.039815	7.578950	462.433431	0.000103	1.7
88	-0.037950	7.410176	465.180565	0.000108	1.4
89	-0.039254	7.373849	465.776137	0.000244	1.4
90	-0.039301	7.100378	470.309042	0.000138	1.4
91	-0.039105	6.639470	478.151794	0.000259	1.7
92	-0.036704	5.965085	490.110153	0.000332	1.3
93	-0.039202	6.915773	473.419164	0.000441	1.3
94	-0.040377	7.914723	457.063409	0.000169	1.4
95	-0.038786	8.554728	447.165740	0.000229	1.3
96	-0.036124	9.230944	437.163394	0.000278	1.4
97	-0.042588	10.178797	423.873381	0.000587	1.4
98	-0.036629	9.217492	437.358008	0.000277	1.3
99	-0.037974	9.760848	429.632555	0.000323	1.6
100	-0.038050	8.912872	441.811877	0.000239	1.3
101	-0.040028	7.977990	456.065516	0.000317	1.4
102	-0.038797	7.132801	469.767016	0.000214	1.3
103	-0.036584	6.254372	484.907961	0.000205	1.3
104	-0.037941	5.807088	492.998788	0.000673	1.2
105	-0.039807	4.939338	509.491104	0.000104	1.5
106	-0.038095	4.155714	525.362229	0.000246	1.2
107	-0.038919	4.558257	517.087764	0.000538	1.3
108	-0.037332	5.506333	498.592615	0.000560	1.4
109	-0.037235	4.543636	517.383740	0.000231	1.4
110	-0.039007	5.035146	507.616206	0.000284	1.3
111	-0.038609	5.586970	497.080413	0.000580	1.7
112	-0.042010	4.733098	513.574452	0.000680	1.4
113	-0.041428	5.733098	494.363269	0.000628	1.4
114	-0.037757	6.075919	488.103904	0.000502	1.6
115	-0.038832	5.113220	506.098520	0.000382	1.6
116	-0.036394	4.151014	525.460406	0.000325	1.3
117	-0.037379	3.200019	546.109565	0.000465	1.6
118	-0.039743	2.246325	568.514038	0.000331	1.8
119	-0.039126	1.561777	585.763340	0.000342	1.4
120	-0.041402	2.537486	561.481457	0.000594	1.4
121	-0.037179	3.534965	538.654209	0.000254	1.4
122	-0.037782	2.848446	554.160305	0.000185	1.8
123	-0.038607	2.425626	564.162600	0.000302	1.3
124	-0.038605	1.668911	582.995011	0.000317	1.3
125	-0.040475	0.824964	605.538783	0.000498	1.2
126	-0.038971	0.683230	609.496930	0.000423	1.3
127	-0.036777	0.827228	605.475965	0.000144	1.4
128	-0.039319	1.718930	581.711465	0.000378	1.4
129	-0.039235	2.393886	564.928035	0.000196	1.6
130	-0.037742	1.519848	586.853970	0.000460	1.3
131	-0.041085	2.244295	568.563680	0.000460	1.4
132	-0.036874	1.284828	593.043040	0.000596	1.4
133	-0.035627	2.284731	567.576329	0.000262	1.3
134	-0.036572	3.275605	544.409170	0.000391	1.5
135	-0.039442	4.088515	526.769405	0.000416	1.5
136	-0.038339	5.086501	506.616889	0.000577	1.5
137	-0.038858	4.123815	526.029262	0.000269	1.9
138	-0.040049	3.161719	546.975232	0.000299	1.5
139	-0.038305	2.696216	557.720361	0.000261	1.4
140	-0.035269	2.783866	555.665002	0.000945	1.5
141	-0.038544	1.822222	579.078672	0.000702	1.3
142	-0.037242	0.859522	604.581462	0.000512	1.4
143	-0.038603	0.722445	608.396624	0.000720	1.5
144	-0.037172	1.693672	582.358911	0.000305	1.3
145	-0.039649	2.693666	557.780377	0.000153	1.4
146	-0.037848	3.167396	546.846745	0.000280	1.3
147	-0.038514	3.968316	529.305292	0.000259	1.3
148	-0.037490	3.270562	544.522285	0.000297	1.4
149	-0.038826	3.089462	548.615896	0.000601	1.2
150	-0.036340	3.832456	532.201165	0.000566	1.5
151	-0.040424	4.832453	511.599178	0.000216	1.3
152	-0.037933	3.874940	531.292218	0.000632	1.4
153	-0.038181	4.400343	520.302492	0.000304	1.3
154	-0.036366	3.478775	539.890666	0.000546	1.5
155	-0.037990	2.516432	561.984157	0.000332	1.5
156	-0.041017	1.556550	585.899080	0.000462	1.3
157	-0.037141	0.613966	611.450101	0.000312	1.2
158	-0.040033	1.610420	584.503150	0.000300	1.3
159	-0.041289	0.670875	609.844419	0.000159	1.5
160	-0.038537	0.000000	629.326759	0.000500	1.7
161	-0.040214	0.000000	629.326759	0.000462	1.5
162	-0.038248	0.999994	600.721154	0.000230	1.4
163	-0.040281	0.051326	627.792360	0.000413	1.6
164	-0.037490	0.000000	629.326759	0.000599	1.5
165	-0.036721	0.000000	629.326759	0.000597	2.1
166	-0.037229	1.000000	600.720998	0.000266	1.7
167	-0.036818	0.037471	628.205820	0.000198	1.4
168	-0.040967	0.000000	629.326759	0.000237	1.4
169	-0.037575	0.675263	609.720960	0.000712	1.4
170	-0.037880	1.673766	582.870183	0.000433	1.4
171	-0.037943	1.444864	588.814532	0.000252	1.3
172	-0.039558	0.501223	614.656287	0.000358	1.4
173	-0.039065	1.204672	595.183831	0.000446	1.7
174	-0.039839	0.896362	603.564276	0.000237	1.7
175	-0.039234	1.103561	597.906469	0.000542	1.5
176	-0.038919	0.146737	624.959863	0.000475	1.4
177	-0.037134	0.000000	629.326759	0.000392	1.4
178	-0.038342	0.000000	629.326759	0.000297	1.4
179	-0.038226	0.343315	619.203809	0.000522	1.2
180	-0.037396	1.342861	591.502672	0.000199	1.2
181	-0.041691	0.398865	617.596404	0.000290	1.4
182	-0.038033	1.322577	592.040157	0.000121	1.5
183	-0.038913	1.577591	585.353049	0.000267	1.6
184	-0.039439	1.029078	599.928062	0.000354	1.4
185	-0.037224	1.966411	575.443069	0.000292	1.4
186	-0.040819	1.349787	591.319371	0.000501	2.4
187	-0.036366	1.670574	582.952254	0.000153	1.5
188	-0.040490	2.644906	558.930619	0.000514	1.4
189	-0.039583	2.926310	552.356882	0.000387	1.6
190	-0.038716	3.926276	530.198006	0.000473	1.3
191	-0.040138	3.212853	545.820110	0.000679	1.2
192	-0.038531	2.250718	568.406608	0.000527	1.2
193	-0.038077	1.288086	592.956332	0.000502	1.3
194	-0.038475	2.043259	573.523997	0.000447	1.3
195	-0.045140	2.074804	572.739949	0.000334	1.4
196	-0.037679	1.122443	597.396134	0.000477	1.5
197	-0.037250	0.287609	620.824145	0.000184	1.7
198	-0.038292	1.266542	593.530059	0.000197	1.3
199	-0.038436	1.794479	579.783456	0.000329	1.3
