1:ItNr	2:Metric	3a:Time	3b:StepSize	4:||Gradient||	Time[ms]
0	-1.498448	0.000000	212598.221595	0.000417	110.7
1	-1.502584	0.000000	212598.221595	0.000765	6.5
2	-1.505943	1.000000	202934.666068	0.000937	4.8
3	-1.514867	2.000000	194111.419717	0.000479	5.2
4	-1.526043	3.000000	186023.443896	0.000352	5.6
5	-1.515064	4.000000	178582.506140	0.000203	5.6
6	-1.519761	3.988825	178662.368690	0.000304	6.1
7	-1.509962	4.988825	171787.784358	0.000364	6.2
8	-1.515975	5.988825	165422.639348	0.000366	5.0
9	-1.528117	6.988825	159512.329082	0.000388	5.2
10	-1.521201	7.988825	154009.783551	0.000357	4.6
11	-1.524806	8.988825	148874.211087	0.000274	5.8
12	-1.521162	9.988825	144070.085361	0.000136	5.1
13	-1.527266	10.988825	139566.322386	0.000083	4.8
14	-1.528148	10.977650	139615.095915	0.000073	5.6
15	-1.522975	10.966475	139663.903546	0.000057	4.9
16	-1.526917	10.955300	139712.745314	0.000058	5.0
17	-1.524440	10.944125	139761.621254	0.000057	5.8
18	-1.523036	10.932950	139810.531404	0.000061	4.6
19	-1.521175	10.921775	139859.475797	0.000060	5.3
20	-1.526681	10.910599	139908.454472	0.000056	6.0
21	-1.533833	10.899424	139957.467463	0.000069	5.6
22	-1.528884	10.888249	140006.514806	0.000056	5.3
23	-1.526424	10.877074	140055.596539	0.000067	5.0
24	-1.528941	10.865899	140104.712696	0.000070	5.7
25	-1.525908	10.854724	140153.863315	0.000110	7.7
26	-1.523773	11.854724	135887.996930	0.000095	6.0
27	-1.530663	11.843549	135934.233021	0.000131	4.8
28	-1.529879	11.832374	135980.500586	0.000127	5.4
29	-1.521235	12.832374	131961.258527	0.000114	5.8
30	-1.529273	13.832374	128172.792702	0.000086	5.0
31	-1.536158	14.832374	124595.781794	0.000089	5.7
32	-1.530772	14.821199	124634.651536	0.000091	5.8
33	-1.530016	14.810024	124673.545538	0.000077	5.1
34	-1.529867	14.798849	124712.463971	0.000211	5.5
35	-1.525724	15.798849	121323.432311	0.000212	5.8
36	-1.538499	16.798849	118113.719956	0.000154	5.5
37	-1.527798	17.798849	115069.461600	0.000120	5.7
38	-1.521742	18.798849	112178.185476	0.000239	5.8
39	-1.530646	19.798849	109428.642572	0.000240	4.8
40	-1.536213	20.798849	106810.660368	0.000110	5.2
41	-1.525745	21.798849	104315.017071	0.000059	5.9
42	-1.523355	21.787674	104342.261534	0.000057	5.4
43	-1.525859	21.776499	104369.520231	0.000231	5.6
44	-1.531417	21.765324	104396.793175	0.000216	6.1
45	-1.531181	22.765324	102011.416252	0.000090	5.9
46	-1.524902	22.754149	102037.470566	0.000206	4.8
47	-1.527597	23.754149	99757.514993	0.000209	4.9
48	-1.533560	24.754149	97577.220573	0.000068	5.0
49	-1.525853	24.742974	97601.058810	0.000239	5.3
50	-1.525979	24.731799	97624.908698	0.000235	5.7
51	-1.529711	25.731799	95535.862014	0.000108	5.0
52	-1.531359	26.731799	93534.348034	0.000122	5.5
53	-1.523631	27.716122	91644.459537	0.000222	6.1
54	-1.529048	28.716122	89801.104581	0.000183	5.0
55	-1.528315	29.716122	88030.442681	0.000199	5.2
56	-1.530855	30.716122	86328.256987	0.000171	5.2
57	-1.528001	31.716122	84690.650615	0.000084	5.5
58	-1.527396	31.704947	84708.607631	0.000248	4.0
59	-1.528453	32.704947	83131.311446	0.000208	5.8
60	-1.527738	33.704947	81611.680838	0.000091	5.4
61	-1.519437	33.693772	81628.355789	0.000251	5.7
62	-1.531617	34.693772	80162.691795	0.000207	6.1
63	-1.534015	35.693772	78748.732388	0.000089	5.8
64	-1.530911	35.682597	78764.257828	0.000194	5.8
65	-1.526539	36.682597	77398.780848	0.000181	6.8
66	-1.531427	37.682597	76079.841583	0.000078	6.8
67	-1.530378	37.671422	76094.332407	0.000225	5.8
68	-1.527962	38.671422	74819.110023	0.000195	5.8
69	-1.531603	39.671422	73585.924643	0.000081	6.0
70	-1.530063	39.660246	73599.480928	0.000224	5.7
71	-1.527316	40.660246	72405.851562	0.000167	5.3
72	-1.530198	41.660246	71250.320653	0.000087	5.0
73	-1.528911	41.649071	71263.029972	0.000227	4.4
74	-1.535321	42.649071	70143.405939	0.000188	5.9
75	-1.530909	43.649071	69058.418879	0.000111	4.8
76	-1.533509	43.637896	69070.358197	0.000228	5.0
77	-1.532252	44.637896	68018.064293	0.000164	5.4
78	-1.533151	45.637896	66997.352835	0.000182	5.2
79	-1.525696	46.637896	66006.823022	0.000153	5.1
80	-1.535774	47.637896	65045.155685	0.000090	5.7
81	-1.528775	47.626721	65055.747534	0.000199	5.1
82	-1.531688	48.626721	64121.397240	0.000188	5.3
83	-1.534341	49.626721	63213.505778	0.000231	5.1
84	-1.534521	50.626721	62330.964951	0.000170	5.4
85	-1.537331	51.626721	61472.727599	0.000092	5.1
86	-1.529037	51.615546	61482.187857	0.000207	5.4
87	-1.535026	52.615546	60647.008455	0.000195	5.8
88	-1.534486	53.615546	59834.215257	0.000183	5.2
89	-1.531500	54.615546	59042.920103	0.000162	5.2
90	-1.534807	55.615546	58272.281205	0.000213	6.2
91	-1.529894	56.615546	57521.500156	0.000186	5.6
92	-1.526409	57.615546	56789.819173	0.000113	10.4
93	-1.532785	57.604371	56797.892896	0.000241	5.7
94	-1.535111	58.604371	56084.390710	0.000140	6.0
95	-1.532414	59.604371	55388.592331	0.000128	5.4
96	-1.533532	59.593196	55396.272523	0.000213	5.9
97	-1.540091	60.593196	54717.340024	0.000141	6.8
98	-1.532802	61.593196	54054.847922	0.000200	5.1
99	-1.530694	62.593196	53408.206205	0.000187	5.0
100	-1.538531	63.593196	52776.852754	0.000182	5.5
101	-1.532592	64.593196	52160.251726	0.000137	5.2
102	-1.530567	65.593196	51557.892024	0.000206	6.0
103	-1.540031	66.593196	50969.285896	0.000207	5.8
104	-1.534526	67.593196	50393.967608	0.000173	5.5
105	-1.534195	68.593196	49831.492221	0.000182	5.2
106	-1.532211	69.593196	49281.434442	0.000179	5.4
107	-1.531398	70.593196	48743.387551	0.000197	5.6
108	-1.526858	71.593196	48216.962396	0.000231	5.4
109	-1.537938	72.593196	47701.786460	0.000223	5.5
110	-1.525489	73.593196	47197.502976	0.000215	5.3
111	-1.534430	74.593196	46703.770107	0.000211	6.0
112	-1.537019	75.593196	46220.260171	0.000196	5.6
113	-1.533783	76.593196	45746.658915	0.000212	5.3
114	-1.531976	77.593196	45282.664839	0.000194	5.8
115	-1.537966	78.593196	44827.988550	0.000218	5.6
116	-1.530898	79.593196	44382.352162	0.000212	5.4
117	-1.533135	80.593196	43945.488731	0.000207	5.4
118	-1.529317	81.593196	43517.141722	0.000235	5.6
119	-1.536419	82.593196	43097.064503	0.000196	5.2
120	-1.528691	83.593196	42685.019876	0.000185	5.3
121	-1.534689	84.593196	42280.779627	0.000212	5.3
122	-1.534625	85.593196	41884.124107	0.000202	5.7
123	-1.530855	86.593196	41494.841832	0.000143	5.4
124	-1.531257	87.593196	41112.729109	0.000210	5.3
125	-1.529121	88.593196	40737.589679	0.000224	5.5
126	-1.531039	89.593196	40369.234381	0.000223	5.6
127	-1.532519	90.593196	40007.480835	0.000207	5.4
128	-1.532836	91.593196	39652.153140	0.000208	5.7
129	-1.535603	92.593196	39303.081589	0.000221	5.5
130	-1.536386	93.593196	38960.102399	0.000208	5.2
131	-1.532628	94.593196	38623.057454	0.000201	6.0
132	-1.529640	95.593196	38291.794064	0.000192	4.7
133	-1.533027	96.593196	37966.164730	0.000209	6.3
134	-1.534780	97.593196	37646.026932	0.000212	5.9
135	-1.536827	98.593196	37331.242912	0.000177	5.2
136	-1.528106	99.593196	37021.679486	0.000187	5.9
137	-1.530956	100.593196	36717.207849	0.000186	5.5
138	-1.533025	101.593196	36417.703399	0.000216	5.8
139	-1.537620	102.593196	36123.045565	0.000235	4.8
140	-1.533963	103.593196	35833.117650	0.000167	6.1
141	-1.533072	104.593196	35547.806672	0.000189	5.6
142	-1.533639	105.593196	35267.003218	0.000218	5.5
143	-1.532384	106.593196	34990.601307	0.000183	6.8
144	-1.528345	107.593196	34718.498254	0.000221	5.9
145	-1.533294	108.593196	34450.594542	0.000222	6.3
146	-1.539041	109.593196	34186.793704	0.000218	5.5
147	-1.533956	110.593196	33927.002205	0.000206	5.5
148	-1.526878	111.593196	33671.129330	0.000255	6.3
149	-1.539550	112.593196	33419.087083	0.000214	5.4
150	-1.532910	113.593196	33170.790081	0.000215	5.9
151	-1.539092	114.593196	32926.155461	0.000209	5.5
152	-1.533290	115.593196	32685.102784	0.000242	4.9
153	-1.535290	116.593196	32447.553954	0.000213	5.2
154	-1.535936	117.593196	32213.433125	0.000230	6.2
155	-1.533068	118.593196	31982.666626	0.000227	5.6
156	-1.535766	119.593196	31755.182882	0.000224	5.2
157	-1.537911	120.593196	31530.912340	0.000214	6.2
158	-1.533723	121.593196	31309.787397	0.000244	4.8
159	-1.534624	122.593196	31091.742335	0.000246	4.7
160	-1.531972	123.593196	30876.713252	0.000229	5.0
161	-1.538770	124.593196	30664.638003	0.000247	5.5
162	-1.531078	125.593196	30455.456139	0.000240	4.8
163	-1.531345	126.593196	30249.108848	0.000209	5.7
164	-1.534684	127.593196	30045.538903	0.000229	5.4
165	-1.532686	128.593196	29844.690604	0.000221	5.6
166	-1.534319	129.593196	29646.509734	0.000240	5.2
167	-1.530670	130.593196	29450.943505	0.000205	6.0
168	-1.534412	131.593196	29257.940512	0.000227	5.8
169	-1.534387	132.593196	29067.450691	0.000237	5.9
170	-1.533391	133.593196	28879.425270	0.000243	5.4
171	-1.533070	134.593196	28693.816735	0.000223	5.2
172	-1.533914	135.593196	28510.578782	0.000266	5.4
173	-1.532799	136.593196	28329.666284	0.000265	5.5
174	-1.530115	137.593196	28151.035252	0.000286	6.3
175	-1.536347	138.593196	27974.642799	0.000247	7.0
176	-1.531954	139.593196	27800.447108	0.000288	5.3
177	-1.539345	140.593196	27628.407395	0.000275	5.2
178	-1.533292	141.593196	27458.483880	0.000297	5.6
179	-1.538840	142.593196	27290.637756	0.000268	5.2
180	-1.535153	143.593196	27124.831159	0.000326	5.5
181	-1.531717	144.593196	26961.027139	0.000274	4.9
182	-1.538743	145.593196	26799.189634	0.000393	5.1
183	-1.540603	146.593196	26639.283443	0.000348	5.8
184	-1.535513	147.593196	26481.274199	0.000421	5.5
185	-1.535547	148.593196	26325.128347	0.000322	5.5
186	-1.534061	149.593196	26170.813116	0.000274	5.5
187	-1.532682	149.582021	26172.527603	0.000296	5.2
188	-1.541603	150.582021	26019.991064	0.000290	4.8
189	-1.532007	151.582021	25869.222224	0.000301	5.2
190	-1.542911	152.582021	25720.190533	0.000271	4.8
191	-1.531820	153.582021	25572.866138	0.000352	5.7
192	-1.537345	154.582021	25427.219870	0.000288	5.0
193	-1.533387	155.582021	25283.223218	0.000364	5.4
194	-1.532887	156.582021	25140.848313	0.000300	5.9
195	-1.531761	157.582021	25000.067914	0.000489	4.4
196	-1.536079	158.582021	24860.855381	0.000321	5.0
197	-1.536529	159.582021	24723.184669	0.000283	6.2
198	-1.534248	159.570846	24724.714724	0.000378	5.2
199	-1.533986	160.570846	24588.543553	0.000279	5.2
