1:ItNr	2:Metric	3a:Time	3b:StepSize	4:||Gradient||	Time[ms]
0	-1.033716	0.000000	269985.182652	0.000456	104.2
1	-1.041530	0.000000	269985.182652	0.000216	6.1
2	-1.049859	1.000000	257713.128895	0.000063	5.3
3	-1.056622	2.000000	246508.210247	0.000049	6.1
4	-1.054872	1.987600	246641.177261	0.000040	5.2
5	-1.055495	1.975201	246774.287915	0.000046	6.0
6	-1.047673	1.962801	246907.542325	0.000044	6.3
7	-1.050603	1.950402	247040.940723	0.000035	5.2
8	-1.057358	1.938002	247174.483343	0.000049	6.5
9	-1.055579	1.925603	247308.170419	0.000035	6.3
10	-1.055409	1.913203	247442.002185	0.000061	6.4
11	-1.057307	1.900803	247575.978877	0.000053	5.9
12	-1.057300	2.900803	237217.500163	0.000059	5.3
13	-1.057585	3.900286	227695.729912	0.000060	5.2
14	-1.051190	4.900286	218904.486125	0.000036	5.6
15	-1.052657	4.887887	219009.335203	0.000037	6.1
16	-1.052400	4.875487	219114.284768	0.000041	5.4
17	-1.053136	4.863087	219219.334965	0.000048	5.7
18	-1.053453	4.850688	219324.485940	0.000048	6.0
19	-1.058257	4.838288	219429.737836	0.000035	5.9
20	-1.059692	4.825889	219535.090800	0.000036	7.3
21	-1.060576	4.813489	219640.544977	0.000036	7.6
22	-1.057895	4.801090	219746.100512	0.000039	7.3
23	-1.057720	4.788690	219851.757553	0.000052	6.9
24	-1.060789	4.776290	219957.516246	0.000047	8.2
25	-1.058399	4.763891	220063.376736	0.000045	7.1
26	-1.055027	4.751491	220169.339173	0.000042	7.4
27	-1.052976	4.739092	220275.403702	0.000040	6.7
28	-1.063525	4.726692	220381.570472	0.000053	5.9
29	-1.060690	4.714293	220487.839630	0.000045	5.9
30	-1.054551	4.701893	220594.211325	0.000046	6.0
31	-1.057782	4.689494	220700.685705	0.000045	5.9
32	-1.062992	4.677094	220807.262918	0.000042	7.1
33	-1.061418	4.664694	220913.943115	0.000043	5.9
34	-1.059908	4.652295	221020.726443	0.000055	6.0
35	-1.058998	4.639895	221127.613054	0.000047	6.3
36	-1.065568	4.627496	221234.601436	0.000040	6.2
37	-1.068113	4.615096	221341.695059	0.000040	7.0
38	-1.058830	4.602697	221448.892414	0.000038	5.7
39	-1.068190	4.590297	221556.193652	0.000043	5.4
40	-1.058169	4.577898	221663.598924	0.000041	6.3
41	-1.064597	4.565498	221771.108382	0.000043	5.9
42	-1.063998	4.553098	221878.722177	0.000040	6.1
43	-1.067231	4.540699	221986.440461	0.000049	5.7
44	-1.068355	4.528299	222094.263387	0.000048	6.2
45	-1.062767	4.515900	222202.191107	0.000037	6.0
46	-1.062897	4.503500	222310.223774	0.000038	7.1
47	-1.064607	4.491101	222418.361541	0.000038	10.8
48	-1.062610	4.478701	222526.604562	0.000043	6.2
49	-1.064817	4.466301	222634.952990	0.000085	6.4
50	-1.069615	5.466187	214223.867583	0.000077	7.6
51	-1.071905	6.466187	206424.318582	0.000058	6.2
52	-1.065495	7.466187	199172.756507	0.000049	7.1
53	-1.067629	7.502553	198918.628113	0.000037	5.9
54	-1.065257	7.490154	199005.202058	0.000038	5.6
55	-1.067580	7.477754	199091.851394	0.000038	7.7
56	-1.068445	7.465355	199178.576220	0.000041	6.2
57	-1.069476	7.452955	199265.376633	0.000038	6.4
58	-1.066854	7.440556	199352.252733	0.000054	5.8
59	-1.064785	7.428156	199439.204619	0.000051	5.3
60	-1.065499	7.493603	198981.114629	0.000053	5.9
61	-1.071477	7.481232	199067.542257	0.000040	6.0
62	-1.070885	7.468832	199154.245901	0.000040	5.1
63	-1.067860	7.456433	199241.025105	0.000038	7.6
64	-1.065697	7.444033	199327.879968	0.000044	5.8
65	-1.071543	7.431634	199414.810589	0.000044	5.8
66	-1.069081	7.419234	199501.817068	0.000039	5.6
67	-1.074608	7.406834	199588.899502	0.000043	5.0
68	-1.070536	7.394435	199676.057994	0.000059	6.2
69	-1.069097	7.382035	199763.292640	0.000041	5.9
70	-1.079137	7.369636	199850.603543	0.000044	4.6
71	-1.073253	7.357236	199937.990801	0.000046	5.0
72	-1.076680	7.344837	200025.454515	0.000047	6.4
73	-1.078433	7.332437	200112.994785	0.000042	5.6
74	-1.074795	7.320038	200200.611712	0.000039	5.5
75	-1.075770	7.307638	200288.305396	0.000043	5.5
76	-1.076914	7.295238	200376.075939	0.000051	4.7
77	-1.070908	7.282839	200463.923441	0.000050	4.8
78	-1.075503	7.270439	200551.848004	0.000049	5.5
79	-1.074648	7.258040	200639.849730	0.000041	5.2
80	-1.068512	7.245640	200727.928719	0.000041	4.4
81	-1.077753	7.233241	200816.085074	0.000045	5.5
82	-1.076215	7.220841	200904.318896	0.000044	6.5
83	-1.075153	7.208441	200992.630288	0.000041	9.1
84	-1.075749	7.196042	201081.019353	0.000051	6.8
85	-1.075404	7.183642	201169.486192	0.000042	6.4
86	-1.077191	7.171243	201258.030908	0.000046	6.5
87	-1.074886	7.158843	201346.653604	0.000048	6.4
88	-1.072033	7.146444	201435.354384	0.000043	6.0
89	-1.076029	7.134044	201524.133351	0.000044	7.0
90	-1.073830	7.121644	201612.990607	0.000055	6.6
91	-1.085887	7.109245	201701.926257	0.000049	7.1
92	-1.075331	7.096845	201790.940396	0.000049	5.3
93	-1.076749	7.084446	201880.033145	0.000039	5.2
94	-1.079898	7.072046	201969.204599	0.000041	6.3
95	-1.080707	7.059647	202058.454862	0.000040	5.5
96	-1.081483	7.047247	202147.784040	0.000045	4.9
97	-1.085632	7.034847	202237.192237	0.000039	6.2
98	-1.077528	7.022448	202326.679558	0.000051	4.9
99	-1.080215	7.010048	202416.246108	0.000038	5.1
100	-1.077949	6.997649	202505.891992	0.000047	6.1
101	-1.077892	6.985249	202595.617316	0.000042	5.1
102	-1.080153	6.972850	202685.422185	0.000049	6.2
103	-1.085283	6.960450	202775.306706	0.000049	6.4
104	-1.081501	6.948050	202865.270983	0.000052	5.1
105	-1.081971	6.935651	202955.315120	0.000072	5.2
106	-1.080073	7.935611	195941.560322	0.000070	6.3
107	-1.085094	8.935611	189396.126588	0.000047	4.9
108	-1.081265	8.923356	189473.697073	0.000039	5.4
109	-1.085030	8.910956	189552.243274	0.000041	6.0
110	-1.082479	8.898557	189630.854624	0.000041	5.1
111	-1.083618	8.886157	189709.531205	0.000043	4.6
112	-1.082815	8.873757	189788.273098	0.000044	4.7
113	-1.082428	8.861358	189867.080384	0.000049	4.8
114	-1.084892	8.848958	189945.953144	0.000045	5.4
115	-1.086158	8.836559	190024.891462	0.000039	5.8
116	-1.086721	8.824159	190103.895417	0.000039	5.2
117	-1.084958	8.811760	190182.965092	0.000058	5.4
118	-1.086297	8.799360	190262.100569	0.000042	5.5
119	-1.084878	8.786960	190341.301931	0.000043	4.8
120	-1.086125	8.774561	190420.569259	0.000044	4.9
121	-1.085996	8.762161	190499.902636	0.000048	4.3
122	-1.087247	8.749762	190579.302145	0.000042	5.8
123	-1.090106	8.737362	190658.767868	0.000038	5.0
124	-1.085917	8.724963	190738.299888	0.000038	4.2
125	-1.092461	8.712563	190817.898288	0.000043	4.3
126	-1.080472	8.700163	190897.563152	0.000049	5.4
127	-1.090667	8.687764	190977.294563	0.000072	5.3
128	-1.090656	8.675364	191057.092603	0.000044	5.1
129	-1.090767	8.662965	191136.957357	0.000039	5.3
130	-1.090465	8.650565	191216.888908	0.000049	4.9
131	-1.091980	8.638166	191296.887340	0.000045	5.0
132	-1.089165	8.625766	191376.952738	0.000054	5.6
133	-1.085402	8.613367	191457.085184	0.000051	4.8
134	-1.090354	8.600967	191537.283764	0.000050	4.8
135	-1.090959	8.588568	191617.550561	0.000039	4.6
136	-1.092608	8.576168	191697.884660	0.000041	5.6
137	-1.096745	8.563768	191778.286147	0.000044	5.4
138	-1.087003	8.551369	191858.755105	0.000039	6.4
139	-1.093140	8.538969	191939.291621	0.000042	5.2
140	-1.090671	8.526570	192019.895778	0.000050	6.3
141	-1.093204	8.514170	192100.567663	0.000044	6.1
142	-1.093632	8.501771	192181.307360	0.000039	5.5
143	-1.093440	8.489371	192262.114955	0.000040	5.3
144	-1.093009	8.476971	192342.990534	0.000068	6.2
145	-1.091572	8.464572	192423.934183	0.000043	5.3
146	-1.087722	8.452172	192504.945988	0.000044	5.4
147	-1.093266	8.439773	192586.026035	0.000042	6.0
148	-1.097945	8.427373	192667.174409	0.000041	5.4
149	-1.087154	8.414974	192748.391198	0.000038	5.0
150	-1.098489	8.402574	192829.676488	0.000044	6.4
151	-1.094150	8.390174	192911.030366	0.000053	5.4
152	-1.092373	8.377775	192992.452918	0.000039	5.0
153	-1.096783	8.365375	193073.944232	0.000040	6.0
154	-1.093977	8.352976	193155.504394	0.000044	4.8
155	-1.094353	8.340576	193237.133493	0.000049	5.4
156	-1.103108	8.328177	193318.831615	0.000054	5.7
157	-1.101187	8.315777	193400.598848	0.000040	5.9
158	-1.096911	8.303377	193482.435279	0.000067	7.7
159	-1.098516	8.290978	193564.340998	0.000043	6.2
160	-1.101916	8.278578	193646.316090	0.000049	6.0
161	-1.097844	8.266179	193728.360646	0.000050	6.1
162	-1.099345	8.253779	193810.474753	0.000053	5.8
163	-1.091902	8.241380	193892.658489	0.000042	5.8
164	-1.096508	8.228980	193974.911964	0.000049	5.1
165	-1.101807	8.216581	194057.235256	0.000041	5.1
166	-1.098623	8.204181	194139.628454	0.000043	6.2
167	-1.097237	8.191781	194222.091647	0.000039	5.2
168	-1.100969	8.179382	194304.624924	0.000041	5.9
169	-1.096196	8.166982	194387.228375	0.000049	6.7
170	-1.098125	8.154583	194469.902088	0.000040	5.0
171	-1.106434	8.142183	194552.646155	0.000057	5.2
172	-1.103808	8.129784	194635.460665	0.000052	5.2
173	-1.102688	8.142343	194551.575431	0.000046	5.6
174	-1.108398	8.129944	194634.389029	0.000052	5.8
175	-1.103433	8.117544	194717.273155	0.000043	16.4
176	-1.107459	8.105145	194800.227906	0.000049	19.7
177	-1.101108	8.092745	194883.253370	0.000042	7.4
178	-1.095071	8.080346	194966.349635	0.000039	6.9
179	-1.102803	8.067946	195049.516794	0.000039	6.6
180	-1.105876	8.055547	195132.754936	0.000043	7.4
181	-1.103503	8.043147	195216.064153	0.000042	7.2
182	-1.102791	8.030747	195299.444536	0.000039	7.9
183	-1.101139	8.018348	195382.896176	0.000046	6.3
184	-1.107825	8.005948	195466.419165	0.000056	8.6
185	-1.108921	7.993549	195550.013334	0.000039	14.9
186	-1.099863	7.981149	195633.679294	0.000043	8.6
187	-1.105127	7.968750	195717.416877	0.000042	9.5
188	-1.107933	7.956350	195801.226176	0.000043	15.3
189	-1.111593	7.943950	195885.107283	0.000046	8.4
190	-1.112783	7.931551	195969.060289	0.000050	13.0
191	-1.101698	7.919151	196053.085287	0.000038	9.8
192	-1.109065	7.906752	196137.182371	0.000038	5.8
193	-1.105220	7.894352	196221.351633	0.000043	5.6
194	-1.104196	7.881953	196305.593167	0.000045	5.3
195	-1.103147	7.869553	196389.907064	0.000039	6.0
196	-1.107664	7.857153	196474.293418	0.000045	9.7
197	-1.111362	7.844754	196558.752323	0.000040	6.5
198	-1.101979	7.832354	196643.283873	0.000040	5.3
199	-1.110769	7.819955	196727.888160	0.000043	5.7
