1:ItNr	2:Metric	3a:Time	3b:StepSize	4:||Gradient||	Time[ms]
0	-0.208989	0.000000	49725.097451	0.000315	139.4
1	-0.205806	0.000000	49725.097451	0.000289	9.1
2	-0.207315	1.000000	47464.865750	0.000287	10.3
3	-0.202343	1.999989	45401.196988	0.000306	9.2
4	-0.203227	2.999989	43509.479905	0.000321	13.3
5	-0.201151	3.999989	41769.099970	0.000304	10.3
6	-0.202085	3.437161	42731.111519	0.000315	11.4
7	-0.204601	3.405565	42786.431175	0.000300	8.1
8	-0.206976	4.405565	41102.295026	0.000336	10.5
9	-0.202169	3.650579	42361.157634	0.000315	9.8
10	-0.203470	4.603104	40785.174355	0.000293	11.0
11	-0.202658	3.848129	42024.373183	0.000317	11.1
12	-0.201531	4.847965	40398.811135	0.000299	11.4
13	-0.204517	5.847965	38894.085864	0.000313	12.4
14	-0.204929	6.847965	37497.427765	0.000314	14.1
15	-0.202570	7.742598	36330.294198	0.000344	9.7
16	-0.203687	8.742593	35108.810180	0.000296	9.2
17	-0.203846	9.704112	34009.355361	0.000307	8.8
18	-0.202270	10.704041	32936.717264	0.000324	8.7
19	-0.204516	11.449616	32179.950504	0.000314	10.0
20	-0.205399	10.746731	32892.427946	0.000310	10.3
21	-0.205348	11.742109	31892.479607	0.000327	13.9
22	-0.204756	12.741953	30947.439079	0.000304	12.7
23	-0.202252	13.741825	30056.770161	0.000293	10.1
24	-0.203315	14.522610	29396.123878	0.000312	10.8
25	-0.205398	15.520869	28592.612049	0.000312	11.4
26	-0.199246	14.793157	29173.929925	0.000323	9.7
27	-0.204258	14.038174	29802.553260	0.000316	11.9
28	-0.205528	15.038141	28975.607627	0.000315	13.3
29	-0.202686	16.038141	28193.289549	0.000291	13.3
30	-0.205292	17.036439	27453.333430	0.000338	8.5
31	-0.204088	18.036420	26750.071979	0.000317	11.4
32	-0.201310	19.036420	26081.928525	0.000308	10.3
33	-0.204436	19.954405	25497.307494	0.000316	9.6
34	-0.204639	20.954404	24889.569514	0.000309	11.4
35	-0.203260	20.251877	25313.443456	0.000317	7.9
36	-0.202055	21.251877	24714.335311	0.000296	10.5
37	-0.204657	22.251843	24142.948989	0.000333	10.0
38	-0.209547	21.496855	24571.866540	0.000303	9.0
39	-0.204272	22.496734	24007.022052	0.000318	10.2
40	-0.202207	23.496731	23467.500180	0.000329	9.3
41	-0.206455	22.741746	23872.550429	0.000316	9.8
42	-0.203499	21.986757	24291.830990	0.000314	10.4
43	-0.204047	22.980006	23743.221760	0.000312	10.6
44	-0.201946	22.225642	24157.583245	0.000322	10.0
45	-0.198155	21.477783	24582.898969	0.000306	16.9
46	-0.205649	20.800948	24980.941925	0.000330	11.0
47	-0.202049	21.800947	24397.288310	0.000293	8.2
48	-0.207263	21.045958	24835.372792	0.000316	7.2
49	-0.204201	20.290969	25289.477706	0.000313	7.9
50	-0.205035	21.290969	24691.490240	0.000304	6.8
51	-0.210151	20.535994	25140.292674	0.000299	9.6
52	-0.208961	21.535994	24549.257170	0.000327	7.4
53	-0.202724	20.785579	24990.130168	0.000310	8.9
54	-0.205341	21.785578	24406.052059	0.000298	7.6
55	-0.203905	22.785577	23848.653080	0.000298	9.1
56	-0.200825	23.738755	23340.547482	0.000302	7.0
57	-0.204503	24.738169	22830.539141	0.000320	8.1
58	-0.202982	25.738168	22342.061774	0.000299	8.9
59	-0.206871	26.738168	21874.049227	0.000337	59.2
60	-0.202384	26.036600	22200.308770	0.000307	21.6
61	-0.203272	27.036596	21738.156772	0.000317	56.2
62	-0.201093	28.034354	21295.825477	0.000315	10.2
63	-0.198474	29.027849	20872.915304	0.000311	13.4
64	-0.204849	30.025650	20464.747490	0.000325	8.6
65	-0.205681	29.510485	20673.471016	0.000315	9.7
66	-0.201120	29.714101	20590.467516	0.000302	11.8
67	-0.200810	28.959112	20901.633471	0.000303	9.3
68	-0.204546	29.959110	20491.469409	0.000303	10.7
69	-0.201778	30.772000	20169.725897	0.000300	12.3
70	-0.209050	31.772000	19787.520836	0.000326	10.3
71	-0.205160	32.356228	19570.855813	0.000299	13.8
72	-0.205791	31.605588	19850.116318	0.000313	9.2
73	-0.204919	31.737805	19800.350808	0.000352	11.1
74	-0.209119	31.329043	19955.018815	0.000306	14.4
75	-0.204610	32.328204	19581.140330	0.000311	9.8
76	-0.203237	33.244071	19250.528771	0.000310	8.1
77	-0.206426	34.244071	18902.065609	0.000323	9.9
78	-0.206072	35.244071	18565.993463	0.000317	8.7
79	-0.202198	34.567713	18791.974387	0.000325	9.1
80	-0.202837	33.834179	19043.360638	0.000310	7.6
81	-0.200803	34.834176	18702.291535	0.000327	9.3
82	-0.204572	34.097065	18952.498425	0.000307	8.2
83	-0.203479	35.097032	18614.657623	0.000310	14.9
84	-0.205510	36.094945	18289.308239	0.000304	36.8
85	-0.204422	36.993632	18005.891529	0.000309	15.0
86	-0.201128	36.241395	18242.515654	0.000300	14.5
87	-0.204539	37.241391	17929.294281	0.000342	14.1
88	-0.200553	37.533429	17839.840769	0.000283	11.6
89	-0.202765	38.533429	17540.179869	0.000311	12.0
90	-0.203228	39.529143	17251.640925	0.000300	10.1
91	-0.206263	40.528998	16971.299261	0.000313	12.3
92	-0.203852	39.774397	17182.022278	0.000301	11.4
93	-0.208166	40.749616	16910.664682	0.000291	13.1
94	-0.203215	41.386312	16738.079354	0.000310	11.3
95	-0.202061	41.319521	16756.018574	0.000301	10.7
96	-0.203325	42.072669	16555.935657	0.000305	7.9
97	-0.205775	43.029842	16308.443206	0.000311	9.3
98	-0.202847	42.274862	16503.031492	0.000300	9.0
99	-0.202728	43.274862	16246.274482	0.000314	8.0
100	-0.207104	42.519948	16439.356139	0.000322	9.0
101	-0.205271	43.137737	16281.008594	0.000320	11.8
102	-0.205029	42.382759	16474.938377	0.000308	9.0
103	-0.205043	43.382729	16219.055450	0.000315	8.9
104	-0.202166	44.382729	15970.992150	0.000310	10.7
105	-0.204920	43.632433	16156.393812	0.000304	14.9
106	-0.202715	44.611787	15915.235550	0.000312	8.4
107	-0.204429	45.610806	15676.541299	0.000299	8.4
108	-0.202911	46.391903	15494.844391	0.000301	8.6
109	-0.199771	46.639508	15438.122962	0.000327	8.7
110	-0.204867	45.926100	15602.687723	0.000312	6.9
111	-0.204718	46.442501	15483.219424	0.000307	9.1
112	-0.206688	46.756381	15411.493840	0.000305	9.0
113	-0.202433	47.756381	15187.347474	0.000337	9.0
114	-0.203664	47.676018	15205.119252	0.000310	7.2
115	-0.208052	48.675254	14987.057694	0.000291	9.0
116	-0.203221	48.889659	14941.080878	0.000303	8.2
117	-0.206387	48.134673	15104.245185	0.000329	8.1
118	-0.205979	48.954852	14927.156928	0.000299	7.4
119	-0.205639	49.954852	14716.781506	0.000291	7.9
120	-0.210535	49.199949	14875.039934	0.000311	9.1
121	-0.207091	50.199949	14666.120693	0.000312	7.7
122	-0.208210	50.860394	14531.329272	0.000307	7.2
123	-0.196264	50.105405	14685.621241	0.000282	7.3
124	-0.205971	51.105234	14481.986713	0.000300	6.5
125	-0.202635	52.055105	14293.690367	0.000312	6.8
126	-0.206910	51.521474	14398.866888	0.000326	7.2
127	-0.203108	52.114943	14281.992131	0.000319	8.2
128	-0.203458	53.114943	14089.291558	0.000307	8.6
129	-0.209089	52.760154	14157.061654	0.000306	8.6
130	-0.204360	52.820464	14145.495529	0.000327	8.4
131	-0.207977	52.065492	14291.658229	0.000341	7.7
132	-0.210924	53.065481	14098.700671	0.000306	9.2
133	-0.201051	54.062600	13911.415952	0.000305	8.8
134	-0.206685	53.332940	14047.971880	0.000309	9.5
135	-0.206141	54.332879	13861.504540	0.000331	19.7
136	-0.208856	53.577893	14001.830804	0.000285	14.1
137	-0.204508	54.448140	13840.328550	0.000304	14.4
138	-0.207619	55.448140	13659.286493	0.000301	11.0
139	-0.207718	56.434608	13485.275832	0.000333	9.1
140	-0.201524	57.434608	13313.345657	0.000306	10.4
141	-0.207477	56.853728	13412.678752	0.000314	8.8
142	-0.205468	56.156837	13533.823945	0.000293	9.2
143	-0.206973	57.156740	13360.678141	0.000309	8.3
144	-0.206116	56.402732	13490.829264	0.000319	7.3
145	-0.205247	57.402663	13318.770053	0.000301	6.9
146	-0.203572	56.648217	13448.178007	0.000317	7.4
147	-0.200513	57.648138	13277.199831	0.000294	7.8
148	-0.203984	56.894594	13405.642056	0.000310	8.0
149	-0.206486	57.582553	13288.280988	0.000310	8.2
150	-0.205032	56.882405	13407.740140	0.000335	7.1
151	-0.203897	56.127876	13538.905747	0.000312	7.5
152	-0.199992	57.125427	13366.033089	0.000306	6.8
153	-0.204576	58.125427	13197.111031	0.000289	7.7
154	-0.203728	58.842388	13078.604940	0.000315	8.3
155	-0.204693	59.835281	12917.961473	0.000286	8.7
156	-0.202511	60.835281	12760.108276	0.000311	9.4
157	-0.209858	61.835142	12606.087533	0.000320	6.8
158	-0.207315	62.835142	12455.719951	0.000316	8.0
159	-0.203569	63.835142	12308.897305	0.000313	7.5
160	-0.202747	64.835123	12165.498393	0.000316	9.3
161	-0.201066	65.835113	12025.400965	0.000319	9.3
162	-0.206271	66.835112	11888.492175	0.000302	13.8
163	-0.208144	67.835110	11754.665931	0.000301	7.9
164	-0.205665	68.834981	11623.835593	0.000312	7.5
165	-0.206010	69.834980	11495.869159	0.000299	8.3
166	-0.207830	70.834931	11370.695647	0.000306	7.9
167	-0.206268	71.663444	11269.029100	0.000300	7.0
168	-0.205364	70.920250	11360.141489	0.000301	8.6
169	-0.205700	71.918913	11238.046278	0.000314	7.8
170	-0.203963	72.680425	11146.694158	0.000309	8.4
171	-0.202721	71.936819	11235.881135	0.000292	9.5
172	-0.208377	72.936819	11116.270093	0.000310	9.4
173	-0.206157	73.637797	11033.932256	0.000313	8.2
174	-0.206138	72.882815	11122.664406	0.000309	9.5
175	-0.206330	72.127868	11212.831037	0.000325	9.9
176	-0.207863	73.127868	11093.707643	0.000302	8.8
177	-0.206274	74.127676	10977.110886	0.000297	8.3
178	-0.201043	73.445185	11056.435009	0.000291	9.6
179	-0.203993	74.444639	10940.656934	0.000304	8.4
180	-0.200768	73.690707	11027.766909	0.000306	7.9
181	-0.207807	72.942996	11115.539084	0.000296	9.2
182	-0.207218	72.234150	11200.049002	0.000324	9.7
183	-0.202757	73.220389	11082.813944	0.000312	12.7
184	-0.205038	74.220389	10966.422760	0.000308	8.1
185	-0.203480	75.220389	10852.450845	0.000301	8.9
186	-0.207571	75.724952	10795.839377	0.000307	8.5
187	-0.202932	74.970101	10880.753868	0.000316	7.9
188	-0.205831	75.970101	10768.546561	0.000299	7.3
189	-0.204088	75.282047	10845.501114	0.000322	7.4
190	-0.205663	76.282047	10734.015997	0.000310	12.8
191	-0.210480	77.282047	10624.799555	0.000310	13.3
192	-0.203995	76.583612	10700.844425	0.000322	8.7
193	-0.206701	77.583314	10592.330559	0.000304	7.1
194	-0.206190	76.828360	10674.072885	0.000298	9.5
195	-0.205584	77.824486	10566.480889	0.000305	7.6
196	-0.207537	78.823456	10460.738259	0.000305	8.0
197	-0.206106	78.090312	10538.134622	0.000331	7.7
198	-0.200199	79.090249	10432.854955	0.000317	6.9
199	-0.202705	78.338287	10511.828595	0.000338	7.1
