1:ItNr	2:Metric	3a:Time	3b:StepSize	4:||Gradient||	Time[ms]
0	-0.737112	0.000000	63416.652684	0.000519	20.4
1	-0.779241	0.000000	63416.652684	0.000376	1.1
2	-0.790038	0.000000	63416.652684	0.000276	1.0
3	-0.791924	0.000000	63416.652684	0.000263	1.1
4	-0.786913	0.000000	63416.652684	0.000102	2.1
5	-0.797414	0.000000	63416.652684	0.000145	1.2
6	-0.791495	0.000000	63416.652684	0.000071	1.4
7	-0.788581	0.000000	63416.652684	0.000065	1.5
8	-0.792050	0.071971	63200.053423	0.000057	1.6
9	-0.791420	0.032212	63319.527436	0.000045	1.5
10	-0.798668	0.070412	63204.731388	0.000038	1.3
11	-0.794777	0.058497	63240.491530	0.000040	1.3
12	-0.798222	0.564250	61757.293929	0.000076	1.2
13	-0.797013	1.477372	59248.461597	0.000092	1.1
14	-0.792955	2.404214	56902.134453	0.000073	1.1
15	-0.788040	3.404046	54570.856178	0.000039	1.0
16	-0.794407	3.613310	54106.892151	0.000054	1.1
17	-0.790021	3.574149	54193.115634	0.000031	1.1
18	-0.804411	3.535485	54278.516463	0.000028	1.0
19	-0.786652	3.658899	54006.860330	0.000042	1.1
20	-0.797275	3.623856	54083.719205	0.000024	1.1
21	-0.799551	3.589077	54160.214893	0.000053	1.0
22	-0.792535	3.553016	54239.759826	0.000054	1.0
23	-0.797872	3.513304	54327.629155	0.000050	1.1
24	-0.787752	4.355606	52522.889286	0.000076	1.1
25	-0.793843	4.315850	52605.372609	0.000069	1.1
26	-0.780283	5.315530	50606.987698	0.000031	1.1
27	-0.802754	5.289074	50657.916737	0.000049	1.2
28	-0.786828	5.256457	50720.845822	0.000043	1.5
29	-0.792140	5.258781	50716.356076	0.000049	1.3
30	-0.792772	5.221356	50788.743190	0.000049	1.1
31	-0.784071	5.231617	50768.876265	0.000059	1.4
32	-0.785547	5.259193	50715.560675	0.000040	1.1
33	-0.789289	6.019035	49289.314316	0.000052	1.1
34	-0.780870	6.164079	49026.132007	0.000073	1.3
35	-0.804428	6.181375	48994.935712	0.000028	1.6
36	-0.793476	6.530158	48374.212196	0.000038	1.5
37	-0.789922	6.495025	48436.024623	0.000021	1.3
38	-0.792060	6.472807	48475.196057	0.000011	1.3
39	-0.788007	6.464592	48489.695278	0.000025	1.0
40	-0.789325	6.448911	48517.397609	0.000043	1.6
41	-0.801513	6.430285	48550.342093	0.000027	1.4
42	-0.794323	6.393747	48615.097585	0.000060	1.1
43	-0.789486	6.452970	48510.223028	0.000109	1.2
44	-0.789508	6.415639	48576.279015	0.000019	1.2
45	-0.794341	7.127718	47346.525061	0.000059	1.1
46	-0.799524	7.114205	47369.282741	0.000082	1.2
47	-0.783641	8.108653	45750.990150	0.000115	1.2
48	-0.790698	8.068872	45813.601095	0.000079	1.1
49	-0.797525	9.068862	44289.994185	0.000017	1.0
50	-0.789021	9.048104	44320.590686	0.000044	1.2
51	-0.797416	9.034586	44340.537689	0.000049	1.1
52	-0.793076	9.590943	43534.118061	0.000028	1.3
53	-0.792593	9.886244	43117.891384	0.000056	1.3
54	-0.785191	10.249745	42616.337673	0.000033	1.2
55	-0.786994	10.231682	42640.986080	0.000126	1.5
56	-0.792209	11.218744	41334.624646	0.000037	1.3
57	-0.799637	11.179180	41385.445372	0.000031	1.1
58	-0.811580	11.230490	41319.560711	0.000082	1.2
59	-0.805752	11.192873	41367.843153	0.000041	1.1
60	-0.784477	12.104413	40228.766660	0.000012	1.2
61	-0.795395	12.092314	40243.474546	0.000032	1.1
62	-0.786205	12.101946	40231.764919	0.000056	1.1
63	-0.794724	12.253968	40047.844043	0.000061	1.1
64	-0.791345	13.228981	38907.079615	0.000053	1.1
65	-0.791053	14.201646	37832.029244	0.000025	1.1
66	-0.788386	14.164234	37872.280232	0.000051	0.9
67	-0.793925	14.393563	37626.890658	0.000049	1.1
68	-0.790477	15.090055	36900.739479	0.000019	1.1
69	-0.795017	15.105008	36885.456967	0.000075	1.2
70	-0.788908	15.197000	36791.715203	0.000008	1.2
71	-0.789102	15.213276	36775.178881	0.000070	1.1
72	-0.786386	15.188522	36800.334593	0.000037	1.2
73	-0.798342	15.155516	36833.928611	0.000046	1.2
74	-0.790228	15.654618	36332.385731	0.000030	1.2
75	-0.792999	15.650988	36335.983632	0.000042	1.4
76	-0.804589	16.005612	35987.776470	0.000051	1.1
77	-0.783932	16.458697	35552.483859	0.000057	1.1
78	-0.789233	16.422076	35587.275375	0.000072	1.1
79	-0.794468	17.115575	34939.777423	0.000053	1.3
80	-0.791956	17.076307	34975.811045	0.000002	1.1
81	-0.801356	17.085524	34967.346459	0.000039	1.1
82	-0.790932	17.086237	34966.691333	0.000043	1.1
83	-0.790771	17.173356	34886.890565	0.000082	1.1
84	-0.797101	17.587915	34512.093223	0.000070	1.2
85	-0.799431	17.548141	34547.702783	0.000102	1.0
86	-0.791954	17.577049	34521.814091	0.000052	1.1
87	-0.778817	18.576860	33649.705850	0.000036	1.3
88	-0.798375	19.269695	33070.767327	0.000055	1.1
89	-0.804155	19.379173	32981.103823	0.000051	1.6
90	-0.791178	19.559952	32834.104595	0.000050	2.4
91	-0.789372	19.521626	32865.159478	0.000076	1.6
92	-0.786097	19.489961	32890.861439	0.000059	1.4
93	-0.789829	20.485211	32101.794338	0.000068	1.4
94	-0.792267	21.479309	31350.550239	0.000079	1.1
95	-0.791067	22.411561	30677.304990	0.000055	1.6
96	-0.805143	22.920899	30321.549103	0.000042	1.1
97	-0.792948	23.249798	30096.176211	0.000053	1.1
98	-0.795979	23.217653	30118.055323	0.000049	1.2
99	-0.784071	24.079153	29542.473828	0.000030	1.4
100	-0.793141	24.192592	29468.318534	0.000024	1.8
101	-0.781785	24.178325	29477.624724	0.000047	1.3
102	-0.782491	24.279130	29411.998271	0.000037	1.3
103	-0.788310	24.245243	29434.027323	0.000037	1.1
104	-0.791845	24.259729	29424.606235	0.000036	1.5
105	-0.791981	24.230226	29443.799195	0.000053	1.7
106	-0.794389	24.684468	29151.038706	0.000032	1.8
107	-0.786934	24.645965	29175.628337	0.000031	1.3
108	-0.793697	24.631120	29185.119993	0.000026	1.5
109	-0.785638	24.734839	29118.932634	0.000024	1.8
110	-0.792639	24.726217	29124.423157	0.000053	1.5
111	-0.788319	24.744536	29112.760243	0.000089	1.5
112	-0.794776	25.743839	28490.379533	0.000072	1.3
113	-0.787034	25.704082	28514.631828	0.000038	1.1
114	-0.784229	26.650413	27948.334752	0.000050	1.2
115	-0.795468	26.611464	27971.198589	0.000043	1.1
116	-0.778208	26.760387	27883.980596	0.000026	1.3
117	-0.795715	26.751763	27889.016588	0.000026	1.4
118	-0.788863	26.855692	27828.449311	0.000039	1.5
119	-0.797137	26.839189	27838.049624	0.000058	1.4
120	-0.790044	26.853224	27829.884460	0.000038	1.3
121	-0.795667	26.971889	27761.043416	0.000026	1.3
122	-0.800792	26.938432	27780.418787	0.000033	1.4
123	-0.785079	27.068422	27705.293006	0.000051	1.5
124	-0.797187	27.045176	27718.697396	0.000070	1.5
125	-0.788516	27.005566	27741.568967	0.000067	1.4
126	-0.796338	27.921066	27222.417882	0.000074	1.4
127	-0.801150	27.900270	27233.994919	0.000082	1.6
128	-0.796584	27.860644	27256.081952	0.000017	1.2
129	-0.805046	27.864521	27253.919129	0.000063	1.4
130	-0.798526	27.888575	27240.509664	0.000073	1.4
131	-0.795541	27.989859	27184.191328	0.000022	1.3
132	-0.790170	28.002872	27176.972700	0.000021	1.4
133	-0.785569	27.980005	27189.660293	0.000052	1.3
134	-0.793263	27.974553	27192.687211	0.000050	1.4
135	-0.792940	27.935106	27214.607319	0.000052	1.5
136	-0.785351	28.861827	26708.802661	0.000046	2.2
137	-0.793955	29.516596	26362.617524	0.000081	2.4
138	-0.804238	29.476836	26383.382959	0.000046	2.0
139	-0.788565	29.437265	26404.082628	0.000065	1.7
140	-0.790751	30.101676	26060.783369	0.000050	1.4
141	-0.793800	31.057524	25582.271505	0.000055	1.4
142	-0.800787	31.031575	25595.029449	0.000046	1.5
143	-0.793661	31.958033	25147.265245	0.000078	1.7
144	-0.793428	32.859831	24726.214083	0.000047	1.4
145	-0.789498	32.820109	24744.463137	0.000044	1.7
146	-0.788588	33.531586	24421.620533	0.000040	1.3
147	-0.795022	33.994946	24215.856260	0.000062	1.4
148	-0.792712	34.877057	23833.569345	0.000043	1.4
149	-0.794391	34.837618	23850.403372	0.000030	1.3
150	-0.792561	34.800552	23866.246233	0.000052	1.3
151	-0.785591	34.768245	23880.071905	0.000058	1.3
152	-0.788502	34.730636	23896.187270	0.000038	1.4
153	-0.796083	34.725626	23898.335424	0.000052	1.6
154	-0.791373	34.711066	23904.581134	0.000053	1.2
155	-0.804815	34.672152	23921.290294	0.000023	1.2
156	-0.794888	34.647383	23931.937605	0.000043	1.2
157	-0.791380	34.811218	23861.684881	0.000050	1.4
158	-0.794269	35.303292	23653.140863	0.000065	1.3
159	-0.788130	36.093786	23325.650523	0.000023	1.2
160	-0.788218	36.055466	23341.316603	0.000035	1.4
161	-0.794854	36.081019	23330.867967	0.000018	1.4
162	-0.792057	36.054006	23341.914220	0.000023	1.3
163	-0.798400	36.033565	23350.279741	0.000052	1.2
164	-0.786633	36.002442	23363.029153	0.000064	1.3
165	-0.788920	36.869440	23013.005045	0.000056	1.3
166	-0.785201	36.831476	23028.112188	0.000060	1.3
167	-0.782597	36.791791	23043.925229	0.000051	1.2
168	-0.792372	37.481724	22772.066635	0.000049	1.0
169	-0.800310	37.492361	22767.925467	0.000095	1.0
170	-0.801409	37.453371	22783.112019	0.000046	1.3
171	-0.780223	38.448967	22401.561603	0.000050	1.5
172	-0.795578	39.237331	22108.378497	0.000039	2.4
173	-0.787614	39.626266	21966.546910	0.000035	1.4
174	-0.799579	40.053812	21812.720064	0.000058	1.3
175	-0.786065	40.588258	21623.435122	0.000102	1.3
176	-0.788995	41.588159	21277.981841	0.000086	1.4
177	-0.790080	41.548392	21291.509802	0.000060	1.3
178	-0.791613	42.544617	20957.710702	0.000049	1.5
179	-0.789712	42.885532	20845.873417	0.000038	1.5
180	-0.789160	43.230932	20733.775101	0.000067	1.2
181	-0.793405	43.191323	20746.569009	0.000037	1.3
182	-0.785643	43.372311	20688.238121	0.000026	1.3
183	-0.801508	43.482813	20652.785515	0.000064	1.4
184	-0.789992	43.575889	20623.017744	0.000105	1.3
185	-0.787727	44.575590	20308.619568	0.000055	1.0
186	-0.794408	44.535809	20320.947198	0.000069	1.2
187	-0.791673	44.598860	20301.415265	0.000039	1.2
188	-0.781988	44.585144	20305.660974	0.000078	1.4
189	-0.790164	44.646467	20286.692616	0.000052	1.2
190	-0.785562	45.398694	20056.866073	0.000038	1.2
191	-0.791836	45.361593	20068.079199	0.000030	1.6
192	-0.797435	45.331367	20077.223759	0.000070	1.1
193	-0.792440	45.292149	20089.101455	0.000071	1.3
194	-0.799534	46.286516	19792.222675	0.000020	1.3
195	-0.789621	46.599777	19700.504307	0.000031	1.3
196	-0.779925	46.570662	19708.993162	0.000025	1.4
197	-0.799000	46.545898	19716.218822	0.000114	1.4
198	-0.788529	46.685242	19675.628906	0.000051	1.3
199	-0.785896	47.429162	19461.727595	0.000074	1.4
