1:ItNr	2:Metric	3a:Time	3b:StepSize	4:||Gradient||	Time[ms]
0	-0.225074	0.000000	36134.409988	0.000239	56.9
1	-0.227401	0.000000	36134.409988	0.000265	8.0
2	-0.223786	0.999881	34492.123118	0.000256	6.7
3	-0.231936	1.999881	32992.457842	0.000263	7.7
4	-0.226280	2.944256	31691.216234	0.000272	7.7
5	-0.227903	3.944256	30420.734740	0.000256	8.0
6	-0.227748	4.944256	29248.192572	0.000272	6.9
7	-0.222330	5.795705	28318.814478	0.000281	8.3
8	-0.225112	5.984436	28120.751085	0.000262	7.5
9	-0.227748	6.984436	27115.880022	0.000273	7.2
10	-0.227738	7.984436	26180.347587	0.000249	8.4
11	-0.227334	7.341841	26773.934751	0.000254	7.8
12	-0.223492	8.341837	25861.455218	0.000273	7.8
13	-0.227055	9.341834	25009.121160	0.000251	7.8
14	-0.232088	10.341834	24211.174207	0.000284	8.8
15	-0.230072	11.335836	23466.924469	0.000240	8.4
16	-0.225549	10.656361	23970.620364	0.000230	8.5
17	-0.227262	11.656353	23236.600254	0.000268	6.9
18	-0.232383	10.976871	23730.358111	0.000283	9.1
19	-0.227361	11.976871	23010.752002	0.000273	8.3
20	-0.229908	12.976612	22333.675150	0.000251	8.9
21	-0.230976	13.976539	21695.188784	0.000247	8.0
22	-0.228034	14.974588	21093.295235	0.000266	8.5
23	-0.230108	15.974586	20522.815708	0.000263	8.1
24	-0.227896	16.974586	19982.380229	0.000231	8.4
25	-0.226577	17.974572	19469.684086	0.000275	7.3
26	-0.221917	17.312012	19806.389021	0.000242	15.4
27	-0.227873	18.312012	19302.563647	0.000240	8.0
28	-0.227460	19.236480	18859.070324	0.000271	6.3
29	-0.229141	18.562271	19180.461192	0.000288	7.2
30	-0.231757	19.562271	18707.596680	0.000276	6.9
31	-0.228734	20.562271	18257.486614	0.000245	7.2
32	-0.235181	21.560530	17829.256719	0.000260	7.3
33	-0.226565	22.560530	17419.958288	0.000238	7.5
34	-0.221891	23.560487	17029.046534	0.000250	7.8
35	-0.225111	24.491922	16680.381313	0.000246	6.8
36	-0.230094	25.482289	16324.983738	0.000252	8.6
37	-0.229073	25.872978	16188.913902	0.000246	7.7
38	-0.227872	26.699026	15908.555737	0.000270	8.1
39	-0.226811	27.611328	15609.995487	0.000224	7.9
40	-0.225869	26.931845	15831.283074	0.000274	9.6
41	-0.230835	27.931845	15507.745651	0.000235	13.0
42	-0.230034	28.931845	15197.167409	0.000234	10.8
43	-0.231600	29.931672	14898.835545	0.000269	10.6
44	-0.228507	29.387207	15059.826735	0.000262	12.0
45	-0.228743	30.387187	14766.766802	0.000247	14.2
46	-0.227203	29.709762	14964.034259	0.000243	12.8
47	-0.223515	30.709753	14674.651474	0.000236	13.1
48	-0.229886	30.207876	14818.474513	0.000252	13.7
49	-0.229249	31.095013	14566.127744	0.000276	12.4
50	-0.228644	32.095013	14291.786954	0.000259	12.9
51	-0.225638	33.094978	14027.598148	0.000245	17.5
52	-0.229295	32.547896	14170.913720	0.000247	9.7
53	-0.222777	33.547896	13911.125263	0.000251	10.6
54	-0.228655	34.525204	13666.273325	0.000232	9.5
55	-0.229289	33.898861	13822.192253	0.000253	9.8
56	-0.231259	33.665148	13881.287032	0.000236	8.7
57	-0.231459	34.665147	13631.915988	0.000251	9.2
58	-0.226356	35.664763	13391.437151	0.000251	8.9
59	-0.228536	36.664763	13159.208030	0.000245	8.6
60	-0.229327	37.664763	12934.896069	0.000262	9.1
61	-0.231179	38.664643	12718.128788	0.000247	9.1
62	-0.233792	39.646168	12512.292689	0.000246	8.4
63	-0.225952	38.972103	12652.926427	0.000249	9.5
64	-0.223679	38.294138	12797.599051	0.000260	10.7
65	-0.226419	39.290441	12586.118098	0.000245	14.2
66	-0.226571	40.290439	12380.766334	0.000249	14.7
67	-0.228638	41.282115	12183.635880	0.000283	9.9
68	-0.229153	42.281994	11991.129870	0.000259	10.2
69	-0.227454	43.201897	11819.317639	0.000240	6.9
70	-0.226711	44.201794	11638.063410	0.000256	6.3
71	-0.230257	45.201791	11462.267159	0.000248	7.0
72	-0.232239	46.201780	11291.704023	0.000222	6.8
73	-0.226540	45.532440	11405.302603	0.000244	7.1
74	-0.226021	46.449004	11250.316052	0.000264	6.5
75	-0.225904	47.448900	11085.972365	0.000271	6.5
76	-0.225626	47.343083	11103.136971	0.000228	7.0
77	-0.229149	46.663596	11214.636129	0.000252	7.0
78	-0.229391	47.656017	11052.528924	0.000246	7.4
79	-0.228473	48.655063	10894.005095	0.000274	12.2
80	-0.226190	49.650576	10740.501442	0.000286	6.2
81	-0.225834	50.650575	10590.600361	0.000262	6.6
82	-0.229943	51.071707	10528.717012	0.000246	7.3
83	-0.221491	50.392682	10628.856976	0.000251	6.7
84	-0.225458	51.392648	10482.039694	0.000258	8.1
85	-0.227682	52.392647	10339.218441	0.000257	10.2
86	-0.231496	51.713525	10435.783583	0.000260	12.7
87	-0.225959	51.034054	10534.220534	0.000251	7.4
88	-0.225194	52.034039	10389.985616	0.000236	8.1
89	-0.230166	53.034038	10249.644968	0.000273	8.4
90	-0.230672	53.996433	10118.115990	0.000256	8.4
91	-0.227964	54.268063	10081.601417	0.000239	7.5
92	-0.227162	55.268062	9949.415103	0.000239	7.9
93	-0.231675	56.268061	9820.650313	0.000243	6.7
94	-0.230090	57.188870	9704.995265	0.000269	7.5
95	-0.227578	57.436008	9674.416476	0.000235	10.5
96	-0.227522	58.435997	9552.628971	0.000250	13.0
97	-0.227923	57.756513	9635.045776	0.000253	9.0
98	-0.229932	57.077027	9718.897371	0.000256	8.3
99	-0.226626	57.865111	9621.778254	0.000245	7.9
100	-0.232762	58.865111	9501.302891	0.000246	6.9
101	-0.228115	59.559993	9419.347999	0.000243	8.5
102	-0.227768	60.559991	9303.858379	0.000244	15.1
103	-0.231829	61.557882	9191.401130	0.000284	8.9
104	-0.230031	62.557882	9081.400723	0.000250	8.0
105	-0.226866	63.557849	8974.005644	0.000251	10.6
106	-0.228191	63.743688	8954.326038	0.000254	15.7
107	-0.230992	64.743688	8849.894723	0.000253	9.5
108	-0.227770	64.065240	8920.478072	0.000265	9.1
109	-0.234219	63.420572	8988.598247	0.000249	7.9
110	-0.223891	64.416583	8883.785599	0.000256	11.1
111	-0.229063	65.416583	8780.983755	0.000239	8.8
112	-0.228940	66.416581	8680.534030	0.000253	11.1
113	-0.227873	67.411192	8582.879485	0.000241	8.6
114	-0.226239	68.410922	8486.911764	0.000237	12.9
115	-0.229584	69.410922	8393.041339	0.000260	7.8
116	-0.225517	70.341798	8307.506856	0.000251	8.2
117	-0.223269	69.665983	8369.430117	0.000237	8.2
118	-0.221346	70.665691	8278.152904	0.000242	8.1
119	-0.227083	69.993849	8339.273694	0.000237	7.5
120	-0.232754	69.318275	8401.650829	0.000264	7.5
121	-0.223806	68.662188	8463.128375	0.000253	6.4
122	-0.230919	69.661852	8369.811435	0.000254	8.1
123	-0.226392	70.661239	8278.555035	0.000256	6.8
124	-0.228699	70.364523	8305.440521	0.000242	8.2
125	-0.231234	69.838576	8353.528228	0.000254	7.8
126	-0.227254	69.159090	8416.484809	0.000239	6.7
127	-0.226856	68.479658	8480.392352	0.000257	7.0
128	-0.232509	69.175390	8414.963438	0.000253	8.3
129	-0.222357	70.175014	8322.703515	0.000244	7.7
130	-0.228343	71.174978	8232.414319	0.000246	13.6
131	-0.228551	72.174884	8144.068175	0.000257	8.8
132	-0.226599	73.174861	8057.592043	0.000256	8.1
133	-0.229714	74.174861	7972.931116	0.000231	12.0
134	-0.223982	75.125080	7894.116769	0.000254	15.8
135	-0.226290	76.125080	7812.838929	0.000251	10.5
136	-0.227005	75.547655	7859.565371	0.000244	9.2
137	-0.232525	75.196227	7888.278270	0.000238	9.1
138	-0.231291	74.516741	7944.393829	0.000245	11.3
139	-0.224543	75.451396	7867.409328	0.000244	8.1
140	-0.226156	74.772256	7923.198684	0.000254	13.7
141	-0.226602	74.120460	7977.490921	0.000243	12.3
142	-0.231583	75.120460	7894.496198	0.000263	15.4
143	-0.225964	74.463082	7948.859324	0.000245	10.1
144	-0.223138	75.461306	7866.601069	0.000235	10.1
145	-0.227316	76.461302	7785.886259	0.000256	11.2
146	-0.224746	77.461301	7706.810734	0.000243	10.6
147	-0.228782	78.461300	7629.325287	0.000236	8.4
148	-0.219968	79.459823	7553.493395	0.000239	15.9
149	-0.228631	78.780336	7604.931368	0.000243	7.2
150	-0.225373	78.100900	7657.070805	0.000253	6.6
151	-0.228323	79.100895	7580.577696	0.000253	9.4
152	-0.231722	80.100893	7505.597485	0.000239	12.8
153	-0.222911	79.589055	7543.788997	0.000249	7.7
154	-0.226138	80.587053	7469.678367	0.000260	9.6
155	-0.224590	81.587034	7396.866650	0.000238	8.4
156	-0.226498	82.587034	7325.459386	0.000258	9.4
157	-0.230146	81.908682	7373.747225	0.000243	11.5
158	-0.226909	82.908682	7302.783499	0.000234	18.5
159	-0.229694	83.906867	7233.297780	0.000247	11.5
160	-0.226474	84.905767	7165.073532	0.000234	8.9
161	-0.229099	85.905720	7098.054321	0.000260	10.3
162	-0.227882	86.903558	7032.415124	0.000251	8.4
163	-0.227647	87.903558	6967.840418	0.000238	9.1
164	-0.224016	88.903451	6904.447518	0.000262	12.4
165	-0.229253	89.903315	6842.199558	0.000250	9.6
166	-0.229307	90.903254	6781.059392	0.000264	10.1
167	-0.229586	91.886247	6722.011132	0.000234	8.2
168	-0.230514	92.869257	6663.981378	0.000261	8.9
169	-0.228806	92.582037	6680.832911	0.000235	7.9
170	-0.227975	91.902551	6721.040455	0.000248	8.5
171	-0.236456	92.585618	6680.622295	0.000266	9.0
172	-0.230553	93.585618	6622.319844	0.000234	8.5
173	-0.229001	94.585617	6565.026257	0.000255	7.8
174	-0.228367	95.585412	6508.726929	0.000253	9.6
175	-0.226458	94.905925	6546.883679	0.000228	9.1
176	-0.229969	95.905807	6490.888918	0.000267	9.5
177	-0.230383	95.227003	6528.797864	0.000257	8.5
178	-0.224890	94.547522	6567.190660	0.000242	7.6
179	-0.224762	94.123028	6591.405960	0.000246	6.7
180	-0.226988	93.443551	6630.540606	0.000240	7.4
181	-0.227866	93.110231	6649.908631	0.000269	6.9
182	-0.225169	94.110230	6592.138775	0.000237	6.6
183	-0.227092	94.369333	6577.333791	0.000271	7.5
184	-0.227406	93.689846	6616.301566	0.000249	7.7
185	-0.222589	94.689846	6559.111572	0.000295	11.6
186	-0.227180	95.685006	6503.171563	0.000246	11.3
187	-0.231989	95.005773	6541.248709	0.000263	7.3
188	-0.229052	94.840633	6550.573735	0.000252	7.5
189	-0.230521	95.840633	6494.509562	0.000225	6.6
190	-0.229741	96.388928	6464.175320	0.000240	6.3
191	-0.228764	97.385809	6409.743017	0.000248	6.3
192	-0.230731	98.115450	6370.480175	0.000258	6.6
193	-0.227764	97.435963	6407.028674	0.000269	6.7
194	-0.225091	98.429497	6353.728573	0.000261	6.0
195	-0.224165	99.429497	6300.969672	0.000245	6.7
196	-0.224979	98.774710	6335.415968	0.000237	7.5
197	-0.222018	98.380116	6356.356754	0.000241	6.5
198	-0.225947	99.380109	6303.554781	0.000243	20.6
199	-0.229970	98.700622	6339.337228	0.000250	24.9
