1:ItNr	2:Metric	3a:Time	3b:StepSize	4:||Gradient||	Time[ms]
0	-0.721784	0.000000	95830.607512	0.000175	108.5
1	-0.716282	0.000000	95830.607512	0.000141	5.4
2	-0.724728	0.000000	95830.607512	0.000162	5.8
3	-0.726429	0.000000	95830.607512	0.000155	6.8
4	-0.727560	0.000000	95830.607512	0.000153	6.2
5	-0.729936	0.000000	95830.607512	0.000202	6.7
6	-0.731118	0.000000	95830.607512	0.000153	6.7
7	-0.731184	0.000000	95830.607512	0.000147	5.6
8	-0.731770	0.000000	95830.607512	0.000149	6.4
9	-0.741680	0.000000	95830.607512	0.000204	6.3
10	-0.742587	0.000000	95830.607512	0.000141	6.4
11	-0.737279	0.000000	95830.607512	0.000120	6.7
12	-0.744842	0.000000	95830.607512	0.000144	5.5
13	-0.742727	0.000000	95830.607512	0.000233	6.4
14	-0.746713	0.961778	91633.870796	0.000187	5.9
15	-0.754281	0.949246	91686.190059	0.000160	6.1
16	-0.754002	0.936714	91738.569939	0.000142	6.2
17	-0.753742	0.924182	91791.009701	0.000149	5.8
18	-0.754070	0.911649	91843.509449	0.000152	5.5
19	-0.756172	0.899117	91896.069286	0.000134	6.4
20	-0.759528	0.886584	91948.689315	0.000129	7.0
21	-0.761455	0.874052	92001.369639	0.000132	4.9
22	-0.761968	0.861520	92054.110362	0.000131	6.9
23	-0.761494	0.848987	92106.911588	0.000143	6.0
24	-0.761749	0.836455	92159.773421	0.000136	6.4
25	-0.761605	0.823923	92212.695966	0.000104	6.1
26	-0.763172	0.811390	92265.679327	0.000124	6.3
27	-0.767765	0.798858	92318.723609	0.000125	5.9
28	-0.773685	0.786326	92371.828918	0.000131	6.5
29	-0.768593	0.773793	92424.995358	0.000130	7.0
30	-0.769991	0.761262	92478.220182	0.000145	6.7
31	-0.764955	1.761262	88415.254732	0.000196	5.5
32	-0.769670	2.761262	84694.271580	0.000278	7.1
33	-0.764918	3.761262	81273.837179	0.000316	6.7
34	-0.767817	4.761262	78118.951449	0.000202	7.4
35	-0.771966	5.761262	75199.845761	0.000109	6.6
36	-0.771130	6.761262	72491.040723	0.000104	6.4
37	-0.776007	6.748729	72523.780323	0.000090	7.1
38	-0.772505	6.736197	72556.549509	0.000073	6.6
39	-0.771945	6.723665	72589.348322	0.000077	6.4
40	-0.773173	6.711132	72622.176801	0.000143	6.5
41	-0.772065	6.703718	72641.612154	0.000130	6.2
42	-0.778239	7.703718	70110.873402	0.000111	6.4
43	-0.773488	8.703718	67750.533435	0.000085	6.6
44	-0.777675	8.691186	67779.130227	0.000075	7.0
45	-0.774547	8.678654	67807.751170	0.000077	5.9
46	-0.775735	8.666121	67836.396294	0.000078	7.0
47	-0.776279	8.653589	67865.065631	0.000075	6.0
48	-0.776971	8.641057	67893.759210	0.000093	6.3
49	-0.776549	8.628524	67922.477064	0.000114	5.8
50	-0.779707	8.615992	67951.219104	0.000123	6.2
51	-0.776470	8.603460	67979.985597	0.000101	6.5
52	-0.772459	9.603459	65758.670010	0.000066	7.3
53	-0.779829	9.590927	65785.609696	0.000066	5.7
54	-0.778390	9.578394	65812.571464	0.000075	6.3
55	-0.776397	9.565862	65839.555341	0.000079	6.4
56	-0.777613	9.553330	65866.561355	0.000073	6.1
57	-0.779922	9.540797	65893.589532	0.000070	7.7
58	-0.779914	9.528265	65920.639901	0.000069	6.8
59	-0.780086	9.515733	65947.712487	0.000086	7.5
60	-0.774896	9.503200	65974.807320	0.000094	9.0
61	-0.781889	10.502845	63881.302501	0.000108	7.8
62	-0.777374	11.502845	61915.895999	0.000136	6.2
63	-0.778951	12.502845	60067.817235	0.000142	5.2
64	-0.778317	13.502845	58326.864638	0.000163	5.3
65	-0.776367	14.502845	56683.986018	0.000187	5.6
66	-0.778246	15.502845	55131.121130	0.000182	4.4
67	-0.780065	16.502845	53661.069419	0.000145	5.9
68	-0.778840	17.502845	52267.378389	0.000089	5.4
69	-0.779208	18.502845	50944.248912	0.000062	5.2
70	-0.778093	19.502845	49686.454577	0.000058	5.5
71	-0.780647	19.490315	49701.830238	0.000091	5.7
72	-0.779816	20.437711	48565.490647	0.000144	5.6
73	-0.779968	21.437711	47421.095963	0.000042	5.5
74	-0.780156	22.437711	46329.392578	0.000059	5.6
75	-0.777338	22.425178	46342.763062	0.000106	4.9
76	-0.779265	22.412646	46356.141266	0.000168	5.7
77	-0.778946	23.412646	45312.381317	0.000119	5.7
78	-0.782297	24.412646	44314.589179	0.000044	5.8
79	-0.782669	25.412346	43360.073871	0.000054	6.1
80	-0.781701	25.400329	43371.304032	0.000124	6.4
81	-0.779423	26.400329	42456.303982	0.000132	6.3
82	-0.780486	27.400329	41579.113573	0.000079	6.3
83	-0.781513	27.387796	41589.882478	0.000082	9.6
84	-0.784847	27.779855	41255.612076	0.000063	7.4
85	-0.783329	28.779855	40426.850875	0.000047	4.9
86	-0.782228	29.070377	40192.283243	0.000038	5.2
87	-0.785219	29.058934	40201.470350	0.000070	5.9
88	-0.775492	29.046402	40211.537377	0.000101	4.9
89	-0.776723	30.046402	39423.792581	0.000064	5.0
90	-0.781880	31.046402	38666.318650	0.000056	5.6
91	-0.777680	31.033869	38675.631419	0.000108	4.9
92	-0.777193	32.033869	37946.368558	0.000046	5.3
93	-0.778098	33.033433	37244.399576	0.000055	5.2
94	-0.784853	33.103604	37196.094119	0.000051	5.3
95	-0.782147	34.092000	36528.765336	0.000034	5.8
96	-0.784991	34.079468	36537.076789	0.000047	5.7
97	-0.783616	34.066936	36545.392033	0.000041	4.8
98	-0.781383	34.969384	35956.135568	0.000033	5.2
99	-0.783661	34.956852	35964.188355	0.000062	5.1
100	-0.779154	34.944319	35972.244855	0.000052	5.5
101	-0.777800	35.944319	35340.535953	0.000049	5.2
102	-0.783522	35.931787	35348.315431	0.000055	5.2
103	-0.779853	35.919381	35356.019828	0.000038	5.5
104	-0.782606	35.955679	35333.487327	0.000046	5.5
105	-0.781330	35.943147	35341.263702	0.000068	5.2
106	-0.783571	36.926104	34741.551939	0.000036	5.7
107	-0.782284	36.913572	34749.069910	0.000030	7.0
108	-0.782256	36.901040	34756.591101	0.000057	6.4
109	-0.782031	36.893710	34760.991219	0.000033	7.5
110	-0.782793	37.469616	34418.607318	0.000091	5.1
111	-0.786281	37.457084	34425.986161	0.000062	6.4
112	-0.777905	38.457084	33846.980533	0.000046	5.3
113	-0.785319	38.444551	33854.116289	0.000040	6.7
114	-0.779021	39.444452	33294.085770	0.000022	5.9
115	-0.783393	39.432037	33300.925569	0.000072	5.3
116	-0.782239	40.002023	32989.770728	0.000115	5.6
117	-0.779165	41.002023	32457.695014	0.000032	5.0
118	-0.781666	40.989506	32464.249096	0.000046	6.3
119	-0.782918	40.976973	32470.813678	0.000044	6.2
120	-0.784004	40.964441	32477.380915	0.000050	5.9
121	-0.782757	41.041923	32436.821213	0.000036	5.0
122	-0.782865	41.029405	32443.367072	0.000059	5.4
123	-0.784080	41.016873	32449.923212	0.000088	5.7
124	-0.786791	42.016861	31934.988685	0.000121	6.2
125	-0.778351	43.016861	31436.135915	0.000025	5.2
126	-0.778253	44.016860	30952.629315	0.000022	5.6
127	-0.780423	44.004395	30958.564694	0.000079	5.0
128	-0.780741	44.056916	30933.571349	0.000033	5.9
129	-0.778977	45.056910	30465.287356	0.000075	5.5
130	-0.782101	45.044378	30471.068337	0.000031	5.8
131	-0.780760	45.031846	30476.851512	0.000032	5.9
132	-0.777115	45.019423	30482.586352	0.000054	5.0
133	-0.780182	45.006899	30488.369842	0.000038	5.3
134	-0.786232	46.006899	30033.366531	0.000045	5.7
135	-0.783695	45.994367	30038.984740	0.000057	5.6
136	-0.778315	45.981834	30044.605051	0.000053	5.6
137	-0.783757	46.981834	29602.654560	0.000061	5.3
138	-0.781072	46.969302	29608.112767	0.000019	5.6
139	-0.784500	46.956850	29613.537945	0.000060	6.2
140	-0.781998	46.956658	29613.621850	0.000054	5.5
141	-0.781324	47.956658	29184.169163	0.000036	5.4
142	-0.784241	48.956652	28766.996618	0.000052	5.9
143	-0.778877	48.944119	28772.150986	0.000086	5.9
144	-0.781740	49.944000	28366.637986	0.000021	5.3
145	-0.782949	49.931473	28371.647518	0.000084	4.9
146	-0.782112	50.039791	28328.388075	0.000056	5.9
147	-0.783744	51.039384	27935.313095	0.000025	5.6
148	-0.782658	51.028362	27939.588136	0.000027	6.3
149	-0.783383	51.015845	27944.443985	0.000023	6.7
150	-0.784116	51.004822	27948.722247	0.000025	5.4
151	-0.777737	50.992295	27953.585326	0.000051	5.1
152	-0.783037	51.470008	27769.318645	0.000031	5.5
153	-0.782253	52.469998	27391.354484	0.000072	5.5
154	-0.781379	52.457466	27396.027634	0.000042	5.1
155	-0.778137	53.457466	27028.085650	0.000040	5.8
156	-0.781915	54.457465	26669.896251	0.000059	5.1
157	-0.780659	55.457465	26321.076208	0.000046	4.8
158	-0.779686	55.444961	26325.381437	0.000023	5.2
159	-0.783334	55.432430	26329.697537	0.000042	5.3
160	-0.783923	55.420216	26333.905717	0.000056	6.1
161	-0.782027	55.407994	26338.117809	0.000055	6.1
162	-0.782332	55.398413	26341.420844	0.000061	6.4
163	-0.784707	56.398413	26001.085433	0.000033	6.3
164	-0.783351	57.398413	25669.432279	0.000026	5.9
165	-0.776818	57.385899	25673.530278	0.000022	6.0
166	-0.781018	57.374613	25677.227296	0.000019	6.1
167	-0.784843	57.362190	25681.297941	0.000066	6.3
168	-0.785076	57.349846	25685.344227	0.000040	5.6
169	-0.780444	57.337313	25689.453347	0.000041	4.9
170	-0.780589	57.326355	25693.047399	0.000037	5.5
171	-0.788397	58.313296	25373.334206	0.000092	5.7
172	-0.781554	59.313296	25057.404785	0.000044	5.8
173	-0.784980	60.313296	24749.246020	0.000042	5.6
174	-0.779934	61.313296	24448.574742	0.000036	5.2
175	-0.786334	62.308333	24156.560176	0.000079	4.8
176	-0.780858	62.295801	24160.194672	0.000020	5.5
177	-0.782727	62.283268	24163.830226	0.000076	5.6
178	-0.780415	62.743903	24030.916773	0.000038	5.1
179	-0.779375	63.743903	23747.345734	0.000060	5.7
180	-0.784183	64.743903	23470.389082	0.000034	5.2
181	-0.783249	65.743898	23199.819351	0.000032	5.0
182	-0.783003	65.731375	23203.169186	0.000023	6.1
183	-0.782538	65.718877	23206.513218	0.000027	4.8
184	-0.783349	65.720341	23206.121405	0.000034	5.0
185	-0.781617	65.707809	23209.475467	0.000030	6.7
186	-0.781708	65.695276	23212.830521	0.000051	5.8
187	-0.783673	66.694911	22948.227326	0.000061	5.0
188	-0.783044	66.682379	22951.507289	0.000058	6.0
189	-0.781848	67.682379	22692.701565	0.000027	5.0
190	-0.779779	67.669847	22695.908858	0.000038	6.5
191	-0.783262	67.657616	22699.039913	0.000032	5.9
192	-0.783468	67.645083	22702.249025	0.000052	5.0
193	-0.783205	67.632576	22705.452712	0.000071	5.0
194	-0.781994	68.632576	22452.135740	0.000053	6.0
195	-0.788460	69.632570	22204.410111	0.000077	4.8
196	-0.781102	69.620038	22207.480880	0.000024	5.2
197	-0.776033	70.618681	21965.419375	0.000061	6.1
198	-0.781306	70.620990	21964.865803	0.000034	5.7
199	-0.782310	71.620990	21727.718061	0.000025	5.6
