1:ItNr	2:Metric	3a:Time	3b:StepSize	4:||Gradient||	Time[ms]
0	-0.058366	0.000000	1403.559122	0.000211	90.8
1	-0.060078	0.000000	1403.559122	0.000246	1.4
2	-0.061502	0.833800	1349.959299	0.000367	1.3
3	-0.057797	0.000000	1403.559122	0.000371	1.4
4	-0.058548	0.000000	1403.559122	0.000332	1.5
5	-0.061485	0.000000	1403.559122	0.000414	1.6
6	-0.061076	0.000000	1403.559122	0.000318	1.3
7	-0.057633	0.000000	1403.559122	0.000139	1.3
8	-0.059389	0.000000	1403.559122	0.000462	1.2
9	-0.058433	0.971250	1341.514065	0.000220	1.4
10	-0.060493	0.413921	1376.429011	0.000555	1.6
11	-0.057877	0.000000	1403.559122	0.000158	1.3
12	-0.060508	0.000000	1403.559122	0.000250	1.3
13	-0.060515	0.932707	1343.871582	0.000378	1.2
14	-0.059968	0.020478	1402.191798	0.000279	1.1
15	-0.061649	0.934213	1343.779318	0.000527	1.3
16	-0.059920	1.934205	1285.186955	0.000175	1.1
17	-0.060002	0.991330	1340.289165	0.000654	1.4
18	-0.063921	1.991162	1282.003100	0.000326	1.5
19	-0.057689	1.023778	1338.314489	0.000491	1.7
20	-0.059980	0.056819	1399.771800	0.000445	1.3
21	-0.057512	1.056806	1336.310504	0.000238	1.3
22	-0.056527	0.089892	1397.576672	0.000611	1.5
23	-0.059943	0.000000	1403.559122	0.000229	1.2
24	-0.062200	0.997545	1339.910508	0.000410	1.3
25	-0.061949	0.154004	1393.341001	0.000522	1.2
26	-0.060161	0.000000	1403.559122	0.000390	1.2
27	-0.060052	0.000000	1403.559122	0.000298	1.2
28	-0.058796	0.986261	1340.598172	0.000136	1.1
29	-0.058921	0.153082	1393.401731	0.000225	1.2
30	-0.057249	0.350162	1380.539483	0.000250	1.1
31	-0.059868	1.105511	1333.366194	0.000291	1.1
32	-0.059259	0.150020	1393.603501	0.000395	1.5
33	-0.058109	1.149535	1330.716062	0.000397	1.3
34	-0.060041	2.149531	1273.232747	0.000536	1.2
35	-0.063449	1.411375	1315.168837	0.000676	1.5
36	-0.060114	2.411375	1258.992348	0.000342	1.6
37	-0.061054	3.386311	1208.659322	0.000379	1.4
38	-0.060081	4.004131	1178.794894	0.000222	1.2
39	-0.063758	4.751186	1144.597449	0.000453	1.3
40	-0.061170	3.873199	1185.000052	0.000173	1.5
41	-0.061285	2.907637	1232.858853	0.000521	1.2
42	-0.060670	3.447117	1205.653070	0.000500	1.5
43	-0.060667	4.361835	1162.169118	0.000422	1.5
44	-0.059656	5.361791	1118.085694	0.000402	1.4
45	-0.060975	4.394410	1160.678350	0.000286	1.4
46	-0.058760	5.227193	1123.823734	0.000243	2.6
47	-0.061863	6.176522	1084.566372	0.000191	1.6
48	-0.061226	5.400172	1116.460220	0.000669	1.7
49	-0.062621	6.284315	1080.281517	0.000628	1.7
50	-0.058334	7.195949	1045.353763	0.000242	1.4
51	-0.061966	8.195887	1009.551174	0.000435	1.5
52	-0.058295	7.230641	1044.069166	0.000546	1.3
53	-0.062695	8.230639	1008.350918	0.000260	1.5
54	-0.061358	7.263391	1042.859366	0.000165	2.0
55	-0.063070	6.381187	1076.459616	0.000327	1.5
56	-0.056689	7.339458	1040.060187	0.000343	1.4
57	-0.061706	6.778667	1061.056730	0.000236	1.5
58	-0.058763	6.633059	1066.647792	0.000126	1.5
59	-0.063311	7.439711	1036.393850	0.000229	1.8
60	-0.058661	6.774831	1061.203287	0.000250	1.5
61	-0.062547	7.708528	1026.689409	0.000250	1.7
62	-0.059396	8.676602	993.198002	0.000502	1.7
63	-0.060689	8.788737	989.459243	0.000354	1.4
64	-0.060207	7.821369	1022.669738	0.000178	1.6
65	-0.057952	6.886599	1056.950010	0.000294	1.7
66	-0.059314	7.129767	1047.813195	0.000143	1.8
67	-0.059233	7.547789	1032.470188	0.000135	1.7
68	-0.060552	7.782394	1024.054551	0.000067	1.5
69	-0.059955	8.142661	1011.394994	0.000392	2.0
70	-0.058884	8.726437	991.532950	0.000106	1.5
71	-0.056862	9.533087	965.337743	0.000446	1.2
72	-0.061395	8.622721	995.004538	0.000244	1.3
73	-0.064963	7.665161	1028.242657	0.000572	1.4
74	-0.058941	6.697851	1064.152642	0.000398	1.4
75	-0.062232	7.697843	1027.071686	0.000186	1.7
76	-0.058197	8.671544	993.367287	0.000253	1.7
77	-0.059245	9.460695	967.631954	0.000413	1.6
78	-0.059187	10.400870	938.660044	0.000200	1.6
79	-0.062147	11.324120	911.849767	0.000579	1.3
80	-0.062932	10.364533	939.747497	0.000363	1.7
81	-0.062479	9.763733	958.100303	0.000365	1.6
82	-0.062742	10.555613	934.057015	0.000260	1.4
83	-0.061787	10.762966	927.959355	0.000638	1.6
84	-0.058769	11.762964	899.635999	0.000069	1.6
85	-0.058234	11.108429	917.975204	0.000243	1.3
86	-0.060720	10.514711	935.269283	0.000142	1.5
87	-0.058853	11.271342	913.341048	0.000200	2.4
88	-0.061750	11.867438	896.776365	0.000441	1.7
89	-0.059605	11.965737	894.102300	0.000147	1.7
90	-0.058272	12.551022	878.505030	0.000216	2.0
91	-0.059295	13.058242	865.421707	0.000197	1.7
92	-0.058489	13.906167	844.399263	0.000491	1.8
93	-0.059268	14.744421	824.596971	0.000204	1.8
94	-0.058535	13.781869	847.416851	0.000402	1.5
95	-0.060308	14.257987	835.973457	0.000265	1.8
96	-0.058100	15.257610	812.925657	0.000124	1.8
97	-0.058924	15.874337	799.329402	0.000388	1.5
98	-0.061144	16.540837	785.138103	0.000146	1.5
99	-0.061392	17.507049	765.437565	0.000294	2.0
100	-0.057865	16.599531	783.912487	0.000341	1.7
101	-0.061802	17.327893	769.015448	0.000417	1.7
102	-0.060042	18.327806	749.463164	0.000243	1.4
103	-0.059197	18.804447	740.488656	0.000264	1.5
104	-0.058018	17.882349	758.049398	0.000097	1.3
105	-0.062087	18.471905	746.727104	0.000424	1.8
106	-0.062553	18.702005	742.399315	0.000286	1.5
107	-0.059517	17.735976	760.913864	0.000292	1.5
108	-0.064396	18.722000	742.025611	0.000574	1.4
109	-0.056517	18.090690	754.009250	0.000302	1.3
110	-0.061240	19.003865	736.797347	0.000537	1.9
111	-0.059898	20.003543	718.834026	0.000425	1.7
112	-0.059899	21.003543	701.720374	0.000352	1.3
113	-0.062487	20.068056	717.704808	0.000333	1.3
114	-0.060613	19.842380	721.670521	0.000337	1.5
115	-0.059120	20.841658	704.435313	0.000114	1.5
116	-0.062719	20.228916	714.904601	0.000311	1.6
117	-0.060732	20.022071	718.509343	0.000444	1.7
118	-0.057646	19.223700	732.770528	0.000285	1.4
119	-0.058845	18.258139	750.793147	0.000298	1.5
120	-0.058917	17.292319	769.729867	0.000307	1.9
121	-0.061202	16.325533	789.666989	0.000470	1.8
122	-0.058154	15.498342	807.563859	0.000318	1.8
123	-0.061892	14.531529	829.537659	0.000358	1.5
124	-0.059315	15.515578	807.182659	0.000527	1.5
125	-0.062382	16.512766	785.725619	0.000175	1.5
126	-0.057992	16.806163	779.627959	0.000385	1.4
127	-0.060822	17.794488	759.766229	0.000262	1.5
128	-0.059136	18.789727	740.762597	0.000393	1.4
129	-0.055724	19.752321	723.265345	0.000253	1.5
130	-0.063157	19.768602	722.976507	0.000502	1.3
131	-0.061063	20.768574	705.667898	0.000154	1.5
132	-0.061385	21.724493	689.879253	0.000895	1.7
133	-0.057089	22.724412	674.102645	0.000594	1.4
134	-0.062208	21.757027	689.354324	0.000599	1.4
135	-0.056658	22.757027	673.600184	0.000268	1.5
136	-0.056225	21.789657	688.828641	0.000099	1.6
137	-0.062860	22.285580	680.936730	0.000564	1.6
138	-0.061143	22.770061	673.399594	0.000460	2.0
139	-0.058474	23.768801	658.376834	0.000560	1.7
140	-0.058301	22.801417	672.917537	0.000475	1.7
141	-0.062798	21.834032	688.115033	0.000200	4.1
142	-0.060123	22.829835	672.481228	0.000446	2.5
143	-0.059748	21.863400	687.643575	0.000363	9.3
144	-0.060562	21.083492	700.387261	0.000262	4.7
145	-0.057998	20.337360	713.029120	0.000251	2.3
146	-0.055684	21.267006	697.346329	0.000321	1.6
147	-0.060514	20.302150	713.636985	0.000206	1.3
148	-0.062127	19.392969	729.699810	0.000223	1.4
149	-0.060935	20.212341	715.192120	0.000228	2.1
150	-0.057719	19.276730	731.805725	0.000385	1.3
151	-0.062399	18.333103	749.362215	0.000394	1.7
152	-0.059236	17.365770	768.256228	0.000260	1.6
153	-0.060018	16.453452	786.969961	0.000299	1.9
154	-0.060614	15.488792	807.775203	0.000719	1.2
155	-0.063432	14.710499	825.380283	0.000668	1.2
156	-0.057336	13.743114	848.362106	0.000357	1.2
157	-0.059737	12.775735	872.660261	0.000361	1.2
158	-0.058286	13.697633	849.474125	0.000170	1.2
159	-0.058777	14.164371	838.199038	0.000330	2.8
160	-0.060645	13.349949	858.072348	0.000281	2.2
161	-0.057903	14.348327	833.836956	0.000096	1.8
162	-0.058247	15.057273	817.442336	0.000428	1.6
163	-0.062303	14.199825	837.354778	0.000588	1.9
164	-0.059337	13.232454	861.017479	0.000217	1.5
165	-0.059462	14.215732	836.976539	0.000227	1.5
166	-0.062121	14.453675	831.359285	0.000697	1.3
167	-0.060930	13.487457	854.651048	0.000304	1.2
168	-0.058759	14.487437	830.568349	0.000433	1.1
169	-0.058347	13.530480	853.586210	0.000183	1.4
170	-0.059845	14.425191	832.027740	0.000520	1.5
171	-0.061160	13.474943	854.961280	0.000147	1.6
172	-0.060717	14.446723	831.522323	0.000393	1.6
173	-0.061641	13.506011	854.191518	0.000265	1.3
174	-0.061327	12.693883	874.780189	0.000098	1.5
175	-0.062308	12.736129	873.684745	0.000426	1.2
176	-0.058199	11.989425	893.460288	0.000174	1.1
177	-0.059240	12.107929	890.262307	0.000306	1.2
178	-0.061440	12.097185	890.551308	0.000601	1.2
179	-0.057701	13.097181	864.433378	0.000337	1.1
180	-0.061626	13.698975	849.441274	0.000268	1.1
181	-0.059563	14.698253	825.663418	0.000190	1.2
182	-0.056211	15.609612	805.109365	0.000280	2.8
183	-0.059657	14.797322	823.378404	0.000236	1.6
184	-0.057435	15.785490	801.259998	0.000320	1.4
185	-0.058273	15.557929	806.247573	0.000362	1.5
186	-0.058709	14.591969	828.129003	0.000325	1.8
187	-0.060605	13.741364	848.404845	0.000614	1.2
188	-0.059609	14.741364	824.667508	0.000484	1.3
189	-0.057237	13.773979	847.609104	0.000204	1.2
190	-0.058615	14.601394	827.909765	0.000250	1.2
191	-0.060149	14.618254	827.517870	0.000430	1.6
192	-0.061796	13.651078	850.615420	0.000312	1.6
193	-0.056578	12.689163	874.902746	0.000333	2.1
194	-0.059545	11.749991	899.992347	0.000497	1.4
195	-0.060172	10.782612	927.385750	0.000317	1.7
196	-0.060096	11.764698	899.588366	0.000290	1.9
197	-0.058014	11.041156	919.902569	0.000129	2.1
198	-0.060407	11.816263	898.174836	0.000181	1.7
199	-0.059072	12.494341	879.991688	0.000599	1.6
