1:ItNr	2:Metric	3a:Time	3b:StepSize	4:||Gradient||	Time[ms]
0	-0.490828	0.000000	46583.289537	0.000711	135.4
1	-0.510091	0.000000	46583.289537	0.000450	5.5
2	-0.521789	0.000000	46583.289537	0.000318	6.9
3	-0.515087	0.000000	46583.289537	0.000775	5.6
4	-0.497878	1.000000	44465.867286	0.001517	5.8
5	-0.468095	2.000000	42532.568708	0.001601	5.9
6	-0.491921	3.000000	40760.378345	0.001501	6.9
7	-0.479509	4.000000	39129.963211	0.001695	7.9
8	-0.487820	5.000000	37624.964626	0.001594	7.3
9	-0.492356	6.000000	36231.447418	0.001631	5.8
10	-0.490862	7.000000	34937.467153	0.001588	7.5
11	-0.493586	8.000000	33732.726906	0.001508	6.2
12	-0.497829	9.000000	32608.302676	0.001447	7.0
13	-0.502874	10.000000	31556.421945	0.001400	6.1
14	-0.502504	11.000000	30570.283759	0.001480	7.2
15	-0.501026	12.000000	29643.911524	0.001355	7.2
16	-0.505550	13.000000	28772.031773	0.001141	8.4
17	-0.507565	14.000000	27949.973722	0.001037	8.6
18	-0.517753	15.000000	27173.585563	0.001004	7.1
19	-0.510904	16.000000	26439.164332	0.001043	7.3
20	-0.511144	17.000000	25743.396850	0.001111	5.2
21	-0.512269	18.000000	25083.309751	0.001007	7.5
22	-0.511940	19.000000	24456.227007	0.000907	7.4
23	-0.508961	20.000000	23859.733665	0.000889	7.3
24	-0.515575	21.000000	23291.644769	0.000779	6.5
25	-0.515943	22.000000	22749.978611	0.000757	5.0
26	-0.516446	23.000000	22232.933643	0.000663	5.6
27	-0.523448	24.000000	21738.868451	0.000535	7.5
28	-0.521197	25.000000	21266.284354	0.000454	6.4
29	-0.516816	26.000000	20813.810219	0.000372	7.7
30	-0.516700	27.000000	20380.189173	0.000412	8.9
31	-0.520029	28.000000	19964.266945	0.000473	9.2
32	-0.521202	29.000000	19564.981606	0.000376	5.1
33	-0.522412	30.000000	19181.354515	0.000261	6.1
34	-0.521941	31.000000	18812.482313	0.000303	5.2
35	-0.518720	32.000000	18457.529817	0.000329	5.0
36	-0.516239	33.000000	18115.723709	0.000176	5.0
37	-0.517903	34.000000	17786.346914	0.000118	5.5
38	-0.518930	35.000000	17468.733576	0.000184	4.6
39	-0.521326	36.000000	17162.264566	0.000121	5.4
40	-0.522879	37.000000	16866.363453	0.000117	5.8
41	-0.520252	38.000000	16580.492886	0.000144	5.2
42	-0.517016	39.000000	16304.151338	0.000140	5.0
43	-0.522501	40.000000	16036.870169	0.000079	6.7
44	-0.516926	41.000000	15778.210973	0.000094	5.4
45	-0.519486	40.986418	15781.668256	0.000202	5.3
46	-0.519266	41.986418	15531.111568	0.000129	6.3
47	-0.512302	42.986418	15288.386437	0.000126	6.1
48	-0.521672	43.986418	15053.131334	0.000090	5.4
49	-0.519736	44.986418	14825.006640	0.000067	6.2
50	-0.517965	44.978066	14826.883140	0.000063	7.9
51	-0.517120	44.964258	14829.986910	0.000192	6.9
52	-0.521245	45.964258	14608.525685	0.000161	4.7
53	-0.520779	46.964258	14393.581446	0.000149	5.5
54	-0.522026	47.964258	14184.870703	0.000129	6.9
55	-0.524161	48.964258	13982.126171	0.000140	6.1
56	-0.520569	48.950449	13984.886443	0.000114	6.4
57	-0.522166	49.950449	13787.778649	0.000079	6.5
58	-0.518146	50.950424	13596.154475	0.000112	5.9
59	-0.521711	51.950418	13409.780313	0.000108	7.2
60	-0.518266	51.937986	13412.065926	0.000161	6.1
61	-0.518874	52.937986	13230.669778	0.000107	6.6
62	-0.515884	53.937986	13054.114863	0.000067	5.1
63	-0.518512	53.924177	13056.520857	0.000094	6.1
64	-0.518274	53.910368	13058.927738	0.000204	7.2
65	-0.518478	54.910368	12886.896854	0.000200	5.8
66	-0.516086	55.910368	12719.339511	0.000130	5.5
67	-0.518427	56.910368	12556.083453	0.000063	7.1
68	-0.526253	56.896559	12558.309350	0.000109	5.4
69	-0.518812	56.895238	12558.522233	0.000089	5.5
70	-0.521232	57.895238	12399.342509	0.000108	6.8
71	-0.522855	57.881429	12401.513176	0.000172	5.9
72	-0.517204	58.881429	12246.264160	0.000123	6.2
73	-0.520863	59.881429	12094.854074	0.000081	6.1
74	-0.519604	60.881382	11947.149127	0.000144	6.4
75	-0.519982	61.834302	11809.709901	0.000127	6.0
76	-0.525174	62.544055	11709.379972	0.000066	5.3
77	-0.521109	62.530510	11711.278675	0.000147	6.2
78	-0.517808	63.529676	11572.847896	0.000043	6.3
79	-0.523314	63.515867	11574.738807	0.000098	5.2
80	-0.521051	63.502063	11576.629537	0.000130	6.0
81	-0.521942	64.502063	11441.233629	0.000186	7.4
82	-0.523021	65.502063	11308.968187	0.000129	5.4
83	-0.520684	66.502063	11179.725883	0.000123	5.4
84	-0.523656	67.502063	11053.404242	0.000131	5.9
85	-0.519310	68.502063	10929.905365	0.000048	6.1
86	-0.516347	68.488330	10931.582743	0.000117	5.3
87	-0.523715	69.488327	10810.776564	0.000083	5.8
88	-0.519982	69.474520	10812.426353	0.000054	5.6
89	-0.522699	69.640627	10792.611519	0.000118	5.9
90	-0.526874	69.626818	10794.256038	0.000161	6.1
91	-0.524962	70.626818	10676.449306	0.000096	5.0
92	-0.519263	71.626818	10561.186259	0.000098	5.6
93	-0.517347	71.613009	10562.761003	0.000082	5.0
94	-0.521653	72.612999	10449.927768	0.000063	5.5
95	-0.522466	72.599304	10451.456824	0.000086	5.9
96	-0.522953	72.585497	10452.998744	0.000058	6.6
97	-0.523004	72.571823	10454.526276	0.000073	5.8
98	-0.521457	73.199556	10384.858696	0.000102	7.1
99	-0.522363	74.199553	10275.773837	0.000100	5.0
100	-0.521026	75.199553	10168.956565	0.000124	6.8
101	-0.520023	76.199553	10064.337190	0.000121	7.2
102	-0.520861	76.185744	10065.767241	0.000074	25.1
103	-0.519665	77.179142	9963.919596	0.000133	12.8
104	-0.523634	77.165333	9965.321251	0.000082	5.1
105	-0.521633	78.165333	9864.829266	0.000115	6.1
106	-0.523087	78.151524	9866.203179	0.000160	6.2
107	-0.522670	79.151524	9767.690418	0.000131	5.5
108	-0.520114	80.151524	9671.125482	0.000110	6.2
109	-0.528573	81.151524	9576.451168	0.000060	5.0
110	-0.518321	82.141896	9484.497745	0.000110	6.0
111	-0.519156	82.506401	9451.097453	0.000108	5.9
112	-0.517999	83.435517	9367.015276	0.000080	5.4
113	-0.519377	84.435517	9278.174100	0.000095	6.7
114	-0.517142	85.435517	9191.002314	0.000167	6.7
115	-0.519865	86.435517	9105.453302	0.000100	6.0
116	-0.518965	87.435517	9021.482168	0.000087	6.8
117	-0.521855	88.435517	8939.045659	0.000115	6.1
118	-0.518590	88.977565	8894.987619	0.000100	6.5
119	-0.523651	89.977565	8814.836397	0.000096	6.5
120	-0.518758	89.963756	8815.933386	0.000070	6.1
121	-0.516646	89.949960	8817.029588	0.000085	6.7
122	-0.522659	90.585341	8766.824311	0.000096	7.6
123	-0.521794	90.571532	8767.909382	0.000063	9.0
124	-0.518750	91.571524	8690.022559	0.000116	5.3
125	-0.518856	92.570795	8613.561933	0.000161	5.0
126	-0.519934	93.570795	8538.380802	0.000139	6.2
127	-0.518845	93.556986	8539.410058	0.000148	5.6
128	-0.518277	94.556986	8465.512232	0.000072	5.3
129	-0.517831	95.556986	8392.882418	0.000070	6.2
130	-0.523727	96.553047	8321.767093	0.000059	4.4
131	-0.519019	96.586169	8319.423005	0.000101	5.3
132	-0.521196	96.572360	8320.400145	0.000065	6.3
133	-0.518892	96.558553	8321.377385	0.000093	5.3
134	-0.521149	97.558480	8251.194502	0.000089	5.3
135	-0.518962	98.558476	8182.180930	0.000086	6.4
136	-0.519176	98.544667	8183.126096	0.000067	5.5
137	-0.521284	98.530857	8184.071480	0.000156	5.2
138	-0.523090	99.530160	8116.218199	0.000159	6.5
139	-0.524996	100.530160	8049.434627	0.000074	6.1
140	-0.523235	101.529566	7983.779828	0.000091	5.5
141	-0.518847	101.515761	7984.679440	0.000081	5.7
142	-0.520511	101.508300	7985.165753	0.000077	5.4
143	-0.519616	101.494491	7986.065948	0.000194	5.3
144	-0.523536	102.494491	7921.398562	0.000095	5.9
145	-0.518384	102.503363	7920.829520	0.000097	4.2
146	-0.522239	103.420132	7862.466212	0.000153	5.3
147	-0.519791	104.420132	7799.777183	0.000155	6.2
148	-0.521022	105.420132	7738.079912	0.000106	4.8
149	-0.519019	105.406350	7738.923558	0.000136	5.3
150	-0.520108	106.406350	7678.181503	0.000071	6.5
151	-0.521062	107.406350	7618.385539	0.000062	5.7
152	-0.515558	107.392541	7619.204923	0.000094	5.2
153	-0.519072	108.365638	7561.892772	0.000069	5.3
154	-0.519166	108.351830	7562.699991	0.000154	5.4
155	-0.519267	109.351829	7504.682398	0.000070	5.8
156	-0.523314	109.692023	7485.147578	0.000066	6.4
157	-0.518010	109.678214	7485.938556	0.000097	7.7
158	-0.523704	109.664405	7486.729690	0.000073	5.8
159	-0.519944	110.661180	7430.049478	0.000045	5.4
160	-0.521911	110.648649	7430.756709	0.000081	4.7
161	-0.520466	110.811830	7421.557509	0.000148	5.3
162	-0.518965	111.811830	7365.677265	0.000090	5.8
163	-0.523869	111.798021	7366.443197	0.000065	4.9
164	-0.520867	111.784212	7367.209288	0.000169	6.5
165	-0.519618	112.784212	7312.141435	0.000079	5.5
166	-0.519442	113.784212	7257.890709	0.000115	5.2
167	-0.523604	113.770461	7258.631261	0.000098	5.8
168	-0.522743	114.770461	7205.168740	0.000072	5.4
169	-0.519970	114.756652	7205.901651	0.000063	4.9
170	-0.523879	114.742843	7206.634676	0.000156	5.1
171	-0.516257	114.729034	7207.367882	0.000071	5.5
172	-0.517230	115.729034	7154.655099	0.000062	5.3
173	-0.523503	115.792000	7151.361782	0.000090	5.0
174	-0.516752	116.791999	7099.462131	0.000116	7.2
175	-0.520075	117.791999	7048.310320	0.000095	7.9
176	-0.522958	118.791999	6997.890336	0.000097	5.9
177	-0.521566	119.791999	6948.186586	0.000144	7.7
178	-0.518757	119.779056	6948.825381	0.000102	6.5
179	-0.520720	120.779054	6899.813867	0.000103	5.5
180	-0.520088	120.765244	6900.485971	0.000066	11.5
181	-0.523405	121.698689	6855.347350	0.000080	5.2
182	-0.520587	122.694218	6807.852764	0.000127	7.2
183	-0.522869	122.680409	6808.507071	0.000080	7.2
184	-0.518513	123.680409	6761.448128	0.000164	8.7
185	-0.526293	124.680409	6715.035243	0.000079	7.0
186	-0.517744	125.680409	6669.255201	0.000058	8.7
187	-0.519174	125.864579	6660.891871	0.000044	8.1
188	-0.521559	125.850772	6661.518151	0.000076	8.7
189	-0.520333	125.837103	6662.138255	0.000092	9.0
190	-0.521399	125.823294	6662.764850	0.000098	7.5
191	-0.522787	126.823224	6617.695464	0.000078	12.5
192	-0.527062	126.809421	6618.313451	0.000070	35.6
193	-0.518309	127.807196	6573.936635	0.000100	11.2
194	-0.522126	127.844446	6572.291464	0.000084	5.4
195	-0.521993	127.830719	6572.897645	0.000104	4.9
196	-0.516820	128.830719	6529.028819	0.000132	6.1
197	-0.521906	129.830719	6485.741690	0.000091	6.1
198	-0.518833	129.816910	6486.335539	0.000085	5.0
199	-0.523602	129.803691	6486.904083	0.000068	5.7
