1:ItNr	2:Metric	3a:Time	3b:StepSize	4:||Gradient||	Time[ms]
0	-0.030205	0.000000	151.833841	0.000313	124.4
1	-0.031673	0.000000	151.833841	0.000398	1.6
2	-0.032139	0.997187	144.950836	0.000540	1.6
3	-0.030944	0.086604	151.210247	0.000343	1.7
4	-0.030583	0.971322	145.121478	0.000490	1.7
5	-0.031806	0.027438	151.635716	0.000201	1.6
6	-0.031391	0.356575	149.298782	0.000528	1.5
7	-0.029332	0.000000	151.833841	0.000515	1.5
8	-0.034019	0.000000	151.833841	0.000278	1.9
9	-0.033630	0.998053	144.945131	0.000594	1.5
10	-0.028367	0.107548	151.060213	0.000818	1.4
11	-0.031211	1.107547	144.227245	0.000471	1.5
12	-0.033306	0.286046	149.793472	0.000529	1.5
13	-0.030000	1.286009	143.072306	0.000393	1.7
14	-0.030101	2.283628	136.942175	0.000213	1.9
15	-0.030868	1.357734	142.613322	0.000259	1.6
16	-0.031331	0.561000	147.883245	0.000310	1.6
17	-0.029558	0.000000	151.833841	0.000647	1.8
18	-0.030097	0.000000	151.833841	0.000656	2.0
19	-0.035108	0.999944	144.932673	0.000468	1.9
20	-0.032235	0.052823	151.452882	0.000377	1.8
21	-0.030068	1.050276	144.601850	0.000436	1.4
22	-0.031543	0.416971	148.877763	0.000478	1.4
23	-0.029102	1.414501	142.252137	0.000537	1.6
24	-0.030508	2.407402	136.218049	0.000212	1.6
25	-0.031234	1.463279	141.943245	0.000456	1.4
26	-0.033806	0.558971	147.897165	0.000284	1.6
27	-0.027650	0.000000	151.833841	0.000388	1.7
28	-0.033126	0.000000	151.833841	0.000584	1.9
29	-0.030914	0.000000	151.833841	0.000591	1.4
30	-0.032062	1.000000	144.932304	0.000228	1.5
31	-0.031572	0.054322	151.442093	0.000264	1.4
32	-0.030681	0.000000	151.833841	0.000290	1.4
33	-0.032327	0.610655	147.543450	0.000359	1.4
34	-0.033611	0.000000	151.833841	0.000335	2.1
35	-0.032747	0.780200	146.394921	0.000560	2.1
36	-0.030298	0.000000	151.833841	0.000471	3.3
37	-0.032588	0.000000	151.833841	0.000478	2.2
38	-0.031012	0.000000	151.833841	0.000694	1.7
39	-0.033112	0.000000	151.833841	0.000765	1.8
40	-0.032005	0.998838	144.939961	0.000461	1.8
41	-0.031762	1.998838	138.637905	0.000664	1.5
42	-0.030982	2.998836	132.861057	0.000696	1.8
43	-0.029927	2.051715	138.319892	0.000532	1.7
44	-0.030832	1.143989	143.989897	0.000847	1.6
45	-0.032495	0.207113	150.350998	0.000197	1.7
46	-0.030623	0.000000	151.833841	0.000546	1.7
47	-0.027982	0.000000	151.833841	0.000647	1.9
48	-0.028735	0.000000	151.833841	0.000362	1.6
49	-0.033208	0.000000	151.833841	0.000293	1.8
50	-0.034367	0.950624	145.258314	0.000843	1.5
51	-0.031941	1.950604	138.929269	0.000422	1.9
52	-0.030608	2.950604	133.128612	0.000435	1.5
53	-0.032409	3.775432	128.696468	0.000168	2.4
54	-0.031125	4.411473	125.475238	0.000179	1.6
55	-0.033065	4.743471	123.857059	0.000696	1.6
56	-0.032253	5.740004	119.241221	0.000622	1.9
57	-0.031255	4.792883	123.619786	0.000413	1.6
58	-0.031445	4.429723	125.385190	0.000477	1.7
59	-0.029895	4.155940	126.749811	0.000852	1.6
60	-0.031676	3.208819	131.708641	0.000450	1.5
61	-0.035770	4.202531	126.515494	0.000469	1.6
62	-0.031654	5.201662	121.691160	0.000591	1.5
63	-0.029149	6.201617	117.217690	0.000483	2.1
64	-0.032419	5.415548	120.705831	0.000444	1.7
65	-0.032174	6.413858	116.310177	0.000485	1.4
66	-0.031070	7.413726	112.217265	0.000254	1.9
67	-0.031793	8.080726	109.643436	0.000402	1.4
68	-0.032788	8.891341	106.670044	0.000488	1.7
69	-0.031395	9.888762	103.225588	0.000352	1.6
70	-0.031666	10.859029	100.081854	0.000398	1.8
71	-0.029770	9.915523	103.136234	0.000402	1.6
72	-0.034133	9.190399	105.613400	0.000396	1.8
73	-0.033987	8.243576	109.032858	0.000424	1.6
74	-0.029772	7.297444	112.678397	0.000255	1.4
75	-0.030372	6.790503	114.733825	0.000733	1.7
76	-0.031466	5.859354	118.711367	0.000571	1.7
77	-0.030913	6.859352	114.450283	0.000720	1.7
78	-0.032995	6.044396	117.899129	0.000637	1.7
79	-0.031305	5.097274	122.177919	0.000659	1.6
80	-0.031743	5.542899	120.126694	0.000500	1.6
81	-0.033499	6.542732	115.765957	0.000261	1.7
82	-0.033006	5.750069	119.196351	0.000866	1.6
83	-0.030372	6.639271	115.361606	0.000447	2.0
84	-0.030590	7.639213	111.333738	0.000360	1.7
85	-0.030713	8.483714	108.144810	0.000415	1.6
86	-0.030845	7.539208	111.723865	0.000323	1.6
87	-0.031459	6.594404	115.549178	0.000372	1.6
88	-0.033825	7.562019	111.634640	0.000162	1.9
89	-0.032553	6.685158	115.170398	0.000291	1.8
90	-0.029341	6.231676	117.088302	0.000507	1.7
91	-0.033300	6.388920	116.416079	0.000146	1.6
92	-0.031412	5.689271	119.467879	0.001205	2.0
93	-0.032655	5.196184	121.716609	0.000360	1.6
94	-0.033549	4.249063	126.282338	0.000603	1.6
95	-0.032251	5.249018	121.471619	0.000512	1.6
96	-0.030593	6.248841	117.014541	0.000562	1.5
97	-0.031424	7.248841	112.872266	0.000506	1.7
98	-0.032069	6.302704	116.783697	0.000350	1.9
99	-0.032379	6.222419	117.128116	0.000530	1.6
100	-0.033696	6.816974	114.624640	0.000201	1.8
101	-0.033459	7.435928	112.129650	0.000597	1.6
102	-0.027694	6.497341	115.957053	0.000258	1.9
103	-0.028366	7.496709	111.890486	0.000344	1.7
104	-0.029784	6.827789	114.580093	0.000358	1.6
105	-0.028657	5.882488	118.609208	0.000468	2.1
106	-0.031408	4.939764	122.919804	0.000782	1.7
107	-0.029482	3.993387	127.574174	0.000200	1.5
108	-0.033044	4.988772	122.688007	0.000482	1.7
109	-0.032549	5.964593	118.248054	0.000373	1.9
110	-0.031341	5.481994	120.402967	0.000477	1.5
111	-0.031117	5.418864	120.690681	0.000330	2.0
112	-0.031332	6.416001	116.301084	0.000547	1.7
113	-0.029356	7.404093	112.255323	0.000226	1.7
114	-0.030469	8.373763	108.549616	0.000794	1.6
115	-0.029574	7.447889	112.082504	0.000290	1.7
116	-0.031811	6.507357	115.914830	0.000400	2.0
117	-0.030000	7.427004	112.164850	0.000303	1.6
118	-0.032564	6.498742	115.951147	0.000249	1.7
119	-0.032664	5.585668	119.933440	0.000161	1.6
120	-0.031327	4.881852	123.194840	0.000918	1.5
121	-0.032959	3.935686	127.869379	0.000453	2.0
122	-0.031869	2.988566	132.917935	0.000180	1.6
123	-0.033856	3.961664	127.736301	0.000424	1.3
124	-0.031833	4.843787	123.376292	0.000622	1.6
125	-0.031648	5.843760	118.780331	0.000442	1.5
126	-0.031290	5.171751	121.830241	0.000460	1.8
127	-0.033460	4.261654	126.219392	0.000157	1.6
128	-0.033509	3.613453	129.543410	0.000399	1.4
129	-0.029670	4.374637	125.657392	0.000478	1.5
130	-0.031522	3.427657	130.528715	0.000348	1.6
131	-0.032104	2.497759	135.694245	0.000479	1.7
132	-0.032972	2.496488	135.701587	0.000225	1.7
133	-0.033671	1.564425	141.306974	0.000219	1.5
134	-0.030995	2.413546	136.182305	0.000449	1.5
135	-0.031726	3.295390	131.239328	0.000310	1.4
136	-0.030356	3.756407	128.795370	0.000140	1.8
137	-0.031399	3.194933	131.784229	0.000427	1.9
138	-0.032403	4.103088	127.016673	0.000270	1.7
139	-0.032145	5.086013	122.230661	0.000613	1.7
140	-0.034348	4.139219	126.834120	0.000409	1.8
141	-0.029368	3.192099	131.799671	0.000215	2.1
142	-0.031495	2.773084	134.122717	0.000260	1.9
143	-0.031251	3.652664	129.337367	0.000214	1.6
144	-0.031659	2.801993	133.959819	0.000962	1.5
145	-0.032041	2.220179	137.316370	0.000729	1.6
146	-0.030705	1.573041	141.253039	0.000378	2.0
147	-0.031344	2.571399	135.270318	0.000329	1.9
148	-0.031188	1.700585	140.459407	0.000297	1.8
149	-0.030506	2.587971	135.175283	0.000353	1.3
150	-0.031167	1.835787	139.627797	0.000883	1.4
151	-0.032166	2.660273	134.762209	0.000551	2.0
152	-0.029713	3.271664	131.367615	0.000562	1.6
153	-0.031785	2.324546	136.701938	0.000186	1.7
154	-0.029941	1.434056	142.128143	0.000140	1.6
155	-0.032761	1.888130	139.308482	0.000524	1.4
156	-0.028649	2.794425	134.002428	0.000147	1.5
157	-0.029916	2.065724	138.235881	0.000281	1.4
158	-0.034642	1.891447	139.288297	0.000285	1.4
159	-0.030090	2.294263	136.879653	0.000428	1.5
160	-0.029326	3.284877	131.296145	0.000177	1.4
161	-0.032126	2.494539	135.712844	0.000188	1.4
162	-0.031631	3.018311	132.753326	0.000385	1.6
163	-0.031330	2.309645	136.789325	0.000187	1.4
164	-0.035219	1.394684	142.378016	0.000367	1.4
165	-0.031530	2.313136	136.768841	0.000666	1.4
166	-0.031867	3.310317	131.158746	0.000166	1.5
167	-0.030310	2.501682	135.671594	0.000479	1.5
168	-0.029976	3.165752	131.943365	0.000336	2.2
169	-0.030897	2.841309	133.738907	0.000456	2.0
170	-0.031732	1.973897	138.788414	0.000426	1.9
171	-0.031932	2.973725	133.000217	0.000440	1.5
172	-0.031891	2.128805	137.858856	0.000108	1.7
173	-0.030324	2.655353	134.790240	0.000335	1.3
174	-0.031636	2.020367	138.508243	0.000122	1.3
175	-0.029095	1.300195	142.981293	0.000403	1.5
176	-0.029974	1.450399	142.024676	0.000188	1.4
177	-0.031221	1.946491	138.954175	0.000621	1.7
178	-0.033661	1.016457	144.823966	0.000524	1.5
179	-0.032317	0.131676	150.887731	0.000265	1.4
180	-0.032810	1.067879	144.486502	0.000336	1.4
181	-0.029856	0.677056	147.091497	0.000520	1.4
182	-0.030982	0.000000	151.833841	0.000464	1.4
183	-0.030973	0.000000	151.833841	0.000371	2.1
184	-0.031294	0.997621	144.947979	0.000413	1.7
185	-0.030988	1.989889	138.691866	0.000449	1.6
186	-0.032824	1.115540	144.175120	0.000145	1.4
187	-0.031178	0.533195	148.074205	0.000224	1.4
188	-0.036268	0.613496	147.524061	0.000830	1.5
189	-0.031247	0.000000	151.833841	0.000361	1.3
190	-0.032467	0.999979	144.932441	0.000624	1.6
191	-0.031326	0.959300	145.200927	0.000386	1.4
192	-0.030788	0.012182	151.745814	0.000136	1.4
193	-0.031593	0.000000	151.833841	0.000277	1.4
194	-0.032870	0.420747	148.851519	0.000601	1.7
195	-0.032631	1.417316	142.234275	0.000391	1.5
196	-0.031286	0.887433	145.677688	0.000339	1.5
197	-0.032784	0.000000	151.833841	0.000547	1.4
198	-0.028527	0.000000	151.833841	0.000396	1.4
199	-0.032755	0.000000	151.833841	0.000308	1.5
