1:ItNr	2:Metric	3a:Time	3b:StepSize	4:||Gradient||	Time[ms]
0	-0.380097	0.000000	67143.536669	0.000612	52.3
1	-0.364608	0.000000	67143.536669	0.001363	6.1
2	-0.321776	1.000000	64091.557730	0.000823	6.6
3	-0.370119	2.000000	61304.968263	0.001123	5.8
4	-0.341060	1.972750	61377.686325	0.001132	5.3
5	-0.360257	2.972750	58817.375755	0.001565	6.0
6	-0.315682	3.972750	56462.113529	0.000903	6.3
7	-0.375458	4.972750	54288.215402	0.001272	6.1
8	-0.320386	4.945501	54345.232239	0.001087	6.5
9	-0.376193	5.945501	52328.374861	0.001047	5.3
10	-0.342716	6.945501	50455.859671	0.001309	6.4
11	-0.354329	7.945501	48712.726605	0.001589	7.1
12	-0.325984	8.945501	47086.013903	0.001208	5.8
13	-0.384246	9.945501	45564.435238	0.000832	5.7
14	-0.353392	10.945501	44138.117478	0.001630	6.1
15	-0.335974	11.945501	42798.386215	0.001329	8.4
16	-0.377630	12.945501	41537.589198	0.001259	6.7
17	-0.339961	13.945501	40348.950084	0.001387	7.9
18	-0.373464	14.945501	39226.446597	0.001563	8.6
19	-0.331494	15.945501	38164.708477	0.001391	6.3
20	-0.377650	16.945501	37158.931571	0.001134	7.7
21	-0.350032	17.945501	36204.805144	0.001535	8.6
22	-0.359837	18.945501	35298.450127	0.001605	7.8
23	-0.353274	19.945501	34436.366396	0.001624	7.0
24	-0.366879	20.945501	33615.387610	0.001692	8.8
25	-0.353050	21.945501	32832.642341	0.001538	8.1
26	-0.371674	22.945501	32085.520527	0.001577	7.7
27	-0.349778	23.945501	31371.644390	0.001518	6.7
28	-0.376312	24.945501	30688.843162	0.001502	8.1
29	-0.352892	25.945501	30035.131037	0.001527	8.3
30	-0.371124	26.945501	29408.687877	0.001509	8.4
31	-0.354689	27.945501	28807.842297	0.001563	7.7
32	-0.367710	28.945501	28231.056765	0.001471	6.6
33	-0.362877	29.945501	27676.914470	0.001725	7.3
34	-0.363223	30.945501	27144.107701	0.001554	7.8
35	-0.370702	31.945501	26631.427544	0.001548	5.7
36	-0.365570	32.945501	26137.754724	0.001699	7.0
37	-0.366883	33.945501	25662.051449	0.001620	6.5
38	-0.365396	34.945501	25203.354126	0.001515	6.9
39	-0.372529	35.945501	24760.766850	0.001496	6.3
40	-0.369986	36.945501	24333.455558	0.001548	5.8
41	-0.368483	37.945501	23920.642786	0.001460	6.1
42	-0.376630	38.945501	23521.602951	0.001426	6.4
43	-0.372672	39.945501	23135.658089	0.001411	5.9
44	-0.371580	40.945501	22762.174014	0.001302	6.6
45	-0.372704	41.945501	22400.556842	0.001237	6.2
46	-0.378026	42.945501	22050.249838	0.001239	6.0
47	-0.377090	43.945501	21710.730555	0.001409	7.6
48	-0.377395	44.945501	21381.508239	0.001483	6.8
49	-0.377377	45.945501	21062.121455	0.001443	6.0
50	-0.376928	46.945501	20752.135934	0.001340	6.4
51	-0.380717	47.945501	20451.142604	0.001250	21.9
52	-0.379466	48.945501	20158.755783	0.001201	20.4
53	-0.382396	49.945501	19874.611538	0.001119	17.4
54	-0.378001	50.945501	19598.366168	0.001170	13.9
55	-0.382552	51.945501	19329.694818	0.001290	8.6
56	-0.379574	52.945501	19068.290208	0.001324	8.1
57	-0.376424	53.945501	18813.861456	0.001181	5.1
58	-0.384279	54.945501	18566.133003	0.001102	7.4
59	-0.382437	55.945501	18324.843613	0.000981	8.0
60	-0.385718	56.945501	18089.745456	0.000787	10.6
61	-0.386468	57.945501	17860.603259	0.000788	7.5
62	-0.378335	58.945501	17637.193523	0.000789	6.2
63	-0.390682	59.945501	17419.303791	0.000768	7.0
64	-0.388051	60.945501	17206.731976	0.000780	6.1
65	-0.382145	61.945501	16999.285740	0.000642	6.4
66	-0.386120	62.945501	16796.781906	0.000543	5.7
67	-0.383299	63.945501	16599.045926	0.000514	6.7
68	-0.384549	64.945501	16405.911373	0.000473	9.1
69	-0.387757	65.945501	16217.219477	0.000485	7.8
70	-0.384109	66.945501	16032.818691	0.000429	9.2
71	-0.387908	67.945501	15852.564282	0.000270	7.7
72	-0.386350	68.945501	15676.317954	0.000266	9.2
73	-0.390345	69.945501	15503.947492	0.000216	10.4
74	-0.389564	70.945501	15335.326436	0.000148	6.4
75	-0.385616	70.918251	15339.872660	0.000228	7.8
76	-0.389512	71.918251	15174.782676	0.000333	8.3
77	-0.385197	72.918251	15013.208302	0.000368	14.6
78	-0.389169	73.918251	14855.038423	0.000303	7.4
79	-0.388277	74.918251	14700.166558	0.000179	9.3
80	-0.389194	75.918251	14548.490622	0.000247	7.5
81	-0.388210	76.174911	14510.065001	0.000359	5.9
82	-0.390117	77.174911	14362.266903	0.000217	6.2
83	-0.387593	78.174911	14217.449360	0.000192	7.1
84	-0.390214	79.174911	14075.523114	0.000266	7.8
85	-0.383779	80.174911	13936.402427	0.000207	7.5
86	-0.383525	81.174911	13800.004926	0.000212	7.0
87	-0.386514	82.174911	13666.251431	0.000245	6.2
88	-0.385162	83.174911	13535.065800	0.000179	4.9
89	-0.388630	84.174911	13406.374786	0.000254	6.5
90	-0.388428	85.174911	13280.107906	0.000241	5.2
91	-0.388006	86.174911	13156.197302	0.000150	5.3
92	-0.385289	87.174911	13034.577628	0.000132	6.4
93	-0.387799	88.172566	12915.463278	0.000135	6.0
94	-0.388314	89.172566	12798.233883	0.000123	5.5
95	-0.391017	89.145413	12801.388974	0.000156	6.2
96	-0.390050	90.145398	12686.213704	0.000209	7.9
97	-0.384490	91.145398	12573.090798	0.000195	7.2
98	-0.391251	92.145398	12461.967491	0.000211	7.6
99	-0.389636	93.145398	12352.791232	0.000202	8.3
100	-0.389388	94.145398	12245.511293	0.000127	10.7
101	-0.385846	95.145395	12140.079018	0.000146	6.5
102	-0.387237	96.144767	12036.510952	0.000159	5.7
103	-0.390635	97.143601	11934.749341	0.000175	8.0
104	-0.385644	97.116352	11937.502701	0.000310	5.7
105	-0.390354	98.116352	11837.285539	0.000245	8.5
106	-0.387685	99.116352	11738.737045	0.000150	6.6
107	-0.388645	100.115091	11641.937131	0.000130	6.6
108	-0.385469	101.114491	11546.658008	0.000140	7.6
109	-0.387648	102.114491	11452.870040	0.000157	7.0
110	-0.390611	102.087242	11455.405524	0.000256	6.5
111	-0.384488	103.087242	11363.088173	0.000201	6.6
112	-0.388736	104.087242	11272.246868	0.000155	5.4
113	-0.388276	105.087242	11182.846492	0.000163	5.6
114	-0.388058	105.059992	11185.263815	0.000138	5.8
115	-0.387141	106.059992	11097.232456	0.000188	5.5
116	-0.394116	107.054066	11011.085508	0.000176	6.0
117	-0.391649	108.054066	10925.764016	0.000179	5.4
118	-0.387392	109.054066	10841.754616	0.000249	5.3
119	-0.388203	110.054066	10759.027274	0.000248	6.0
120	-0.386505	111.054066	10677.552862	0.000193	6.1
121	-0.391122	112.054066	10597.303133	0.000152	5.2
122	-0.388105	113.054066	10518.250677	0.000105	6.1
123	-0.386846	113.045447	10518.926982	0.000171	5.7
124	-0.383667	113.435100	10488.438434	0.000182	5.7
125	-0.391141	114.435100	10410.995892	0.000194	7.0
126	-0.388609	115.435100	10334.688580	0.000197	6.2
127	-0.390235	116.435100	10259.491715	0.000137	6.2
128	-0.386395	117.435100	10185.381235	0.000137	5.8
129	-0.393554	117.407853	10187.386324	0.000132	5.2
130	-0.390043	118.400357	10114.854108	0.000218	6.2
131	-0.390443	119.400357	10042.811171	0.000148	5.8
132	-0.389565	120.400357	9971.787225	0.000220	7.1
133	-0.386198	120.373107	9973.709280	0.000177	5.7
134	-0.385774	121.373107	9903.655957	0.000148	5.6
135	-0.383953	122.373107	9834.579851	0.000136	5.5
136	-0.387289	123.373097	9766.461306	0.000179	5.5
137	-0.385755	124.373097	9699.279286	0.000113	5.1
138	-0.385846	125.373082	9633.016178	0.000163	4.8
139	-0.386085	125.925672	9596.786242	0.000199	6.0
140	-0.385904	126.925672	9531.910510	0.000097	5.5
141	-0.386546	127.925672	9467.906035	0.000254	6.0
142	-0.389718	127.917828	9468.404775	0.000136	5.9
143	-0.385818	128.917828	9405.247478	0.000215	6.1
144	-0.388105	129.917828	9342.927157	0.000171	4.1
145	-0.389978	130.917828	9281.427283	0.000142	6.7
146	-0.385644	131.917828	9220.731762	0.000238	6.7
147	-0.387457	132.917828	9160.824915	0.000213	4.9
148	-0.387057	133.917828	9101.691469	0.000150	5.7
149	-0.385321	134.917828	9043.316544	0.000232	5.2
150	-0.388938	135.917828	8985.685639	0.000203	6.1
151	-0.382889	136.917828	8928.784618	0.000112	4.7
152	-0.383023	137.915431	8872.733525	0.000149	5.2
153	-0.388856	138.915431	8817.249614	0.000181	5.0
154	-0.389790	139.915431	8762.455306	0.000160	5.5
155	-0.387043	140.915431	8708.337825	0.000153	4.9
156	-0.387958	141.915411	8654.885781	0.000163	6.0
157	-0.390236	142.915403	8602.085247	0.000198	5.6
158	-0.392850	143.915403	8549.924654	0.000156	5.4
159	-0.392764	144.915403	8498.392832	0.000149	5.4
160	-0.388409	145.765703	8455.061462	0.000140	31.1
161	-0.388879	146.765703	8404.663428	0.000134	15.6
162	-0.389166	147.765703	8354.862650	0.000102	9.9
163	-0.391633	148.765698	8305.648822	0.000203	8.6
164	-0.387209	149.765697	8257.011163	0.000230	13.5
165	-0.388418	150.765697	8208.939800	0.000148	6.3
166	-0.386059	151.736905	8162.785308	0.000212	6.7
167	-0.384765	152.736905	8115.801708	0.000154	12.6
168	-0.388763	153.736905	8069.355871	0.000130	7.0
169	-0.386435	154.736905	8023.438618	0.000096	7.5
170	-0.389028	155.736592	7978.055084	0.000137	8.3
171	-0.388596	155.900474	7970.664155	0.000133	7.8
172	-0.387426	156.900474	7925.860091	0.000140	7.4
173	-0.392171	157.343514	7906.170735	0.000222	5.7
174	-0.388514	158.338760	7862.295186	0.000172	6.3
175	-0.385190	159.338760	7818.697818	0.000169	6.4
176	-0.392205	160.338760	7775.581290	0.000166	6.5
177	-0.390552	160.311511	7776.749893	0.000167	7.0
178	-0.387610	161.311511	7734.093509	0.000226	5.3
179	-0.389025	162.311511	7691.902523	0.000192	6.3
180	-0.385269	163.311511	7650.169358	0.000106	6.6
181	-0.391074	164.311511	7608.886605	0.000130	5.3
182	-0.385081	165.311510	7568.047014	0.000185	5.7
183	-0.389653	166.311510	7527.643479	0.000166	7.7
184	-0.387894	167.311510	7487.669059	0.000130	6.6
185	-0.388208	167.284420	7488.746393	0.000175	7.4
186	-0.392867	168.284420	7449.182934	0.000219	5.5
187	-0.382104	169.284420	7410.035310	0.000149	5.7
188	-0.386759	170.284400	7371.297762	0.000188	6.0
189	-0.391066	171.284400	7332.962371	0.000109	11.4
190	-0.389027	172.048061	7303.954588	0.000150	5.3
191	-0.388335	173.048061	7266.314662	0.000167	4.4
192	-0.389097	173.076488	7265.250348	0.000199	4.6
193	-0.387823	174.076488	7228.007262	0.000183	5.2
194	-0.389287	175.076488	7191.144059	0.000140	4.8
195	-0.388307	176.076488	7154.654957	0.000137	4.5
196	-0.385736	176.061164	7155.211329	0.000226	5.6
197	-0.386021	177.061164	7119.085057	0.000280	5.3
198	-0.388664	178.061164	7083.321753	0.000130	5.0
199	-0.389781	179.061164	7047.915972	0.000123	5.7
