(BSplineTransformSplineOrder 3)
(Direction 1 0 0 1)
(FixedImageDimension 2)
(FixedInternalImagePixelType "float")
(GridDirection 1 0 0 1)
(GridIndex 0 0)
(GridOrigin -94.56915685819612 -258.4754436506084)
(GridSize 31 35)
(GridSpacing 204.51468535533272 203.44237882913583)
(HowToCombineTransforms "Compose")
(Index 0 0)
(InitialTransformParameterFileName "results/lungTMA1/my_reg_project-modality_fluo_to_modality_brightfield_reg_output/TransformParameters.0.txt")
(MovingImageDimension 2)
(MovingInternalImagePixelType "float")
(NumberOfParameters 2170)
(Origin 0 0)
(Size 5528 6322)
(Spacing 1 1)
(Transform "BSplineTransform")
(TransformParameters -208.39900029344577 -157.45647849225796 -143.36098818165044 -128.5327598786069 -113.76180323826199 -98.43509145004339 -84.69442475819318 -71.55056606032318 -58.212066122029555 -44.80031821187135 -31.450915530434663 -18.059272237539687 -4.521629136297297 9.131398295111651 22.869198844779074 36.99192877273865 51.79969443397708 66.55502331041359 80.52048148292877 94.03222237326398 107.42610103203529 120.86313440148189 134.50494128116495 148.0687709948109 161.2850264467842 174.85907797248805 189.67835055235628 203.8005297584481 217.8217646879949 231.0068475722197 277.9783252748183 -231.57835148518444 -179.72666675708436 -165.25902985153613 -149.98835878663715 -134.76891581606412 -118.95958376673394 -104.72450479398626 -91.07911572931968 -77.23894600781308 -63.48442238302141 -50.10830682967407 -36.68474135624366 -22.790785848520013 -8.739824621881695 5.226051174246608 19.727160972391093 35.61723702005897 51.42605459657104 65.76060184407345 79.28064456244587 92.40748231008493 105.63253313636902 119.44683835595141 133.37489014804558 146.95619313732504 160.922167687139 176.19021607824257 190.7547900831244 205.20865274753848 218.77731609149612 266.9251737694861 -237.96129672046646 -185.88608241131024 -171.31809373144384 -155.93135755688803 -140.61636798614813 -124.67288175027473 -110.23028803996095 -96.3513581476426 -82.19280278720106 -68.33255462559845 -55.241986514214005 -42.1668449429871 -28.39178978064638 -14.563091819873122 -0.8513479362343032 12.275504029975925 27.988455265162646 44.722640510346366 58.56733331031572 72.8584307735576 86.55816122871539 100.36596338556157 114.6060281764101 128.79071368501596 142.46869977999572 156.47937068496452 171.85769273119567 186.55713611635443 201.14607459357742 214.83517296478797 263.3388900154063 -244.4494733991613 -192.170225269712 -177.5040603700275 -162.07922264016224 -146.88800993943204 -131.00007921905123 -116.33379964169232 -102.0955695448267 -87.563933583029 -73.71452755012898 -60.02750527854146 -46.472802304403125 -35.44224336278656 -19.26494866306384 -5.70363348022457 7.963056094999939 21.37986339447549 34.808953504034505 51.43048382488647 67.5762216423344 81.27939530432803 94.76983024543468 109.43597063340641 123.88648698311266 137.69995618872443 151.7645510550559 167.16865921546645 181.8984653751456 196.5998825483253 210.42161767659786 259.305848180472 -250.4825484837658 -198.0465067689966 -183.30825808938167 -168.02080538887182 -153.36118936755284 -137.898220220244 -123.05719173890013 -108.24886583769823 -93.34505376052724 -79.74815270949516 -66.37769035902134 -50.162607546495465 -39.41346315683719 -23.736225493918706 -9.739766314554902 2.7510638753474637 16.98627444621071 31.33379510603897 45.11419373038388 59.2150875856921 73.81941798705937 89.49785427079387 104.88778301649366 119.25555482456232 133.2649121085167 147.42534146616285 162.66692218545967 177.2237593900163 191.97245824592002 205.92655643008786 255.1784840967766 -256.37090016592384 -203.8566268556872 -189.15613301929415 -174.10005618707538 -159.9661183101973 -144.81073675290656 -129.89958564617572 -113.64553907270805 -98.21435212638455 -83.26595470506783 -70.11655056846142 -56.6147326794087 -41.856863981990635 -28.851354509897533 -14.54399074940456 -0.4141329861324823 13.663823343655258 30.043672800836166 42.374419290588335 56.41279528772568 69.54052281067514 83.84680738818865 99.6381848141063 114.25522683020014 128.9160854713297 143.58694060162117 158.52799154136335 172.5712754777353 187.18970626830364 201.2175073268539 250.80553634353714 -261.171337597501 -208.74871984013566 -194.34081115476135 -179.55807198492303 -165.44295903988922 -149.84510721241554 -135.03940545309504 -117.93855600667965 -101.66170290152763 -88.96567333817805 -74.1429278174848 -60.47410396381571 -46.45203267761534 -31.62938573263855 -19.837829748159816 -2.818549013102438 9.428278892327207 22.831250943334418 36.77195153646252 50.2237975318277 65.56463113485302 78.72801314411493 92.05281275551215 109.12755243528137 125.47724360257902 141.0437678266733 155.5471058594804 168.61269651505987 182.84829017872966 196.81883605804683 246.62922002580322 -265.33842020378 -212.81257164916656 -198.2936813037682 -183.38431229158888 -169.1914639063352 -151.25824430659245 -134.94143028780198 -121.34865171181009 -105.47715890012924 -93.21795026076795 -79.31343850985655 -65.10490803414778 -50.410495386958395 -36.2834029366221 -22.618917792289245 -8.50066824363787 5.711543833577255 20.06234542640996 34.70730516341028 46.157666331737495 59.48675683975999 75.1456760062083 88.17115145939981 104.31042436724775 121.07121595028488 137.63536691120896 151.93176082666815 164.5023993125239 178.54341433472302 192.4854392272138 242.49375959486514 -269.23628445664906 -216.04203587605528 -200.36371661473726 -184.47895149488363 -170.55208292183892 -153.9750280400544 -137.87112626838515 -125.49389216614536 -110.17065016393096 -95.91666714131863 -83.33137489139257 -68.63337783374497 -54.752442344389216 -41.77039275340393 -26.8824491748427 -13.566978128690147 0.5655288512118082 14.608330529539737 28.544145888934384 42.32976951355218 55.24020202016062 68.88939481667606 83.72701148453997 97.2115603211629 113.11608352130922 131.8037709604737 146.05766030881938 159.45814413438174 173.91827112772566 188.019372973033 238.28598919947376 -273.1029916863635 -219.51375040542248 -202.48396596104226 -185.22171018370142 -172.60155330268373 -159.98823999021806 -141.25079170324494 -130.03954863167354 -115.82496914460461 -99.18067423435086 -87.58141535165652 -73.87430051813995 -59.317974879211555 -44.075123946687334 -31.854236393152995 -16.9496912415002 -3.8528488913745313 9.13064795135966 25.646988667514012 39.17081440553956 51.28822627531199 64.8343882023171 80.63050200089691 94.36796682291947 107.83202149536815 124.64559889007812 139.844454545614 154.10163343049703 169.15917171518856 183.46675286603397 233.9778405276314 -277.17006277603724 -224.29778100647803 -206.6425923021257 -188.6219417062897 -174.52068204355152 -161.63793426660087 -148.4930769373403 -134.8615572439797 -120.83194622985704 -106.03164190024961 -91.77758093889324 -76.75123414475065 -63.50939945031271 -49.46845482910842 -36.74640170129028 -22.017378491954744 -6.8917104503132 7.724030146434845 20.480611630677426 34.236976961026905 46.97565869201465 61.786266865339215 74.75935463262337 89.16964603995704 104.58278107912834 117.29264637657725 133.1152256035315 149.06035845217298 164.45593848363015 178.8770803790313 229.5443045059752 -280.939950303738 -228.88413057599155 -212.12198885950852 -192.97502955684686 -180.17395914062462 -168.0842666477163 -155.6049104833643 -138.12418199358333 -121.74975459052368 -106.75853316545893 -96.59623314265417 -83.87220678218146 -67.29219752254737 -53.40157972451423 -40.1525100157459 -25.53088231485649 -12.484758832673112 2.020430799646499 16.15091536606672 29.660098823772255 43.3369575780176 57.032243071984865 69.80804148091993 85.55704894238495 98.61465631408133 112.93483607241977 127.64830269324091 143.80382044021678 159.39291988456205 174.1062617089601 225.021081602509 -283.91467900468007 -231.7624255916083 -215.49970964051687 -197.5882267124962 -182.9909090075463 -170.60394471346356 -156.11134501706587 -141.62338736547198 -127.90218541200952 -114.04543500433324 -100.41658772817794 -86.40014724812967 -71.70568816250912 -59.1442722953938 -44.89623023949838 -29.946652215809532 -16.83022397888302 -1.8885856265489136 12.289605161865506 25.795426556921353 39.24892048341198 52.806208935202974 66.3669993058664 80.80299972954963 93.97898539526858 111.36400624064558 123.6453734364785 137.79498597956066 153.5607400153884 169.0104461495978 220.44409192868332 -286.82348208171 -234.61945538939193 -217.8266093370793 -201.44476847123633 -191.36146216063813 -172.88437791013538 -160.15329426862505 -148.47154533606786 -132.9530154888259 -116.00299159073539 -102.81250439990556 -90.34495771100065 -77.1725452535677 -63.7004275903077 -49.30760196237929 -35.69688505772258 -20.916125796267686 -5.784573410142065 7.08900139117779 20.699324181892397 34.15667927730545 47.88057958486216 61.350707579551525 76.14877249505454 89.83232966117907 103.16988868308434 117.2871670173096 131.8169263095057 147.83261597802652 163.98167438383075 215.87101744082418 -290.3956555424452 -239.13920261829654 -222.78174326344404 -205.352721972825 -192.86787716306648 -177.52447970707308 -164.52177311521612 -151.27059223553485 -136.44046819978362 -123.11242947564304 -108.15578397461972 -94.91203796280254 -79.9875930451063 -66.31374347640505 -52.960314392337665 -37.804751511269465 -25.87724826969682 -10.418909934290191 2.490443194732056 17.18481872332152 30.610119145836446 45.24391952300964 59.370766806569776 72.29373658841507 86.90624670976597 100.6657079857531 113.6219819878476 126.85155264078809 143.14389183826447 159.41200454805352 211.35955586488495 -294.1799029965511 -243.92720469269906 -228.61662673353402 -210.98991662010908 -196.51138857575629 -182.50697024915038 -166.9334740516962 -154.5188674962704 -140.45426200982226 -126.06981773643635 -112.188303921034 -100.43544687187429 -83.61038389260318 -71.19732642986406 -56.41220748245729 -42.970784786213486 -29.114783020642673 -14.974244969261818 -1.945473953023568 13.973185687900454 26.183993419847745 40.26687678926743 54.067325710784175 69.97184102853998 80.79329279078733 96.80326306685315 110.50304744751827 121.71413660907818 139.56559232312273 155.4926190324047 207.00608518150452 -297.7248590803348 -247.55366915681807 -233.04019232418602 -215.23809549181516 -199.25582341619165 -186.8117623694553 -170.74091550136205 -158.82791533210832 -146.2299141784829 -130.14332783850463 -118.41357906309413 -103.65176129236274 -88.31268634617064 -75.71606045515497 -61.24681276520022 -47.75432726080424 -32.03527918233788 -19.019888145432635 -3.963256808360187 8.32730317167361 20.839484011791114 35.58776820823056 49.47621233724265 63.80481977159075 80.47453818525562 91.4839335569715 104.67160365451717 121.63695311501233 137.50560258405682 152.41470147930224 202.90698450266777 -301.1499834371247 -250.6281199784126 -234.96888028346308 -218.50962123083926 -205.88907310343023 -191.98990782616335 -177.0488838829264 -163.84004830648198 -150.5234393616147 -135.9124617629835 -120.14500934888348 -106.38538026687796 -93.3301884334524 -79.31990686341877 -64.75299524859778 -50.62828771728783 -38.04234333413822 -23.815314862858305 -9.78803671514646 1.849887147120841 16.432176972288016 31.496401724486667 44.21929625166405 58.22751886334889 74.57887759759656 85.70093196883215 100.29768848730747 120.36407397484314 134.6367008427573 149.0067428684667 198.8566133178299 -304.5747942189957 -253.75407417208854 -238.38769796609998 -220.97598425409234 -210.50261615841848 -195.77101620692284 -180.5715288016265 -165.32416983243778 -151.95083066657727 -141.13324133403108 -125.51981770975348 -110.880495096136 -97.32263061207384 -84.55147632870059 -68.93284246347747 -56.080743357187295 -42.61171693385928 -27.572726833909606 -14.224978914777559 0.052692522032420384 14.251376515954842 28.279165321484285 40.743429185561006 52.99077927383849 68.48481727354009 81.62893293014467 97.55813990424117 112.97770401658728 128.94123019219384 144.09723425803915 194.64933118566665 -308.24201400169045 -257.2184628343889 -242.90991665012635 -229.86393357470538 -214.32806791627132 -198.39828885231955 -185.95844706399762 -173.05124379361573 -157.73741680042627 -143.67393420119745 -129.4376804333987 -115.10445935311911 -101.75356350125018 -89.23892432774655 -73.7190543305644 -60.36798286662555 -46.43923703297071 -32.020265466855264 -16.77539824334768 -4.973738570486475 9.547528724634173 23.921599041145985 37.48459456793226 50.55562148589371 66.11859836614339 78.62264846152569 91.17392396327885 106.34342239214865 122.5274346127336 138.76286961396812 190.50913003037405 -312.394208313825 -261.3464105798748 -246.1577869651847 -232.1863512185311 -218.35896994256183 -204.29881525657277 -190.32010254395968 -175.0574786032343 -160.35885117327402 -150.20712500563084 -134.5057785658283 -120.6982400722168 -106.27046500975256 -91.74478157728558 -79.03663528153018 -64.51175543577767 -49.70590826802088 -38.795764270411674 -22.73596994049792 -7.633094216783064 4.682215758538381 19.598377839702067 32.80827156001488 47.11879744520755 58.928159508011895 73.25953531474217 85.80407638995318 100.48677860543803 116.88888522149496 134.08034274759052 186.66000161389164 -316.69203389313066 -265.93163564604794 -250.4818578740024 -235.15608369425647 -222.11396210601308 -208.88516969803854 -193.81069063757246 -182.16531920642262 -166.25826279210378 -152.43810551679104 -138.078393622276 -124.68379458293417 -109.83373536072149 -95.8632328670085 -81.68216391138581 -68.44052302869586 -55.30230162851541 -43.39465960454587 -26.152806807185872 -14.217081621866672 1.635683333296894 13.921903099955834 26.8075422767441 41.27937630739905 56.80360650961907 71.97975254841259 80.80814500307085 95.7842456847171 112.96379785529116 130.14331255750724 182.90602031890455 -320.79554627838826 -270.67319355956187 -256.08077199003594 -240.84733141627143 -225.24258139520825 -212.86567132356225 -198.67393452934053 -185.1501830054763 -170.76007234223184 -157.43472265943737 -142.09422613897823 -130.42558043789126 -116.16283442445035 -101.8181930778365 -88.66350472277043 -74.28480307262981 -58.54790240908583 -43.97797503045506 -29.658180782341642 -16.229991290166534 -2.883654782195138 8.351160260566191 26.947247461005027 40.539489943922725 52.79776793317402 65.37691449899854 76.93949198656276 95.57680140193173 111.72183436116987 127.04543570041719 179.05125818728453 -324.7918478299566 -275.3862282052378 -261.98152351541364 -247.40094908747997 -232.49943820678234 -217.76317619706805 -201.73217785162458 -190.10486360382365 -173.8021409706725 -160.98467989927522 -148.01622218033802 -133.29953562330908 -119.88448406733991 -104.01276459697576 -89.82927095040226 -76.61189953476654 -65.16284367764497 -48.85453039910212 -36.51782385706107 -21.206968921458447 -8.518826476065254 4.76480786368667 22.015568988021887 33.65709674990452 45.371570885708316 63.32407835352893 80.57005291221297 96.24510729754293 110.83877405524471 124.1028585678399 175.2089282600775 -328.76848932220275 -279.9388829408437 -267.3542017020077 -253.66405256297858 -239.34172365793145 -222.5187390191786 -206.87780438948081 -193.9844182067378 -179.86876418725214 -165.18550500752227 -151.99144325606008 -136.3303338847734 -123.42439413263031 -109.19766510550285 -97.01043937391228 -81.50258921912354 -66.9767874601295 -53.51344888185461 -40.66347898451043 -26.48907256959609 -9.404236129522543 -0.5915013342823234 15.638638607100557 30.70816316927226 41.3070587953141 60.28246200198913 78.8880213718387 94.13528990024885 108.00036012773671 120.63169635169963 171.49221096920087 -332.69079517456737 -284.20061645709313 -271.91155338653084 -258.5759701961732 -243.9189310814731 -227.94270940789514 -211.263914421816 -199.01922510469015 -183.7576095726188 -170.52068145694537 -156.31837934911098 -141.89125012849897 -128.89495034488698 -111.81566972945217 -100.39126119884028 -87.8715651615891 -72.23832942845681 -58.90629144101092 -43.58545153693553 -29.71781259717131 -16.456511781858886 -1.9704651553859358 10.281128643733904 23.901574118679797 39.31766913781267 57.85117495084634 75.21376632553768 90.08142498655836 103.83606322501402 116.75727631103268 167.79371521851363 -336.52424650507237 -288.02898335046524 -275.31606727374157 -261.6732997049849 -247.13895163273767 -231.88898975353322 -216.04109763601576 -202.2323729626585 -189.6725425651335 -172.91087542431677 -160.07326684373257 -146.2666450992664 -132.11480955561032 -118.40214604670174 -105.38627782518492 -89.18797364338961 -77.16132523261155 -62.977112381289174 -48.26094075267505 -35.0453178864378 -22.514506996711113 -6.632935763730859 7.625133808055627 19.978148205475783 38.88664437021127 55.57723039958315 71.15178080610748 84.93801216509937 98.96627832519329 112.60449063630381 164.00559572488854 -340.22504478520324 -291.6458250422292 -278.32608582594764 -264.1525926259177 -249.67677361914107 -234.35209892946693 -220.22495508596728 -206.21695918470138 -191.10322756597648 -177.4314626040391 -164.85931820476245 -150.8213056892279 -135.95913139399414 -123.5806567963777 -109.19683886687608 -95.03493214559809 -80.49182140315041 -65.34268618078934 -52.86973296894521 -37.88175511374566 -23.865090606063234 -11.0960076547466 0.29620966837279916 19.15409334466468 36.53852694506171 51.59383782396993 66.25057836943456 79.42651245511311 93.92682625079794 108.27714467448637 160.01412977624793 -343.751584931256 -295.2768880894115 -281.72691395765486 -267.35579227914275 -252.924870224017 -237.97888352942383 -224.98314234809112 -212.30765775232817 -196.21034303137975 -183.79935042100735 -168.64496918323653 -154.9271374362256 -140.87102123432197 -127.48626844863736 -112.37952215509858 -99.67344678866465 -85.37560763476361 -70.58859221509762 -57.299550348653305 -43.980079768441016 -29.509507962268625 -15.248948864296478 -2.370787294948117 14.187701238524474 29.771078193804392 45.39736131596014 60.44818594580835 74.33627055066054 89.2859340327004 103.87299453071726 155.6992686518295 -347.2084141266583 -298.97235229311883 -285.43234721503995 -271.0774268747372 -256.6435589988662 -241.93151659300017 -229.44434134470094 -217.00703629185745 -202.29764756210153 -186.0085219672591 -172.80195944975324 -160.5137255284896 -144.04160539153713 -131.77262669956664 -117.51186528478513 -102.52285988687197 -89.94664206996387 -74.81099912501728 -59.89286996468001 -48.261524455649436 -34.53749707095814 -18.79137356861551 -5.538154734906465 8.545681953490886 23.258897449718027 38.44220222622611 54.25307178084431 69.16579318226837 84.43369727829814 99.00254446206446 150.76047225373406 -350.7306724238418 -302.8132917314228 -289.3406813977475 -275.01867827325594 -260.5499188658702 -245.54707739856298 -232.76786243342798 -220.43112599397506 -206.16390411400926 -191.2952458261845 -178.09322680205938 -163.2926148841345 -148.10785206237423 -135.44388577561176 -122.81451436471495 -106.34629543002818 -93.58245826200098 -79.55681621963326 -65.85263517904568 -52.253977657141085 -38.377954985023244 -24.4696133944215 -10.762505993678579 3.2401781193934673 17.374507160107925 32.09040502613275 48.075283007669206 63.339183925874764 78.68131837554327 93.19199000243809 144.80909054947338 -354.00131442850835 -306.4267701239996 -293.05661180314354 -278.80870012485303 -264.38771597259165 -249.3400583621374 -236.04818672536143 -223.2999752584155 -209.80148239083653 -196.00982053397374 -182.33560863299132 -168.59364239871954 -154.14480225537628 -139.57299556231237 -125.71103615980111 -111.5030092308971 -99.40030423547704 -84.38488654050381 -70.86431521992942 -57.21719856919423 -43.62052684271638 -29.915231134050842 -15.846389333950313 -1.7419018061847547 12.099463288038915 26.468550594609074 42.345535573844714 57.60188854558321 72.8807690396185 87.31356943953269 138.759740849289 -357.12940045374864 -309.93290491910204 -296.6890092197388 -282.5934785517959 -268.3657473290145 -253.50207779524294 -240.09274754529338 -227.18092586252217 -213.9330394215573 -200.46900685594198 -186.90208432716847 -173.18123581085746 -159.24524391737089 -145.05052039027925 -130.46235808503994 -116.02119794696648 -103.08664783904376 -90.06622292806546 -76.38667180754695 -62.51100738788802 -48.87140536847406 -35.20213493056856 -21.219762868716387 -7.247273181176988 6.417852151167124 20.62240169927025 36.38441158648587 51.547697973159536 66.72472350292075 81.06524026350472 132.29982738787007 -359.84079958224186 -313.0142620414225 -299.89477133127775 -285.96883299211316 -271.95842215686946 -257.3075912605214 -244.00083007201192 -231.12210878017243 -217.9098451291096 -204.50625650076515 -191.05623998663268 -177.50628167754763 -163.7865282941387 -149.86820845156498 -135.72174488690527 -121.70715935747324 -108.36137859868889 -95.07507167557608 -81.40035115462987 -67.60163999525905 -53.92808659988081 -40.25143423368251 -26.42775756332195 -12.65348208355414 0.892528047902345 14.9976675429983 30.64309080616294 45.68630208635193 60.744137946671664 74.98661262469702 125.9878460776038 -367.7962615797944 -322.26131628392255 -309.559349680462 -296.11135925928573 -282.6222828710008 -268.5156292995673 -255.6750108646138 -243.21510817847317 -230.42699748121788 -217.44809241976154 -204.4282886474456 -191.33393646625115 -178.13196264825126 -164.8324135058582 -151.4457386381002 -138.06885256184967 -124.79834268955413 -111.54097625793736 -98.2034847798904 -84.8434232485282 -71.51834614700404 -58.192095798107395 -44.82738302576074 -31.555219256090705 -18.49263318300582 -4.874765933727249 10.257463526221759 24.812745541466526 39.40503653357797 53.261741303541534 103.28941970773398 216.34944484082268 228.4914357076865 231.6110812550433 234.76551767378965 237.83968281991653 240.99171408376742 243.72121148925913 246.2535550678603 248.76684142440976 251.2422932711961 253.65779755435645 256.2835265296459 259.3891662647674 262.86909119750953 266.6176606957177 270.0648840557159 272.64081069021864 275.2284835365952 278.71094009606827 282.8179839556814 287.27958090585173 291.7104395926708 295.72549383306847 299.50523332756126 303.2318221636375 306.91699203597005 310.59587893678224 313.9728555552355 317.08081459036873 319.60308705969675 325.80027758355897 160.58024601887738 173.1430915174061 176.5117185043565 179.98506951669512 183.39061562737035 186.89752148550656 189.9906853871702 192.7484978365612 195.2027785758046 197.4479900939949 199.582155040371 202.25129152757046 206.080276526925 210.62972665465497 215.56917285556517 219.65996628269744 221.3074793421763 222.67551238464787 226.06605425034164 230.511692680277 235.25611774606074 240.08651028591262 244.78235157816542 249.21920999839998 253.27454935550855 257.0994282862311 260.8631712030601 264.28972583004224 267.4590474879163 270.06004352593766 276.69859648179687 144.76393558065266 157.50066026320337 160.9698741091978 164.55524944944835 168.0518576081348 171.6631915821852 174.8700659589208 177.62632877806982 180.0400207937564 182.19721734145668 184.3403651398622 187.29641643764575 190.94651578561405 195.94964394158058 199.89030210884408 205.19944336222557 207.70230301899062 209.38978918905224 212.69258072619976 216.62356021445527 220.11374823341498 223.81698871174007 228.99549097106035 234.46090345433328 239.0296126381968 243.04869253477656 246.8597541545859 250.25269478415566 253.40304956190104 255.9962816468457 262.68943713710735 128.30442196729294 141.23938262372698 144.82370681346504 148.489817156646 151.92995723095305 155.51385765255944 158.87523496174995 161.84584373968713 164.46949904445353 166.91922362871435 169.55131813930686 174.56659165484263 177.98370680818286 182.56040154022745 185.00828496768386 189.82117979304758 192.92733750962157 197.19113875989495 198.5621796643924 203.09304390298445 205.10009323050426 208.19575337368263 213.6187772390235 219.72866934666274 224.4325780987029 228.38259762764997 232.20454988824707 235.63116095028937 238.76084343453306 241.32171913654497 248.0343065803897 112.56769166815472 125.68671367552594 129.37343127578472 133.01441439811666 136.09634485183022 139.41722362205178 143.04045355688018 146.65745008454303 149.68017153894988 153.85767073339065 157.80512611656758 161.53551536247127 165.6781822238829 169.69781970365875 173.26776160221877 177.52747042872934 180.14709280048893 184.24072760222595 188.7896514014036 193.09730255988347 193.83935418944063 195.93200525425172 201.65817221098152 207.29871915458952 211.0126852475211 214.23604356041017 217.96317320280792 221.57913756799323 224.7189617915758 227.22214412437737 233.93058508094973 96.7333362851025 110.01878044579014 113.78794605504977 117.40803674742007 120.26438539654487 123.55069390810385 127.46564425264141 132.61392956452278 136.67085269976985 141.72530136105556 145.19471510245907 149.1048898867885 154.5148809508009 156.28029616518532 160.2443454878062 164.0746299401642 167.99435771119295 172.02099489210693 175.87562097388656 180.58587041736146 184.84666376382356 186.23231639568795 190.31050517422153 194.44611839744582 197.2834967923486 200.12084314137834 203.7315754957603 207.3629994123347 210.45557772021272 212.91637308789407 219.63966711903143 82.99290427157531 96.3695479841611 100.17265876879416 103.92660696173824 107.10642939622822 110.68963072243714 114.8014129424705 121.58350733459449 125.49939224883796 128.99377039190102 132.44482708482002 136.5063347953688 140.4758928021252 143.56966995566896 147.97382380422545 152.4005100202558 155.1909684838669 160.5398860600784 162.9892478011823 166.67735649723576 171.05103284572803 175.04340382347903 179.30127947855746 180.30391800607967 183.89564975590773 188.18700794326278 191.73989100392018 194.90060211853938 197.82825129383738 200.29950958912673 207.07482356034882 70.29417412157412 83.71443557620533 87.55957171085427 91.50671662197527 95.14872569791072 100.14473925707925 107.25231760854152 115.14952912842381 114.84831497069138 116.22222572343375 120.56384103515757 124.88332596783705 128.49744079887188 132.41340865796795 136.6858023579364 140.16340598496427 143.89408189002134 148.18601747422568 150.2450290279813 154.9331113726262 159.40152807838638 162.98378944354832 167.15900434172974 168.50709236082588 172.12332910951199 176.80611616343893 180.05462897675912 182.78034624893203 185.73201162321527 188.37293895461445 195.31287456761925 57.80089799742897 71.22736810496362 75.18239658693356 79.34055685561604 83.54242720156162 88.73287829654224 92.60630442457933 100.00526643312587 100.05246378793366 104.79023921140374 109.30122451622181 113.0418496643505 115.80799382234171 119.38355016518095 123.28218273744092 127.92818715670509 130.62933370873304 135.67586380934853 138.854138160465 144.00762495994528 148.34711323939538 150.33826273825994 152.98372545484906 158.1702723572183 163.07044065665454 164.28310119148642 167.01581454136434 169.90562098372655 173.26073745732145 176.33019527841486 183.62103646174577 45.27084713546968 58.670234026885495 62.8645337344597 67.16558026097506 71.23533855435905 77.42293353118467 79.40547923394456 84.7508629181628 89.37339185590226 92.1681900345804 96.01748120146571 100.13241585758311 103.17550489002205 109.21148196649098 112.83545026729286 115.69795120495343 119.31089177150928 123.03911752620887 125.58809216296213 132.8666324053041 133.43841230723078 139.3363527870866 142.50205928894385 147.00416918678343 150.87831566876085 150.260265966982 153.76360279368967 156.90205823141397 160.59100187907714 164.04417670001288 171.74616846645097 32.477411110988726 45.82359253577894 50.433588330183085 55.770465352807484 60.48384898117559 65.05962617431852 68.51196092929973 72.19285272461246 77.0386545924065 78.91820266487842 83.2182698682299 87.18764001897124 91.50710073055397 95.31502747238088 99.13895273273042 101.71160005216521 107.21695311213898 110.13313902571204 114.78473455860473 119.61692023477464 120.70594777037401 126.89740378758941 128.68149062795817 133.59841490845858 136.8731796984186 139.37799937793693 142.46757863590886 144.49811559795575 147.91989152629037 151.40157701970645 159.4487996345828 19.53198848276079 32.83630146680401 37.461734405660714 42.144873772799684 47.72642485847188 50.70078475751353 54.61885723699212 59.615891607134714 62.92428407591613 67.31266425161057 71.4858831313296 75.08216367327805 77.43266836240153 81.5936066698123 85.62111893814019 90.96985381484836 93.72397663215169 96.88282631035145 101.78016010653978 105.56816866961728 108.31163040612665 112.68307349558157 116.02087833519876 121.33191310233222 123.28741657687605 129.28357047057347 130.72292601284204 131.75432251875154 134.90156916567835 138.345671829133 146.81433468081377 6.547168211954647 19.86155500716138 24.896860878017645 30.376334396183672 34.68266440388683 36.90955927553221 42.79754111045525 47.317599858090794 49.89654818314257 53.301955891228964 57.830649283820726 60.600676539272726 65.75740456096123 69.2636526294822 71.85978791592655 75.88308257505753 79.40208456134405 84.12931156700252 87.9583045827187 90.4386157696238 93.89100691918208 98.15148292647078 100.99210360768389 106.72318469196091 111.5993898907584 114.34565063491127 116.04795794051243 117.86502466430906 121.18400250372723 124.8207272038003 133.92915976938056 -6.61785113043211 6.309203787186648 11.703943278221233 17.48392276262664 20.004450442769024 24.203708786008438 27.962242319030675 30.72334605594023 35.008470630604904 38.672585721473055 41.65185263647391 45.41757254269071 50.3444661195929 52.649278366441166 56.93762117252536 60.443925741324904 64.88729487522009 68.55463927688979 72.99180067579951 77.35281980696293 79.94426352673862 84.62491562487892 87.3101088909701 91.52139406110416 93.7123391226686 99.89810963684204 102.81357185729735 103.98075142770541 107.53536631245372 111.28509560582852 120.95362306639734 -20.10398038320533 -8.412230047893015 -3.8664742503869483 0.6541006442368855 4.467933981550391 8.394551771409548 13.821877854430253 16.549593969670248 20.120911718029667 25.12453594382827 27.812423978800123 33.23424088021913 35.217953799613106 39.44286356509509 43.290259051700204 47.05556265433932 50.136243223212574 54.67458336963983 57.26130440281544 61.86134508143113 64.97929873256909 69.78211998809336 73.00921742732496 78.13041949517283 80.38177142277208 84.23885960145283 88.14308979909765 91.41575511170583 94.72199901351176 98.19720061072417 108.04814320273046 -33.5322608182116 -23.065469004837297 -18.615239335359067 -13.555710236329826 -7.637866209242905 -6.82196267973669 -2.073003322738031 3.9215693383958508 4.984137921794324 9.61652238335564 13.13754805858489 16.35564259675636 20.94493499913902 24.91970615309994 27.90211393706538 31.488208990429722 35.796621124282275 40.48290734230422 43.662446730806856 47.80273063355564 52.1335595571047 54.648992344876255 58.846240146062364 62.887310672797035 67.21563819046163 70.89936959118857 73.75703034744919 78.91070373118126 82.0071877473869 85.17279082123352 95.25304565163715 -46.52429792012355 -36.42702058514535 -32.013220641826116 -28.377122535536596 -23.072987944723398 -20.683109794970573 -16.162042518599815 -10.97425959597059 -9.795014867490684 -2.9317751932515907 0.35541118548961304 1.7946915678580049 7.627969455673634 10.306138400844539 14.375889843401291 19.69502019227923 21.48550972999708 25.363561937576236 30.99689507474896 33.28443486889902 38.1632554433282 41.52038490546126 45.064092471015954 47.73688964117744 54.24220670067923 55.451689058165066 60.98147377306802 64.8446811590763 68.00851706755593 71.82761994364598 82.60866094334362 -59.03060845435725 -48.970561128142016 -44.608267757338204 -39.84894657195738 -33.70601814701194 -33.26776386655685 -28.864570761869487 -24.58095272624555 -21.014339925531726 -17.51081329947731 -13.136232797294792 -8.976931450980977 -6.092688729144296 -2.652086415079948 2.2138620388275374 4.328238228058177 8.877772951613787 12.379353310804635 18.069512261748464 21.65257405495663 22.8499149981038 26.338719470904095 33.12964674396584 36.9992809552903 39.1946303868615 43.10189177306509 46.4683451766456 49.350338062199896 54.25094499116456 58.676896109843675 70.20092319968103 -71.00217873217537 -61.19155014217676 -57.709806844936324 -54.15196315903108 -49.91168059043576 -46.6353484612959 -39.99507426948315 -35.96453030349202 -32.46360468400205 -29.022654838752366 -26.953596234296253 -22.65543464736306 -18.173524521912167 -13.811004419037989 -11.186645887573999 -7.316465918933487 -1.7518176659965548 -0.6419289794819767 4.427635831007321 8.340486557013767 11.866879847749447 16.760535020186662 20.54299669899073 24.582765836496307 27.653161571589173 31.404500216288685 33.00381244150799 36.96222194578791 41.97524856401287 46.23582778794557 58.115766875294874 -82.7336302229784 -73.01386932766565 -70.09602243925288 -65.29635676368073 -62.55863346410832 -56.53738669536746 -52.970382575135694 -52.392299969840806 -45.91463522602303 -41.34522714876283 -38.21776195366866 -35.153350083224325 -31.563762200119683 -27.53185912132994 -22.605810715275148 -19.679863753522604 -15.122589428743279 -12.334974082357212 -7.722410363246947 -3.2820009573221007 0.861004991449669 3.4791604353139967 5.415471035776742 11.4583988273704 14.901368376983424 19.258683606657883 25.40061285658628 26.948442714587593 30.532918808524396 34.30065520400907 46.32077707397437 -94.51944024715816 -84.36659442877732 -81.24742321561389 -77.76401184662369 -75.85868784738932 -71.20035539521044 -66.67538332351188 -62.33427680779404 -60.20552655774874 -56.66438657876064 -49.559130662732755 -46.97090544347 -42.34444715071283 -38.59586926856253 -34.94656456961553 -31.66103982116807 -27.420225277387985 -22.4464908622971 -19.195788452510794 -15.986049599962506 -13.056110920293115 -8.124630888625719 -5.238457604073622 -1.1719535298136838 4.072941974207372 6.552248448085994 11.472807017376258 15.458558780404546 19.28955941800223 22.667618188217755 34.7835385019364 -106.32534286720518 -95.85700470101274 -91.95409857248002 -87.72652140676435 -84.68604102824304 -81.61349411678479 -78.354744172202 -74.57841620697509 -71.34934629467622 -66.7827381650567 -64.21052248883977 -60.46460299246099 -54.25604073200701 -51.71285873016358 -47.802119032490744 -45.04508280083977 -39.07287620754158 -35.55859437090858 -33.64877848162045 -27.50278510458435 -24.935988411625377 -19.136601252148747 -17.30948732413355 -14.365209181281969 -9.056722952537383 -5.197595515958777 -1.0183726848378534 4.438248663031333 8.201458171090039 11.212629060600188 23.389458499172385 -118.11668904284437 -108.03302356791151 -104.19952915407107 -99.98560927827911 -97.47745302378362 -94.32265412703353 -91.03994817601891 -87.30395899886996 -82.446292585281 -79.86159842033315 -75.32017565824175 -70.59135482420818 -67.97696808143598 -64.12026540365551 -59.28202833685622 -55.23571048841747 -52.347633730110424 -48.59957415815588 -43.71162840642194 -39.905299938194744 -39.13180500949557 -33.562220710738465 -29.670717184932876 -21.78703654971976 -20.816104523178474 -17.290097215207382 -11.671841151505514 -6.220276438067869 -2.7629284792013595 -0.18840573943424146 12.02393850684878 -129.88088471095767 -120.48204479215465 -117.0925799874178 -113.5145004304639 -110.21632217173993 -107.01770709120964 -102.06470835837641 -99.70750354052922 -95.25204468313255 -91.23722629414716 -88.22189105984307 -84.17426040240842 -79.96267515967301 -74.59678499720093 -70.69574863888657 -68.18179581860282 -66.09429298402259 -61.28717266773035 -57.2091216680736 -54.207871587953996 -49.18269948363603 -46.04122410161206 -40.886778902262904 -37.43797637076231 -34.12765762448977 -30.94404480924962 -23.641332065069818 -17.440920871738783 -14.05534751088472 -11.723167253568178 0.6300694860854512 -141.6056281129396 -132.83001588274166 -129.80676705742962 -126.49218545739836 -123.10345950502702 -121.07944659181722 -116.62134623344848 -113.38590312204087 -107.97809807333405 -105.07226525609701 -100.3800104547029 -96.43943721557459 -93.8260753672102 -88.39734180358158 -85.81554011481545 -81.65381010965312 -77.21948473980473 -73.7376646609474 -69.28456631456302 -66.12535668575053 -62.176117672711115 -59.46860669365032 -53.38051235353509 -51.675205591559994 -47.071293503338985 -40.51970125785298 -35.01292468045727 -29.619923857618872 -26.10262561410547 -23.579418451484607 -10.84913978797491 -153.3930443074078 -145.1975556788942 -142.46549435724512 -139.3539910010105 -136.01831832435954 -131.03151473535877 -130.52873724168242 -124.0093177610048 -122.40829062483982 -118.41955464559304 -114.54922088912424 -111.13589842044907 -106.8229258754429 -103.09518346901469 -98.96913742630507 -94.77514148347649 -91.2848480929902 -85.56544695902615 -84.55356740118177 -78.84246467755467 -76.24906597874335 -72.37801295653657 -67.30044414336645 -63.94478541355246 -63.14165960512001 -54.81137716009177 -47.939971520594085 -42.60446131308503 -38.86366171208334 -35.84726349600508 -22.54871986274861 -165.3463155492194 -157.6977371897973 -155.10441663520248 -151.95912371871904 -148.35757288367253 -144.11961482020803 -142.8658825761478 -139.65288848042803 -137.29755545701326 -129.9125770342826 -128.7655412934124 -124.3869349263587 -121.1923939309243 -116.77563659037543 -112.85457415112121 -109.47744621095646 -106.3520641648114 -101.97782792805508 -98.30423674211308 -94.590536146443 -91.83688140272984 -85.80675932843315 -82.99044167157334 -79.04532775733865 -74.87315919687195 -67.29237806782318 -61.200135787364815 -56.462254703392894 -52.32869063601266 -48.61794787928399 -34.60484599050534 -177.58426560496287 -170.51382023783174 -168.0676951200834 -164.98203315770274 -161.27876221752314 -157.8573189300511 -155.91720125997782 -155.3489097996747 -151.7020609037623 -147.41833645154665 -142.48936103192725 -138.37737407564794 -136.28840320382616 -132.7158210337318 -129.33844487236234 -123.7302405972848 -121.22814378017094 -116.57802188644766 -110.42917802376654 -109.54127776143075 -103.37257911865996 -103.0129172457213 -99.80835824408541 -91.74375065334533 -84.07452720580699 -79.86601263672851 -75.03634364071938 -70.79020809062402 -66.24492998750316 -61.89503215851607 -47.15679670920412 -190.24037866998916 -183.837753327003 -181.6656982709071 -178.97985703376654 -175.7853955081982 -172.5384690194206 -170.03208106059103 -167.01513912066855 -165.04909264654174 -162.7562784244433 -157.8352190208236 -153.82789408240495 -150.75661470900272 -145.6796080414191 -141.37758052366257 -138.96156498246188 -135.81669891422894 -133.21131610511938 -127.7234083905014 -125.03439113590171 -120.17903089255732 -116.94024274832759 -109.83395747129327 -105.33750068077023 -100.13631422534712 -94.70607094497757 -89.7652388235119 -85.27635341839118 -80.37941783071874 -75.69797946941982 -60.359794238764984 -204.01140131186904 -198.3016250397543 -196.4405708164316 -194.2290911744658 -191.75235295088524 -188.9727573046638 -186.08442740584064 -182.80215642173218 -180.07215928812835 -176.50872994100072 -171.16508895107907 -168.82656920369752 -163.26228345527258 -160.6789847569375 -158.20679974936928 -154.8701004904368 -148.82425737434383 -144.59229350691356 -141.49323167433818 -136.3023801038442 -132.08495766248012 -124.68268810998207 -123.78621114702037 -121.02230013724365 -116.42746188463265 -111.1336824736596 -105.81459412526638 -100.81256121217366 -95.61982488839925 -90.77741538378552 -74.92982127082514 -219.79825620798135 -214.7390016863407 -213.0943994541547 -211.21181902431084 -209.27309625619836 -206.89784801171697 -203.9068137013974 -200.14076909104787 -195.0963418976369 -188.58481015040755 -183.37841778748566 -183.97486076813476 -178.6949863222852 -173.41178890534675 -169.79407979169628 -167.4460537298668 -162.5942385870803 -157.87730654070995 -155.3501182151285 -149.01969519880106 -145.4191259291191 -141.9370641762377 -140.453819395561 -138.22016117886858 -134.24542648201802 -129.23574605341207 -123.7616012749893 -118.44952405209118 -113.06977318222198 -108.10544944085072 -91.80492733961366 -235.460407429359 -230.98259902622004 -229.50387139667575 -227.8409544030885 -226.1747482195788 -224.075072907768 -221.29747882588933 -217.26401204140726 -211.28603352431165 -205.18686208572004 -200.8186771351956 -197.57005243866348 -192.17834920207414 -187.2199021812564 -183.3514341106186 -177.63204101786357 -173.11008793325044 -169.13206031229873 -167.25172451661726 -165.30490109378687 -162.54290335524306 -159.681819844571 -157.69243938136867 -155.42110963390485 -151.6768127689884 -146.86532140164607 -141.3270218974433 -135.85941792064716 -130.37589348237307 -125.32176974339238 -108.63538519357704 -251.7011338926493 -247.74605092332476 -246.4089116467795 -244.86103742380362 -243.21766473956697 -241.20514657925594 -238.65978179083163 -235.09322033899193 -230.04802406373065 -224.7570299491601 -220.43435660250586 -216.40614731478428 -211.89842556879384 -207.08008972126584 -202.01914794457517 -196.76400247197924 -192.60720776735235 -189.34306421657314 -187.2704267572139 -185.39515011355238 -182.63035458114388 -179.56574603238954 -176.82410220333145 -173.76735098624073 -169.7556173736298 -164.91841359175274 -159.3246302998656 -153.80217935640394 -148.2638121024842 -143.15091829461392 -126.16445969547374 -267.0872079489465 -263.52367228622796 -262.287146773684 -260.78747409786183 -259.0931938056264 -257.04989661938845 -254.66328270993935 -251.71877082990358 -248.02217016216758 -243.95268588653272 -239.87497149907819 -235.62159555013594 -230.9650366255057 -225.91839695353983 -220.4965896233495 -215.57456024915214 -212.20216941683805 -209.67653953411246 -207.47480193985214 -205.09976717944258 -202.03613687459807 -198.55364160755124 -194.94602953577285 -191.04599837179805 -186.68303158926042 -181.7725162038593 -176.1646808409823 -170.65550697795015 -165.11434232649015 -159.98423345919304 -142.82867294742812 -319.7946113654728 -316.8879859954368 -315.7736733410731 -314.34604880209673 -312.6544441193909 -310.6269601709326 -308.3459684654812 -305.7483511962914 -302.7825501751064 -299.4383636411055 -295.7058370392391 -291.67599951047396 -287.4385382599712 -283.01862384521814 -278.44246074521163 -274.23612809914005 -270.92564555384536 -268.02472661999013 -265.0470551756791 -261.9126580589274 -258.54157459655056 -254.92179612555026 -251.04105013771297 -246.94123408038362 -242.6594895395626 -237.9888742745911 -232.65644814261344 -227.42425055773347 -222.1350490879152 -217.17944494208945 -200.14436980932408)
(UseCyclicTransform "false")
(UseDirectionCosines "true")

// ResampleInterpolator specific
(ResampleInterpolator "FinalNearestNeighborInterpolator")

// Resampler specific
(CompressResultImage "true")
(DefaultPixelValue 0)
(Resampler "DefaultResampler")
(ResultImageFormat "mha")
(ResultImagePixelType "float")
