(BSplineTransformSplineOrder 3)
(Direction 1 0 0 1)
(FixedImageDimension 2)
(FixedInternalImagePixelType "float")
(GridDirection 1 0 0 1)
(GridIndex 0 0)
(GridOrigin -1935.2013250561904 -1682.5720954545593)
(GridSize 7 7)
(GridSpacing 1636.1174828426617 1627.5390306330867)
(HowToCombineTransforms "Compose")
(Index 0 0)
(InitialTransformParameterFileName "results/lungTMA1/my_reg_project-modality_fluo_to_modality_brightfield_reg_output/TransformParameters.0.txt")
(MovingImageDimension 2)
(MovingInternalImagePixelType "float")
(NumberOfParameters 98)
(Origin 0 0)
(Size 5528 6322)
(Spacing 1 1)
(Transform "BSplineTransform")
(TransformParameters -367.9978365082824 -100.69607534778595 -7.9023518417916465 91.24943284722654 192.76122850447413 283.6196135875478 516.9440589832988 -488.93804651999324 -212.55620153637335 -98.72929623890147 11.028349474528838 133.9941220581419 239.44985551398022 493.64987388451226 -515.8752770207136 -247.8871982751145 -125.8253408173544 -17.421157084608296 93.33198037689951 209.48707416847682 469.05041324271735 -540.8064071253169 -268.95487589337114 -163.88720263372545 -50.382930233824695 58.90438780840991 166.42071278319676 439.21996386973524 -564.5336789889087 -308.0560257537084 -198.50841474925255 -86.07145340345338 24.337420539851685 142.20187064998456 408.9938073349157 -583.307745769311 -333.88000707515124 -231.55006521694492 -118.73779797160402 -5.615117972642812 106.88421198682778 378.59869382223076 -589.2191304706062 -363.7997706939363 -278.9510348025728 -186.1727921611954 -91.73159004427171 -1.5163566544087925 259.42297609554834 330.510844127063 407.40170751465854 420.88897978834507 434.4658369043849 463.5074195046792 487.8709134980032 484.67146776351365 76.50560212101976 148.3902574382379 170.63332436573958 196.36249761584475 229.23309685731164 261.8457558804557 274.5718765065653 -9.324002570960044 52.467983268320836 93.27576495638395 123.39972931751498 156.29619331500444 175.45171889436338 197.43293644067555 -98.68110201753163 -59.7721283982104 -28.098862487312815 -0.3054733846412397 29.774425052446315 61.9601687321679 114.8474683200011 -183.8355155181928 -151.26430491652198 -121.50696562447209 -89.42953630150875 -61.12912928540773 -22.18204458531661 31.838751543757315 -262.8634222141295 -248.52824960867758 -245.70842414299227 -205.898081927958 -182.34943417110895 -129.81263760490904 -49.22065821510216 -485.21944509563616 -489.1017802924123 -470.6286778660922 -440.6472445903034 -416.8411853256873 -392.01508710747584 -304.6212995283693)
(UseCyclicTransform "false")
(UseDirectionCosines "true")

// ResampleInterpolator specific
(ResampleInterpolator "FinalNearestNeighborInterpolator")

// Resampler specific
(CompressResultImage "true")
(DefaultPixelValue 0)
(Resampler "DefaultResampler")
(ResultImageFormat "mha")
(ResultImagePixelType "float")
