(BSplineTransformSplineOrder 3)
(Direction 1 0 0 1)
(FixedImageDimension 2)
(FixedInternalImagePixelType "float")
(GridDirection 1 0 0 1)
(GridIndex 0 0)
(GridOrigin -299.08384221352884 -461.91782247974425)
(GridSize 17 19)
(GridSpacing 409.02937071066543 406.88475765827167)
(HowToCombineTransforms "Compose")
(Index 0 0)
(InitialTransformParameterFileName "results/lungTMA1/my_reg_project-modality_fluo_to_modality_brightfield_reg_output/TransformParameters.0.txt")
(MovingImageDimension 2)
(MovingInternalImagePixelType "float")
(NumberOfParameters 646)
(Origin 0 0)
(Size 5528 6322)
(Spacing 1 1)
(Transform "BSplineTransform")
(TransformParameters -221.1567792085413 -144.55037677224857 -119.62622975939854 -88.1739997919569 -62.481674817316225 -35.94789887169549 -9.510176867574712 17.24540925497886 44.395989290282934 72.14397350620305 99.9850333942439 127.62150128480158 154.9421625587768 180.60337407749287 210.7585770895843 234.29105906813558 304.54276184083795 -256.9059381830279 -178.32240506237306 -152.18479602724824 -119.23396392268778 -92.2215906255645 -64.43069955622835 -37.66981440187065 -9.378666422875163 18.820036158763763 53.477905426058506 79.89549347258989 104.99156554990387 133.02780981849287 159.9346656535778 191.5152584884445 216.16221678337305 289.01092315831966 -268.4729587368478 -189.38888997228324 -162.84754076506104 -129.65387642203373 -101.42566927846404 -72.21269279666019 -48.123315549758104 -19.135012168255965 6.988512634000617 32.103605025756195 65.31833223478647 94.69083866125183 124.45976416512303 151.23814329086215 183.34357541516437 208.4572449467773 282.28738883932095 -281.31773115513005 -201.80664329999533 -174.93073454427838 -145.7749885623264 -115.51888208706228 -83.74178349461305 -56.27975859716646 -29.33532740059623 0.0846233633137823 30.404000209414924 55.714076261626865 84.72646994185104 114.65100383435626 142.66255789934698 173.10093849006603 198.79648708031692 273.7517316605801 -290.0112824000965 -210.4408160236911 -185.8317737710888 -154.96757024450199 -118.95438664822949 -92.68647556656262 -65.8854732980511 -35.5398322827507 -9.577630071276015 19.51125446288744 46.51281187914234 73.26776325918348 102.29154863263038 140.83949963278184 165.2289982871829 190.09566542656714 265.840162617959 -297.39239411614983 -217.26200031997186 -183.5039962532556 -157.5654522032967 -129.1361781022489 -100.16830439960064 -73.65288919420927 -45.34748239417273 -18.99373904893749 11.191681920780274 38.84094496792131 66.32575297372038 92.52178638122867 122.73413120848059 154.9887664435849 181.15827603204377 257.4903780702397 -304.0962243367598 -228.81468039644153 -192.79908045590733 -168.55932449613783 -137.12605055808257 -109.36804985827126 -85.08424550709324 -53.01185563498647 -26.10838828469243 1.9466164310409335 29.944065041002162 55.89442920705382 86.18188235099367 110.87495810729352 145.48506624288072 171.96116344387264 248.57749470539667 -310.5748913434285 -231.80905908509556 -201.63691773892668 -174.51735955222568 -150.3005179802755 -113.46141281151284 -89.12348585469033 -64.44611620458573 -35.76363244867612 -7.185893605203081 19.58051478686793 49.772340653825076 75.14764380277008 105.05340635163637 130.3861339585151 162.09674679869346 239.40055184463645 -317.12689564125543 -242.53857618966978 -214.5651799713664 -178.2769875609463 -153.90795321888982 -127.44062727557831 -100.30839027159465 -71.63184921817374 -42.90384544963674 -15.55318822273601 13.159075321652104 40.84566081500597 68.95122740862809 96.94505444760011 121.97752410040584 153.4084681058809 230.3258351987214 -324.082506306766 -248.9181341618231 -218.75120814520832 -192.30488744206625 -164.71942140481033 -135.9555029247947 -107.17443262029532 -80.17644547364952 -51.86993856566495 -20.905099011913315 0.8970370047008279 26.947347605130144 61.89029309386972 83.94169846531186 121.74411897521296 147.5481958887942 221.7018115998795 -331.7660024042406 -254.45629405848516 -228.40837328336278 -200.92947806620285 -169.08042946616374 -145.2958575455622 -115.20470974166642 -88.43676565397593 -61.20723390199359 -35.055963507710004 -3.8544753186949348 25.198475099939998 47.809756917956975 79.50436212817037 105.37495552417651 136.74953245101023 213.8809770049427 -339.84354628687703 -264.2306681245132 -233.46670771036526 -208.95768234442247 -183.2358948031056 -151.7709911646528 -124.62234634308942 -96.89890052672611 -68.24995723995615 -41.54229115115806 -11.241578854116204 12.294786902744615 45.91973888245737 69.29887061719174 92.39792709211147 128.62995171886794 206.5507871115603 -347.9770384350779 -272.8346351144725 -249.5973562714936 -213.86573472719607 -187.822237756216 -160.48386650026322 -134.28813175884812 -104.84337957580954 -78.72398416934034 -48.48379864286856 -21.560182701019304 5.445527046167925 34.91696901660475 59.78525180973614 100.33556826568307 121.17888979507175 199.38785899475118 -355.8009428629198 -281.38319150884826 -261.52356349253455 -227.98201674158423 -199.78790019192684 -170.1275777623985 -141.5058119817062 -113.34124905567454 -86.4676792194581 -58.60181465492494 -31.33189237627389 -1.4239054114900758 20.336992138273335 58.60035114006516 92.470743118566 113.75649742773601 192.110461625956 -363.00355352508996 -289.258589554214 -264.9599327615231 -233.43124836795457 -205.37570822151847 -177.68035771940578 -151.29280564211874 -123.57881879669726 -92.5286447783038 -67.1111830293161 -37.53331844573479 -12.400199043696976 19.26110603029707 53.81315307628957 79.433484831756 105.86051983984996 184.28109416482403 -369.6278441310885 -296.63295799798203 -272.02109041827697 -240.9226633570172 -219.29095173698238 -185.786907928048 -158.37619945616925 -130.1141107776037 -105.03389359442541 -74.0760696329031 -47.89210761490886 -19.01671730908121 8.137920826268568 37.728777042218525 70.52674897646374 97.00109481038162 175.29636727123955 -376.360874338479 -304.4352883699802 -280.2073625201643 -248.74902910456154 -223.23503127170903 -196.3956492833795 -168.9194339024931 -140.20327326901156 -109.87159582355319 -85.4500770963927 -57.264854928166045 -30.50811077538106 -1.686819486172407 25.41214770508245 58.444392541293126 84.56372451343644 162.38294538697167 -381.4919689195415 -310.5568218457193 -286.80291508799735 -256.4905493703137 -230.96740202034366 -204.08543090940518 -177.14117133587223 -149.5418009830895 -121.18243872784667 -94.61884264353347 -66.84689992932579 -39.45016206074728 -11.697438918683297 15.237656623898799 47.81857957668365 73.57032173640356 150.86584254639837 -392.25560042181513 -324.2017247311092 -301.66282967656264 -272.92989943749444 -248.8065007628871 -223.34689574040976 -197.64363931751276 -171.5827684423673 -145.3219846668215 -119.06153370829645 -92.76212474061245 -66.54814494687939 -40.18855609951568 -14.77596213457876 16.192472266137482 40.68941256917012 115.84662927296739 236.53376470799904 254.91578994449506 260.00001543671465 266.31807614639825 271.0937590843664 276.18838311646135 281.46305320615545 287.08008311886863 293.2411388433947 300.08485189200053 307.4892025824932 315.0583408451145 322.68257625490236 330.0810496360877 337.31155723487285 342.6641832396411 351.03256568571993 152.1063544436249 171.23050784044187 177.15265141748074 184.5423245296561 190.3447907604251 195.059245116015 198.91828295131594 207.96886043715725 218.97748722966585 218.45862226963703 227.21390863581263 238.84739660617336 247.22566748962348 254.77700827775377 262.2480613432844 267.7955019910863 277.3086305037393 123.16117947665784 142.76004517938537 149.1970376350295 156.85631026561032 163.3660056741275 167.04413366485716 172.31748211863135 182.0042080273425 191.47456804939452 196.78193276980858 204.88116511362495 205.1658156138655 220.5018569714945 229.43996892220952 236.73169466032567 242.13658930992608 251.72863734687908 89.60602364652159 109.69059943705982 116.58963481453169 121.44653209344541 130.198566953074 140.65624807478582 150.41861290185585 156.61430721486127 162.84102566702072 170.8994814219778 181.9325366186138 187.07623216501062 195.46082377746126 198.31991468116388 207.0730274098857 212.08387534362114 221.7703545942143 63.96067963564108 84.25994315083209 91.18687593447629 99.08629331875332 116.27563227864529 115.24329587755066 124.4763156265062 130.7316550163502 141.24654204655096 148.80219375327437 153.50838310597385 164.91102274393396 165.52009369654712 178.25689305339532 183.19298054030986 188.37815388989102 198.25177689258734 39.288485925315776 59.30163520017309 67.0955945920712 75.82461267446598 85.13684350495895 93.56114112560797 100.79189151256217 109.10393491445302 115.63320652299822 121.72436545958602 133.11764936164502 137.0156803030882 149.31788236004508 150.32636931513522 156.34929846820893 164.51798255691423 175.0189389335477 13.866265579704248 32.856857473698774 43.48370005087871 50.81455686978528 59.95710178765597 68.21852844743462 75.23641990580893 82.21118456838542 91.34233415050699 99.96646338783269 105.40195586374386 112.84095605993542 119.58122536897481 131.71988510317973 131.5217808687031 138.63027140470513 150.465488962052 -12.078331531486535 6.801815700339675 18.23838936264311 25.055995759656692 33.32129063581108 37.44914821304474 46.0054408630227 55.64804786614393 59.061021283210884 69.94038738790816 75.76761687249478 82.74911576062233 90.95583815481685 99.98866914411064 102.73346516296833 111.12109675930907 125.07543387757359 -37.94360355176691 -23.8309993422831 -15.039276847760908 -8.18285427579747 2.156105837911072 8.15976889844389 17.18431460274439 23.42299482619458 34.115499606047905 38.81347053742087 46.541405641425314 55.47453701533543 61.98124127535321 69.88980237528364 79.21793704973567 84.98493975008675 99.65914405951665 -63.22882751910215 -49.64058881651964 -38.234064443319 -31.927257153316766 -25.29520231223848 -16.399023618935264 -11.409679450201727 -3.015741872906986 4.715152743349366 12.103349805061635 21.19454810802362 24.184722842016047 37.946169326101455 42.67508370727323 48.15003900039637 58.443774960973435 74.9400302258981 -87.4360858881178 -72.3868249023502 -70.17695619032148 -59.58000018036829 -49.31804567614798 -41.36480570093326 -35.98069156543605 -25.515156805483667 -18.12651335230805 -12.371886858649242 -2.7150694184645965 3.965338531637705 10.336343781312928 20.172129752864077 26.59663544324878 33.737045900084546 51.66297826032286 -110.88408935255418 -95.60117087715899 -86.38095427738705 -82.65652960916837 -75.62249059674797 -68.6028979640961 -57.89907392640106 -51.860516195142466 -44.58004465237592 -34.26084787905832 -29.214227975283826 -19.905082465304602 -10.675237195587325 -6.270849177447048 5.365332846322003 10.42985642716779 29.186701640044923 -133.9814062963189 -120.42834290692015 -113.48626400001118 -107.79409054020215 -98.45766297460194 -91.91204502446593 -84.73795332734615 -74.4438443244778 -67.73081134934365 -62.16204454907339 -51.80125678456664 -48.24259153468667 -35.561730568397756 -31.26259173700926 -15.148332781267124 -12.739210557165384 6.844202647943654 -156.97338934584573 -144.91356033639175 -139.6142858677467 -133.20716299563813 -126.54337233602719 -117.03670606627121 -111.61622570531368 -101.47498559872372 -96.55213658108998 -84.34002622907596 -80.21545495182819 -67.82025256487756 -67.25392868150414 -54.74603686903975 -41.005321277589736 -36.58422636784469 -15.92973080850126 -180.50075564455102 -170.16306526492824 -165.058198643724 -155.84149590142286 -154.18933288007239 -148.50500430166954 -136.88450413473984 -134.59368644019654 -122.31903965123175 -118.06048181545476 -108.92679692976306 -105.90943975608066 -90.65042364309346 -78.4471904822062 -70.70947902702397 -62.18507747530165 -40.08174186011917 -205.64533955265674 -197.23785284804737 -193.6445993123154 -188.42981807809355 -182.00487803671086 -175.66542277602838 -170.27939097192066 -158.26861511663915 -156.78920004964013 -146.74559307582004 -136.342793510953 -124.83635536585452 -121.02747414672717 -110.41555975802491 -99.55758926316369 -90.31560948380195 -66.63508106358216 -238.33468645035143 -231.8017835169301 -228.93472026802854 -225.71293610742467 -219.3600403412417 -203.07583829870447 -196.29041731244604 -187.39175201061772 -178.7789779875625 -166.37055014928058 -164.87147279093185 -159.0095707525005 -156.9085195588498 -148.30229627102037 -136.50223398042976 -126.91996367001391 -101.92732787234759 -266.39466140585756 -261.2889054180048 -258.8387631745794 -255.0128286843748 -250.06251772633019 -243.14363085981498 -234.75629649639177 -224.68831686259884 -212.78446295507604 -208.68673171908372 -204.4499587516724 -197.46389313191966 -189.25379290603007 -179.89942194468168 -168.00321560445565 -158.29255197099667 -132.46268640000125 -345.2128594179165 -341.43376341207113 -339.1191824026343 -335.38693489739336 -330.54568651038545 -324.03878963158644 -316.5234436240113 -308.55185554670277 -300.6367746209535 -293.7066516720498 -286.97661574406857 -280.06063396047836 -272.4511091860972 -264.04254314847003 -253.1439723474354 -244.24693171733531 -218.76453167670587)
(UseCyclicTransform "false")
(UseDirectionCosines "true")

// ResampleInterpolator specific
(ResampleInterpolator "FinalNearestNeighborInterpolator")

// Resampler specific
(CompressResultImage "true")
(DefaultPixelValue 0)
(Resampler "DefaultResampler")
(ResultImageFormat "mha")
(ResultImagePixelType "float")
